     20000    0.49394    0.49394    179.437    415.631        0.9    17.3991     14.283    31.6821     14.283    51.7005
     19900   0.472618    49.8666    179.662    413.562        0.9     29.397    29.5106    58.9077    15.2276    40.0729
     19800    0.48925    97.1451    180.147    411.071        0.9    48.3058    45.4232     93.729    15.9125    31.7197
     19700   0.381482    145.962    180.759    408.643        0.9    62.3425    58.2644    120.607    12.8412    24.9027
     19600   0.287369    184.016    181.391    406.569        0.9    64.7318    68.2934    133.025     10.029    21.9268
     19500   0.187216    212.653    181.956    402.994        0.9    75.8179    75.2873    151.105    6.99382    21.5009
     19400   0.263949    231.451    182.411    398.773        0.9    97.5854    84.3965    181.982    9.10923    23.0311
     19300   0.251914    257.834     182.81    394.872        0.9    119.013    93.1369     212.15    8.74042    22.1781
     19200   0.240938    283.015    183.195    391.039        0.9    133.174    101.522    234.696    8.38517    21.4735
     19100   0.212879     307.08    183.558    389.008        0.9    146.966    109.054    256.019    7.53172    20.8845
     19000   0.230593    328.386     183.89    388.131        0.9    161.134    117.064    278.198    8.00972    20.8275
     18900   0.247873    351.463    184.202    385.505        0.9     175.23    125.571    300.801    8.50757    20.1903
     18800   0.143508    376.146    184.516    381.868        0.9    201.602    131.025    332.627    5.45428    19.0745
     18700    0.18159    390.534    184.785    379.279        0.9    240.302     137.51    377.813    6.48505     20.194
     18600   0.263849    408.776    185.014    377.174        0.9    292.939    146.396    439.335    8.88572    19.9344
     18500  0.0555827    434.952    185.273    374.966        0.9    353.913    149.243    503.156    2.84689    17.7474
     18400  0.0471321    440.502    185.476    373.168        0.9    382.095    151.437    533.531    2.19383    20.3908
     18300  0.0787809    445.247    185.579    369.912        0.9    397.912    153.878     551.79    2.44075    22.3426
     18200  0.0840386     453.13    185.646    365.626        0.9    442.586    156.252    598.838    2.37441    22.8218
     18100  0.0642909    461.514    185.706    361.964        0.9    511.382     158.04    669.422    1.78776    22.7335
     18000  0.0929607    467.972    185.755    358.586        0.9    575.656    160.339    735.994    2.29872    22.7675
     17900   0.128583    477.304    185.806    357.533        0.9    632.662    164.003    796.665    3.66437    21.8564
     17800   0.120644    490.154    185.885    357.824        0.9    687.979    168.448    856.427    4.44541    20.1878
     17700  0.0925243    502.191    185.987    355.669        0.9    743.099    172.182    915.281    3.73337    18.9182
     17600   0.183881    511.534    186.086    352.241        0.9    787.539     179.82    967.359    7.63877     18.252
     17500   0.136908    529.875    186.219    351.883        0.9    816.376    186.986    1003.36    7.16581    15.4572
     17400   0.026809    543.456    188.956    383.743        0.9    824.609    189.813    1014.42    2.82632    12.9802
     17300  0.0500764     546.16    189.828    393.561        0.9     833.53    192.708    1026.24    2.89532    14.5413
     17200   0.242619    551.361     190.32    399.681        0.9    850.281    199.473    1049.75    6.76511    15.5417
     17100   0.275323    575.655    190.862    403.355        0.9    886.486    207.241    1093.73     7.7681    12.1899
     17000   0.395986    603.308    191.597    405.254        0.9        919    217.744    1136.74    10.5034    8.87777
     16900   0.405406    642.916    192.557    401.005        0.9    943.474    228.812    1172.29    11.0678    3.53959
     16800   0.409993    683.461    193.732    392.488        0.9    966.632     240.27     1206.9    11.4579   -1.23977
     16700   0.465713    724.516    195.078    382.518        0.9     990.42    253.082     1243.5    12.8121   -5.69472
     16600   0.642078    771.264    196.576    371.196        0.9    1010.59    269.656    1280.24    16.5736   -11.1305
     16500   0.301535    835.131    198.258    370.348        0.9    1033.77    279.751    1313.53    10.0952   -19.6564
     16400   0.495689    865.479    200.013    376.957        0.9    1070.04    293.705    1363.75    13.9541   -19.3404
     16300   0.324175    914.876    201.815    380.446        0.9    1114.79    304.407    1419.19    10.7014   -22.9847
     16200   0.578927    947.548    203.656    382.472        0.9    1163.34    320.195    1483.53    15.7887   -22.3313
     16100   0.687917    1005.55    205.572    372.384        0.9    1206.58    338.361    1544.95    18.1659   -27.3299
     16000   0.572993    1074.23    207.632    353.812        0.9    1237.64    354.433    1592.07    16.0717   -34.2631
     15900   0.469578    1131.42    209.778    343.333        0.9    1261.66    368.507    1630.17    14.0745   -38.3707
     15800   0.286318     1178.2     211.93    337.987        0.9    1286.91    378.937    1665.84    10.4295   -40.1403
     15700   0.244371    1206.79    214.021    334.217        0.9    1311.42    388.426    1699.85    9.48948   -38.3237
     15600    0.11528     1231.1    216.028    331.821        0.9    1336.28    395.158    1731.44    6.73173   -36.4033
     15500  0.0584671    1242.57    217.945    329.032        0.9    1360.38    400.744    1761.12    5.58548   -32.5586
     15400 0.00611562    1248.36    219.762    326.183        0.9    1388.92    404.987    1793.91    4.24342   -28.6307
     15300  0.0833767    1249.05     221.49     325.25        0.9    1425.49    410.813     1836.3     5.8262    -24.686
     15200  0.0346301    1257.34    223.175    325.536        0.9    1463.13    415.711    1878.85    4.89803   -23.2786
     15100 0.00598101    1260.77    224.834    332.333        0.9    1510.12     419.65    1929.77    3.93892   -21.0757
     15000 0.00439538    1261.37    226.457    343.775        0.9    1571.84    422.496    1994.34    2.84565   -18.2743
     14900          0     1261.8    228.049    352.932        0.9    1645.24    423.094    2068.33   0.597827   -15.3816
     14800   0.191965       1262    229.618    360.886        0.9    1731.06    423.433    2154.49  -0.339211   -12.4751
     14700   0.254785    1281.26    231.165    352.826        0.9    1810.88    425.603    2236.48   -2.17012   -14.0052
     14600   0.489508    1306.97    223.571    283.333        0.9    1849.18    437.872    2287.05    12.2685   -17.9818
     14500   0.558519    1355.99     221.51    255.492        0.9    1870.12    455.709    2325.83    17.8375    -30.136
     14400   0.559801    1411.84    222.147    237.549        0.9    1882.08    474.916    2356.99    19.2067   -42.7897
     14300   0.407322    1467.67    223.782    221.604        0.9    1889.39    490.284    2379.68    15.3679   -53.6071
     14200   0.319332    1508.31    225.661    207.907        0.9    1890.34    503.175    2393.52    12.8912   -59.8059
     14100   0.249605    1540.18     227.49    200.158        0.9    1893.06    514.018    2407.08    10.8431   -63.5597
     14000   0.145395    1565.03    229.209     196.23        0.9    1905.93    521.794    2427.72    7.77615   -65.4948
     13900   0.225651    1579.65    230.793    190.603        0.9    1924.64    531.571    2456.21    9.77706   -65.3024
     13800   0.101513    1602.09    232.303    184.111        0.9    1935.23    537.783    2473.01    6.21233   -67.0702
     13700   0.154554     1612.3     233.73    179.425        0.9    1962.13    545.404    2507.53    7.62037   -66.4443
     13600   0.100589     1627.7    235.084    175.688        0.9    1982.11    551.525    2533.63    6.12091   -67.3118
     13500          0    1637.66    236.381     178.69        0.9    2002.66    552.076    2554.73  -0.550929   -67.1071
     13400          0    1637.66    237.575    185.974        0.9    2021.78     553.54    2575.32    1.46461   -64.8483
     13300          0    1637.66     238.68    183.039        0.9    2041.47    555.361    2596.84    -1.8204   -62.9531
     13200          0    1637.66     242.38    204.558        0.9    2043.27    557.825    2601.09   -2.46456   -61.8904
     13100          0    1637.66     244.78    211.337        0.9    2047.65    566.741    2614.39   -8.91539   -60.0909
     13000          0    1637.66    246.734    217.365        0.9    2051.16    574.989    2626.15   -8.24795   -58.1621
     12900          0    1637.66    248.312    223.777        0.9    2062.93    584.593    2647.52    -9.6045   -56.2428
     12800          0    1637.66    249.521    230.285        0.9    2083.07    593.232     2676.3   -8.63858   -54.3568
     12700          0    1637.66    250.608    232.683        0.9    2098.03    601.237    2699.27   -8.00501   -52.5971
     12600          0    1637.66    251.795    232.102        0.9    2101.72    607.882     2709.6   -6.64545    -51.186
     12500          0    1637.66    253.034    232.017        0.9    2102.83    613.928    2716.76   -6.04624   -50.1721
     12400          0    1637.66    254.304    232.053        0.9    2106.01    622.132    2728.14   -8.20414   -49.4621
     12300          0    1637.66    255.598    230.742        0.9    2113.82    630.945    2744.77   -8.81242   -49.0319
     12200          0    1637.66    256.913    228.419        0.9     2136.1    638.556    2774.65   -7.61093   -48.9108
     12100          0    1637.66     258.25    227.645        0.9    2167.44    644.364    2811.81   -5.80824   -49.0555
     12000          0    1637.66    259.611    227.859        0.9    2207.78    653.878    2861.65   -9.51385   -49.3296
     11900          0    1637.66        261    229.068        0.9    2253.25    660.324    2913.58   -6.44573   -49.6533
     11800   0.104137    1637.76    262.416    231.003        0.9    2305.15      667.7    2972.85   -7.37639   -49.9786
     11700   0.315477    1648.39     263.89    240.463        0.9    2369.86    675.008    3044.87   -7.30819   -52.3096
     11600   0.358026    1679.98    251.508    214.341        0.9    2415.09    680.864    3095.95     5.8556   -58.4014
     11500   0.620645    1716.04    247.382    195.771        0.9    2451.43    699.248    3150.67    18.3844    -66.279
     11400   0.630652    1778.12    247.148      170.5        0.9    2474.97    720.052    3195.02    20.8036   -79.1798
     11300   0.468398    1841.02    248.474    157.438        0.9    2490.31    737.055    3227.36    17.0034   -90.5124
     11200   0.377286    1887.77    250.283    151.587        0.9    2499.25    751.622    3250.87     14.567   -96.7918
     11100   0.315184    1925.44    252.144    142.511        0.9    2511.94    764.378    3276.31    12.7556   -100.417
     11000   0.251906    1956.89    253.934    132.018        0.9    2534.52    775.244    3309.76    10.8658   -102.722
     10900   0.296907    1982.13    255.619    125.774        0.9    2548.61    787.225    3335.84    11.9812   -104.007
     10800   0.172614    2011.69    257.236     121.87        0.9    2551.83    795.539    3347.37    8.31374   -106.261
     10700   0.146153    2028.93    258.766    117.268        0.9    2557.22    802.997    3360.21    7.45856   -106.119
     10600   0.125005    2043.52    260.195    112.433        0.9     2567.2    809.702    3376.91    6.70501   -105.985
     10500  0.0993109       2056    261.547    109.441        0.9    2577.72    815.655    3393.37    5.95263    -105.93
     10400 0.00697138    2065.84    262.833    107.561        0.9    2589.05    819.022    3408.07    3.36735   -105.746
     10300          0    2066.53    264.024     106.45        0.9     2593.8    819.898    3413.69   0.876264   -104.196
     10200          0    2066.53    265.124    105.362        0.9    2599.31    820.474    3419.78   0.575974   -103.129
     10100          0    2066.53    266.163    103.271        0.9    2620.85    822.938    3443.79   -2.46345    -102.58
     10000          0    2066.53    267.158     100.86        0.9    2635.69    826.096    3461.79   -3.15782   -102.458
      9900          0    2066.53    268.115    98.2712        0.9    2639.56    829.911    3469.47   -3.81549   -102.679
      9800          0    2066.53    269.043    95.5386        0.9    2644.39     835.21     3479.6   -5.29917   -103.175
      9700          0    2066.53    269.946    92.6854        0.9    2646.81    841.969    3488.78   -6.75895   -103.897
      9600          0    2066.53    270.828    89.7333        0.9    2649.97    850.166    3500.13   -8.19632   -104.804
      9500          0    2066.53    271.681    86.6975        0.9    2651.08    859.772    3510.85   -9.60646   -105.865
      9400          0    2066.53    272.506    84.4107        0.9    2668.93    867.078    3536.01   -7.30614    -107.04
      9300          0    2066.53    273.306    82.5604        0.9    2685.93    876.585    3562.51   -9.50638   -108.269
      9200          0    2066.53    274.087    80.9441        0.9    2701.82    886.972    3588.79   -10.3873   -109.524
      9100          0    2066.53    274.853    79.4869        0.9    2709.59    899.824    3609.42   -12.8525   -110.785
      9000          0    2066.53    275.605    78.1571        0.9    2715.18    916.129    3631.31    -16.305   -112.042
      8900          0    2066.53    276.346    76.9496        0.9     2731.4    931.825    3663.22   -15.6959   -113.287
      8800          0    2066.53    277.071    75.8402        0.9    2736.04    948.371    3684.41    -16.546   -114.513
      8700          0    2066.53    277.777    74.8134        0.9    2738.96    965.748    3704.71   -17.3772   -115.715
      8600          0    2066.53    278.467      73.86        0.9    2747.16    983.666    3730.83   -17.9175   -116.889
      8500          0    2066.53    279.144    72.9716        0.9    2749.23    1002.11    3751.34   -18.4444   -118.034
      8400          0    2066.53    279.803    72.5781        0.9    2754.84    1020.61    3775.45   -18.5034   -119.138
      8300          0    2066.53    280.441    72.5091        0.9    2760.59    1042.75    3803.34   -22.1405   -120.176
      8200          0    2066.53    281.059      72.66        0.9    2761.87    1064.94    3826.81   -22.1835    -121.14
      8100          0    2066.53    281.661    73.0019        0.9    2766.21    1087.15    3853.36   -22.2113   -122.025
      8000          0    2066.53    282.252    73.5004        0.9    2769.85    1109.68    3879.53   -22.5267   -122.827
      7900          0    2066.53    282.832    74.2051        0.9    2775.37    1132.51    3907.88   -22.8318   -123.544
      7800          0    2066.53    283.403    75.0762        0.9    2778.58    1156.21    3934.79   -23.7032   -124.172
      7700          0    2066.53    283.967    76.1005        0.9    2779.55    1179.78    3959.33   -23.5672   -124.709
      7600          0    2066.53    284.524     77.288        0.9    2782.64     1204.2    3986.84   -24.4243   -125.152
      7500          0    2066.53     285.07    78.6108        0.9    2791.09    1229.45    4020.54   -25.2454   -125.501
      7400          0    2066.53    285.601    79.0101        0.9    2802.79     1255.5    4058.29   -26.0513   -125.775
      7300          0    2066.53    286.117    78.8801        0.9    2815.85    1280.34    4096.19   -24.8416    -126.03
      7200          0    2066.53    286.617    78.4789        0.9    2832.57    1303.96    4136.53   -23.6167   -126.285
      7100          0    2066.53      287.1    77.8943        0.9    2849.98    1328.76    4178.74   -24.8005   -126.552
      7000          0    2066.53    287.567    77.1747        0.9     2859.7    1358.72    4218.42   -29.9665   -126.833
      6900          0    2066.53    288.015    76.3625        0.9     2869.4    1388.64    4258.04   -29.9152   -127.132
      6800          0    2066.53    288.449    75.4768        0.9    2877.27    1414.19    4291.45    -25.549    -127.45
      6700          0    2066.53    288.871    74.5414        0.9    2884.65    1440.96    4325.61   -26.7714   -127.788
      6600          0    2066.53    289.285    73.5845        0.9    2892.72    1470.84    4363.56   -29.8849   -128.146
      6500          0    2066.53    289.691    72.5959        0.9    2897.87    1499.44    4397.31   -28.5911   -128.522
      6400          0    2066.53    290.091    71.8865        0.9    2902.44    1528.33    4430.76   -28.8911   -128.911
      6300          0    2066.53    290.486    71.3403        0.9    2907.78    1555.86    4463.64   -27.5357   -129.297
      6200          0    2066.53    290.876    70.8897        0.9    2921.08    1582.94    4504.02   -27.0758   -129.673
      6100          0    2066.53    291.262    70.5246        0.9     2935.2    1609.55    4544.75   -26.6119   -130.037
      6000          0    2066.53    291.645    70.2162        0.9     2938.4     1635.7    4574.09   -26.1455   -130.385
      5900          0    2066.53    292.028    69.9525        0.9    2943.49    1664.02    4607.51   -28.3279   -130.719
      5800          0    2066.53    292.409    69.7247        0.9    2954.79    1690.93    4645.73   -26.9091   -131.036
      5700          0    2066.53    292.786    69.5278        0.9    2956.32    1717.82    4674.14    -26.886   -131.338
      5600          0    2066.53    293.156    69.3588        0.9    2956.54    1744.83    4701.36   -27.0065   -131.625
      5500          0    2066.53     293.52    69.2144        0.9    2966.23    1771.95    4738.18   -27.1204   -131.896
      5400          0    2066.53    293.878    68.3711        0.9    2975.24     1799.4    4774.64   -27.4529   -132.166
      5300          0    2066.53    294.228    67.1005        0.9    2976.66    1827.18    4803.84   -27.7775   -132.473
      5200          0    2066.53    294.567    65.5971        0.9    2990.36    1851.94     4842.3   -24.7671   -132.832
      5100          0    2066.53    294.894     63.944        0.9    2990.99    1877.64    4868.63   -25.6941   -133.246
      5000          0    2066.53    295.208    62.1571        0.9    2996.69    1904.24    4900.94   -26.6078   -133.719
      4900          0    2066.53    295.509    60.2873        0.9    3003.88    1929.75    4933.63   -25.5087   -134.251
      4800          0    2066.53    295.798    58.3376        0.9    3006.94     1954.8    4961.74   -25.0485   -134.841
      4700          0    2066.53    296.079    56.3253        0.9    3009.73    1979.38    4989.11   -24.5786   -135.488
      4600          0    2066.53     296.35    54.2805        0.9    3015.84    2005.93    5021.77   -26.5503   -136.191
      4500          0    2066.53    296.615    52.1835        0.9     3023.8    2033.45    5057.25   -27.5148   -136.948
      4400          0    2066.53    296.873    50.4077        0.9    3032.44    2059.22    5091.66   -25.7729   -137.751
      4300          0    2066.53    297.125    48.8113        0.9    3038.76    2084.84    5123.61   -25.6253   -138.578
      4200          0    2066.53    297.373     47.307        0.9    3049.61    2110.02    5159.62   -25.1729   -139.424
      4100          0    2066.53    297.616    45.8769        0.9    3064.53    2135.93    5200.46   -25.9164   -140.281
      4000          0    2066.53    297.856    44.4902        0.9    3079.92    2160.49    5240.41   -24.5564   -141.149
      3900          0    2066.53    298.093    43.1323        0.9    3098.15    2183.68    5281.83   -23.1932   -142.026
      3800          0    2066.53    298.327     41.793        0.9    3114.95    2208.56    5323.51   -24.8771    -142.91
      3700          0    2066.53    298.558    39.8945        0.9    3135.98    2233.79    5369.77   -25.2334   -143.807
      3600          0    2066.53    298.787    36.4552        0.9    3154.67    2259.38    5414.06   -25.5872   -144.785
      3500          0    2066.53    299.014    32.3505        0.9    3172.69    2283.39    5456.08   -24.0138   -145.901
      3400          0    2066.53    299.238    28.0041        0.9    3186.84    2308.63    5495.47   -25.2383    -147.17
      3300          0    2066.53    299.461    23.4187        0.9    3191.76    2333.74     5525.5   -25.1107   -148.588
      3200          0    2066.53    299.681    19.1608        0.9    3198.03    2358.72    5556.76   -24.9811   -150.149
      3100          0    2066.53      299.9    16.2214        0.9    3202.81    2383.97    5586.78   -25.2497   -151.785
      3000          0    2066.53    300.116    13.7477        0.9    3210.67    2409.49    5620.16   -25.5163   -153.438
      2900          0    2066.53     300.33     11.602        0.9    3219.02    2434.32    5653.34   -24.8298   -155.086
      2800          0    2066.53    300.539    9.68743        0.9    3227.79    2459.56    5687.35   -25.2388   -156.719
      2700          0    2066.53    300.743    7.77016        0.9    3229.61     2481.4    5711.02    -21.843   -158.331
      2600          0    2066.53    300.943    5.51705        0.9    3236.93    2508.44    5745.37   -27.0426    -159.94
      2500          0    2066.53    301.138    3.16385        0.9    3242.02    2531.68     5773.7   -23.2378   -161.561
      2400          0    2066.53    301.329   0.782774        0.9    3249.09    2555.41     5804.5   -23.7289   -163.199
      2300          0    2066.53    301.516   -1.62381        0.9     3254.2    2579.78    5833.98    -24.366   -164.855
      2200          0    2066.53    301.699   -3.89716        0.9    3255.61    2604.78    5860.38   -24.9986   -166.527
      2100          0    2066.53    301.877   -5.76259        0.9    3261.36    2629.85    5891.21   -25.0767   -168.196
      2000          0    2066.53     302.05   -7.46068        0.9       3267       2655       5922   -25.1497   -169.845
      1900          0    2066.53    302.217   -9.03138        0.9    3271.84    2679.69    5951.53   -24.6837   -171.469
      1800          0    2066.53    302.378   -10.5033        0.9    3277.71     2704.4    5982.11   -24.7115   -173.064
      1700          0    2066.53    302.533   -11.9897        0.9    3284.92     2728.3    6013.22   -23.9066   -174.629
      1600          0    2066.53    302.682   -13.6654        0.9    3289.37     2750.7    6040.07   -22.3947   -176.174
      1500          0    2066.53    302.825   -15.3931        0.9    3293.42    2774.98     6068.4   -24.2804   -177.709
      1400          0    2066.53    302.963   -17.1592        0.9    3298.01    2800.99       6099   -26.0131   -179.236
      1300          0    2066.53    303.096   -18.9481        0.9    3298.84    2826.35    6125.19   -25.3598   -180.757
      1200          0    2066.53    303.224    -20.471        0.9    3309.75    2851.06    6160.81   -24.7109   -182.272
      1100          0    2066.53    303.349   -21.2419        0.9    3317.56     2875.2    6192.76   -24.1389   -183.746
      1000          0    2066.53    303.471   -21.6879        0.9    3323.25    2898.91    6222.16   -23.7055   -185.152
       900          0    2066.53    303.589   -21.7849        0.9    3329.34    2922.85    6252.19   -23.9394   -186.478
       800          0    2066.53    303.706   -21.6196        0.9    3336.67    2943.23    6279.91    -20.386   -187.712
       700          0    2066.53    303.821   -21.1428        0.9    3341.79    2962.99    6304.78   -19.7538    -188.85
       600          0    2066.53    303.933   -20.2001        0.9     3356.8    2985.74    6342.54   -22.7579   -189.877
       500          0    2066.53    304.044    -18.977        0.9    3372.28    3009.15    6381.43   -23.4011    -190.78
       400          0    2066.53    304.153   -17.4485        0.9    3400.18    3030.57    6430.75   -21.4253   -191.554
       300          0    2066.53    304.261     -15.67        0.9    3417.39    3057.11    6474.49   -26.5341   -192.195
       200          0    2066.53    304.368   -13.4199        0.9    3441.41    3084.18    6525.59   -27.0751   -192.698
       100          0    2066.53    304.473   -10.2707        0.9     3450.6     3107.2     6557.8   -23.0181   -193.029
         0          0    2066.53    304.578   -6.63729        0.9    3454.39    3111.22    6565.61   -4.02026   -193.164