     20000    2.85871    2.85871    179.437     415.63        1.2    17.3996     14.283    31.6827     14.283     51.064
     19900    2.65663    288.528    179.502    408.708        1.2    34.2518    29.6706    63.9224    15.3876   -12.1322
     19800    2.72912    554.263    179.667    398.759        1.2    65.4723    46.0635    111.536    16.3929   -51.8866
     19700    2.32673    826.773    179.893    387.992        1.2     100.16    59.7709    159.931    13.7074   -81.8412
     19600    1.96363    1059.08    180.139    377.712        1.2    126.628    71.0514     197.68    11.2805    -97.326
     19500    1.55012    1255.03    180.374    366.723        1.2    173.985    79.6278    253.613    8.57641   -103.653
     19400    1.90281     1410.4    180.577    356.227        1.2    238.299     90.571     328.87    10.9432   -102.776
     19300    1.86461    1600.64    180.776    346.343        1.2    308.256    101.345    409.601    10.7744   -109.043
     19200    1.82701    1787.06    180.987    336.713        1.2    376.743    111.938    488.681    10.5928    -114.18
     19100    1.71314    1969.65    181.206     329.17        1.2    450.373    121.822    572.195    9.88362   -118.439
     19000    1.79224    2141.04    181.429    323.153        1.2     529.52    132.293    661.813    10.4711   -120.788
     18900    1.86597    2320.34    181.664    315.613        1.2    613.506    143.339    756.846    11.0463   -124.703
     18800    1.40447    2506.48    181.919    307.146        1.2      714.6     151.39     865.99    8.05073   -129.647
     18700    1.56899    2647.09     182.17    300.389        1.2    832.191     160.49    992.681    9.09966    -127.22
     18600    1.91269    2804.33    182.425     294.42        1.2    967.581    171.965    1139.55    11.4754   -128.853
     18500   0.936138    2994.62    182.716    288.041        1.2    1115.48    177.369    1292.85    5.40418   -136.006
     18400   0.812965    3088.11    182.992    283.116        1.2    1233.71    182.048    1415.76     4.6784   -127.242
     18300   0.841288    3169.44    183.233    277.809        1.2    1341.64    186.835    1528.47    4.78723   -119.268
     18200   0.796915    3253.52     183.47    271.994        1.2    1479.94    191.385    1671.33    4.54962   -114.271
     18100   0.638192    3333.06    183.716    267.135        1.2    1643.57    195.162    1838.73    3.77717   -110.358
     18000   0.707464    3396.94    183.966    262.967        1.2    1803.46    199.249    2002.71    4.08735   -105.377
     17900   0.938652    3467.92    184.225    261.249        1.2    1956.75    204.494    2161.24     5.2449   -103.257
     17800    1.04024    3561.89    184.509    260.527        1.2    2109.36    210.315    2319.68    5.82101   -105.883
     17700   0.857544    3665.73    184.822    256.972        1.2    2263.18    215.213    2478.39    4.89791   -109.918
     17600    1.30773    3751.93     185.15    252.194        1.2    2407.67    223.788    2631.46    8.57487   -110.616
     17500    1.03034    3882.43    185.507      249.9        1.2    2538.49    231.666    2770.15    7.87836   -118.951
     17400   0.285839    3984.72    188.398    281.029        1.2    2632.97    235.051    2868.02    3.38477   -123.713
     17300   0.383854     4013.4    189.487    290.338        1.2    2727.27    238.288    2965.56    3.23671    -114.37
     17200    1.40311    4052.81    190.214    296.202        1.2       2814    245.159    3059.16    6.87106   -108.571
     17100    1.51799    4193.23     190.96    298.804        1.2    2882.34    252.828    3135.17    7.66956   -120.981
     17000    1.99993    4345.51    191.842    298.855        1.2    2956.23    263.086    3219.32    10.2583   -132.586
     16900    2.03047    4545.54     192.88    292.142        1.2    3040.62    273.831    3314.45    10.7448   -149.264
     16800    2.05275    4748.61    194.066    280.776        1.2    3129.17    284.955    3414.13    11.1242   -163.026
     16700    2.27984    4954.11    195.371    267.786        1.2    3220.12    297.474    3517.59    12.5186   -174.741
     16600    2.93219    5182.74    196.782    253.242        1.2     3317.9    313.842    3631.75    16.3681   -187.974
     16500    1.70145    5474.73    198.303    248.282        1.2    3416.78    323.893    3740.67    10.0505   -207.541
     16400    2.48899    5645.67    199.878    250.844        1.2    3506.63    337.982    3844.61    14.0894   -206.946
     16300    1.87998    5893.96    201.496    250.255        1.2    3592.07    349.002    3941.07    11.0204   -216.887
     16200    2.86949    6082.94    203.148    248.358        1.2    3677.63      365.3    4042.93    16.2974   -217.366
     16100    3.28683    6370.31    204.846    234.392        1.2    3772.38    384.191    4156.57    18.8912   -230.744
     16000    2.95454    6698.66    206.619    211.744        1.2     3883.4    401.276    4284.67    17.0847   -246.951
     15900    2.65637    6993.82    208.432    196.976        1.2    4005.73    416.696    4422.43    15.4205   -256.714
     15800    2.04535    7258.84    210.246    187.394        1.2    4131.08     428.81    4559.89     12.114   -261.803
     15700    1.94651    7463.28    212.027    179.848        1.2    4260.93    440.293    4701.22    11.4828   -259.782
     15600    1.43773    7657.42    213.769    174.071        1.2    4393.82    449.284     4843.1    8.99084   -257.802
     15500    1.25397    7801.01    215.468    168.462        1.2     4530.3    457.346    4987.64    8.06207   -251.134
     15400   0.982416    7926.14    217.124    163.338        1.2     4664.6    464.227    5128.83    6.88102   -244.312
     15300    1.45355    8024.85    218.744    160.555        1.2    4792.72      472.8    5265.52    8.57263   -236.281
     15200    1.26149    8170.01    220.354    158.923        1.2    4921.69    480.519    5402.21    7.71949    -235.94
     15100    1.04232    8295.94    221.959    163.502        1.2    5043.54    487.333    5530.87    6.81422   -233.616
     15000   0.747939    8399.88    223.546    172.645        1.2    5152.94     493.09    5646.03    5.75631   -228.977
     14900 0.00599128    8473.93    225.107    179.889        1.2    5252.59    496.629    5749.22    3.53922   -221.239
     14800    1.69671    8476.22    226.628    186.911        1.2    5340.74     499.28    5840.02    2.65063   -205.494
     14700      1.851    8646.04    228.104    177.879        1.2    5435.87     500.17    5936.04   0.890518   -214.643
     14600    2.80617     8832.1     221.75    108.505        1.2     5572.4     514.26    6086.66    14.0901   -223.945
     14500     3.0919       9113    220.316    79.2445        1.2    5727.71    533.292       6261    19.0317   -246.169
     14400    3.13545    9422.24    221.042    58.8038        1.2     5894.5    553.604     6448.1    20.3125   -267.706
     14300    2.58159    9735.23     222.49    39.9329        1.2    6068.85    570.265    6639.11    16.6602   -285.381
     14200    2.25666    9993.06    224.114    23.5432        1.2    6254.16    584.703    6838.86    14.4384   -293.988
     14100    1.98741    10218.5    225.734    13.3144        1.2    6443.72    597.302    7041.02    12.5993   -298.246
     14000    1.50578    10416.7    227.311     7.0869        1.2    6645.73    606.977    7252.71     9.6743   -299.534
     13900    1.90812    10567.7    228.832  -0.202879        1.2    6855.25    618.714    7473.97    11.7378   -296.316
     13800    1.26559    10757.9    230.334   -8.29434        1.2    7058.25    626.896    7685.14    8.18133   -298.737
     13700    1.56791    10884.7    231.806   -14.2419        1.2    7278.81    636.439    7915.25    9.54367   -294.648
     13600    1.26708    11041.2    233.264   -19.2513        1.2    7493.73    644.381    8138.11    7.94147   -295.313
     13500          0    11166.7    234.709   -17.7767        1.2    7710.75    645.501    8356.25    1.12058    -292.99
     13400          0    11166.7    236.105   -10.9831        1.2    7926.82    648.436    8575.26    2.93468   -277.499
     13300          0    11166.7    237.477   -13.1477        1.2    8142.71    649.053    8791.76  -0.616599   -265.221
     13200          0    11166.7     240.96    8.39244        1.2    8340.66    650.098    8990.76   -1.04493   -256.638
     13100          0    11166.7    243.281    15.5885        1.2    8532.03    657.514    9189.54   -7.41595    -248.77
     13000          0    11166.7    245.232    21.7973        1.2     8731.1    664.259    9395.36   -6.74557   -241.993
     12900          0    11166.7    246.879    28.2942        1.2    8914.82    672.431    9587.26   -8.17151   -236.178
     12800          0    11166.7     248.23    34.8105        1.2    9090.15    679.778    9769.93   -7.34756   -231.146
     12700          0    11166.7    249.495    37.3893        1.2    9270.49    686.671    9957.16   -6.89241   -226.822
     12600          0    11166.7    250.862    37.1756        1.2    9469.11    692.383    10161.5   -5.71209   -223.286
     12500          0    11166.7    252.279    37.4882        1.2    9664.75    697.674    10362.4    -5.2916   -220.492
     12400          0    11166.7    253.728    37.9351        1.2    9862.05    705.303    10567.3   -7.62838   -218.276
     12300          0    11166.7    255.203    37.1098        1.2    10047.9    713.719    10761.6   -8.41655   -216.557
     12200          0    11166.7    256.698    35.3436        1.2    10218.7    721.115    10939.8   -7.39558   -215.311
     12100          0    11166.7    258.213    35.0683        1.2    10379.9    726.886    11106.8   -5.77126   -214.466
     12000          0    11166.7    259.747    35.7148        1.2    10531.7    736.536    11268.2   -9.64987   -213.866
     11900          0    11166.7      261.3    37.2758        1.2      10678    743.282    11421.3    -6.7463   -213.415
     11800          0    11166.7    262.872    39.4828        1.2    10817.6    751.114    11568.8   -7.83224   -213.031
     11700    1.69681    11168.4    264.464    48.9032        1.2    10944.5    758.996    11703.5   -7.88156   -212.813
     11600    1.78816    11338.1    254.227    22.4048        1.2    11091.2    762.133    11853.3     3.1372   -235.684
     11500     3.0468    11518.2    251.332     2.0764        1.2    11248.6    776.568    12025.1    14.4346   -255.731
     11400    3.09404    11822.9    251.539   -25.3973        1.2    11420.9    792.981    12213.9    16.4133   -286.734
     11300     2.3749    12131.6    252.832    -41.606        1.2    11604.6    805.626    12410.3    12.6453    -310.74
     11200    1.94093    12368.7    254.453   -50.5113        1.2    11797.8    816.023    12613.8    10.3968   -321.698
     11100     1.6163    12562.4    256.137   -61.7101        1.2    12014.7    824.786    12839.5    8.76274   -326.306
     11000    1.21837    12723.7    257.809   -73.4676        1.2    12242.7    831.777    13074.5    6.99076   -327.466
     10900    1.53995    12845.8    259.453   -80.4676        1.2    12463.1    839.924      13303    8.14716   -325.302
     10800   0.335281    12998.6     261.08   -85.2153        1.2    12673.4    844.394    13517.8     4.4697   -327.481
     10700 0.00558735    13031.8    262.682   -89.5873        1.2    12885.6    847.936    13733.6    3.54257   -317.368
     10600 0.00412943    13032.4    264.271   -93.1555        1.2    13101.2    850.565    13951.8    2.62897   -306.471
     10500          0    13032.8    265.866   -94.6714        1.2    13315.8    852.199      14168    1.63373   -298.322
     10400          0    13032.8    267.474   -95.1656        1.2    13529.9    853.473    14383.4   -1.27405   -292.179
     10300          0    13032.8    269.095   -95.1789        1.2    13736.3    857.668    14593.9   -4.19503   -287.583
     10200          0    13032.8    270.729   -95.3969        1.2    13942.5    862.697    14805.2   -5.02901   -284.154
     10100          0    13032.8    272.376   -96.6966        1.2      14164    871.373    15035.4   -8.67584   -281.656
     10000          0    13032.8    274.036   -98.4002        1.2    14378.1    881.408    15259.6   -10.0355   -279.916
      9900          0    13032.8    275.708   -100.345        1.2    14580.6    892.817    15473.4   -11.4083   -278.779
      9800          0    13032.8    277.394   -102.484        1.2    14783.5    906.467      15690   -13.6507   -278.123
      9700          0    13032.8    279.094   -104.778        1.2    14978.5    922.374    15900.9   -15.9069   -277.851
      9600          0    13032.8    280.809   -107.197        1.2    15172.3    940.552    16112.9   -18.1775   -277.888
      9500          0    13032.8    282.538   -109.719        1.2    15369.8    961.014    16330.8   -20.4628   -278.175
      9400          0    13032.8    284.282   -111.563        1.2    15583.7    980.097    16563.8   -19.0822   -278.653
      9300          0    13032.8    286.042   -113.032        1.2    15796.2    1002.34    16798.6   -22.2425   -279.247
      9200          0    13032.8    287.819   -114.314        1.2    16007.4    1026.46    17033.8    -24.119   -279.918
      9100          0    13032.8    289.612   -115.476        1.2    16210.1    1054.07    17264.2   -27.6123   -280.637
      9000          0    13032.8    291.423   -116.542        1.2    16410.4    1086.19    17496.6   -32.1227   -281.386
      8900          0    13032.8     293.25   -117.513        1.2    16621.1    1118.79    17739.9   -32.6005    -282.15
      8800          0    13032.8    295.095   -118.411        1.2      16820    1153.36    17973.3   -34.5697   -282.918
      8700          0    13032.8    296.955   -119.249        1.2    17011.1    1189.92      18201   -36.5549   -283.683
      8600          0    13032.8    298.832   -120.032        1.2    17196.8     1228.2      18425   -38.2817   -284.437
      8500          0    13032.8    300.725   -120.766        1.2    17388.5    1268.23    18656.7   -40.0255   -285.176
      8400          0    13032.8    302.632   -121.056        1.2    17576.5    1309.56    18886.1   -41.3321   -285.889
      8300          0    13032.8    304.548   -121.066        1.2    17775.8    1355.81    19131.6   -46.2477   -286.552
      8200          0    13032.8    306.473   -120.894        1.2    17970.7     1403.4    19374.1   -47.5978   -287.157
      8100          0    13032.8    308.409   -120.567        1.2    18168.6    1452.36    19620.9   -48.9589   -287.698
      8000          0    13032.8    310.358   -120.115        1.2    18358.5    1502.99    19861.5   -50.6326   -288.173
      7900          0    13032.8    312.312    -119.49        1.2    18557.8    1555.31    20113.1   -52.3117   -288.578
      7800          0    13032.8    314.267   -118.728        1.2    18754.8    1609.87    20364.6   -54.5666   -288.909
      7700          0    13032.8    316.226   -117.839        1.2    18949.7     1665.7    20615.4   -55.8261   -289.163
      7600          0    13032.8    318.187   -116.816        1.2    19146.9    1723.79    20870.7   -58.0869   -289.338
      7500          0    13032.8    320.148   -115.682        1.2    19349.6    1784.11    21133.7   -60.3234   -289.434
      7400          0    13032.8     322.11   -115.396        1.2    19555.7    1846.67    21402.4   -62.5602   -289.467
      7300          0    13032.8    324.069   -115.585        1.2    19763.2    1909.46    21672.7   -62.7937   -289.488
      7200          0    13032.8    326.027   -116.003        1.2    19974.5    1972.49    21946.9   -63.0267   -289.513
      7100          0    13032.8    327.973   -116.567        1.2    20186.3    2038.16    22224.5   -65.6727   -289.549
      7000          0    13032.8     329.91   -117.237        1.2    20390.5    2110.47    22500.9   -72.3095   -289.599
      6900          0    13032.8    331.845   -117.977        1.2    20594.5    2184.22    22778.7   -73.7451   -289.664
      6800          0    13032.8    333.775   -118.769        1.2    20796.6    2255.09    23051.7   -70.8748   -289.743
      6700          0    13032.8    335.697   -119.595        1.2    20998.1    2328.69    23326.8   -73.5967   -289.837
      6600          0    13032.8    337.604   -120.428        1.2    21200.2    2406.89    23607.1   -78.2042   -289.946
      6500          0    13032.8    339.494   -121.278        1.2    21399.2    2485.29    23884.5   -78.3937   -290.069
      6400          0    13032.8    341.374    -121.87        1.2    21597.6    2565.46      24163   -80.1736   -290.201
      6300          0    13032.8    343.247   -122.312        1.2    21796.5    2645.76    24442.3   -80.2972   -290.329
      6200          0    13032.8    345.098   -122.666        1.2    22003.4    2727.06    24730.5   -81.2981   -290.446
      6100          0    13032.8    346.932   -122.942        1.2      22211    2809.34    25020.3   -82.2825   -290.549
      6000          0    13032.8    348.763   -123.169        1.2    22407.6     2892.6    25300.2   -83.2625   -290.637
      5900          0    13032.8    350.591   -123.356        1.2      22606    2979.49    25585.5   -86.8914   -290.709
      5800          0    13032.8    352.415   -123.511        1.2    22810.5    3066.41    25876.9   -86.9148   -290.766
      5700          0    13032.8    354.215   -123.635        1.2    23005.2    3154.72    26159.9   -88.3151   -290.809
      5600          0    13032.8     355.99   -123.731        1.2    23198.1    3244.56    26442.6   -89.8403   -290.837
      5500          0    13032.8    357.752   -123.804        1.2    23400.8    3335.91    26736.7   -91.3515   -290.851
      5400          0    13032.8    359.506   -124.489        1.2    23602.7    3428.99    27031.6   -93.0807   -290.863
      5300          0    13032.8     361.25   -125.546        1.2    23796.7    3523.79    27320.5   -94.7995   -290.906
      5200          0    13032.8    362.972   -126.789        1.2    24002.8    3616.97    27619.8   -93.1718   -290.993
      5100          0    13032.8    364.677   -128.146        1.2    24195.5    3712.44      27908   -95.4767   -291.128
      5000          0    13032.8    366.373   -129.606        1.2    24381.6    3810.22    28191.8    -97.773   -291.313
      4900          0    13032.8    368.066   -131.127        1.2    24565.8    3908.28    28474.1   -98.0659   -291.547
      4800          0    13032.8    369.756   -132.708        1.2    24753.8    4007.29    28761.1   -99.0064   -291.829
      4700          0    13032.8    371.426   -134.332        1.2    24947.3    4107.21    29054.5   -99.9258   -292.158
      4600          0    13032.8    373.054   -135.972        1.2    25131.4    4210.47    29341.9   -103.254   -292.532
      4500          0    13032.8    374.652   -137.648        1.2    25313.3    4316.02    29629.3   -105.552    -292.95
      4400          0    13032.8    376.232   -139.039        1.2    25494.1    4421.15    29915.2   -105.132   -293.405
      4300          0    13032.8    377.802   -140.267        1.2    25676.8    4527.45    30204.3   -106.302    -293.88
      4200          0    13032.8    379.366   -141.418        1.2    25854.7    4634.62    30489.3   -107.166   -294.368
      4100          0    13032.8     380.91   -142.505        1.2    26028.2    4743.83      30772    -109.21   -294.864
      4000          0    13032.8    382.412   -143.552        1.2    26200.8    4852.94    31053.8   -109.112   -295.367
      3900          0    13032.8     383.87   -144.571        1.2    26370.3    4961.91    31332.2    -108.97   -295.876
      3800          0    13032.8    385.299   -145.573        1.2    26540.9    5073.76    31614.6   -111.849   -296.391
      3700          0    13032.8     386.71   -147.045        1.2    26706.8    5187.15    31893.9   -113.385   -296.915
      3600          0    13032.8    388.111   -149.864        1.2    26874.4    5302.06    32176.5   -114.911    -297.51
      3500          0    13032.8    389.505   -153.233        1.2      27042    5416.56    32458.5   -114.505   -298.226
      3400          0    13032.8    390.883    -156.78        1.2    27212.6    5533.44    32746.1   -116.883   -299.073
      3300          0    13032.8    392.232     -160.5        1.2    27391.6    5651.33    33042.9   -117.882   -300.046
      3200          0    13032.8    393.538   -163.927        1.2    27568.4    5770.17    33338.6   -118.838   -301.141
      3100          0    13032.8    394.804   -166.183        1.2    27746.1    5890.32    33636.4   -120.154   -302.295
      3000          0    13032.8    396.039   -168.044        1.2      27920    6011.76    33931.7   -121.439    -303.46
      2900          0    13032.8    397.252    -169.64        1.2    28092.9    6133.51    34226.4   -121.752   -304.619
      2800          0    13032.8    398.447   -171.053        1.2    28264.8    6256.66    34521.5   -123.147   -305.763
      2700          0    13032.8    399.629   -172.479        1.2    28443.3    6377.39    34820.7   -120.729   -306.888
      2600          0    13032.8    400.798   -174.209        1.2    28630.3    6504.28    35134.6   -126.898   -308.012
      2500          0    13032.8    401.942   -176.027        1.2    28804.4    6628.33    35432.7   -124.042   -309.147
      2400          0    13032.8    403.058   -177.865        1.2      28976    6753.78    35729.8   -125.458   -310.298
      2300          0    13032.8    404.142   -179.721        1.2      29149    6880.78    36029.8   -126.992   -311.465
      2200          0    13032.8    405.194   -181.464        1.2    29327.9    7009.27    36337.2   -128.494   -312.645
      2100          0    13032.8    406.223    -182.85        1.2    29499.3    7138.69      36638   -129.423   -313.824
      2000          0    13032.8    407.237   -184.098        1.2    29670.3    7269.03    36939.3   -130.337   -314.987
      1900          0    13032.8     408.24   -185.245        1.2    29841.6    7399.74    37241.4   -130.707   -316.128
      1800          0    13032.8    409.236   -186.314        1.2    30011.6    7531.31    37542.9    -131.57   -317.247
      1700          0    13032.8    410.227     -187.4        1.2    30179.8    7662.91    37842.7   -131.601   -318.341
      1600          0    13032.8    411.215   -188.655        1.2    30350.3    7793.84    38144.2   -130.927    -319.42
      1500          0    13032.8    412.193   -189.957        1.2    30520.8    7927.48    38448.3   -133.648   -320.493
      1400          0    13032.8     413.15   -191.288        1.2    30690.4    8063.68    38754.1     -136.2   -321.561
      1300          0    13032.8    414.081   -192.636        1.2    30863.2    8200.03    39063.3   -136.345   -322.627
      1200          0    13032.8    414.984   -193.763        1.2    31047.4     8336.5    39383.9    -136.47   -323.687
      1100          0    13032.8    415.853   -194.237        1.2    31228.2    8473.14    39701.4   -136.643   -324.713
      1000          0    13032.8    416.692   -194.441        1.2    31406.7    8610.07    40016.8   -136.927   -325.681
       900          0    13032.8    417.507   -194.361        1.2    31585.4    8747.93    40333.3   -137.857    -326.58
       800          0    13032.8    418.303   -194.068        1.2    31765.1    8882.91      40648   -134.983   -327.402
       700          0    13032.8    419.084   -193.525        1.2    31942.6    9017.93    40960.6   -135.017   -328.144
       600          0    13032.8    419.852   -192.591        1.2      32130     9156.6    41286.6   -138.677   -328.792
       500          0    13032.8     420.61   -191.431        1.2      32318    9296.57    41614.5   -139.968   -329.336
       400          0    13032.8     421.36   -190.023        1.2    32518.5     9435.2    41953.7   -138.632   -329.772
       300          0    13032.8    422.102   -188.413        1.2    32708.4    9579.58      42288   -144.375   -330.097
       200          0    13032.8    422.837    -186.42        1.2    32905.4    9725.12    42630.5   -145.544   -330.306
       100          0    13032.8     423.56   -183.663        1.2      33088    9867.23    42955.2   -142.105   -330.371
         0          0    13032.8    424.268   -180.508        1.2    33258.1    9990.94      43249    -123.71   -330.269