     20000   0.127758   0.127758    179.437    415.631          0     17.399     14.283     31.682     14.283    51.7992
     19900   0.128935    12.9047    179.662    414.333          0    28.6257    29.5106    58.1364    15.2276    48.6606
     19800   0.130473    25.7998    180.159     413.06          0    45.5454    45.4116     90.957     15.901    46.1739
     19700   0.100866    38.8175    180.791    412.035          0    56.1904    58.2205    114.411    12.8089    44.1761
     19600  0.0736068    48.8768    181.441      411.3          0    63.3102    68.1993    131.509     9.9788    43.2748
     19500  0.0477759    56.2116    182.015    408.851          0    68.5393    75.1348    143.674    6.93545    43.1403
     19400  0.0675775     61.009    182.467     405.47          0    83.6097    84.1873    167.797    9.05256      43.47
     19300  0.0653931    67.7646    182.858    402.351          0    97.5592    92.8792    190.438    8.69186    43.0796
     19200  0.0622003    74.3007    183.232    399.261          0    103.498    101.227    204.725    8.34818    42.6415
     19100  0.0554448     80.514     183.58    397.916          0    108.382    108.737    217.119    7.50979    42.2051
     19000  0.0594404    86.0624    183.893    397.644          0    113.037    116.744    229.781    8.00652    41.9241
     18900  0.0642284    92.0113    184.182    395.592          0    117.045    125.271    242.316    8.52758     41.524
     18800  0.0388462    98.4087    184.468    392.539          0    132.746    130.773     263.52    5.50183    40.9382
     18700  0.0480454    102.303    184.709    390.376          0     160.35    137.334    297.684    6.56107    40.8657
     18600  0.0694486    107.128    184.908    388.648          0    201.513    146.326    347.838    8.99159     40.423
     18500  0.0207793    114.025    185.135    386.932          0     250.52    149.311    399.831    2.98497    39.4444
     18400  0.0201272    116.102    185.313    385.373          0    266.497    151.668    418.165     2.3575    39.6437
     18300  0.0253925     118.12    185.401    382.144          0    270.083    154.287     424.37    2.61927    39.6217
     18200  0.0259331     120.66    185.453    377.854          0    302.528    156.854    459.383    2.56697      39.21
     18100  0.0206351    123.248    185.493    374.196          0    359.093    158.855    517.947    2.00003    38.5681
     18000  0.0274218    125.318    185.517    370.795          0    411.158     161.39    572.548    2.53586    37.8908
     17900  0.0414518    128.074    185.539    369.761          0    455.937    165.322    621.258    3.93125     36.939
     17800  0.0449528    132.223    185.593    370.148          0    498.929    170.059    668.988    4.73738    35.7209
     17700  0.0355841    136.709    185.687    368.102          0    541.617    174.092    715.709    4.03284    34.5561
     17600  0.0518835    140.284     185.79    364.746          0    573.551    182.026    755.578    7.93457    33.6071
     17500  0.0398527     145.46    185.917    364.607          0    589.664    189.495    779.159    7.46835      32.25
     17400  0.0120375    149.417    188.624    396.581          0    610.735    192.653    803.388    3.15826    30.3307
     17300  0.0190929    150.628    189.462     406.46          0    632.555    195.914    828.469     3.2612    30.5451
     17200  0.0705315    152.589    189.921    412.606          0    662.231    203.078    865.309    7.16411    30.8977
     17100  0.0789329     159.65    190.435    416.486          0    711.567    211.273     922.84    8.19495    30.1884
     17000   0.109246    167.574    191.149    418.766          0    757.593    222.225    979.817    10.9513    29.5385
     16900   0.111396    178.501    192.094    415.091          0    796.153    233.756    1029.91    11.5314    28.2926
     16800    0.11094     189.64    193.258    407.283          0    834.106    245.688    1079.79    11.9322    26.9255
     16700   0.126031    200.749    194.596    398.094          0     873.47    258.982    1132.45     13.294    25.3327
     16600   0.170011    213.396    196.091    387.636          0    910.076    276.041    1186.12    17.0587    23.1015
     16500  0.0837857    230.311    197.776    387.932          0    950.848    286.619    1237.47    10.5776    19.8358
     16400   0.132881    238.739    199.539    395.566          0    1005.72    301.047    1306.77    14.4283     19.246
     16300  0.0874069    251.981    201.353    400.079          0     1070.1     312.21    1382.31    11.1631    17.9435
     16200   0.152452    260.787    203.207    403.034          0    1139.22    328.448    1467.67    16.2377    18.0817
     16100    0.17892    276.059    205.135    393.929          0    1204.01     347.05    1551.06    18.6025    16.6358
     16000   0.149767    293.922    207.209    376.498          0    1257.74    363.545    1621.29    16.4947    14.1991
     15900   0.122388    308.871    209.371    367.196          0    1305.63    378.027    1683.66    14.4819    12.0353
     15800  0.0767963    321.064     211.54    362.921          0    1355.81    388.847    1744.66    10.8201    10.4405
     15700  0.0650311    328.732    213.647    359.975          0    1406.09     398.71     1804.8    9.86334    9.87464
     15600  0.0313537    335.201    215.668    358.193          0    1457.32    405.802    1863.12    7.09197    9.44035
     15500  0.0186858    338.324    217.591    355.775          0    1508.15    411.741     1919.9    5.93897    9.65166
     15400 0.00614012     340.18    219.409    353.074          0    1563.59    416.337    1979.93    4.59604    9.88231
     15300  0.0246284    340.813    221.135     352.12          0    1627.03    422.519    2049.55    6.18154    10.1512
     15200  0.0134851    343.264    222.813    352.358          0     1691.5    427.779    2119.28     5.2606    9.85953
     15100 0.00608614    344.605    224.461    359.111          0    1765.26    432.092    2197.35     4.3128    9.96308
     15000 0.00464614    345.213    226.067    370.486          0    1853.69    435.327    2289.02    3.23503    10.6749
     14900          0    345.673    227.638    379.545          0     1953.7    436.335    2390.03    1.00825    11.9128
     14800   0.055141    345.728    229.177    387.394          0    2066.03    436.437    2502.47   0.101512     13.549
     14700  0.0726621    351.259    230.694    379.304          0    2172.33    438.136    2610.47   -1.69924    13.8705
     14600   0.143488    358.596     222.88    309.647          0    2236.94    451.096    2688.04    12.9601    12.1016
     14500   0.145403    372.947     220.69    282.174          0    2284.57    469.754    2754.32    18.6576     4.7662
     14400   0.145955    387.488    221.249    264.971          0    2323.94    489.858     2813.8    20.1046   -3.00343
     14300   0.108315    402.046    222.821    249.915          0    2359.57    506.188    2865.76     16.329   -10.1613
     14200   0.087375    412.856     224.64    236.968          0    2387.69      520.1    2907.79    13.9127   -15.6877
     14100  0.0716114    421.578    226.411    229.801          0    2414.61    532.023    2946.64    11.9226    -20.063
     14000  0.0468222    428.714    228.062    226.304          0    2431.82    540.946    2972.76    8.92287    -23.359
     13900  0.0664863    433.416    229.567    220.871          0    2443.37    551.949    2995.32    11.0031   -25.5538
     13800  0.0360823    440.035    230.996     214.55          0    2463.22    559.468    3022.69    7.51922   -27.9436
     13700  0.0502702    443.657    232.344    209.914          0    2466.82    568.474    3035.29    9.00608   -29.4667
     13600  0.0382814    448.672    233.624    206.215          0    2477.36    576.055    3053.42    7.58093   -31.2048
     13500          0    452.462    234.852    209.276          0     2487.4    577.033    3064.43   0.978163   -32.4236
     13400          0    452.462     235.95    216.556          0    2498.86    580.123    3078.98    3.09007   -32.3607
     13300          0    452.462    236.922    213.482          0     2509.6    580.186    3089.79 -0.0623082   -32.1243
     13200          0    452.462    240.593    234.994          0    2538.25    580.863    3119.11  -0.677606   -32.2208
     13100          0    452.462    242.927     241.73          0    2573.03    587.925    3160.95   -7.06152   -31.3356
     13000          0    452.462    244.795    247.746          0     2599.9    594.234    3194.13   -6.30944   -30.1271
     12900          0    452.462    246.277    254.167          0    2642.05    601.804    3243.85    -7.5694   -28.7803
     12800          0    452.462    247.379    260.699          0    2692.61      608.3    3300.91   -6.49659   -27.3531
     12700          0    452.462    248.351    263.091          0    2737.98    614.048    3352.02   -5.74807   -25.9652
     12600          0    452.462    249.416    262.478          0    2764.66    618.314    3382.97   -4.26613   -24.8608
     12500          0    452.462    250.526    262.365          0    2793.89    621.853    3415.75   -3.53882   -24.1046
     12400          0    452.462    251.669    262.368          0    2821.03    627.422    3448.45   -5.56891   -23.6134
     12300          0    452.462    252.842    261.007          0    2859.11    633.478    3492.59   -6.05559   -23.3719
     12200          0    452.462    254.042    258.621          0    2911.59    638.217     3549.8   -4.73966   -23.4155
     12100          0    452.462    255.268    257.796          0    2973.08    641.043    3614.12   -2.82566   -23.7053
     12000          0    452.462    256.517    257.971          0    3043.53    647.462    3690.99   -6.41911   -24.1078
     11900          0    452.462    257.789    259.155          0    3119.09    650.697    3769.79   -3.23543   -24.5464
     11800  0.0594908    452.521    259.089     261.08          0    3201.07    654.746    3855.81   -4.04855   -24.9654
     11700   0.107905    458.519    260.491    270.663          0    3295.98    658.655    3954.64   -3.90906   -26.4863
     11600   0.119259    469.321    247.936    244.849          0    3371.71    668.083     4039.8    9.42821   -28.7406
     11500   0.186273    481.314    243.733    226.705          0    3438.98    690.117     4129.1    22.0341   -33.1448
     11400    0.18389    499.939    243.492    202.096          0    3494.12    714.578     4208.7    24.4602   -39.7899
     11300   0.141284    518.285    244.854    189.988          0    3542.01    735.201    4277.21     20.623    -46.263
     11200   0.118542    532.391    246.718    185.009          0    3584.38    753.333    4337.71    18.1325   -50.9883
     11100   0.103302     544.23     248.64     176.54          0    3605.72    769.593    4375.31    16.2597    -54.542
     11000  0.0879646    554.544    250.492    166.439          0    3617.56    783.901    4401.46    14.3079   -57.5116
     10900  0.0979774    563.351    252.235    160.462          0    3638.15    799.265    4437.42    15.3648   -60.0335
     10800  0.0672634    573.118    253.905    156.819          0    3669.89     810.91     4480.8    11.6446   -62.5341
     10700  0.0613107    579.838    255.478    152.326          0    3699.56    821.657    4521.21    10.7466   -64.1587
     10600  0.0560602    585.964    256.934    147.481          0    3724.62    831.623    4556.24    9.96613   -65.6774
     10500  0.0508501    591.565    258.293    144.441          0     3749.1     840.83    4589.93    9.20717   -67.1253
     10400  0.0298629    596.629    259.565    142.477          0    3772.69    847.465    4620.15    6.63479   -68.4389
     10300   0.010794    599.596    260.729    141.172          0    3802.66    851.636     4654.3    4.17145   -69.2935
     10200  0.0103066    600.675    261.759    139.861          0    3831.65    855.577    4687.23    3.94105   -69.8108
     10100 0.00229237    601.698    262.686    137.549          0    3844.39    856.591    4700.98    1.01378   -70.4724
     10000          0    601.925    263.536     134.94          0    3863.62    857.055    4720.68   0.464308   -71.1322
      9900          0    601.925     264.32    132.182          0    3893.67    857.075    4750.75 -0.0196724   -71.9251
      9800          0    601.925    265.055    129.299          0     3922.6    858.386    4780.99    -1.3112   -72.8804
      9700          0    601.925    265.753    126.312          0    3958.65    860.952     4819.6   -2.56541   -73.9741
      9600          0    601.925    266.421    123.238          0    3995.31    864.741    4860.05    -3.7893   -75.1878
      9500          0    601.925    267.063    120.087          0    4027.59    869.729    4897.32   -4.98789   -76.5069
      9400          0    601.925    267.683    117.701          0    4043.02    872.212    4915.23   -2.48304   -77.9041
      9300          0    601.925    268.279    115.765          0    4059.23    876.691    4935.92   -4.47936   -79.3268
      9200          0    601.925    268.851    114.074          0    4076.47    881.842    4958.31   -5.15075   -80.7514
      9100          0    601.925    269.399    112.553          0    4101.76    889.241    4991.01   -7.39868   -82.1653
      9000          0    601.925    269.924    111.167          0    4129.19    899.865    5029.06   -10.6243   -83.5605
      8900          0    601.925    270.428    109.911          0    4145.93    909.643    5055.58   -9.77804   -84.9309
      8800          0    601.925     270.91    108.759          0    4174.21    920.028    5094.24   -10.3851   -86.2718
      8700          0    601.925    271.372    107.693          0    4210.02        931    5141.02   -10.9716   -87.5808
      8600          0    601.925    271.815    106.705          0    4251.06    942.264    5193.32   -11.2648   -88.8562
      8500          0    601.925    272.242    105.784          0    4285.94    953.807    5239.75   -11.5423   -90.0967
      8400          0    601.925    272.657    105.367          0    4324.34    965.164     5289.5   -11.3574   -91.2933
      8300          0    601.925    273.062    105.278          0    4351.36    979.927    5331.29   -14.7624    -92.422
      8200          0    601.925    273.459    105.414          0    4382.83    994.511    5377.34    -14.584   -93.4736
      8100          0    601.925    273.849    105.745          0    4411.24    1008.91    5420.15   -14.3985   -94.4428
      8000          0    601.925    274.232    106.236          0    4447.62    1023.42    5471.03   -14.5069   -95.3267
      7900          0    601.925     274.61    106.937          0    4474.84    1038.03    5512.86   -14.6099   -96.1228
      7800          0    601.925    274.983    107.809          0    4504.36    1053.31    5557.66   -15.2833   -96.8266
      7700          0    601.925    275.353    108.838          0    4536.13    1068.26    5604.39   -14.9532   -97.4367
      7600          0    601.925    275.721    110.034          0    4565.78    1083.88    5649.67   -15.6209   -97.9507
      7500          0    601.925    276.084    111.367          0    4590.09    1100.14    5690.23   -16.2593   -98.3674
      7400          0    601.925    276.441    111.758          0    4611.14    1117.03    5728.17   -16.8912   -98.7068
      7300          0    601.925    276.791     111.61          0    4630.81    1132.55    5763.36   -15.5161   -99.0255
      7200          0    601.925    277.135    111.179          0    4646.78    1146.68    5793.47   -14.1345   -99.3452
      7100          0    601.925    277.471    110.557          0    4662.04    1161.86    5823.89   -15.1709   -99.6758
      7000          0    601.925    277.799    109.793          0    4684.94    1182.05    5866.99   -20.1986   -100.022
      6900          0    601.925    278.116    108.931          0    4707.81    1202.07    5909.88   -20.0163   -100.387
      6800          0    601.925    278.423    107.991          0    4732.45    1217.59    5950.05   -15.5226   -100.771
      6700          0    601.925    278.717        107          0    4757.52    1234.21    5991.73   -16.6169   -101.174
      6600          0    601.925        279    105.985          0    4781.86    1253.81    6035.67   -19.5999   -101.597
      6500          0    601.925    279.273    104.939          0    4809.05    1271.98    6081.03   -18.1731   -102.039
      6400          0    601.925    279.538    104.177          0    4836.77    1290.32     6127.1   -18.3377   -102.494
      6300          0    601.925    279.795    103.582          0    4863.68    1307.17    6170.84   -16.8449   -102.945
      6200          0    601.925    280.045    103.085          0    4882.57    1323.41    6205.98   -16.2455   -103.386
      6100          0    601.925     280.29    102.677          0     4900.6    1339.05    6239.66   -15.6403   -103.814
      6000          0    601.925     280.53    102.329          0    4929.52    1354.08     6283.6   -15.0301   -104.227
      5900          0    601.925    280.766    102.028          0     4956.5    1371.15    6327.65   -17.0656   -104.623
      5800          0    601.925    280.998    101.764          0    4977.24    1386.64    6363.88   -15.4975   -105.004
      5700          0    601.925    281.226    101.533          0    5007.72    1401.97    6409.69   -15.3262   -105.368
      5600          0    601.925    281.452     101.33          0    5039.91    1417.27    6457.18    -15.302   -105.716
      5500          0    601.925    281.675    101.151          0    5062.15    1432.55     6494.7   -15.2751   -106.048
      5400          0    601.925    281.896    100.258          0    5085.03    1448.02    6533.05   -15.4709   -106.379
      5300          0    601.925    282.114    98.9271          0    5115.43    1463.68    6579.12   -15.6643   -106.748
      5200          0    601.925    282.331    97.3547          0    5133.49    1476.21    6609.71   -12.5306   -107.169
      5100          0    601.925    282.545    95.6249          0    5164.54    1489.56     6654.1   -13.3449   -107.648
      5000          0    601.925    282.757    93.7541          0    5201.83    1503.72    6705.55   -14.1572   -108.188
      4900          0    601.925    282.968    91.7949          0    5240.53    1516.68    6757.21   -12.9678   -108.789
      4800          0    601.925    283.176    89.7509          0       5275    1529.11    6804.11   -12.4263   -109.449
      4700          0    601.925    283.381     87.641          0    5303.52    1540.99    6844.51   -11.8815   -110.168
      4600          0    601.925    283.582    85.4963          0    5340.84    1554.77    6895.62   -13.7822   -110.944
      4500          0    601.925    283.778    83.2976          0    5379.92    1569.45    6949.37   -14.6781   -111.775
      4400          0    601.925    283.969     81.427          0    5419.58    1582.32     7001.9   -12.8694   -112.652
      4300          0    601.925    284.157    79.7392          0    5456.83    1594.98     7051.8   -12.6565   -113.556
      4200          0    601.925     284.34    78.1469          0    5498.51    1607.12    7105.63   -12.1396   -114.476
      4100          0    601.925    284.519    76.6317          0    5544.19    1619.94    7164.12   -12.8186    -115.41
      4000          0    601.925    284.693    75.1623          0    5590.25    1631.33    7221.58   -11.3932   -116.353
      3900          0    601.925    284.863    73.7238          0    5639.07    1641.29    7280.36   -9.96319   -117.304
      3800          0    601.925    285.028    72.3059          0    5686.38    1652.87    7339.25    -11.578   -118.262
      3700          0    601.925    285.187    70.3149          0    5737.83    1664.73    7402.56    -11.862   -119.232
      3600          0    601.925     285.34    66.7532          0    5786.83    1676.87     7463.7     -12.14   -120.285
      3500          0    601.925    285.487    62.5083          0       5835    1687.36    7522.36   -10.4869   -121.477
      3400          0    601.925    285.628    58.0124          0    5879.15    1698.99    7578.14   -11.6279   -122.824
      3300          0    601.925    285.763    53.2682          0    5913.93     1710.4    7624.33   -11.4134   -124.323
      3200          0    601.925    285.894    48.8594          0     5949.9    1721.59    7671.49   -11.1936   -125.969
      3100          0    601.925    286.019    45.7943          0    5984.24    1732.96    7717.21   -11.3692    -127.69
      3000          0    601.925    286.141    43.2084          0    6021.57     1744.5    7766.07   -11.5409   -129.429
      2900          0    601.925    286.259    40.9619          0    6059.28    1755.26    7814.54   -10.7593   -131.165
      2800          0    601.925    286.375    38.9554          0    6097.32    1766.34    7863.66   -11.0749   -132.884
      2700          0    601.925    286.488    36.9482          0    6128.32    1773.93    7902.24   -7.58797   -134.581
      2600          0    601.925    286.599    34.6006          0    6150.09    1786.62    7936.71    -12.699   -136.276
      2500          0    601.925    286.708    32.1512          0    6184.16    1795.43    7979.59   -8.80823   -137.982
      2400          0    601.925    286.816     29.673          0    6220.13    1804.65    8024.78   -9.21586   -139.706
      2300          0    601.925    286.922    27.1682          0    6254.03    1814.42    8068.45    -9.7721   -141.447
      2200          0    601.925    287.027    24.8001          0    6281.32    1824.75    8106.07   -10.3271   -143.205
      2100          0    601.925    287.131    22.8481          0    6315.68    1835.08    8150.76   -10.3309    -144.96
      2000          0    601.925    287.234    21.0679          0    6349.85    1845.41    8195.27   -10.3337   -146.695
      1900          0    601.925    287.336     19.419          0    6383.15    1855.22    8238.36   -9.80223   -148.404
      1800          0    601.925    287.436    17.8719          0    6417.39    1864.98    8282.38   -9.76982   -150.084
      1700          0    601.925    287.537    16.3097          0     6452.9    1873.89    8326.79   -8.90987   -151.732
      1600          0    601.925    287.636    14.5548          0    6485.57    1881.24    8366.81   -7.34825   -153.361
      1500          0    601.925    287.734     12.746          0    6517.76    1890.43    8408.19   -9.18915   -154.978
      1400          0    601.925    287.832    10.8972          0     6550.4    1901.31    8451.72   -10.8817   -156.588
      1300          0    601.925    287.929    9.02431          0    6579.21    1911.51    8490.72   -10.1925   -158.192
      1200          0    601.925    288.024    7.42498          0     6596.2    1921.02    8517.22   -9.51116   -159.788
      1100          0    601.925     288.12    6.59323          0    6616.22    1929.93    8546.15   -8.90967   -161.342
      1000          0    601.925    288.214    6.09591          0    6638.32    1938.38    8576.69   -8.44902   -162.826
       900          0    601.925    288.308    5.95844          0    6659.97    1947.03       8607   -8.65755   -164.228
       800          0    601.925      288.4    6.09166          0    6680.35    1952.11    8632.46   -5.08024   -165.536
       700          0    601.925    288.492     6.5467          0    6702.92    1956.54    8659.46   -4.42541   -166.746
       600          0    601.925    288.583    7.48007          0     6715.6    1963.95    8679.54   -7.40804    -167.84
       500          0    601.925    288.673    8.70285          0    6727.79    1971.98    8699.77   -8.03063   -168.808
       400          0    601.925    288.762    10.2408          0       6728    1978.01    8706.02   -6.03482   -169.644
       300          0    601.925    288.851    12.0366          0    6738.51    1989.14    8727.64   -11.1239   -170.343
       200          0    601.925    288.938    14.3188          0    6742.22    2000.78    8743.01   -11.6455     -170.9
       100          0    601.925    289.024    17.5216          0    6760.82    2008.35    8769.17   -7.56919   -171.281
         0  0.0808554    602.006     289.11    21.2234          0    6792.47     2019.8    8812.27    11.4479   -171.477