     20000    0.72443    0.72443    179.437    415.631          1    17.3991     14.283    31.6822     14.283    51.6384
     19900    0.68139    73.1244    179.662    413.078          1     29.881    29.5106    59.3916    15.2276    34.7417
     19800   0.705244    141.287    180.144     409.84          1    50.0208    45.4261     95.447    15.9155    22.9999
     19700   0.551912    211.658    180.749    406.567          1    66.1336    58.2776    124.411    12.8515    13.4893
     19600   0.417362    266.715    181.372    403.689          1    66.6245    68.3254     134.95    10.0477    9.35579
     19500   0.273497    308.307     181.93    399.438          1    81.2662    75.3452    156.611    7.01985    8.77895
     19400     0.3847    335.768     182.38    394.712          1    107.094    84.4855     191.58     9.1403    10.9688
     19300   0.367185    374.221    182.776    390.342          1    133.052    93.2599    226.312    8.77444    9.84056
     19200   0.351411    410.923    183.159    386.063          1    152.188    101.681    253.869    8.42069    8.96407
     19100   0.310641    446.024    183.523     383.62          1    171.368    109.248    280.616    7.56736    8.27359
     19000   0.336333    477.114    183.856    382.379          1    191.289    117.292    308.581    8.04406    8.32555
     18900    0.36115    510.772    184.171    379.409          1    211.479    125.831    337.311    8.53934    7.54824
     18800   0.210254    546.736    184.487    375.425          1    244.294    131.314    375.608    5.48254    6.12895
     18700   0.265033    567.816    184.762    372.579          1    289.695    137.822    427.517     6.5084    7.88471
     18600   0.383495    594.438    184.997    370.247          1    349.258    146.725    495.983    8.90273    7.71833
     18500   0.081449    632.485    185.263    367.746          1    417.452    149.582    567.035    2.85724    4.85701
     18400  0.0554385    640.604    185.473    365.798          1    453.005    151.779    604.784    2.19681    8.81937
     18300   0.101585    646.194     185.58    362.538          1    476.196    154.219    630.415    2.43951    12.1213
     18200   0.114882    656.366    185.647    358.286          1     528.21    156.592    684.802    2.37335    13.3165
     18100   0.087036    667.826    185.706    354.653          1    604.317    158.379    762.696    1.78724    13.5942
     18000   0.129201    676.572    185.756    351.314          1    675.863    160.677     836.54    2.29734    14.0632
     17900   0.168262    689.531    185.809    350.276          1    740.128    164.338    904.465     3.6611    13.1963
     17800   0.170765     706.36    185.886    350.552          1    802.716    168.781    971.497    4.44379     11.492
     17700   0.134207      723.4    185.986    348.349          1    865.157    172.515    1037.67    3.73357    9.95893
     17600   0.267327    736.954    186.089    344.866          1    916.971    180.151    1097.12     7.6361    9.24029
     17500   0.197439    763.617    186.228    344.364          1    953.327    187.308    1140.63    7.15713    5.53829
     17400  0.0397752    783.203    188.969    376.156          1    953.973    190.121    1144.09    2.81313    2.71579
     17300  0.0705467    787.211    189.849    385.933          1    955.265    192.996    1148.26    2.87437    4.97431
     17200   0.350259    794.546    190.349    392.033          1    964.368    199.732     1164.1    6.73581    6.33765
     17100   0.397293    829.618    190.898    395.579          1    992.797    207.464    1200.26    7.73226    1.43277
     17000   0.570152    869.521    191.636    397.247          1     1017.3    217.928    1235.23    10.4638   -3.41287
     16900   0.584055     926.55    192.597    392.656          1    1033.43    228.955    1262.39    11.0278   -11.0092
     16800   0.590871    984.962     193.77     383.72          1    1047.82    240.375     1288.2    11.4199   -17.6516
     16700   0.670509    1044.13    195.113    373.293          1    1062.38    253.153    1315.54    12.7775   -23.6353
     16600   0.920746    1111.43    196.607    361.467          1    1072.82    269.696    1342.52    16.5434   -30.7578
     16500   0.437906    1203.02    198.281    359.966          1    1085.63    279.768     1365.4     10.072   -41.9188
     16400   0.716717    1247.09    200.029    365.981          1    1110.92    293.706    1404.62    13.9382    -41.228
     16300   0.472362    1318.52    201.824    368.873          1    1144.09    304.399    1448.49    10.6922   -46.1201
     16200   0.837424    1366.12    203.659    370.352          1    1180.52    320.185    1500.71    15.7861   -45.2808
     16100   0.992566    1450.02    205.566    359.689          1    1211.07    338.356    1549.43    18.1711   -52.0984
     16000   0.832023    1549.11    207.615    340.461          1    1228.77    354.444    1583.22    16.0885   -61.2365
     15900   0.686337    1632.17    209.749    329.307          1    1238.77    368.548    1607.32    14.1037   -66.3681
     15800   0.424003    1700.54    211.891    323.334          1    1249.36    379.016    1628.38    10.4685   -68.3284
     15700   0.363579    1742.88    213.976    319.069          1    1258.73    388.551    1647.28    9.53429    -65.478
     15600   0.164296    1779.04    215.981    316.292          1    1268.06     395.33    1663.39    6.77887   -62.4952
     15500  0.0873502    1795.39    217.896    313.272          1     1276.4    400.963    1677.36    5.63357   -56.6674
     15400 0.00618473    1804.05    219.717    310.322          1    1289.08    405.251    1694.33    4.28816   -50.8591
     15300   0.131625    1804.79    221.457    309.384          1    1309.78    411.111    1720.89    5.86014    -44.929
     15200  0.0505411    1817.87     223.16     309.67          1    1331.56    416.024    1747.59    4.91292   -42.8264
     15100 0.00592747    1822.88    224.844    316.465          1    1362.68    419.954    1782.63    3.92921   -39.4791
     15000  0.0043083    1823.47    226.493    327.925          1    1408.55    422.763    1831.32    2.80983   -35.4753
     14900          0     1823.9    228.112    337.121          1    1466.14    423.299    1889.43   0.535105   -31.6266
     14800   0.270055    1824.17     229.71    345.121          1     1536.2     423.73    1959.93  -0.431636   -27.9793
     14700   0.358074    1851.26    231.286    337.073          1    1600.26    426.022    2026.29   -2.29181   -30.3803
     14600   0.699067    1887.41    223.859    267.692          1    1622.92    438.003    2060.92    11.9806   -35.4122
     14500   0.797853    1957.42    221.905    239.647          1    1628.02    455.445    2083.46    17.4425   -50.1795
     14400   0.798916     2037.2    222.603    221.304          1    1632.31    474.196     2106.5    18.7506   -65.2244
     14300     0.5762    2116.87    224.274     204.89          1     1641.7    489.072    2130.78    14.8763   -77.7937
     14200   0.445616    2174.36    226.178    190.809          1    1659.75    501.446     2161.2    12.3741   -84.2087
     14100   0.341874    2218.82    228.037    182.775          1    1679.85    511.743    2191.59    10.2967   -87.5013
     14000   0.181371    2252.85    229.782    178.654          1    1710.29    518.946    2229.24    7.20344   -88.5937
     13900    0.29771     2271.1    231.389    172.984          1    1746.63    528.127    2274.75    9.18097   -86.8934
     13800    0.10989    2300.68    232.931    166.468          1    1774.86    533.711    2308.57    5.58361   -88.1177
     13700   0.186013    2311.75    234.403    161.835          1    1819.34    540.657       2360    6.94664   -86.0519
     13600    0.11222    2330.28    235.813    158.162          1    1856.85     546.05     2402.9    5.39223   -86.2077
     13500          0    2341.38    237.172    161.205          1    1894.89    547.391    2442.28   -1.34178   -85.1447
     13400          0    2341.38    238.446    168.515          1    1931.47    547.985    2479.45   0.593729   -82.0961
     13300          0    2341.38    239.649    165.653          1    1968.55    550.774    2519.32   -2.78901   -79.5938
     13200          0    2341.38    243.372    187.158          1    1987.74    554.231    2541.97    -3.4567   -78.0886
     13100          0    2341.38     245.82     193.95          1    2000.74    564.186    2564.93   -9.95503   -75.9368
     13000          0    2341.38    247.829    199.973          1    2021.64    573.529    2595.17   -9.34346   -73.7285
     12900          0    2341.38    249.468    206.369          1    2027.29     584.29    2611.58   -10.7608   -71.5851
     12800          0    2341.38    250.743    212.853          1       2030    594.151    2624.15   -9.86062   -69.5182
     12700          0    2341.38      251.9    215.245          1    2032.48    603.448    2635.93   -9.29704   -67.6107
     12600          0    2341.38    253.158    214.673          1     2053.6    611.456    2665.06   -8.00811   -66.0762
     12500          0    2341.38    254.467      214.6          1    2072.13    618.936    2691.07   -7.47957   -64.9575
     12400          0    2341.38     255.81    214.648          1    2092.71    628.645    2721.36    -9.7098   -64.1575
     12300          0    2341.38    257.179    213.357          1    2102.29    639.038    2741.32   -10.3928   -63.6485
     12200          0    2341.38     258.57    211.062          1     2107.2    648.305    2755.51    -9.2671   -63.4563
     12100          0    2341.38    259.981    210.308          1    2121.21    655.844    2777.06   -7.53864   -63.5365
     12000          0    2341.38    261.414    210.539          1    2144.23     667.16    2811.39   -11.3165   -63.7524
     11900          0    2341.38    262.873    211.756          1    2172.39    675.479    2847.87   -8.31868   -64.0233
     11800    0.02815    2341.41    264.359    213.692          1    2206.98    684.798    2891.78   -9.31853   -64.2827
     11700   0.357819    2344.56    265.877    223.193          1    2254.42    694.093    2948.51   -9.29545   -64.9905
     11600   0.421882     2380.4    253.619    197.172          1    2282.48    697.838    2980.32    3.74489      -72.1
     11500   0.816285    2422.99    249.551    178.599          1    2301.64    714.053     3015.7    16.2154   -81.1078
     11400   0.833709    2504.63    249.328    153.165          1    2307.85    732.677    3040.53    18.6241    -97.088
     11300   0.593497    2587.76    250.636    139.757          1     2310.2    747.518    3057.72    14.8411   -110.747
     11200   0.458051    2646.98    252.419    133.606          1    2319.23     759.95    3079.18    12.4312   -117.503
     11100   0.365203    2692.69    254.255    124.379          1    2350.05    770.595    3120.64     10.645   -120.817
     11000   0.268935    2729.11    256.024    113.854          1     2390.8     779.37    3170.17    8.77562   -122.429
     10900   0.339711    2756.08    257.694    107.654          1    2423.01    789.276    3212.29    9.90585   -122.691
     10800   0.139833    2789.85      259.3    103.789          1    2444.31    795.526    3239.83    6.24986   -124.586
     10700   0.103881     2803.8    260.815    99.3358          1    2467.63    800.936    3268.56    5.41012   -122.942
     10600  0.0676531    2814.15     262.22    94.7296          1    2495.32    805.616    3300.93    4.67981   -121.503
     10500    0.03157    2820.88    263.543    91.9997          1    2523.27    809.573    3332.85    3.95704   -120.176
     10400 0.00291641    2824.01    264.796    90.4042          1    2551.76    810.977    3362.74    1.40359   -118.835
     10300          0    2824.29     265.99    89.4742          1    2573.48    812.067    3385.55   -1.09003   -117.558
     10200          0    2824.29    267.138    88.4886          1    2595.87    813.505    3409.38   -1.43808    -116.75
     10100          0    2824.29    268.254    86.4721          1    2634.21    818.059    3452.27   -4.55413   -116.379
     10000          0    2824.29    269.346    84.1155          1     2665.8    823.405     3489.2   -5.34631   -116.377
      9900          0    2824.29    270.419    81.5707          1    2686.36    829.524    3515.89   -6.11906   -116.677
      9800          0    2824.29    271.469    78.8766          1    2707.86     837.25    3545.11   -7.72528   -117.222
      9700          0    2824.29     272.49    76.0614          1    2722.06    846.552    3568.61   -9.30287   -117.968
      9600          0    2824.29    273.485    73.1478          1    2735.49    857.406    3592.89   -10.8537   -118.881
      9500          0    2824.29    274.457    70.1503          1    2753.15    869.788    3622.93   -12.3819   -119.935
      9400          0    2824.29     275.41    67.8948          1    2787.52    879.998    3667.52     -10.21   -121.096
      9300          0    2824.29    276.345    66.0716          1       2821    892.543    3713.54   -12.5455   -122.305
      9200          0    2824.29    277.257     64.481          1    2853.35      906.1    3759.45    -13.557   -123.533
      9100          0    2824.29    278.142    63.0498          1    2877.56    922.243    3799.81   -16.1421   -124.766
      9000          0    2824.29    279.007    61.7459          1    2899.56    941.949    3841.51   -19.7068   -125.991
      8900          0    2824.29    279.852    60.5646          1    2932.16    961.152    3893.32   -19.2025   -127.201
      8800          0    2824.29    280.672    59.4823          1    2953.16    981.299    3934.46   -20.1473   -128.388
      8700          0    2824.29    281.468    58.4825          1    2966.56    1002.37    3968.93   -21.0678    -129.55
      8600          0    2824.29    282.245    57.5557          1    2974.67    1024.06    3998.74   -21.6951   -130.683
      8500          0    2824.29    283.009    56.6931          1    2988.88    1046.37    4035.25   -22.3086   -131.785
      8400          0    2824.29    283.761    56.3193          1    2999.53    1068.83    4068.36   -22.4613   -132.848
      8300          0    2824.29    284.505    56.2641          1    3021.53    1095.04    4116.56   -26.2053   -133.847
      8200          0    2824.29    285.241    56.4236          1    3039.04     1121.4    4160.45   -26.3662   -134.773
      8100          0    2824.29    285.964    56.7712          1    3059.61    1147.92    4207.53   -26.5135   -135.621
      8000          0    2824.29    286.669    57.2734          1    3072.19    1174.86    4247.06   -26.9442   -136.387
      7900          0    2824.29     287.36    57.9797          1    3093.93    1202.22    4296.16   -27.3605   -137.069
      7800          0    2824.29    288.034    58.8518          1    3113.37    1230.56    4343.93   -28.3339   -137.662
      7700          0    2824.29    288.685    59.8779          1    3130.56    1258.84     4389.4   -28.2849   -138.163
      7600          0    2824.29    289.316    61.0674          1    3149.87    1288.06    4437.93   -29.2156   -138.571
      7500          0    2824.29     289.93    62.3909          1    3174.54    1318.16     4492.7   -30.1055   -138.885
      7400          0    2824.29    290.533     62.799          1    3202.45    1349.14     4551.6   -30.9827   -139.124
      7300          0    2824.29    291.125    62.6813          1    3231.71    1378.99     4610.7   -29.8496   -139.345
      7200          0    2824.29    291.708     62.295          1    3264.62     1407.7    4672.32   -28.7078   -139.567
      7100          0    2824.29    292.284    61.7266          1    3298.19    1437.69    4735.88   -29.9837   -139.801
      7000          0    2824.29    292.853    61.0232          1    3324.07    1472.94       4797   -35.2532   -140.052
      6900          0    2824.29    293.414    60.2274          1     3349.9    1508.25    4858.15    -35.314   -140.321
      6800          0    2824.29    293.961    59.3596          1    3373.88    1539.31     4913.2   -31.0607    -140.61
      6700          0    2824.29    294.492    58.4442          1    3397.37     1571.7    4969.07   -32.3917    -140.92
      6600          0    2824.29    295.007    57.5094          1    3421.51    1607.31    5028.82   -35.6071   -141.248
      6500          0    2824.29    295.506    56.5457          1    3442.71    1641.72    5084.43   -34.4061   -141.595
      6400          0    2824.29    295.987    55.8608          1     3463.3    1676.51    5139.81   -34.7871   -141.952
      6300          0    2824.29     296.45    55.3402          1    3484.64    1710.01    5194.65      -33.5   -142.305
      6200          0    2824.29    296.897    54.9162          1    3513.92     1743.1    5257.02    -33.097   -142.648
      6100          0    2824.29    297.331    54.5782          1    3543.98    1775.78    5319.77   -32.6815   -142.978
      6000          0    2824.29    297.756    54.2975          1     3563.1    1808.04    5371.14   -32.2564   -143.293
      5900          0    2824.29    298.173    54.0621          1    3584.08    1842.51     5426.6   -34.4734   -143.592
      5800          0    2824.29    298.584     53.863          1    3611.25     1875.6    5486.85   -33.0839   -143.876
      5700          0    2824.29    298.989    53.6944          1    3628.61    1908.69    5537.29   -33.0887   -144.144
      5600          0    2824.29    299.389    53.5529          1    3644.19    1941.92    5586.12   -33.2387   -144.397
      5500          0    2824.29    299.785     53.435          1    3669.67    1975.31    5644.98   -33.3847   -144.636
      5400          0    2824.29    300.178     52.625          1    3694.42    2009.06    5703.49    -33.753   -144.873
      5300          0    2824.29     300.57    51.3903          1    3711.55    2043.18    5754.74   -34.1201   -145.148
      5200          0    2824.29    300.961    49.9244          1    3740.92    2074.34    5815.27   -31.1615   -145.475
      5100          0    2824.29     301.35    48.3096          1     3757.2    2106.49    5863.69   -32.1499   -145.858
      5000          0    2824.29    301.732    46.5618          1    3767.09    2139.63    5906.72   -33.1324     -146.3
      4900          0    2824.29    302.108    44.7313          1    3775.46    2171.73    5947.19   -32.1083   -146.802
      4800          0    2824.29    302.478    42.8213          1    3787.92    2203.46    5991.38   -31.7276   -147.361
      4700          0    2824.29     302.84    40.8493          1    3806.19     2234.8    6040.99   -31.3397   -147.977
      4600          0    2824.29    303.192    38.8457          1    3815.52    2268.19    6083.71   -33.3921   -148.648
      4500          0    2824.29    303.532    36.7918          1    3822.95    2302.63    6125.58   -34.4319   -149.372
      4400          0    2824.29    303.858    35.0564          1    3829.66    2335.38    6165.04   -32.7579    -150.14
      4300          0    2824.29     304.17       33.5          1    3838.65    2368.05    6206.71   -32.6704   -150.932
      4200          0    2824.29    304.471    32.0355          1    3843.08    2400.32    6243.41   -32.2708   -151.741
      4100          0    2824.29    304.761    30.6449          1    3843.39    2433.39    6276.77   -33.0607   -152.563
      4000          0    2824.29    305.042    29.2977          1    3843.59    2465.13    6308.71   -31.7416   -153.394
      3900          0    2824.29    305.315    27.9793          1    3846.66    2495.54     6342.2   -30.4148   -154.233
      3800          0    2824.29    305.581    26.6798          1    3848.35    2527.67    6376.02   -32.1311   -155.081
      3700          0    2824.29    305.841    24.8293          1    3854.31    2560.19     6414.5   -32.5164    -155.94
      3600          0    2824.29    306.096    21.4542          1    3858.01    2593.09    6451.09   -32.8963    -156.88
      3500          0    2824.29    306.347    17.4234          1    3861.09    2624.43    6485.53   -31.3466   -157.958
      3400          0    2824.29    306.593    13.1561          1    3861.79    2657.03    6518.82   -32.5931   -159.186
      3300          0    2824.29    306.836    8.65484          1    3871.63    2689.51    6561.15   -32.4861   -160.562
      3200          0    2824.29    307.076    4.47707          1    3880.04    2721.89    6601.93   -32.3761    -162.08
      3100          0    2824.29    307.313    1.60536          1    3889.89    2754.55    6644.44   -32.6633   -163.672
      3000          0    2824.29    307.548   -0.80719          1    3896.58     2787.5    6684.08   -32.9479    -165.28
      2900          0    2824.29     307.78   -2.89793          1    3902.73    2819.78    6722.51   -32.2801   -166.884
      2800          0    2824.29     308.01   -4.76238          1    3908.41    2852.49     6760.9     -32.71   -168.473
      2700          0    2824.29    308.238   -6.63118          1    3920.99    2881.83    6802.81   -29.3378   -170.041
      2600          0    2824.29    308.464   -8.83427          1    3942.65    2916.39    6859.04   -34.5636   -171.607
      2500          0    2824.29    308.688   -11.1373          1    3951.87    2947.18    6899.05   -30.7875   -173.185
      2400          0    2824.29     308.91   -13.4685          1    3959.04    2978.49    6937.53   -31.3095   -174.781
      2300          0    2824.29    309.129   -15.8253          1    3968.13    3010.47     6978.6   -31.9793   -176.394
      2200          0    2824.29    309.345   -18.0511          1    3983.69    3043.11     7026.8   -32.6453   -178.023
      2100          0    2824.29    309.557   -19.8735          1    3992.05    3075.87    7067.92   -32.7567    -179.65
      2000          0    2824.29    309.763   -21.5312          1    4000.48    3108.73    7109.21   -32.8632   -181.258
      1900          0    2824.29    309.965   -23.0641          1    4009.67    3141.16    7150.83   -32.4318   -182.841
      1800          0    2824.29    310.163   -24.5003          1     4017.8    3173.66    7191.46   -32.4961   -184.397
      1700          0    2824.29    310.356   -25.9517          1    4024.55    3205.39    7229.94   -31.7297   -185.923
      1600          0    2824.29    310.546   -27.5911          1    4034.03    3235.65    7269.68   -30.2581   -187.429
      1500          0    2824.29     310.73   -29.2824          1    4043.87    3267.83     7311.7   -32.1855   -188.926
      1400          0    2824.29    310.911   -31.0116          1    4053.13    3301.79    7354.93   -33.9607   -190.416
      1300          0    2824.29    311.086   -32.7634          1    4066.11    3335.14    7401.26   -33.3497     -191.9
      1200          0    2824.29    311.255   -34.2528          1     4090.8    3367.88    7458.69   -32.7415   -193.377
      1100          0    2824.29    311.418   -34.9982          1    4112.37    3400.09    7512.46   -32.2078   -194.813
      1000          0    2824.29    311.575    -35.423          1    4131.79     3431.9     7563.7   -31.8095   -196.182
       900          0    2824.29    311.725    -35.504          1     4151.6    3463.98    7615.58   -32.0752   -197.471
       800          0    2824.29     311.87   -35.3264          1    4172.64    3492.53    7665.17   -28.5501    -198.67
       700          0    2824.29     312.01    -34.842          1    4191.46    3520.47    7711.93   -27.9429   -199.774
       600          0    2824.29    312.144   -33.8974          1    4220.16    3551.44     7771.6    -30.969   -200.768
       500          0    2824.29    312.274   -32.6766          1    4249.35    3583.07    7832.42   -31.6317   -201.639
       400          0    2824.29    312.401   -31.1549          1    4290.96    3612.74     7903.7   -29.6731   -202.384
       300          0    2824.29    312.523   -29.3866          1    4321.88    3647.54    7969.42   -34.7965   -202.997
       200          0    2824.29    312.642   -27.1536          1    4359.63    3682.89    8042.52   -35.3491   -203.473
       100          0    2824.29    312.756   -24.0317          1    4382.59    3714.19    8096.78   -31.3004    -203.78
         0          0    2824.29    312.865   -20.4322          1    4392.59     3726.5    8119.09   -12.3073   -203.893