     20000    0.21728    0.21728    179.437    415.631        0.5     17.399     14.283    31.6821     14.283     51.775
     19900   0.217575    21.9456    179.662    414.144        0.5    28.8146    29.5106    58.3252    15.2276    46.5468
     19800   0.217404    43.7029    180.157    412.563        0.5    46.2319    45.4132    91.6451    15.9026    42.4954
     19700   0.170127     65.396    180.783    411.189        0.5    57.7232    58.2306    115.954    12.8173    39.3309
     19600   0.126445     82.365    181.425    410.123        0.5    63.6659    68.2257    131.892    9.99514    37.9044
     19500  0.0852421    94.9683    181.995    407.395        0.5    70.3513    75.1809    145.532    6.95525    37.6953
     19400   0.115639    103.523    182.451    403.798        0.5    87.0938    84.2498    171.344    9.06882    38.2643
     19300   0.111745    115.083    182.848     400.48        0.5    102.914    92.9522    195.866    8.70246    37.7831
     19200   0.108343    126.254    183.226    397.203        0.5     110.91    101.306    212.217    8.35423    37.2806
     19100  0.0942738    137.074    183.581    395.681        0.5    118.029    108.815    226.845    7.50886    36.7693
     19000    0.10338    146.511    183.902    395.254        0.5    125.075    116.813    241.888    7.99782    36.5637
     18900   0.111132    156.856      184.2    393.053        0.5    131.622    125.323    256.945    8.50971    36.0773
     18800   0.067066    167.926    184.498    389.846        0.5    150.017    130.795    280.812    5.47247    35.3385
     18700   0.082341    174.647     184.75    387.567        0.5     180.43    137.315    317.745    6.52007    35.5379
     18600    0.12043     182.92     184.96    385.736        0.5    224.504    146.255    370.759    8.93973    35.1397
     18500   0.028927    194.871    185.199    383.885        0.5    276.559    149.176    425.735    2.92116    33.8135
     18400  0.0319985    197.767    185.381    382.263        0.5    295.646    151.465    447.111    2.28887    34.6813
     18300  0.0441971    200.979    185.469    379.016        0.5     302.36    154.016    456.376    2.55126    35.0669
     18200  0.0454528      205.4    185.524    374.709        0.5    337.951    156.512    494.463     2.4956    34.7986
     18100  0.0357416    209.936    185.573    371.028        0.5    397.683    158.433    556.115    1.92057    34.2421
     18000  0.0493207    213.523    185.607    367.613        0.5     452.93    160.879    613.808    2.44625    33.7189
     17900  0.0722623    218.478    185.641    366.551        0.5    500.918    164.707    665.626    3.82857    32.7225
     17800  0.0725034    225.705    185.711    366.881        0.5    547.177    169.327    716.504    4.61941     31.265
     17700  0.0560945    232.939    185.815    364.771        0.5    593.196    173.232    766.428    3.90503    29.9848
     17600  0.0855746    238.578    185.921    361.365        0.5    628.511    181.036    809.547     7.8042    29.0907
     17500  0.0651565    247.115    186.048    361.154        0.5    648.076    188.374     836.45    7.33747    27.4742
     17400  0.0186023    253.584    188.757      393.1        0.5    665.667    191.399    857.065    3.02524    25.4717
     17300  0.0320041    255.457    189.598    402.959        0.5    683.986    194.524     878.51    3.12502    26.0338
     17200   0.117082    258.743    190.062     409.09        0.5    710.146    201.547    911.693    7.02328    26.5003
     17100    0.13144    270.465     190.58    412.908        0.5    755.904    209.597    965.501    8.04993    25.1093
     17000   0.183517    283.662    191.296    415.083        0.5    798.247    220.401    1018.65     10.804    23.7721
     16900   0.186019    302.016    192.242    411.256        0.5    832.973    231.784    1064.76    11.3833    21.4834
     16800   0.187282    320.619    193.405    403.265        0.5    866.909    243.569    1110.48    11.7846    19.2707
     16700   0.214132    339.374    194.744    393.876        0.5    902.055    256.715    1158.77    13.1459    16.9488
     16600   0.291274    360.864    196.242    383.194        0.5    934.219    273.623    1207.84    16.9077    13.8526
     16500   0.138568    389.839    197.931     383.19        0.5    970.249    284.045    1254.29     10.422    9.17486
     16400    0.22755    403.785    199.697    390.558        0.5    1020.12    298.316    1318.43     14.271    8.87149
     16300   0.149794    426.462     201.51    394.801        0.5    1079.22    309.322    1388.54     11.006    6.90034
     16200   0.262222    441.554    203.365     397.51        0.5    1142.81    325.401    1468.21    16.0796    7.15576
     16100   0.308864    467.823    205.296    388.145        0.5    1201.81    343.843    1545.66     18.442    4.74373
     16000   0.253523    498.654    207.374    370.413        0.5    1249.47    360.173    1609.64    16.3297    1.09293
     15900   0.209662    523.962    209.539    360.806        0.5    1290.96    374.487    1665.45    14.3138   -1.49854
     15800    0.12899    544.848    211.709    356.255        0.5    1334.48    385.138    1719.61     10.651   -3.11995
     15700   0.109629    557.727    213.816    353.097        0.5    1377.87    394.832    1772.71     9.6945   -3.00981
     15600  0.0512171    568.632    215.835    351.158        0.5    1422.07    401.757    1823.83     6.9246   -2.78264
     15500   0.028403    573.731    217.756    348.649        0.5    1465.78     407.53    1873.31    5.77359   -1.55379
     15400 0.00619342    576.549    219.572    345.913        0.5    1514.05    411.964    1926.02    4.43331  -0.320922
     15300   0.039094    577.201    221.295    344.968        0.5    1570.34    417.986    1988.33     6.0221   0.931805
     15200  0.0195301    581.091     222.97    345.222        0.5    1627.67    423.089    2050.76    5.10321    1.10212
     15100 0.00613254     583.03    224.618    351.986        0.5    1694.31    427.244    2121.55    4.15499    1.74927
     15000 0.00462484    583.642    226.227    363.378        0.5    1775.64     430.32    2205.96     3.0756    3.01754
     14900          0      584.1      227.8    372.462        0.5    1868.56    431.166    2299.72   0.846263    4.69457
     14800  0.0890139    584.189    229.345    380.338        0.5    1973.84    431.232    2405.07 -0.0657906    6.66721
     14700   0.117193    593.119    230.865    372.259        0.5    2073.09    433.102    2506.19   -1.87086     6.5148
     14600   0.241822    604.962    223.098    302.657        0.5    2130.71    445.844    2576.56     12.742    4.18775
     14500   0.249362    629.152    220.939    275.075        0.5    2171.24    464.253    2635.49    18.4083   -4.67521
     14400   0.248498    654.087    221.524    257.671        0.5    2203.31    484.083     2687.4    19.8299   -13.6974
     14300   0.182547    678.871    223.117    242.385        0.5    2231.41    500.115    2731.53    16.0325   -21.7685
     14200   0.146711     697.09    224.966    229.243        0.5     2251.8    513.701     2765.5    13.5862    -27.437
     14100   0.117542    711.732    226.774    221.919        0.5    2270.85    525.261    2796.11    11.5591   -31.6567
     14000  0.0734867    723.442    228.471    218.299        0.5    2280.05    533.774    2813.82    8.51391   -34.5983
     13900   0.107883    730.825    230.022    212.804        0.5    2283.53    544.323    2827.86    10.5484    -36.174
     13800  0.0555207    741.561    231.485    206.431        0.5    2295.27    551.353    2846.62    7.03005   -38.4044
     13700  0.0787818    747.137    232.857    201.774        0.5    2299.81    559.846    2859.66     8.4934   -39.3912
     13600  0.0593049    754.995    234.153    198.058        0.5     2302.2    566.899     2869.1    7.05239   -40.9139
     13500          0    760.867    235.394    201.092        0.5    2304.05    567.335    2871.39   0.436123     -41.83
     13400          0    760.867    236.517    208.365        0.5    2307.32    569.858    2877.18    2.52328   -41.1356
     13300          0    760.867    237.528    205.327        0.5    2309.91    570.526    2880.44  -0.667859   -40.4258
     13200          0    760.867    241.209    226.839        0.5     2330.4     571.82    2902.22   -1.29393   -40.1951
     13100          0    760.867    243.563    233.585        0.5    2357.04    579.518    2936.56   -7.69842   -39.0531
     13000          0    760.867    245.457    239.603        0.5    2375.76     586.49    2962.25   -6.97137   -37.6424
     12900          0    760.867    246.966    246.021        0.5    2409.77    594.749    3004.52   -8.25889   -36.1354
     12800          0    760.867    248.097    252.547        0.5    2452.18    601.964    3054.14   -7.21542     -34.58
     12700          0    760.867    249.102     254.94        0.5    2489.39    608.463    3097.86   -6.49913   -33.0885
     12600          0    760.867    250.204    254.335        0.5    2507.93    613.517    3121.45   -5.05399   -31.8988
     12500          0    760.867    251.356    254.227        0.5    2529.03    617.885    3146.91   -4.36811   -31.0707
     12400          0    760.867     252.54    254.237        0.5    2548.04    624.325    3172.36   -6.44018   -30.5182
     12300          0    760.867     253.75    252.888        0.5    2577.99     631.29    3209.28    -6.9644   -30.2236
     12200          0    760.867    254.982    250.519        0.5    2622.37     636.97    3259.34   -5.67983   -30.2203
     12100          0    760.867    256.235    249.708        0.5    2675.77    640.763    3316.54    -3.7931   -30.4692
     12000          0    760.867    257.511    249.894        0.5    2738.14    648.177    3386.32    -7.4139   -30.8363
     11900          0    760.867    258.815    251.085        0.5    2805.64    652.438    3458.08   -4.26099   -31.2433
     11800  0.0840978    760.951    260.148    253.011        0.5    2879.55    657.546    3537.09   -5.10843   -31.6393
     11700   0.178674    769.455    261.571    262.543        0.5    2966.34    662.535    3628.87   -4.98898   -33.6614
     11600   0.187031    787.331    249.056    236.597        0.5    3033.82    670.843    3704.66    8.30752   -37.2385
     11500   0.297087    806.144    244.867    218.313        0.5     3092.7    691.742    3784.44    20.8999   -42.5713
     11400   0.298534    835.854    244.611    193.526        0.5    3139.27    715.083    3854.35    23.3407   -50.7661
     11300   0.231591     865.64    245.942    181.171        0.5    3178.34    734.619    3912.96    19.5358   -58.4789
     11200    0.19327    888.761    247.767    175.959        0.5    3211.66    751.702    3963.36    17.0826   -63.6937
     11100   0.166665    908.062    249.654    167.319        0.5    3223.78    766.947    3990.73    15.2456    -67.355
     11000   0.140342    924.702    251.474      157.1        0.5    3226.28    780.274    4006.55    13.3264   -70.2238
     10900   0.158226    938.754    253.186    151.032        0.5    3237.44    794.688    4032.13    14.4141   -72.4946
     10800    0.10613    954.524    254.824    147.301        0.5    3259.66    805.413    4065.07    10.7256   -74.9769
     10700  0.0942607    965.126    256.371    142.755        0.5    3279.76    815.267    4095.02    9.85364    -76.209
     10600  0.0855482    974.543    257.811    137.886        0.5    3295.22    824.355    4119.58    9.08856   -77.3377
     10500  0.0741455    983.086     259.17    134.828        0.5     3310.1    832.686    4142.78    8.33011   -78.4407
     10400  0.0386109    990.465    260.455    132.856        0.5    3324.06     838.43    4162.49     5.7449   -79.3849
     10300 0.00697347    994.295    261.642    131.565        0.5    3344.43    841.689    4186.12    3.25837   -79.6926
     10200  0.0068999    994.992    262.703    130.298        0.5    3363.85    844.686    4208.54    2.99703    -79.563
     10100          0    995.675    263.664    128.045        0.5    3367.09    844.722    4211.81  0.0360974   -79.7417
     10000          0    995.675    264.553    125.496        0.5    3376.88    845.274    4222.15  -0.552505   -80.0566
      9900          0    995.675    265.383     122.79        0.5    3397.53    846.357    4243.89   -1.08281   -80.6278
      9800          0    995.675    266.166    119.955        0.5    3417.12    848.779     4265.9   -2.42205   -81.4075
      9700          0    995.675    266.908    117.012        0.5    3443.87      852.5    4296.37   -3.72089   -82.3604
      9600          0    995.675    267.617     113.98        0.5    3471.27    857.486    4328.75    -4.9855   -83.4593
      9500          0    995.675    268.297    110.868        0.5    3494.33    863.708    4358.03   -6.22206   -84.6834
      9400          0    995.675    268.953    108.516        0.5    3500.58    867.461    4368.04   -3.75323   -86.0009
      9300          0    995.675    269.588     106.61        0.5    3507.63    873.249    4380.88    -5.7882   -87.3558
      9200          0    995.675    270.205    104.944        0.5    3515.74    879.754     4395.5   -6.50469    -88.722
      9100          0    995.675    270.805    103.442        0.5    3531.92    888.559    4420.48   -8.80521   -90.0848
      9000          0    995.675    271.392    102.072        0.5    3550.26    900.651    4450.91    -12.092   -91.4351
      8900          0    995.675    271.967    100.829        0.5    3557.91    911.968    4469.88   -11.3168   -92.7661
      8800          0    995.675     272.53    99.6854        0.5    3577.12    923.972    4501.09   -12.0046   -94.0725
      8700          0    995.675    273.076    98.6265        0.5    3603.86    936.649    4540.51   -12.6762   -95.3508
      8600          0    995.675    273.605    97.6435        0.5    3635.84    949.704    4585.54    -13.055   -96.5984
      8500          0    995.675    274.117    96.7277        0.5    3661.67     963.12    4624.79   -13.4168   -97.8134
      8400          0    995.675    274.613    96.3132        0.5    3691.01    976.433    4667.44   -13.3131   -98.9859
      8300          0    995.675    275.093    96.2273        0.5    3708.98    993.227     4702.2   -16.7932   -100.091
      8200          0    995.675    275.556    96.3657        0.5     3731.4    1009.91    4741.31   -16.6809   -101.119
      8100          0    995.675    276.001    96.6998        0.5    3750.76    1026.46    4777.22   -16.5509   -102.065
      8000          0    995.675     276.43    97.1948        0.5     3778.1    1043.16    4821.27   -16.7051   -102.925
      7900          0    995.675    276.847    97.9005        0.5    3796.28    1060.01    4856.29   -16.8466   -103.698
      7800          0    995.675    277.253    98.7766        0.5    3816.77    1077.56    4894.33   -17.5532   -104.379
      7700          0    995.675    277.652    99.8096        0.5    3839.52    1094.82    4934.33   -17.2517   -104.967
      7600          0    995.675    278.043    101.009        0.5    3860.14    1112.76     4972.9   -17.9434    -105.46
      7500          0    995.675    278.429    102.346        0.5    3875.43    1131.36    5006.79   -18.6042   -105.856
      7400          0    995.675     278.81    102.745        0.5    3887.46    1150.62    5038.09   -19.2601   -106.175
      7300          0    995.675    279.187    102.605        0.5    3898.13    1168.53    5066.66   -17.9115   -106.474
      7200          0    995.675    279.559    102.186        0.5    3905.11    1185.09     5090.2   -16.5594   -106.775
      7100          0    995.675     279.93    101.575        0.5    3911.39    1202.72    5114.11   -17.6303   -107.087
      7000          0    995.675    280.299    100.822        0.5    3925.31    1225.42    5150.74   -22.6994   -107.415
      6900          0    995.675    280.664    99.9702        0.5    3939.22    1247.99    5187.21   -22.5638   -107.763
      6800          0    995.675    281.022    99.0411        0.5    3954.92    1266.11    5221.03   -18.1217    -108.13
      6700          0    995.675    281.373    98.0594        0.5    3971.05    1285.38    5256.43   -19.2729   -108.519
      6600          0    995.675    281.718    97.0545        0.5    3986.45     1307.7    5294.15   -22.3178   -108.927
      6500          0    995.675    282.055    96.0169        0.5    4004.72    1328.65    5333.37   -20.9551   -109.354
      6400          0    995.675    282.383    95.2631        0.5    4023.53    1349.84    5373.37   -21.1832   -109.793
      6300          0    995.675      282.7    94.6758        0.5    4041.53    1369.59    5411.12     -19.75   -110.228
      6200          0    995.675    283.005    94.1878        0.5    4051.53    1388.79    5440.32   -19.2045   -110.652
      6100          0    995.675    283.297    93.7891        0.5    4060.67    1407.44    5468.11    -18.647   -111.062
      6000          0    995.675    283.578    93.4505        0.5    4080.71    1425.52    5506.22   -18.0785   -111.457
      5900          0    995.675    283.851    93.1596        0.5    4098.82    1445.67    5544.49   -20.1506   -111.835
      5800          0    995.675    284.114    92.9074        0.5     4110.7    1464.28    5574.98   -18.6145   -112.197
      5700          0    995.675    284.371    92.6878        0.5    4132.34    1482.75    5615.09   -18.4712   -112.543
      5600          0    995.675    284.622     92.497        0.5    4155.69    1501.23    5656.92   -18.4717   -112.872
      5500          0    995.675    284.867    92.3314        0.5    4169.11    1519.69    5688.81   -18.4667   -113.186
      5400          0    995.675    285.107    91.4554        0.5    4183.19    1538.37    5721.56    -18.682   -113.499
      5300          0    995.675    285.343    90.1451        0.5    4204.81    1557.27    5762.08   -18.8934   -113.849
      5200          0    995.675    285.576    88.5953        0.5    4214.11    1573.04    5787.16   -15.7764   -114.252
      5100          0    995.675    285.806    86.8897        0.5    4236.42    1589.65    5826.07   -16.6063   -114.712
      5000          0    995.675    286.033    85.0448        0.5    4265.01    1607.08    5872.09   -17.4335   -115.233
      4900          0    995.675    286.258    83.1123        0.5    4295.02    1623.34    5918.37    -16.258   -115.814
      4800          0    995.675     286.48     81.096        0.5    4320.84    1639.07    5959.91   -15.7302   -116.455
      4700          0    995.675      286.7     79.014        0.5    4340.73    1654.27       5995   -15.2002   -117.154
      4600          0    995.675    286.918     76.897        0.5    4369.46    1671.39    6040.85   -17.1181    -117.91
      4500          0    995.675    287.134    74.7258        0.5    4399.96    1689.42    6089.38    -18.034   -118.721
      4400          0    995.675    287.348    72.8802        0.5    4431.07    1705.67    6136.74   -16.2481   -119.578
      4300          0    995.675     287.56    71.2157        0.5     4459.8    1721.73    6181.53   -16.0603   -120.461
      4200          0    995.675     287.77    69.6454        0.5    4492.98     1737.3    6230.28   -15.5703   -121.361
      4100          0    995.675    287.977    68.1513        0.5    4530.18    1753.58    6283.76   -16.2766   -122.274
      4000          0    995.675    288.178    66.7025        0.5    4567.78    1768.46    6336.24   -14.8784   -123.197
      3900          0    995.675    288.375    65.2839        0.5    4608.16    1781.93    6390.09   -13.4754   -124.128
      3800          0    995.675    288.568    63.8855        0.5    4647.05    1797.05     6444.1   -15.1179   -125.067
      3700          0    995.675    288.756    61.9176        0.5     4690.1    1812.48    6502.58   -15.4312   -126.018
      3600          0    995.675    288.941    58.3871        0.5    4730.73    1828.22    6558.95   -15.7407   -127.052
      3500          0    995.675    289.121    54.1783        0.5    4770.57    1842.34    6612.92   -14.1208   -128.225
      3400          0    995.675    289.297    49.7212        0.5    4806.44    1857.64    6664.08   -15.2966   -129.552
      3300          0    995.675    289.468    45.0184        0.5    4832.96    1872.76    6705.72   -15.1177    -131.03
      3200          0    995.675    289.633    40.6492        0.5    4860.72    1887.69    6748.42   -14.9334   -132.653
      3100          0    995.675    289.793    37.6172        0.5    4886.89    1902.84    6789.73   -15.1433   -134.351
      3000          0    995.675    289.947    35.0611        0.5    4916.07    1918.18    6834.25    -15.347   -136.067
      2900          0    995.675    290.095    32.8418        0.5    4945.66    1932.78    6878.44   -14.5948   -137.778
      2800          0    995.675    290.237    30.8606        0.5     4975.6    1947.71    6923.32   -14.9366   -139.473
      2700          0    995.675    290.373    28.8785        0.5    4998.53    1959.19    6957.72   -11.4729   -141.146
      2600          0    995.675    290.504    26.5578        0.5    5012.26    1975.79    6988.05    -16.604   -142.815
      2500          0    995.675    290.631     24.136        0.5    5038.32    1988.52    7026.84   -12.7306   -144.498
      2400          0    995.675    290.753    21.6861        0.5     5066.3    2001.67    7067.97   -13.1534   -146.197
      2300          0    995.675    290.873      19.21        0.5    5092.24     2015.4    7107.64   -13.7229   -147.913
      2200          0    995.675     290.99    16.8698        0.5     5111.6    2029.69    7141.29   -14.2896   -149.646
      2100          0    995.675    291.104    14.9435        0.5    5138.06    2043.99    7182.05   -14.3039   -151.376
      2000          0    995.675    291.216    13.1878        0.5    5164.35    2058.31    7222.66   -14.3161   -153.086
      1900          0    995.675    291.327    11.5622        0.5    5189.79     2072.1    7261.89   -13.7932   -154.771
      1800          0    995.675    291.435    10.0375        0.5     5216.2    2085.87    7302.07   -13.7688   -156.427
      1700          0    995.675    291.543    8.49772        0.5    5243.89    2098.79    7342.68   -12.9162   -158.052
      1600          0    995.675    291.649    6.76589        0.5    5268.77    2110.15    7378.92   -11.3616   -159.657
      1500          0    995.675    291.754    4.98055        0.5     5293.2    2123.36    7416.56   -13.2092   -161.252
      1400          0    995.675    291.858    3.15546        0.5     5318.1    2138.26    7456.36   -14.9082   -162.838
      1300          0    995.675    291.961    1.30639        0.5    5339.19    2152.49    7491.68   -14.2252   -164.419
      1200          0    995.675    292.063  -0.271276        0.5    5348.48    2166.04    7514.52   -13.5499   -165.993
      1100          0    995.675    292.164   -1.08579        0.5    5360.83    2178.99    7539.82   -12.9545   -167.525
      1000          0    995.675    292.265   -1.56858        0.5    5375.26    2191.49    7566.75   -12.4998   -168.988
       900          0    995.675    292.364   -1.69463        0.5    5389.26    2204.21    7593.47   -12.7143   -170.368
       800          0    995.675    292.463   -1.55238        0.5    5401.99    2213.35    7615.34   -9.14291   -171.656
       700          0    995.675    292.561   -1.09125        0.5    5416.92    2221.84    7638.77   -8.49407   -172.846
       600          0    995.675    292.658  -0.155249        0.5    5421.97    2233.33    7655.29   -11.4827   -173.922
       500          0    995.675    292.754    1.06761        0.5    5426.52    2245.44    7671.96   -12.1114   -174.872
       400          0    995.675    292.849    2.60287        0.5    5434.38    2255.56    7689.94   -10.1217   -175.691
       300          0    995.675    292.944    4.39377        0.5    5437.24    2270.78    7708.01    -15.217   -176.374
       200          0    995.675    293.037    6.66705        0.5    5441.17    2286.52    7727.69   -15.7447   -176.916
       100          0    995.675     293.13    9.85492        0.5     5452.1     2298.2     7750.3   -11.6747   -177.283
         0  0.0863516    995.762    293.222    13.5377        0.5    5476.06    2305.53     7781.6    7.33613   -177.468