     20000    1.27657    1.27657    179.437    415.631        1.1    17.3993     14.283    31.6823     14.283    51.4898
     19900    1.16151    128.819    179.649    411.928        1.1    31.0313    29.5236     60.555    15.2406    22.1974
     19800    1.20069    245.009      180.1    406.966        1.1     54.045    45.4838    99.5288    15.9602    3.14794
     19700   0.956544    364.833    180.659    401.777        1.1    74.9475    58.4247    133.372    12.9409   -12.0268
     19600   0.738489    460.269    181.237     397.06        1.1    82.0676    68.6078    150.675    10.1831   -18.8012
     19500   0.500086     533.88    181.757    391.229        1.1    104.919    75.8009    180.719     7.1931   -20.0308
     19400   0.687525    584.076     182.18    385.277        1.1    140.182     85.141    225.323    9.34013   -16.8399
     19300    0.66024    652.801    182.556     379.76        1.1    176.722    94.1353    270.858    8.99426   -18.7869
     19200   0.634346    718.799    182.922    374.378        1.1    207.544    102.793    310.337     8.6577   -20.2777
     19100   0.566899    782.166    183.272    370.906        1.1    239.438    110.611    350.049    7.81754    -21.409
     19000   0.609524    838.899    183.599    368.738        1.1    273.001    118.912    391.913    8.30143   -21.3741
     18900   0.650382    899.892    183.912    364.887        1.1    307.713     127.71    435.423    8.79798   -22.6177
     18800   0.394015    964.674    184.231    360.022        1.1    355.932    133.448     489.38    5.73853   -24.7917
     18700   0.486872    1004.17    184.515    356.491        1.1    417.421    140.204    557.624    6.75546   -21.8669
     18600   0.684365    1053.05    184.766    353.547        1.1    493.683    149.338    643.022    9.13437   -21.9636
     18500   0.163065    1120.97    185.048    350.303        1.1     579.32    152.411    731.731    3.07245   -26.2453
     18400   0.112971    1137.22    185.279    347.934        1.1    632.736    154.802    787.538    2.39075   -19.5228
     18300   0.139188    1148.55    185.417    344.554        1.1    673.913    157.405    831.317    2.60312   -13.7069
     18200   0.133185    1162.46    185.511    340.353        1.1     743.86    159.914    903.774    2.50935   -10.1583
     18100   0.082351    1175.73    185.586    336.897        1.1    837.723    161.821    999.544      1.907   -7.68587
     18000   0.126504    1184.01    185.645    333.841        1.1    926.742    164.229    1090.97    2.40815   -5.09307
     17900   0.248033    1196.78      185.7    333.127        1.1    1008.16    167.999    1176.15    3.77005   -4.34788
     17800   0.312579    1221.65    185.782     333.57        1.1    1087.73    172.547    1260.27    4.54808   -6.50774
     17700   0.243196    1252.84    185.906    331.303        1.1    1167.21    176.361    1343.57    3.81413   -9.65571
     17600   0.469337    1277.38     186.05    327.686        1.1    1236.21    184.037    1420.24    7.67535   -10.9883
     17500   0.341561    1324.19    186.236    326.838        1.1    1290.09    191.185    1481.28     7.1487   -16.9496
     17400  0.0501511    1358.05    189.018    358.447        1.1    1307.15     193.95     1501.1    2.76457   -20.6281
     17300   0.101785    1363.12    189.946    368.134        1.1    1323.66    196.727    1520.39    2.77684   -16.4635
     17200   0.586471    1373.78    190.497     374.21        1.1    1332.38    203.315    1535.69    6.58824   -14.0644
     17100    0.66144     1432.5     191.09    377.498        1.1    1342.73    210.855    1553.58    7.54015   -22.1872
     17000   0.942112    1498.93    191.864    378.682        1.1    1348.67    221.092    1569.76    10.2365    -30.092
     16900   0.962894    1593.16    192.848     373.39        1.1    1351.81    231.869    1583.68    10.7772    -42.016
     16800   0.973861    1689.46    194.032    363.607        1.1    1357.53    243.027    1600.56    11.1584   -52.1172
     16700    1.10298    1786.98    195.375    352.265        1.1       1364    255.542    1619.54    12.5149   -60.8858
     16600    1.49754    1897.67     196.86    339.443        1.1    1375.58    271.832    1647.42    16.2901   -71.0321
     16500   0.733628    2046.66    198.509     336.67        1.1    1386.07    281.676    1667.75     9.8439   -86.6822
     16400    1.18749    2120.48     200.23    341.508        1.1    1386.89    295.414    1682.31     13.738   -85.4485
     16300   0.799065    2238.84    201.997    343.222        1.1    1394.41    305.934    1700.35    10.5193   -92.5935
     16200    1.38779    2319.33    203.804    343.606        1.1     1404.1    321.574    1725.67    15.6408   -91.6172
     16100    1.63389    2458.36    205.681    331.812        1.1    1406.77    339.631     1746.4    18.0566   -101.613
     16000    1.39265     2621.5    207.685    311.319        1.1    1418.21    355.649    1773.86    16.0183   -114.434
     15900    1.17076    2760.55    209.765    298.853        1.1    1438.67    369.736    1808.41     14.087   -121.466
     15800   0.753101    2877.21    211.855     291.64        1.1    1459.77    380.241    1840.01    10.5047   -124.082
     15700   0.658622    2952.42    213.896    286.361        1.1    1483.11    389.855    1872.96    9.61411   -119.945
     15600   0.318954    3017.94    215.871    282.767        1.1     1507.3    396.745    1904.05     6.8895    -115.62
     15500    0.18109     3049.7    217.769    279.196        1.1    1533.05    402.505    1935.55    5.76056   -106.913
     15400 0.00641016    3067.64    219.587    275.955        1.1    1554.73    406.923    1961.66    4.41821   -97.9598
     15300   0.243668    3068.51    221.329    274.967        1.1    1568.45    412.911    1981.36    5.98742    -88.074
     15200   0.111981    3092.75    223.038    275.238        1.1     1581.1    417.946    1999.04    5.03499   -84.5586
     15100 0.00606237    3103.84    224.733    281.996        1.1    1584.45    421.986    2006.44    4.04005   -79.3456
     15000 0.00440602    3104.45    226.402    293.471        1.1    1595.87    424.887    2020.76    2.90086   -72.8195
     14900          0    3104.88    228.048    302.747        1.1    1619.08    425.485    2044.57   0.598386    -66.953
     14800   0.470912    3105.35    229.681    310.849        1.1    1654.87    425.887    2080.76  -0.402421   -61.7315
     14700   0.607485    3152.58    231.293    302.809        1.1    1684.67    428.186    2112.86   -2.29846   -66.2405
     14600    1.17932     3213.9    224.192    233.644        1.1    1696.06    439.834     2135.9     11.648    -73.477
     14500    1.33872    3331.99    222.435    205.174        1.1    1725.44    456.746    2182.19    16.9124   -93.2594
     14400     1.3415    3465.87     223.22    186.017        1.1    1765.02    474.881     2239.9    18.1343   -112.713
     14300   0.971348    3599.65     224.92    168.652        1.1    1810.65    489.111    2299.76      14.23   -128.495
     14200   0.746595    3696.56    226.841    153.778        1.1    1865.73    500.822    2366.55    11.7112   -135.429
     14100   0.560272    3771.03    228.727    145.144        1.1    1923.46    510.428    2433.89    9.60662   -137.983
     14000   0.258354    3826.76    230.515    140.611        1.1    1991.95    516.898    2508.85    6.46951   -137.499
     13900   0.472987    3852.81    232.181    134.858        1.1    2066.41    525.287    2591.69     8.3892   -132.726
     13800   0.089679    3899.72    233.784    128.299        1.1    2132.81    530.018    2662.83    4.73143    -133.01
     13700   0.244761    3908.84    235.323    123.849        1.1    2215.28    536.045    2751.32    6.02655   -127.397
     13600  0.0679672    3933.14    236.816    120.387        1.1    2290.56    540.434    2830.99    4.38872   -126.006
     13500          0    3939.87    238.273    123.667        1.1    2366.13    542.877    2909.01   -2.44287   -122.158
     13400          0    3939.87    239.681    131.128        1.1     2440.1    543.518    2983.62  -0.641173   -117.886
     13300          0    3939.87    241.057    128.453        1.1    2514.38    547.715     3062.1   -4.19719   -114.423
     13200          0    3939.87    244.812    149.926        1.1    2570.81    552.612    3123.42   -4.89661   -112.185
     13100          0    3939.87    247.337    156.762        1.1    2620.99    564.084    3185.08    -11.472   -109.441
     13000          0    3939.87    249.442    162.786        1.1    2679.08     575.04    3254.12   -10.9563   -106.758
     12900          0    3939.87    251.191    169.156        1.1    2721.94    587.523    3309.47   -12.4833   -104.231
     12800          0    3939.87    252.586    175.594        1.1    2756.49    599.228    3355.72   -11.7042   -101.851
     12700          0    3939.87    253.871    177.977        1.1    2796.24    610.496    3406.73    -11.268   -99.6852
     12600          0    3939.87    255.258    177.431        1.1     2854.6    620.604     3475.2   -10.1083   -97.9313
     12500          0    3939.87    256.696    177.386        1.1    2910.35    630.312    3540.66   -9.70865   -96.6232
     12400          0    3939.87    258.166    177.467        1.1    2968.11    642.379    3610.49   -12.0663   -95.6578
     12300          0    3939.87    259.662    176.229        1.1    3014.81    655.255    3670.06   -12.8757   -95.0019
     12200          0    3939.87     261.18    174.002        1.1    3046.95    667.132    3714.08   -11.8771    -94.677
     12100          0    3939.87     262.72    173.301        1.1    3069.95     677.41    3747.36   -10.2784   -94.6352
     12000          0    3939.87    264.285    173.573        1.1     3083.9    691.598     3775.5   -14.1877   -94.7384
     11900          0    3939.87    265.875    174.816        1.1    3092.68    702.919     3795.6   -11.3208   -94.9053
     11800          0    3939.87     267.49    176.763        1.1    3095.02    715.368    3810.39   -12.4496   -95.0627
     11700    0.29054    3940.16    269.129    186.203        1.1    3105.47    727.915    3833.39   -12.5473   -95.1005
     11600   0.406332    3969.33    257.253    160.469        1.1    3114.12    728.026    3842.14   0.111051   -100.647
     11500    1.15289    4010.71    253.382    142.219        1.1    3131.33    740.411    3871.74    12.3844   -109.365
     11400    1.18673    4126.03    253.226    116.738        1.1    3161.55    755.137    3916.69    14.7264   -130.689
     11300   0.753139    4244.27    254.523     102.89        1.1    3200.77    766.091    3966.86    10.9541   -148.301
     11200   0.495165    4319.33    256.271    96.4113        1.1    3246.99     774.67    4021.66    8.57888   -155.137
     11100   0.308433    4368.66    258.076    87.2024        1.1    3314.99    781.494    4096.48    6.82405   -156.757
     11000   0.101661     4399.3    259.823    76.9925        1.1    3392.59    786.471    4179.07    4.97711   -155.703
     10900   0.257547    4409.62    261.482    71.3394        1.1    3461.12     792.59    4253.71    6.11808    -152.26
     10800 0.00405063    4435.12    263.085    68.0017        1.1    3518.21    795.054    4313.26    2.46456   -152.589
     10700          0    4435.52    264.629    64.1055        1.1    3576.76     796.65    4373.41    1.59608   -149.034
     10600          0    4435.52    266.109    60.0238        1.1    3639.15    797.441    4436.59    0.79056   -146.627
     10500          0    4435.52     267.55    57.6953        1.1    3701.41    797.491     4498.9 -0.0504742   -145.137
     10400          0    4435.52    268.964    56.3665        1.1    3763.94    800.255     4564.2   -2.76405   -144.256
     10300          0    4435.52    270.357    55.5779        1.1    3819.56    805.712    4625.27   -5.45704   -143.795
     10200          0    4435.52     271.73    54.6666        1.1    3875.77    811.742    4687.51   -6.02983   -143.625
     10100          0    4435.52    273.076     52.708        1.1    3947.87    821.118    4768.99   -9.37563   -143.711
     10000          0    4435.52    274.395    50.4034        1.1    4013.17    831.512    4844.68   -10.3947   -144.033
      9900          0    4435.52    275.691    47.9116        1.1    4067.39    842.904     4910.3   -11.3911   -144.557
      9800          0    4435.52    276.962    45.2751        1.1    4122.49    856.122    4978.61   -13.2183   -145.252
      9700          0    4435.52    278.205    42.5229        1.1    4170.23     871.14    5041.37   -15.0178   -146.093
      9600          0    4435.52    279.428    39.6775        1.1    4217.13    887.936    5105.06   -16.7964    -147.06
      9500          0    4435.52    280.635    36.7529        1.1    4268.19    906.496    5174.68     -18.56   -148.135
      9400          0    4435.52    281.819     34.564        1.1    4335.89    923.115       5259   -16.6188   -149.291
      9300          0    4435.52    282.974    32.8043        1.1    4402.64    942.289    5344.93   -19.1745   -150.474
      9200          0    4435.52     284.11    31.2725        1.1     4468.2    962.699     5430.9   -20.4095   -151.662
      9100          0    4435.52     285.23    29.8946        1.1    4525.57    985.929    5511.49   -23.2302   -152.843
      9000          0    4435.52     286.34    28.6397        1.1    4580.67    1012.97    5593.63   -27.0397   -154.008
      8900          0    4435.52    287.431    27.5047        1.1    4646.33    1039.75    5686.08   -26.7808   -155.153
      8800          0    4435.52    288.499    26.4656        1.1    4700.35    1067.72    5768.07   -27.9739   -156.274
      8700          0    4435.52    289.544    25.5072        1.1    4746.72    1096.87    5843.59   -29.1435   -157.365
      8600          0    4435.52    290.558    24.6223        1.1    4787.77    1126.87    5914.64   -30.0082   -158.424
      8500          0    4435.52    291.548    23.8018        1.1    4834.86    1157.72    5992.59   -30.8477   -159.451
      8400          0    4435.52    292.519     23.462        1.1    4878.37    1188.94    6067.31   -31.2188   -160.438
      8300          0    4435.52    293.476    23.4352        1.1     4933.2    1224.12    6157.31    -35.176    -161.36
      8200          0    4435.52    294.422    23.6175        1.1    4983.52    1259.66    6243.18   -35.5475    -162.21
      8100          0    4435.52    295.357    23.9822        1.1    5036.88    1295.57    6332.45   -35.9065   -162.983
      8000          0    4435.52    296.269    24.4978        1.1    5082.23    1332.12    6414.35   -36.5437   -163.675
      7900          0    4435.52    297.158    25.2133        1.1    5136.74    1369.27    6506.01   -37.1579   -164.285
      7800          0    4435.52     298.02    26.0917        1.1    5188.94    1407.59    6596.53   -38.3196   -164.807
      7700          0    4435.52    298.853    27.1201        1.1    5238.88    1446.05    6684.93   -38.4528    -165.24
      7600          0    4435.52    299.665    28.3073        1.1    5290.96    1485.61    6776.57   -39.5648   -165.582
      7500          0    4435.52    300.462    29.6242        1.1    5348.39    1526.25    6874.64   -40.6368   -165.832
      7400          0    4435.52    301.248    30.0433        1.1    5409.06    1567.94       6977   -41.6975    -166.01
      7300          0    4435.52    302.024    29.9457        1.1    5471.05    1608.69    7079.75   -40.7495    -166.17
      7200          0    4435.52    302.795    29.5872        1.1    5536.67    1648.49    7185.16    -39.795   -166.332
      7100          0    4435.52    303.558    29.0531        1.1    5602.92    1689.75    7292.67   -41.2584   -166.506
      7000          0    4435.52    304.307     28.391        1.1    5661.42    1736.46    7397.88   -46.7075   -166.697
      6900          0    4435.52     305.04    27.6415        1.1    5719.84     1783.4    7503.24   -46.9404   -166.906
      6800          0    4435.52    305.756     26.824        1.1    5776.36    1826.25    7602.61   -42.8557   -167.133
      6700          0    4435.52    306.447    25.9625        1.1    5832.33     1870.6    7702.93   -44.3474   -167.379
      6600          0    4435.52    307.116    25.0843        1.1     5888.9    1918.31    7807.21   -47.7155   -167.643
      6500          0    4435.52    307.765    24.1786        1.1    5942.47    1964.98    7907.45   -46.6652   -167.924
      6400          0    4435.52      308.4    23.5453        1.1    5995.37    2012.18    8007.55   -47.2005   -168.217
      6300          0    4435.52    309.024    23.0719        1.1    6048.98    2058.25    8107.23   -46.0743   -168.507
      6200          0    4435.52    309.639    22.6911        1.1    6110.48    2104.09    8214.57   -45.8385   -168.788
      6100          0    4435.52    310.245    22.3927        1.1    6172.73    2149.69    8322.42   -45.5947   -169.056
      6000          0    4435.52    310.844    22.1489        1.1       6224    2195.03    8419.03   -45.3441    -169.31
      5900          0    4435.52    311.437    21.9484        1.1    6277.09    2242.77    8519.86   -47.7369    -169.55
      5800          0    4435.52    312.019    21.7837        1.1    6336.34    2289.29    8625.63   -46.5188   -169.774
      5700          0    4435.52    312.585    21.6502        1.1    6385.74    2335.97    8721.71   -46.6853   -169.984
      5600          0    4435.52    313.136    21.5447        1.1    6433.33    2382.96    8816.29   -46.9857   -170.179
      5500          0    4435.52     313.67    21.4644        1.1    6490.78    2430.23    8921.01   -47.2695    -170.36
      5400          0    4435.52    314.185    20.7113        1.1    6547.45    2477.99    9025.44   -47.7604   -170.538
      5300          0    4435.52    314.682    19.5458        1.1    6596.42    2526.22    9122.64   -48.2323   -170.752
      5200          0    4435.52    315.161    18.1596        1.1    6657.56    2571.58    9229.14    -45.361   -171.016
      5100          0    4435.52    315.624    16.6323        1.1    6705.51    2618.01    9323.51   -46.4243   -171.335
      5000          0    4435.52    316.076    14.9777        1.1    6746.99    2665.48    9412.47   -47.4757   -171.712
      4900          0    4435.52    316.518    13.2441        1.1    6786.84       2712    9498.84   -46.5178   -172.146
      4800          0    4435.52    316.952     11.434        1.1    6830.69     2758.2    9588.89   -46.2022   -172.636
      4700          0    4435.52     317.38     9.5636        1.1    6880.25    2804.08    9684.33   -45.8802   -173.183
      4600          0    4435.52    317.803    7.66187        1.1    6920.76    2852.08    9772.84   -48.0025   -173.784
      4500          0    4435.52     318.22    5.70949        1.1    6959.27     2901.2    9860.48   -49.1203   -174.437
      4400          0    4435.52    318.635    4.06569        1.1    6996.97    2948.74    9945.71   -47.5351   -175.136
      4300          0    4435.52    319.048    2.59481        1.1    7036.87    2996.29    10033.2   -47.5483   -175.858
      4200          0    4435.52    319.461    1.21022        1.1    7072.12    3043.55    10115.7   -47.2609   -176.598
      4100          0    4435.52    319.873  -0.105278        1.1    7103.18    3091.72    10194.9   -48.1728   -177.351
      4000          0    4435.52    320.281   -1.38062        1.1    7133.66     3138.7    10272.4   -46.9813   -178.113
      3900          0    4435.52    320.684    -2.6293        1.1    7161.19    3184.49    10345.7   -45.7836   -178.885
      3800          0    4435.52    321.079   -3.86055        1.1    7190.05    3232.12    10422.2   -47.6289   -179.664
      3700          0    4435.52    321.468   -5.62736        1.1    7214.54    3280.26    10494.8   -48.1425   -180.455
      3600          0    4435.52    321.848    -8.8855        1.1    7241.19    3328.91    10570.1   -48.6477   -181.327
      3500          0    4435.52    322.216   -12.7792        1.1     7268.3    3376.12    10644.4   -47.2161   -182.331
      3400          0    4435.52     322.57   -16.8978        1.1    7299.05    3424.69    10723.7   -48.5705   -183.484
      3300          0    4435.52     322.91   -21.2383        1.1    7338.79    3473.25      10812   -48.5601   -184.779
      3200          0    4435.52    323.236   -25.2622        1.1    7376.94    3521.79    10898.7   -48.5356   -186.214
      3100          0    4435.52    323.549   -28.0049        1.1    7416.39    3570.69    10987.1   -48.8986   -187.719
      3000          0    4435.52    323.851   -30.3006        1.1    7452.58    3619.94    11072.5   -49.2509    -189.24
      2900          0    4435.52    324.144   -32.2853        1.1    7488.11    3668.58    11156.7   -48.6439   -190.757
      2800          0    4435.52    324.429   -34.0519        1.1    7523.08    3717.71    11240.8   -49.1289   -192.259
      2700          0    4435.52    324.707   -35.8242        1.1    7564.85    3763.52    11328.4   -45.8069    -193.74
      2600          0    4435.52    324.979   -37.9256        1.1    7615.61     3814.6    11430.2   -51.0786    -195.22
      2500          0    4435.52    325.245   -40.1251        1.1    7653.82    3861.94    11515.8   -47.3448   -196.712
      2400          0    4435.52    325.506   -42.3519        1.1    7689.87    3909.85    11599.7   -47.9061   -198.222
      2300          0    4435.52    325.763   -44.6035        1.1    7727.74    3958.46    11686.2   -48.6131   -199.749
      2200          0    4435.52    326.016   -46.7285        1.1    7771.98    4007.78    11779.8   -49.3164   -201.293
      2100          0    4435.52    326.266   -48.4596        1.1    7808.92    4057.24    11866.2   -49.4665   -202.834
      2000          0    4435.52    326.514   -50.0316        1.1    7845.85    4106.86    11952.7   -49.6136   -204.358
      1900          0    4435.52    326.758   -51.4839        1.1    7883.46    4156.08    12039.5   -49.2246   -205.858
      1800          0    4435.52        327   -52.8438        1.1    7919.93    4205.41    12125.3   -49.3331   -207.331
      1700          0    4435.52    327.239   -54.2196        1.1    7954.96    4254.03      12209   -48.6126   -208.776
      1600          0    4435.52    327.477   -55.7809        1.1    7992.62    4301.22    12293.8   -47.1891   -210.203
      1500          0    4435.52    327.712   -57.3936        1.1    8030.57    4350.38      12381   -49.1667   -211.621
      1400          0    4435.52    327.945   -59.0439        1.1    8067.87    4401.38    12469.2   -50.9949   -213.032
      1300          0    4435.52    328.176   -60.7167        1.1     8108.8    4451.82    12560.6   -50.4401   -214.439
      1200          0    4435.52    328.405    -62.136        1.1    8161.38    4501.71    12663.1   -49.8921   -215.841
      1100          0    4435.52    328.632   -62.8286        1.1    8210.77    4551.13    12761.9   -49.4218   -217.203
      1000          0    4435.52    328.854   -63.2108        1.1    8257.98    4600.22    12858.2   -49.0888   -218.499
       900          0    4435.52    329.071   -63.2608        1.1    8305.55    4649.64    12955.2   -49.4209   -219.719
       800          0    4435.52    329.283    -63.061        1.1    8354.33     4695.6    13049.9   -45.9632    -220.85
       700          0    4435.52    329.491   -62.5652        1.1    8400.87    4741.03    13141.9   -45.4242    -221.89
       600          0    4435.52    329.694   -61.6222        1.1    8457.29    4789.55    13246.8   -48.5193   -222.821
       500          0    4435.52    329.894   -60.4121        1.1    8514.21     4838.8      13353   -49.2511   -223.635
       400          0    4435.52    330.088    -58.911        1.1    8583.58    4886.16    13469.7    -47.361   -224.324
       300          0    4435.52    330.279   -57.1713        1.1    8642.28    4938.71      13581   -52.5522   -224.885
       200          0    4435.52    330.465   -54.9819        1.1    8707.87    4991.88    13699.8   -53.1721   -225.313
       100          0    4435.52    330.645   -51.9259        1.1    8758.72    5041.07    13799.8   -49.1897   -225.576
         0          0    4435.52    330.819   -48.4068        1.1     8796.7    5071.34      13868   -30.2614   -225.648