     20000   0.139235   0.139235    179.437    415.631        0.1     17.399     14.283     31.682     14.283    51.7961
     19900   0.140408    14.0639    179.662    414.309        0.1    28.6499    29.5106    58.1606    15.2276    48.3891
     19800   0.141843    28.1061    180.159    412.996        0.1    45.6337    45.4117    91.0454    15.9011    45.6982
     19700   0.109439     42.258     180.79    411.925        0.1    56.3883    58.2216     114.61    12.8098    43.5452
     19600  0.0812797    53.1737    181.439    411.148        0.1    63.3565    68.2028    131.559    9.98127    42.5844
     19500  0.0525117    61.2729    182.012    408.662        0.1    68.7749    75.1403    143.915    6.93751    42.4192
     19400  0.0741729    66.5458    182.468    405.251        0.1    84.0638    84.1928    168.257    9.05246    42.7856
     19300  0.0716938    73.9606    182.861    402.105        0.1    98.2592    92.8821    191.141    8.68931    42.3762
     19200  0.0680405    81.1263    183.237    398.989        0.1     104.47    101.225    205.695    8.34297    41.9258
     19100  0.0604688    87.9228    183.588     397.62        0.1    109.651    108.727    218.378    7.50209    41.4864
     19000  0.0663718    93.9756    183.903    397.327        0.1    114.623    116.724    231.348    7.99691    41.2171
     18900  0.0713806    100.618    184.196    395.252        0.1    118.972    125.238     244.21    8.51401    40.7785
     18800  0.0415296    107.726    184.488    392.173        0.1    135.039     130.72    265.759    5.48184    40.1559
     18700  0.0530717     111.89    184.733    389.994        0.1    163.025    137.257    300.282    6.53726     40.152
     18600  0.0763715    117.221    184.935     388.25        0.1    204.584    146.222    350.807    8.96529    39.7049
     18500  0.0218719    124.804    185.165    386.515        0.1    254.009    149.178    403.187    2.95516     38.679
     18400  0.0215854     126.99    185.344    384.947        0.1    270.413    151.504    421.916    2.32623    38.9708
     18300   0.027649    129.155    185.431    381.715        0.1    274.427    154.092     428.52    2.58857    39.0086
     18200  0.0283287    131.921    185.483    377.424        0.1    307.303    156.629    463.933    2.53682    38.6229
     18100  0.0224916    134.748    185.523    373.763        0.1      364.3    158.599    522.899    1.96995    37.9966
     18000  0.0301227    137.005    185.548    370.362        0.1    416.798    161.105    577.903    2.50563    37.3423
     17900  0.0454871    140.032     185.57    369.325        0.1    462.013    165.005    627.018    3.90043    36.3878
     17800  0.0487771    144.584    185.625    369.705        0.1    505.448    169.711    675.158    4.70525    35.1366
     17700  0.0383847    149.451     185.72    367.651        0.1    548.587     173.71    722.297    3.99973    33.9506
     17600  0.0562592    153.308    185.824    364.288        0.1    580.979    181.612     762.59    7.90149    33.0067
     17500  0.0430467    158.921    185.949     364.14        0.1    597.559    189.048    786.606    7.43579    31.6171
     17400  0.0130867    163.195    188.656     396.11        0.1    618.159    192.174    810.333    3.12614    29.6898
     17300  0.0202224    164.511    189.494    405.986        0.1    639.505    195.403    834.908    3.22929    29.9456
     17200  0.0752845    166.588    189.952    412.131        0.1    668.706    202.536    871.242    7.13261    30.3272
     17100  0.0833679    174.125    190.464    416.006        0.1    717.562    210.701    928.263     8.1655    29.5575
     17000   0.119867    182.498    191.173    418.279        0.1    763.101    221.628    984.729    10.9268    28.8652
     16900   0.119898    194.485    192.114    414.588        0.1    801.158    233.139     1034.3    11.5109    27.4436
     16800   0.122266    206.477    193.275     406.76        0.1    838.588    245.054    1083.64     11.915    25.9844
     16700   0.137126    218.719    194.612    397.546        0.1    877.404    258.332    1135.74    13.2784    24.2514
     16600   0.185245    232.479    196.107     387.06        0.1    913.433    275.375    1188.81    17.0428    21.9111
     16500  0.0909451    250.909    197.792    387.318        0.1    953.591    285.937    1239.53    10.5616    18.4663
     16400   0.145228    260.058    199.555    394.918        0.1    1007.82    300.349    1308.17    14.4124    17.9079
     16300  0.0957676    274.532    201.369    399.396        0.1    1071.51    311.496    1383.01    11.1471    16.5114
     16200   0.166645    284.179    203.224    402.319        0.1    1139.91    327.717    1467.63    16.2209    16.6562
     16100   0.195637    300.873    205.153    393.179        0.1    1203.95    346.301    1550.25    18.5844    15.0823
     16000   0.163949    320.405    207.228    375.708        0.1     1256.9    362.776    1619.68     16.475     12.486
     15900   0.133997     336.77    209.393    366.365        0.1    1303.96    377.236    1681.19    14.4599    10.2472
     15800  0.0835461    350.119    211.564    362.052        0.1    1353.27    388.032     1741.3    10.7956    8.64437
     15700  0.0705393     358.46    213.673    359.076        0.1    1402.64    397.869    1800.51    9.83704    8.17184
     15600  0.0338439    365.478    215.695    357.274        0.1    1452.96    404.934    1857.89    7.06513      7.834
     15500  0.0199798    368.848    217.618    354.844        0.1    1502.86    410.846    1913.71    5.91243      8.183
     15400 0.00616134    370.832    219.435    352.138        0.1    1557.36    415.417    1972.78    4.57023    8.54545
     15300  0.0268407    371.469     221.16    351.185        0.1    1619.86    421.573    2041.44     6.1567    8.94389
     15200  0.0143443    374.141    222.837    351.425        0.1     1683.4     426.81    2110.21    5.23652    8.70565
     15100 0.00610846    375.567    224.484    358.178        0.1    1756.23    431.099    2187.33    4.28908    8.88079
     15000 0.00465625    376.176    226.091    369.556        0.1    1843.73    434.311    2278.04    3.21157    9.66725
     14900          0    376.637    227.662    378.617        0.1    1942.81    435.295    2378.11   0.984905    10.9643
     14800  0.0581591    376.695    229.201     386.47        0.1    2054.22    435.373    2489.59   0.077948    12.6465
     14700  0.0829129    382.536    230.716    378.383        0.1     2159.6    437.095    2596.69   -1.72147    12.9362
     14600   0.156414    390.901    222.912    308.727        0.1    2223.29    450.023    2673.31    12.9284    10.9878
     14500   0.158205    406.544    220.732    281.234        0.1    2269.98    468.639    2738.61    18.6159    3.46561
     14400   0.158158    422.365    221.296    264.004        0.1    2308.38    488.697    2797.08    20.0576   -4.44043
     14300   0.118589    438.141    222.872    248.919        0.1    2343.02    504.975    2847.99    16.2781   -11.6892
     14200  0.0951233    449.976    224.696    235.946        0.1    2370.11    518.831    2888.94    13.8565   -17.2491
     14100  0.0771569    459.471    226.472    228.758        0.1    2395.99    530.692    2926.68     11.861   -21.6017
     14000  0.0504617     467.16    228.128    225.246        0.1    2412.14    539.549    2951.69    8.85687   -24.8396
     13900  0.0712565    472.227    229.639    219.804        0.1    2422.63     550.48    2973.11    10.9306   -26.9562
     13800  0.0384668    479.319    231.076    213.477        0.1     2441.4    557.919    2999.32    7.43947   -29.3116
     13700     0.0542    483.182    232.429    208.838        0.1    2443.92    566.841    3010.76    8.92147   -30.7632
     13600     0.0409    488.589    233.711    205.137        0.1    2453.39    574.334    3027.72     7.4937   -32.4801
     13500          0    492.638     234.94    208.195        0.1    2462.34    575.224    3037.57   0.889863   -33.6578
     13400          0    492.638    236.041    215.474        0.1    2472.72    578.223    3050.95    2.99901   -33.5124
     13300          0    492.638    237.018    212.406        0.1    2482.39    578.381    3060.77  -0.157556   -33.2139
     13200          0    492.638    240.688    233.917        0.1    2509.96    579.154    3089.12  -0.773429   -33.2672
     13100          0    492.638    243.025    240.655        0.1    2543.67    586.314    3129.98    -7.1596   -32.3482
     13000          0    492.638    244.897    246.671        0.1    2569.46    592.725    3162.19    -6.4109   -31.1128
     12900          0    492.638    246.382    253.091        0.1    2610.54    600.399    3210.94   -7.67439   -29.7448
     12800          0    492.638    247.487    259.623        0.1    2660.02    607.004    3267.02    -6.6048   -28.3005
     12700          0    492.638    248.462    262.015        0.1    2704.31    612.863    3317.17   -5.85918   -26.8987
     12600          0    492.638     249.53    261.404        0.1    2729.92    617.243    3347.16   -4.38001   -25.7834
     12500          0    492.638    250.644    261.292        0.1    2758.08    620.899    3378.98   -3.65603   -25.0179
     12400          0    492.638    251.791    261.296        0.1    2784.15     626.59    3410.74   -5.69052   -24.5189
     12300          0    492.638    252.968    259.937        0.1    2821.16    632.772    3453.93   -6.18195   -24.2706
     12200          0    492.638    254.173    257.553        0.1    2872.56    637.642    3510.21   -4.87011   -24.3082
     12100          0    492.638    255.401    256.731        0.1    2932.99    640.601     3573.6   -2.95946   -24.5926
     12000          0    492.638    256.653    256.907        0.1    3002.38    647.157    3649.53   -6.55573   -24.9904
     11900          0    492.638    257.929    258.093        0.1    3076.88    650.532    3727.41   -3.37483    -25.425
     11800  0.0630351    492.701    259.231    260.018        0.1    3157.79    654.723    3812.52   -4.19122   -25.8413
     11700   0.116385    499.058    260.635    269.594        0.1    3251.64    658.776    3910.41   -4.05333   -27.4356
     11600   0.126907    510.707    248.084    243.764        0.1    3326.28    668.056    3994.34    9.28003    -29.847
     11500   0.202412    523.473    243.878    225.605        0.1    3392.45    689.945     4082.4    21.8883    -34.352
     11400   0.199378    543.711    243.633    200.971        0.1    3446.47    714.263    4160.73    24.3186   -41.2461
     11300   0.152877    563.602    244.992     188.83        0.1     3493.2    734.749    4227.94    20.4857   -47.8926
     11200    0.12931    578.866    246.849     183.82        0.1    3534.38     752.75    4287.13    18.0009   -52.6754
     11100   0.112562    591.781    248.768    175.326        0.1    3554.51    768.882    4323.39    16.1322   -56.2623
     11000  0.0949659    603.019    250.618    165.206        0.1    3565.11    783.065    4348.18    14.1824   -59.2322
     10900   0.106273    612.527    252.358    159.215        0.1    3584.46    798.307    4382.76    15.2422   -61.7147
     10800  0.0731005    623.121    254.024     155.56        0.1    3614.93    809.833    4424.76     11.526   -64.2142
     10700  0.0663871    630.425    255.593    151.058        0.1    3643.33    820.464     4463.8    10.6316   -65.7944
     10600  0.0603987    637.057    257.049    146.207        0.1    3667.12    830.316    4497.44    9.85142   -67.2682
     10500  0.0536544     643.09    258.413    143.161        0.1    3690.33    839.403    4529.73    9.08718   -68.6703
     10400  0.0318566    648.434    259.691    141.196        0.1    3712.63    845.912    4558.54    6.50916   -69.9207
     10300  0.0105127    651.598    260.859    139.891        0.1    3741.32    849.954    4591.28    4.04145   -70.7133
     10200  0.0100285    652.649     261.89    138.585        0.1    3769.03    853.763     4622.8    3.80983   -71.1401
     10100 0.00205309    653.644    262.815    136.282        0.1    3780.51    854.648    4635.15   0.884816   -71.7329
     10000          0    653.847    263.662    133.682        0.1    3798.48    854.986    4653.47   0.338107   -72.3411
      9900          0    653.847    264.445    130.933        0.1    3827.28    855.131    4682.41    -0.1449    -73.099
      9800          0    653.847    265.182    128.058        0.1    3854.97    856.569    4711.54   -1.43778   -74.0267
      9700          0    653.847    265.882    125.077        0.1    3889.79    859.264    4749.05   -2.69449   -75.0986
      9600          0    653.847    266.553    122.009        0.1    3925.22    863.185     4788.4   -3.92126   -76.2948
      9500          0    653.847    267.198    118.864        0.1    3956.27    868.308    4824.58   -5.12278   -77.5996
      9400          0    653.847    267.822    116.484        0.1    3970.49    870.929    4841.42   -2.62158    -78.985
      9300          0    653.847    268.426    114.551        0.1    3985.48    875.555    4861.04   -4.62563   -80.3978
      9200          0    653.847    269.007    112.863        0.1    4001.51    880.862    4882.37   -5.30736   -81.8141
      9100          0    653.847    269.566    111.343        0.1    4025.59    888.428    4914.02   -7.56596   -83.2209
      9000          0    653.847    270.103    109.958        0.1    4051.81    899.231    4951.04   -10.8029   -84.6102
      8900          0    653.847    270.619    108.703        0.1    4067.35      909.2    4976.55   -9.96939    -85.976
      8800          0    653.847    271.116    107.551        0.1    4094.42    919.791    5014.21   -10.5905    -87.313
      8700          0    653.847    271.591    106.486        0.1    4129.02    930.982       5060   -11.1912   -88.6183
      8600          0    653.847    272.047    105.498        0.1    4168.85    942.479    5111.33   -11.4973     -89.89
      8500          0    653.847    272.486    104.578        0.1    4202.53    954.265    5156.79   -11.7859   -91.1269
      8400          0    653.847     272.91    104.161        0.1    4239.72    965.875    5205.59   -11.6097   -92.3199
      8300          0    653.847    273.322    104.073        0.1    4265.53    980.897    5246.43   -15.0217   -93.4451
      8200          0    653.847    273.724     104.21        0.1     4295.8    995.746    5291.55   -14.8491   -94.4932
      8100          0    653.847    274.119    104.542        0.1       4323    1010.41    5333.42   -14.6687   -95.4591
      8000          0    653.847    274.506    105.033        0.1    4358.18     1025.2    5383.38   -14.7815   -96.3398
      7900          0    653.847    274.888    105.736        0.1     4384.2    1040.08    5424.28   -14.8884   -97.1327
      7800          0    653.847    275.265    106.608        0.1    4412.52    1055.65    5468.17   -15.5653   -97.8335
      7700          0    653.847    275.638    107.638        0.1    4443.09    1070.89    5513.98   -15.2378   -98.4406
      7600          0    653.847    276.007    108.834        0.1    4471.54    1086.79    5558.34   -15.9073   -98.9518
      7500          0    653.847    276.375    110.168        0.1    4494.65    1103.34       5598   -16.5497   -99.3658
      7400          0    653.847    276.737     110.56        0.1     4514.5    1120.53    5635.03   -17.1873   -99.7027
      7300          0    653.847    277.093    110.411        0.1    4532.97    1136.35    5669.32   -15.8182   -100.019
      7200          0    653.847    277.442    109.982        0.1    4547.75    1150.79    5698.54   -14.4423   -100.336
      7100          0    653.847    277.785    109.361        0.1    4561.81    1166.28    5728.09   -15.4849   -100.664
      7000          0    653.847     278.12    108.598        0.1    4583.51     1186.8    5770.31   -20.5202   -101.009
      6900          0    653.847    278.447    107.736        0.1    4605.19    1207.14    5812.34   -20.3466   -101.372
      6800          0    653.847    278.763    106.797        0.1    4628.64    1223.01    5851.65   -15.8627   -101.754
      6700          0    653.847    279.067    105.806        0.1    4652.52    1239.97    5892.49   -16.9671   -102.156
      6600          0    653.847     279.36    104.793        0.1    4675.66    1259.93     5935.6   -19.9595   -102.577
      6500          0    653.847    279.641    103.747        0.1    4701.66    1278.47    5980.13   -18.5409   -103.017
      6400          0    653.847    279.913    102.987        0.1     4728.2    1297.19    6025.38   -18.7127   -103.469
      6300          0    653.847    280.176    102.393        0.1    4753.91    1314.41    6068.32   -17.2261   -103.918
      6200          0    653.847    280.432    101.898        0.1    4771.62    1331.05    6102.66   -16.6323   -104.357
      6100          0    653.847    280.682    101.492        0.1    4788.46    1347.08    6135.54    -16.032   -104.782
      6000          0    653.847    280.926    101.145        0.1    4816.19     1362.5     6178.7   -15.4261   -105.192
      5900          0    653.847    281.165    100.845        0.1    4841.99    1379.97    6221.96   -17.4653   -105.586
      5800          0    653.847      281.4    100.583        0.1    4861.55    1395.87    6257.42   -15.9004   -105.964
      5700          0    653.847    281.632    100.354        0.1    4890.85     1411.6    6302.45    -15.732   -106.326
      5600          0    653.847     281.86    100.152        0.1    4921.86    1427.31    6349.18   -15.7105   -106.671
      5500          0    653.847    282.086    99.9757        0.1    4942.93       1443    6385.93   -15.6861   -107.001
      5400          0    653.847    282.309    99.0845        0.1    4964.63    1458.88    6423.52   -15.8841    -107.33
      5300          0    653.847     282.53    97.7566        0.1    4993.87    1474.96    6468.83   -16.0797   -107.696
      5200          0    653.847    282.748    96.1872        0.1    5010.76    1487.91    6498.67    -12.948   -108.115
      5100          0    653.847    282.964    94.4606        0.1    5040.64    1501.67    6542.32   -13.7643   -108.592
      5000          0    653.847    283.179    92.5932        0.1    5076.78    1516.25    6593.03   -14.5785   -109.129
      4900          0    653.847    283.391    90.6375        0.1    5114.32    1529.64    6643.96   -13.3909   -109.727
      4800          0    653.847    283.601    88.5971        0.1    5147.63    1542.49    6690.13   -12.8514   -110.384
      4700          0    653.847     283.81    86.4906        0.1       5175     1554.8    6729.81   -12.3098   -111.101
      4600          0    653.847    284.015    84.3492        0.1    5211.18    1569.02     6780.2   -14.2146   -111.875
      4500          0    653.847    284.215    82.1537        0.1    5249.11    1584.13    6833.24   -15.1148   -112.703
      4400          0    653.847     284.41    80.2862        0.1    5287.63    1597.44    6885.07   -13.3103   -113.578
      4300          0    653.847    284.601    78.6013        0.1    5323.74    1610.55    6934.28   -13.1013   -114.478
      4200          0    653.847    284.788    77.0118        0.1    5364.29    1623.13    6987.42   -12.5881   -115.396
      4100          0    653.847    284.971    75.4993        0.1    5408.83     1636.4    7045.24   -13.2709   -116.327
      4000          0    653.847     285.15    74.0326        0.1    5453.76    1648.25    7102.02   -11.8495   -117.268
      3900          0    653.847    285.324    72.5965        0.1    5501.46    1658.68    7160.14   -10.4238   -118.216
      3800          0    653.847    285.493     71.181        0.1    5547.65    1670.72    7218.37   -12.0433   -119.172
      3700          0    653.847    285.658    69.1927        0.1    5597.97    1683.05    7281.02   -12.3326    -120.14
      3600          0    653.847    285.816     65.635        0.1    5645.85    1695.67    7341.52    -12.616    -121.19
      3500          0    653.847    285.968    61.3947        0.1    5692.91    1706.64    7399.55   -10.9684    -122.38
      3400          0    653.847    286.115    56.9039        0.1    5735.96    1718.75    7454.71   -12.1147   -123.724
      3300          0    653.847    286.255    52.1651        0.1    5769.62    1730.66    7500.28   -11.9052    -125.22
      3200          0    653.847     286.39    47.7616        0.1     5804.5    1742.35    7546.85   -11.6901   -126.863
      3100          0    653.847     286.52     44.701        0.1    5837.75    1754.22    7591.97   -11.8699   -128.581
      3000          0    653.847    286.645    42.1191        0.1    5873.98    1766.26    7640.25   -12.0452   -130.317
      2900          0    653.847    286.767    39.8764        0.1    5910.61    1777.53    7688.14   -11.2666   -132.049
      2800          0    653.847    286.885    37.8735        0.1    5947.57    1789.11    7736.68   -11.5848   -133.764
      2700          0    653.847        287    35.8697        0.1    5977.49    1797.21    7774.71   -8.10023   -135.459
      2600          0    653.847    287.113    33.5259        0.1    5998.18    1810.43    7808.61   -13.2133    -137.15
      2500          0    653.847    287.224    31.0802        0.1    6031.19    1819.75    7850.94   -9.32427   -138.853
      2400          0    653.847    287.333    28.6059        0.1    6066.08    1829.49    7895.57   -9.73349   -140.574
      2300          0    653.847    287.441     26.105        0.1    6098.92    1839.78     7938.7   -10.2911   -142.312
      2200          0    653.847    287.547    23.7407        0.1    6125.16    1850.62    7975.78   -10.8474   -144.066
      2100          0    653.847    287.652    21.7921        0.1    6158.46    1861.48    8019.94   -10.8525   -145.817
      2000          0    653.847    287.756    20.0152        0.1    6191.58    1872.33    8063.91   -10.8564   -147.549
      1900          0    653.847    287.859    18.3694        0.1    6223.83    1882.66    8106.49   -10.3259   -149.255
      1800          0    653.847    287.961    16.8253        0.1    6257.02    1892.95    8149.98   -10.2945   -150.932
      1700          0    653.847    288.062    15.2662        0.1    6291.49    1902.39    8193.88   -9.43547   -152.577
      1600          0    653.847    288.162    13.5144        0.1    6323.12    1910.26    8233.38   -7.87476   -154.203
      1500          0    653.847    288.262    11.7087        0.1    6354.27    1919.98    8274.25   -9.71654   -155.817
      1400          0    653.847     288.36    9.86308        0.1    6385.88    1931.39    8317.27     -11.41   -157.423
      1300          0    653.847    288.458    7.99334        0.1    6413.65    1942.11    8355.77   -10.7217   -159.024
      1200          0    653.847    288.554    6.39689        0.1    6429.61    1952.15    8381.77   -10.0412   -160.617
      1100          0    653.847    288.651    5.56742        0.1    6448.61    1961.59    8410.21   -9.44052   -162.169
      1000          0    653.847    288.746    5.07203        0.1    6469.68    1970.57    8440.26   -8.98073    -163.65
       900          0    653.847     288.84    4.93607        0.1    6490.32    1979.76    8470.08   -9.19012   -165.049
       800          0    653.847    288.934    5.07049        0.1    6509.67    1985.38    8495.05   -5.61368   -166.355
       700          0    653.847    289.026    5.52633        0.1    6531.22    1990.34    8521.56   -4.95972   -167.561
       600          0    653.847    289.118    6.46004        0.1    6542.88    1998.28    8541.16   -7.94324   -168.653
       500          0    653.847    289.209    7.68282        0.1    6554.05    2006.85     8560.9   -8.56672   -169.619
       400          0    653.847    289.299    9.22039        0.1    6555.29    2013.42    8568.71   -6.57181   -170.453
       300          0    653.847    289.388    11.0155        0.1    6564.77    2025.08    8589.85   -11.6618   -171.149
       200          0    653.847    289.477    13.2966        0.1    6567.46    2037.27    8604.73   -12.1843   -171.704
       100          0    653.847    289.564    16.4973        0.1    6585.04    2045.37    8630.41    -8.1089   -172.083
         0  0.0842717    653.932    289.651    20.1966        0.1    6615.66    2056.28    8671.94    10.9073   -172.279