      20000     7.50051     7.50051     179.437     415.629         1.3     17.4006     14.2832     31.6838     14.2832     49.8167
      19900     7.57297     757.624     178.571     399.767         1.3     43.1932     30.6017     73.7949     16.3185    -100.734
      19800     7.71283     1515.06     176.929     375.689         1.3     97.4844     49.7326     147.217     19.1309    -190.097
      19700       7.207     2285.84     175.111     349.275         1.3     170.889     68.2218     239.111     18.4891    -248.753
      19600     6.79653     3006.13     173.348     323.094         1.3     251.976     86.2942      338.27     18.0724    -283.373
      19500     6.35033     3685.33      171.74     296.543         1.3     369.513     103.504     473.016     17.2097    -304.914
      19400     6.88705      4320.9      170.32     271.032         1.3      519.02     124.703     643.724     21.1996    -318.089
      19300     6.91298     5009.63      169.08     246.816         1.3     688.505     147.174     835.679     22.4705    -334.394
      19200     6.93348     5700.95     167.993     223.482         1.3     870.222     170.761     1040.98     23.5872      -348.3
      19100     6.85232     6394.22     167.049     202.873         1.3     1070.15     194.802     1264.95     24.0405    -360.432
      19000     7.00779     7079.61     166.238     184.353         1.3      1288.1     220.463     1508.56     25.6618    -370.461
      18900     7.15084     7780.53      165.55     164.944         1.3     1522.75     247.624     1770.38     27.1601    -380.715
      18800     6.63715      8495.1     164.971     145.274         1.3     1785.72     272.623     2058.34     24.9992    -390.954
      18700     6.87311     9159.05     164.478       127.7         1.3        2076     299.415     2375.41     26.7925    -396.627
      18600     7.33151     9846.82     164.072      111.43         1.3     2394.38     329.243     2723.62     29.8278    -404.115
      18500     6.24715     10578.9     163.757     95.3727         1.3     2734.95     353.606     3088.55     24.3633    -414.166
      18400     6.15994     11203.5     163.484     80.7368         1.3     3055.56     377.792     3433.35     24.1856    -416.097
      18300     6.21563     11819.6     163.259     65.8737         1.3     3375.41     402.553     3777.97     24.7613    -418.449
      18200      6.1978     12441.1     163.093     50.8557         1.3     3734.86      427.48     4162.34     24.9273    -422.018
      18100     6.07674     13060.8     162.979     37.0893         1.3     4128.53     451.995     4580.52     24.5146    -425.997
      18000     6.15572     13668.5     162.905     24.1558         1.3     4527.23     477.143     5004.38     25.1479    -429.597
      17900     6.38357     14284.3     162.872     13.8857         1.3     4927.89     503.741     5431.63      26.598      -434.1
      17800     6.49741     14922.8     162.882     4.95838         1.3     5336.07     531.189     5867.26     27.4483    -440.056
      17700     6.33757     15572.4     162.929    -6.33735         1.3      5753.2      557.98     6311.18     26.7905    -446.332
      17600     7.22665       16207     163.001    -18.5305         1.3     6168.41     588.704     6757.11     30.7244    -451.372
      17500     7.21596     16929.7     163.124    -28.0798         1.3     6577.21     618.965     7196.17     30.2606    -461.371
      17400     6.68153     17650.7     165.781   -0.257541         1.3     6952.98     644.966     7597.94     26.0013    -473.557
      17300     6.72463     18318.9     166.819     3.90882         1.3     7333.71      670.87     8004.58      25.904    -479.189
      17200     7.48987     18992.2     167.484     3.21663         1.3     7713.42     700.471     8413.89     29.6005    -484.141
      17100      7.6287     19741.3      168.11   -0.499049         1.3     8081.07     730.991     8812.06     30.5205    -492.296
      17000     8.15798     20504.7     168.783    -6.40034         1.3     8460.21     764.308     9224.52     33.3166    -499.795
      16900     8.26761     21320.6     169.523    -18.3549         1.3     8855.09     798.409      9653.5     34.1017    -508.647
      16800     8.38503     22147.5     170.322     -34.168         1.3     9258.59     833.278     10091.9     34.8683    -516.748
      16700     8.73323     22986.3     171.158    -51.0792         1.3      9668.4     870.009     10538.4     36.7316    -524.458
      16600     9.58527     23860.5      172.03    -69.0207         1.3     10088.5     911.129     10999.6     41.1197    -532.891
      16500     8.38696     24817.8     172.959    -77.1505         1.3     10512.8     946.523     11459.3     35.3938    -543.631
      16400     9.34457     25657.5      173.88    -78.9652         1.3     10932.4      986.61       11919     40.0872    -547.984
      16300     8.84491     26591.4     174.796     -84.068         1.3     11352.2     1024.33     12376.5     37.7199    -555.368
      16200     10.0573     27477.1     175.711    -90.5668         1.3     11776.7     1068.06     12844.7     43.7343    -559.875
      16100     10.6937     28483.5     176.654    -108.294         1.3     12214.1     1115.15     13329.3     47.0838    -568.279
      16000     10.4574     29552.6     177.665    -133.117         1.3       12670     1161.19     13831.2     46.0381    -577.832
      15900     10.2742     30598.2     178.698    -149.773         1.3     13139.1     1206.34     14345.4     45.1547    -585.563
      15800     9.77716     31625.1     179.707     -161.87         1.3     13613.7     1248.99     14862.7     42.6535    -591.905
      15700       9.835     32602.9     180.662     -172.49         1.3     14095.9     1291.84     15387.7     42.8476    -596.179
      15600     9.51288     33586.1     181.573    -181.787         1.3     14584.6     1333.03     15917.6     41.1873    -600.458
      15500     9.51397     34537.4     182.443    -191.466         1.3       15081     1374.12     16455.1     41.0875    -603.631
      15400     9.45838     35488.7     183.278    -201.078         1.3     15579.7     1414.84     16994.6     40.7272    -606.875
      15300     9.98626     36435.1     184.091    -208.881         1.3     16077.3     1458.07     17535.4     43.2255    -610.013
      15200      9.9764     37433.7     184.916    -215.707         1.3     16580.9     1501.23     18082.1     43.1575    -614.566
      15100     9.95751     38431.3     185.757    -216.822         1.3     17083.1     1544.24     18627.3     43.0164    -618.661
      15000     9.90706       39427     186.596    -214.423         1.3     17579.5     1586.95     19166.5     42.7066    -622.174
      14900     9.61993     40417.4     187.426    -214.623         1.3     18073.7     1628.17     19701.9      41.221    -625.037
      14800     9.22641       41379     188.231     -215.81         1.3     18564.6     1669.22     20233.8     41.0477    -626.849
      14700     9.22779     42301.7     188.969    -230.979         1.3     19068.6     1709.24     20777.8     40.0253    -627.725
      14600     10.4293     43225.7     184.768     -297.64         1.3     19611.2     1760.32     21371.5     51.0721    -628.261
      14500     10.9519     44269.1     183.945    -324.399         1.3     20170.2     1815.72     21985.9      55.403    -634.744
      14400     11.1792     45364.5      184.31    -341.898         1.3     20737.7     1872.76     22610.4     57.0443    -642.422
      14300     10.6565     46481.9     185.022    -357.988         1.3     21309.9     1926.89     23236.8     54.1284    -649.861
      14200     10.4231     47547.3       185.8    -372.261         1.3     21891.1     1979.64     23870.7     52.7528    -655.317
      14100     10.2564     48589.5     186.577    -381.486         1.3     22475.4      2031.4     24506.8     51.7567    -659.848
      14000     9.88764     49614.8     187.357    -387.962         1.3     23072.5     2081.03     25153.5     49.6275     -663.68
      13900     10.3986       50604      188.13    -396.442         1.3     23678.2     2133.47     25811.7     52.4401    -666.505
      13800     9.88743     51643.4     188.946    -405.682         1.3     24278.6     2183.04     26461.7     49.5689    -670.454
      13700     10.2572     52632.5     189.771    -413.379         1.3     24898.3     2234.62     27132.9     51.5787    -673.118
      13600     10.0813       53658     190.619     -420.39         1.3     25514.4      2285.2     27799.6     50.5855    -676.595
      13500     9.32591     54665.4     191.487    -421.626         1.3     26135.3     2329.54     28464.8     44.3426    -679.481
      13400     10.3489       55599     192.309    -419.759         1.3     26760.1     2376.28     29136.4     46.7311    -680.634
      13300     9.97098     56633.5     193.181    -427.665         1.3     27390.5     2419.95     29810.5     43.6793    -683.983
      13200     10.3115       57631     195.572    -413.769         1.3     28010.6      2464.3     30474.9     44.3431    -688.181
      13100     9.14561       58661     197.157    -412.277         1.3     28629.9     2503.01     31132.9     38.7078    -691.494
      13000     9.48518     59575.9     198.501    -412.812         1.3     29263.5     2542.99     31806.5     39.9846    -692.045
      12900     9.30956     60524.2     199.683    -413.135         1.3     29888.7     2582.02     32470.7     39.0246    -693.367
      12800     9.56346     61455.4     200.742    -413.527         1.3     30512.4     2622.16     33134.5     40.1402    -694.343
      12700     9.71229     62411.9     201.765    -417.379         1.3     31147.5     2662.99     33810.5     40.8379    -695.859
      12600     10.0366     63383.5     202.826    -423.251         1.3     31806.5     2705.32     34511.8      42.324    -697.709
      12500     10.1997     64387.3     203.912    -428.262         1.3     32467.9     2748.39     35216.3     43.0755    -700.176
      12400     9.77212     65406.8     205.018    -433.037         1.3     33136.2     2789.47     35925.6      41.082    -702.806
      12300     9.70302       66384     206.105    -438.657         1.3     33797.8     2830.16     36627.9     40.6808     -704.57
      12200     10.0371     67354.6      207.16    -444.666         1.3     34448.6      2872.3     37320.9     42.1427    -706.306
      12100     10.4959     68358.8     208.214    -449.051         1.3     35093.9     2916.53     38010.4     44.2281    -708.689
      12000     9.74971     69407.6       209.3    -452.714         1.3     35734.2     2957.32     38691.5     40.7976    -711.697
      11900     10.5122     70383.3     210.368    -455.462         1.3     36373.2     3001.51     39374.7     44.1862    -713.267
      11800     9.70685     71433.8     211.439    -457.685         1.3       37010     3045.11     40055.1     43.6006    -716.025
      11700     9.93685     72404.7     212.495    -453.515         1.3     37639.3      3089.2     40728.5     44.0873     -717.23
      11600     9.99964     73398.4     208.893    -477.607         1.3       38286     3137.67     41423.7      48.471    -717.858
      11500     11.3987     74399.8     208.516    -495.915         1.3     38941.3     3194.92     42136.3     57.2508    -720.114
      11400     11.6102     75539.9     209.205    -517.101         1.3     39605.4     3253.67     42859.1     58.7471    -724.945
      11300      11.329     76700.6      210.23    -526.973         1.3     40274.5     3308.91     43583.4     55.2473    -729.826
      11200     10.6604     77832.8     211.321     -531.94         1.3       40949     3362.44     44311.5     53.5295    -733.747
      11100     10.4945     78898.7     212.372    -540.232         1.3     41644.5     3414.97     45059.4     52.5284     -736.31
      11000     10.3016       79948     213.391    -549.403         1.3     42348.5     3466.38     45814.9     51.4094    -738.603
      10900     10.6422     80978.5       214.4    -554.968         1.3     43043.3     3519.58     46562.9     53.2004    -740.661
      10800     10.0776     82042.1     215.439    -559.073         1.3     43727.5     3569.69     47297.2     50.1106    -743.161
      10700     10.0278     83049.8     216.466    -564.116         1.3     44414.2     3619.45     48033.7     49.7586    -744.764
      10600     9.97654     84052.6     217.474    -569.338         1.3       45106     3668.88     48774.9     49.4262    -746.386
      10500      9.9093     85050.1     218.483    -573.067         1.3       45799     3717.89     49516.9     49.0167    -748.014
      10400     9.48767     86040.7     219.495    -576.133         1.3     46494.1      3764.6     50258.7     46.7047    -749.582
      10300     9.07314       86989     220.482    -578.764         1.3       47184     3809.02       50993     44.4183    -750.626
      10200     9.06079     87896.3     221.425     -581.46         1.3     47876.3     3853.29     51729.6     44.2748    -751.266
      10100     8.51572     88801.8     222.356    -584.868         1.3       48586     3894.64     52480.7      41.344    -752.107
      10000     8.41721     89653.3     223.256    -588.345         1.3     49290.1     3935.38     53225.5     40.7439    -752.435
       9900     8.31707     90494.9     224.134    -591.775         1.3       49984     3975.55     53959.5     40.1655    -752.937
       9800     8.05206     91326.4     225.011    -595.205         1.3     50679.6     4014.28     54693.8     38.7323    -753.562
       9700     7.78952     92131.3     225.877    -598.597         1.3     51368.4     4051.59       55420     37.3109     -754.07
       9600     7.52989       92910     226.722    -601.916         1.3     52056.9      4087.5     56144.4     35.9097    -754.484
       9500     7.27287     93662.7     227.546    -605.154         1.3     52749.9     4122.03     56871.9     34.5293    -754.827
       9400      7.7346     94390.5      228.35    -607.651         1.3     53459.8     4158.88     57618.7     36.8503    -755.115
       9300     7.30008     95163.5     229.185    -609.936         1.3     54169.3     4193.49     58362.8     34.6148    -756.243
       9200     7.12781     95893.4     230.022    -612.087         1.3     54878.2     4227.17     59105.4     33.6785    -756.873
       9100     6.64133     96605.7     230.835    -614.086         1.3     55579.6     4258.34     59837.9     31.1647    -757.443
       9000     5.96076     97269.1     231.613    -615.903         1.3     56279.2     4286.02     60565.2     27.6873    -757.556
       8900     6.10584     97865.3     232.327    -617.446         1.3     56989.8     4314.35     61304.2     28.3228    -757.066
       8800     5.94512     98475.8     233.029    -618.867         1.3     57689.2     4341.84       62031     27.4964    -757.133
       8700     5.78476     99070.1     233.735    -620.246         1.3     58381.3     4368.51     62749.8     26.6648    -757.231
       8600     5.68141     99648.5     234.435    -621.567         1.3     59068.5     4394.62     63463.1     26.1145    -757.348
       8500     5.57724      100217     235.131    -622.844         1.3     59762.3     4420.19     64182.5     25.5691    -757.544
       8400     5.56541      100774     235.823    -623.746         1.3       60453     4445.67     64898.6     25.4768    -757.793
       8300     4.80523      101330     236.518    -624.487         1.3     61155.7     4467.45     65623.2     21.7823    -758.174
       8200     4.80571      101811     237.167    -624.996         1.3     61854.7     4489.16     66343.8     21.7077    -757.699
       8100     4.80301      102291     237.789    -625.331         1.3     62557.3     4510.82     67068.2     21.6605    -757.518
       8000     4.73429      102771     238.417    -625.615         1.3     63252.8     4532.13     67784.9     21.3081    -757.546
       7900     4.66454      103245     239.048    -625.809         1.3     63958.3     4553.08     68511.4     20.9519    -757.641
       7800     4.47237      103711     239.679    -625.947         1.3     64662.6      4573.1     69235.7      20.021    -757.776
       7700     4.49678      104158       240.3    -626.003         1.3     65365.6      4593.2     69958.8     20.0999    -757.779
       7600     4.30364      104608     240.919    -625.995         1.3       66072     4612.38     70684.4     19.1807    -757.947
       7500     4.11885      105038     241.531    -625.926         1.3       66785     4630.67     71415.7     18.2937    -757.952
       7400     3.93597      105450     242.127    -626.594         1.3     67502.3      4648.1     72150.4     17.4226     -757.84
       7300     4.19331      105843     242.707    -627.527         1.3     68221.8     4666.66     72888.4     18.5678    -757.658
       7200     4.43891      106263     243.299    -628.639         1.3     68945.6     4686.36       73632     19.7005    -757.997
       7100      4.1514      106707     243.923    -629.935         1.3     69670.9     4704.74     74375.6     18.3774    -758.718
       7000     2.96801      107121     244.542    -631.286         1.3       70389      4717.8     75106.8     13.0576    -759.037
       6900     2.98209      107417     245.077      -632.4         1.3     71107.5     4730.82     75838.3     13.0233    -757.905
       6800     3.96188      107717     245.562    -633.356         1.3     71824.2     4748.16     76572.4     17.3382    -757.192
       6700     3.65171      108112      246.11    -634.498         1.3     72540.6     4764.15     77304.8       15.99    -758.041
       6600     2.90961      108477     246.688    -635.735         1.3       73258     4776.86     78034.9     12.7122    -758.414
       6500     3.19566      108768     247.213    -636.825         1.3     73972.6     4790.75     78763.3     13.8866    -757.876
       6400     3.10173      109088     247.726    -637.638         1.3     74686.7     4804.22     79490.9     13.4741    -757.959
       6300     3.38861      109398     248.245    -638.372         1.3     75401.7     4818.93     80220.6     14.7048    -758.022
       6200     3.45843      109737     248.783    -639.116         1.3       76125     4833.95       80959     15.0169     -758.56
       6100     3.52572      110083      249.34    -639.889         1.3     76849.6     4849.26     81698.8     15.3098    -759.182
       6000     3.59063      110436     249.907    -640.682         1.3     77563.7     4864.85     82428.5     15.5929    -759.866
       5900     3.04732      110794     250.482    -641.493         1.3     78280.2     4878.07     83158.3     13.2183    -760.588
       5800      3.3477      111099     251.025      -642.2         1.3     79003.4     4892.54       83896     14.4746    -760.571
       5700     3.31515      111434     251.564    -642.877         1.3     79717.4     4906.88     84624.2     14.3356    -761.057
       5600     3.24851      111765     252.112    -643.569         1.3     80430.1     4920.91       85351     14.0375    -761.502
       5500     3.18382      112090     252.657    -644.243         1.3     81153.2     4934.66     86087.9     13.7427     -761.87
       5400     3.06778      112408     253.196    -645.443         1.3       81876     4947.89     86823.9     13.2292    -762.184
       5300     2.95373      112715     253.725     -646.84         1.3     82591.4     4960.61       87552     12.7251    -762.404
       5200     3.61259      113011     254.243    -648.296         1.3       83319     4976.17     88295.2     15.5573    -762.572
       5100     3.34069      113372     254.796    -649.908         1.3     84033.5     4990.57       89024     14.4036    -763.665
       5000     3.07425      113706     255.362    -651.604         1.3     84741.5     5003.81     89745.4     13.2377    -764.304
       4900     3.28039      114013     255.903    -653.235         1.3     85447.9     5017.91     90465.8     14.0969    -764.616
       4800     3.32867      114342     256.443    -654.876         1.3       86158     5032.21     91190.2     14.3066    -765.265
       4700     3.37496      114674     256.994     -656.55         1.3     86873.7     5046.72     91920.4     14.5058    -765.978
       4600     2.84787      115011     257.551    -658.231         1.3     87580.1     5058.97     92639.1      12.249    -766.732
       4500     2.56379      115296     258.078    -659.825         1.3     88284.2     5069.99     93354.1     11.0222    -766.819
       4400     2.93383      115553     258.565    -661.016         1.3     88986.9     5082.52     94069.5     12.5345    -766.695
       4300     2.90883      115846     259.062    -662.113         1.3     89691.5     5094.96     94786.5     12.4375    -767.194
       4200     2.95492      116137     259.575    -663.198         1.3     90391.2     5107.59     95498.8     12.6252    -767.684
       4100     2.71319      116432     260.093    -664.262         1.3     91086.4     5119.19     96205.6     11.6074    -768.252
       4000     2.98001      116704     260.599    -665.275         1.3     91780.8      5131.9     96912.7      12.701    -768.536
       3900     3.23454      117002     261.112    -666.299         1.3       92472     5145.68     97617.7     13.7876    -769.218
       3800     2.75986      117325     261.652    -667.396         1.3     93164.4     5157.48     98321.9     11.7981    -770.181
       3700     2.61125      117601     262.175    -668.917         1.3     93852.2     5168.63     99020.8     11.1496    -770.491
       3600     2.46529      117862     262.671    -671.341         1.3     94541.3     5179.16     99720.4     10.5291    -770.714
       3500     2.79162      118109      263.15    -674.018         1.3     95229.6     5191.01      100421     11.8502    -770.903
       3400     2.42539      118387     263.643    -676.726         1.3     95920.2     5201.37      101122     10.3573    -771.633
       3300     2.39889      118630     264.129    -679.461         1.3     96618.2     5211.59      101830     10.2213     -771.96
       3200     2.37172      118870     264.601    -681.745         1.3     97312.8     5221.69      102534     10.0991    -772.389
       3100     2.24506      119107      265.07    -683.092         1.3     98007.3     5231.27      103239     9.57965    -772.873
       3000     2.11954      119331     265.533    -684.157         1.3     98697.4     5240.33      103938     9.06703    -773.261
       2900     2.23756      119543     265.985    -685.031         1.3     99385.7     5249.85      104636     9.51514    -773.569
       2800     2.07192      119767      266.44     -685.82         1.3      100072     5258.71      105331     8.86008    -774.094
       2700      2.8593      119975     266.892    -686.681         1.3      100765     5270.72      106036     12.0083     -774.46
       2600     1.44936      120259     267.385    -687.922         1.3      101466     5277.23      106743     6.51541    -775.804
       2500     2.39507      120405     267.829     -689.09         1.3      102153      5287.3      107440     10.0713    -775.354
       2400     2.19833      120645     268.274    -690.265         1.3      102837     5296.63      108134     9.32637    -776.278
       2300     1.96567      120864     268.741    -691.513         1.3      103522     5305.04      108827     8.40908    -776.914
       2200     1.73519      121061     269.192    -692.595         1.3      104212     5312.55      109524     7.50787     -777.29
       2100     1.65371      121234     269.621    -693.345         1.3      104894     5319.73      110213     7.17918    -777.463
       2000     1.57279      121399     270.036    -693.971         1.3      105574     5326.59      110901     6.86432     -777.64
       1900     1.63697      121557     270.444     -694.52         1.3      106255     5333.68      111589      7.0897    -777.816
       1800     1.56316      121720     270.854    -695.041         1.3      106934     5340.49      112274     6.81263    -778.152
       1700     1.71444      121877     271.265    -695.618         1.3      107610     5347.86      112958     7.36172    -778.451
       1600     2.04295      122049     271.684    -696.365         1.3      108288     5356.46      113645     8.60374    -778.989
       1500      1.4534      122252     272.128     -697.23         1.3      108966     5362.88      114329     6.41672    -779.907
       1400    0.886475      122397     272.555     -698.07         1.3      109643     5367.27      115010     4.39542    -780.058
       1300     1.01909      122486     272.928    -698.764         1.3      110322     5372.08      115694     4.80821    -779.645
       1200      1.1419      122588     273.285    -699.183         1.3      111011     5377.31      116389      5.2287    -779.601
       1100     1.23526      122702     273.654    -699.158         1.3      111697     5382.86      117080     5.55636    -779.812
       1000     1.28444      122826     274.036    -699.028         1.3      112380     5388.59      117769     5.72866    -780.171
        900     1.13931      122954     274.429    -698.764         1.3      113063     5393.82      118457     5.22148    -780.583
        800     2.04952      123069     274.817      -698.4         1.3      113747     5402.32      119149     8.50316    -780.817
        700     2.11957      123274      275.25     -698.03         1.3      114429     5411.13      119840     8.81668    -782.123
        600      1.1951      123485     275.722    -697.556         1.3      115121     5416.59      120538      5.4528    -783.257
        500     0.92854      123604      276.15    -696.857         1.3      115815     5421.08      121236     4.49262    -783.131
        400     1.43213      123697     276.526    -695.875         1.3      116521     5427.28      121948     6.20194    -782.781
        300  0.00651829      123839     276.913    -694.842         1.3      117218      5428.1      122646    0.813187      -783.1
        200 0.000443578      123840     277.244    -693.353         1.3      117922     5428.14      123350   0.0480415    -781.713
        100    0.785115      123841     277.525    -691.203         1.3      118612     5432.07      124044     3.92975    -780.613
          0     5.46731      123924     277.846    -688.983         1.3      119290     5454.79      124745     22.7122    -780.694