      20000    0.190581    0.190581     179.437     415.631         0.4      17.399      14.283      31.682      14.283     51.7822
      19900    0.191352     19.2494     179.662     414.201         0.4     28.7583     29.5106     58.2689     15.2276     47.1762
      19800    0.191899     38.3852     180.158     412.711         0.4     46.0277     45.4126     91.4404      15.902     43.5846
      19700    0.146867       57.53     180.785     411.439         0.4     57.2686     58.2272     115.496     12.8146     40.7582
      19600    0.112438     72.1823     181.427     410.478         0.4     63.5661     68.2204     131.786     9.99317     39.5491
      19500   0.0729425     83.3866     181.996     407.833         0.4     69.8133     75.1743     144.988     6.95389     39.3111
      19400    0.102966     90.7109     182.451     404.302         0.4     86.0518      84.243     170.295     9.06869     39.8353
      19300   0.0992856     101.004     182.847     401.041         0.4     101.311     92.9458     194.257     8.70279     39.3375
      19200   0.0931756     110.926     183.228     397.814         0.4     108.697     101.298     209.995     8.35208     38.8279
      19100   0.0847414     120.235     183.583     396.344         0.4     115.153     108.805     223.958     7.50696     38.3806
      19000    0.089382     128.714     183.904     395.959         0.4     121.494     116.801     238.295      7.9958     38.1066
      18900   0.0964212     137.659     184.202       393.8         0.4     127.294     125.309     252.603     8.50822     37.6771
      18800   0.0587082     147.264     184.495      390.64         0.4     144.894     130.783     275.678     5.47458     37.0032
      18700   0.0728119     153.149     184.744     388.397         0.4     174.477     137.309     311.787     6.52605     37.1194
      18600    0.105565     160.463     184.952     386.595         0.4     217.693     146.258      363.95     8.94816     36.6916
      18500   0.0268036      170.94     185.188     384.782         0.4      268.85     149.189      418.04     2.93159     35.4638
      18400   0.0285845     173.622      185.37     383.177         0.4     287.023     151.489     438.512     2.29995     36.1311
      18300   0.0385253     176.491     185.458     379.935         0.4     292.818     154.051      446.87     2.56224      36.398
      18200   0.0396363     180.345     185.512     375.632         0.4     327.486     156.559     484.045     2.50785     36.0929
      18100   0.0312816       184.3     185.558     371.958         0.4     386.288     158.495     544.782     1.93544     35.5138
      18000   0.0427369     187.439     185.589     368.548         0.4       440.6     160.959     601.559     2.46425     34.9461
      17900   0.0633339     191.734      185.62     367.494         0.4     487.646     164.809     652.456     3.85045      33.966
      17800   0.0648719     198.069     185.685      367.84         0.4     532.946     169.455     702.401     4.64539     32.5745
      17700   0.0503494     204.541     185.787     365.748         0.4     577.988     173.388     751.376     3.93324     31.3174
      17600   0.0748784     209.601     185.892     362.355         0.4     612.313     181.221     793.534     7.83277     30.4035
      17500   0.0588491     217.073     186.018     362.166         0.4     630.867     188.588     819.455      7.3672     28.8836
      17400   0.0161132     222.915     188.727     394.119         0.4     649.476     191.644      841.12     3.05585      26.878
      17300   0.0284903     224.538     189.567     403.984         0.4     668.819     194.801      863.62     3.15677     27.3554
      17200    0.105106     227.464     190.028     410.118         0.4     696.008     201.857     897.865     7.05681     27.7822
      17100    0.114242     237.984     190.546     413.952         0.4     742.809     209.941      952.75      8.0836      26.553
      17000    0.164005     249.458     191.262     416.158         0.4     786.227     220.779     1007.01     10.8382     25.4653
      16900    0.163974     265.858     192.208     412.373         0.4      822.07     232.196     1054.27     11.4167     23.4262
      16800    0.164342     282.256     193.374     404.433         0.4     857.173     244.012     1101.19     11.8163     21.4722
      16700     0.18706     298.713     194.713     395.102         0.4     893.545      257.19     1150.73     13.1773     19.3805
      16600     0.25415     317.486      196.21     384.487         0.4     927.002      274.13     1201.13     16.9404     16.5647
      16500    0.124028     342.771     197.896     384.574         0.4     964.416     284.587        1249      10.457     12.3252
      16400     0.19765     355.247     199.661     392.019         0.4     1015.75     298.893     1314.64     14.3061     11.8949
      16300    0.129935     374.945     201.475     396.344         0.4     1076.39     309.934     1386.32     11.0413     10.1639
      16200    0.227867     388.036     203.328      399.13         0.4      1141.6     326.051     1467.65     16.1171     10.4106
      16100    0.268432     410.863     205.254     389.846         0.4     1202.31     344.535     1546.84     18.4831     8.31045
      16000    0.222334      437.66     207.328      372.21         0.4     1251.76      360.91     1612.67     16.3757     5.03864
      15900    0.181691     459.853     209.488     362.698         0.4     1295.14     375.274     1670.42      14.364     2.56023
      15800    0.114765     477.955     211.655     358.235         0.4     1340.64      385.98     1726.62     10.7052    0.975336
      15700   0.0965213     489.414     213.758     355.143         0.4     1386.08     395.731     1781.81     9.75173    0.840047
      15600    0.045834     499.015     215.777     353.252         0.4     1432.37     402.714     1835.09     6.98322     0.86099
      15500   0.0260675     503.579     217.697      350.77         0.4      1478.2     408.547     1886.75     5.83264     1.77372
      15400   0.0062219     506.165     219.513     348.044         0.4     1528.61     413.039     1941.65     4.49215     2.69753
      15300   0.0357564     506.817     221.236     347.096         0.4     1587.02      419.12     2006.14     6.08081     3.66056
      15200   0.0181714     510.375     222.911     347.344         0.4     1646.48     424.282     2070.76     5.16195      3.6736
      15100  0.00616467      512.18     224.559     354.103         0.4     1715.23     428.496     2143.73     4.21387     4.15559
      15000  0.00467218     512.795     226.168     365.489         0.4     1798.67     431.631      2230.3     3.13487     5.26524
      14900           0     513.258      227.74     374.565         0.4     1893.69     432.538     2326.23    0.906844     6.81683
      14800   0.0877701     513.346     229.282     382.433         0.4     2001.07     432.541     2433.61 -0.00337586     8.69124
      14700    0.114734      522.15     230.808     374.337         0.4      2102.4     434.355     2536.76    -1.81392     8.47872
      14600    0.193717     533.702     223.053     304.677         0.4     2162.04     447.142     2609.18     12.7867     6.13231
      14500    0.218147     553.098     220.882     277.146         0.4     2204.64     465.607     2670.25     18.4654    -1.78221
      14400    0.218657     574.913     221.443     259.821         0.4     2238.86     485.518     2724.38     19.9112    -10.4624
      14300    0.160726     596.721     223.026     244.607         0.4     2269.19     501.642     2770.83     16.1237    -18.3032
      14200    0.129519     612.763     224.867     231.524         0.4     2291.86     515.328     2807.18     13.6857    -23.9488
      14100     0.10434     625.689     226.663     224.247         0.4     2313.23     526.998     2840.22     11.6701    -28.2319
      14000   0.0653256     636.084     228.349     220.661         0.4     2324.79     535.634     2860.42     8.63597      -31.29
      13900    0.096024     642.648     229.893     215.182         0.4     2330.65     546.311     2876.97     10.6773    -33.0427
      13800   0.0498068     652.204     231.354     208.821         0.4     2344.78     553.472     2898.25     7.16099     -35.331
      13700   0.0709667     657.206     232.727     204.167         0.4     2346.93     562.095     2909.02     8.62324    -36.4757
      13600   0.0529604     664.284     234.027     200.452         0.4     2351.71     569.274     2920.98     7.17841    -38.0747
      13500           0     669.527     235.272     203.491         0.4     2355.96     569.832     2925.79    0.557804    -39.0746
      13400           0     669.527     236.394     210.763         0.4     2361.63     572.478     2934.11     2.64636     -38.564
      13300           0     669.527     237.395     207.714         0.4     2366.61     573.013     2939.62   -0.535208    -37.9922
      13200           0     669.527     241.073     229.226         0.4     2389.48     574.171     2963.66     -1.1579    -37.8568
      13100           0     669.527     243.422     235.969         0.4      2418.5     581.728     3000.23    -7.55743    -36.7884
      13000           0     669.527      245.31     241.986         0.4     2439.61     588.552     3028.17    -6.82402     -35.435
      12900           0     669.527      246.81     248.405         0.4        2476     596.655     3072.66    -8.10285    -33.9728
      12800           0     669.527     247.931     254.933         0.4      2520.8     603.704      3124.5    -7.04851    -32.4535
      12700           0     669.527     248.922     257.327         0.4      2560.4     610.023     3170.42    -6.31921    -30.9918
      12600           0     669.527     250.009     256.722         0.4     2581.33     614.882     3196.21    -4.85901    -29.8268
      12500           0     669.527     251.145     256.613         0.4     2604.81      619.04     3223.85    -4.15753    -29.0194
      12400           0     669.527     252.316     256.622         0.4      2626.2     625.256     3251.46    -6.21603    -28.4847
      12300           0     669.527     253.515      255.27         0.4     2658.54     631.985     3290.52    -6.72902    -28.2054
      12200           0     669.527     254.738     252.896         0.4     2705.29      637.42     3342.71    -5.43513    -28.2157
      12100           0     669.527     255.982     252.082         0.4     2761.07     640.959     3402.03    -3.53967    -28.4759
      12000           0     669.527     257.248     252.265         0.4     2825.81      648.11     3473.92    -7.15073    -28.8531
      11900           0     669.527     258.541     253.455         0.4     2895.68     652.097     3547.78    -3.98659    -29.2694
      11800   0.0785185     669.606     259.862     255.382         0.4     2971.96     656.919     3628.88    -4.82226    -29.6725
      11700    0.161185      677.54     261.279     264.927         0.4     3061.13     661.616     3722.75     -4.6971    -31.5853
      11600    0.171936      693.67     248.757     239.009         0.4     3131.03     670.223     3801.25     8.60657      -34.84
      11500    0.262339     710.954     244.573     220.752         0.4     3192.34     691.416     3883.76     21.1936    -39.9803
      11400    0.265277      737.19     244.325     196.015         0.4      3241.4     715.043     3956.45     23.6272    -47.6414
      11300    0.205018     763.658     245.662     183.732         0.4     3283.03     734.859     4017.89     19.8156    -54.9862
      11200     0.17128     784.126     247.496     178.589         0.4     3318.98     752.213     4071.19     17.3536    -60.0435
      11100     0.14814     801.231     249.392         170         0.4     3333.78      767.72      4101.5     15.5075    -63.6621
      11000    0.125307     816.022      251.22     159.816         0.4        3339       781.3      4120.3     13.5797    -66.5532
      10900    0.141081     828.568      252.94     153.775         0.4     3352.91      795.96     4148.87     14.6605    -68.8964
      10800   0.0939887     842.629     254.585     150.069         0.4     3377.89     806.926     4184.82     10.9654    -71.3879
      10700   0.0859556      852.02     256.131     145.543         0.4     3400.78      817.02      4217.8     10.0943    -72.7114
      10600   0.0768376     860.607     257.565     140.681         0.4     3419.04     826.355     4245.39     9.33527    -73.9773
      10500   0.0692746     868.283     258.916      137.63         0.4     3436.71     834.939     4271.65     8.58387    -75.1716
      10400    0.036611     875.178     260.197     135.658         0.4     3453.48     840.943     4294.42     6.00328    -76.2563
      10300  0.00743369      878.81     261.381      134.36         0.4     3476.64     844.462      4321.1     3.51949    -76.7207
      10200  0.00745428     879.553     262.437     133.079         0.4     3498.85     847.725     4346.57     3.26322    -76.7535
      10100           0     880.291     263.387      130.81         0.4     3504.85     848.038     4352.88    0.312717    -77.0569
      10000           0     880.291     264.255     128.248         0.4     3517.39     848.293     4365.68   -0.254861    -77.4545
       9900           0     880.291     265.056     125.531         0.4     3540.78     849.049     4389.83   -0.755882    -78.0892
       9800           0     880.291     265.809     122.687         0.4      3563.1     851.114     4414.22    -2.06486    -78.9188
       9700           0     880.291     266.525     119.734         0.4     3592.58     854.451     4447.03    -3.33789    -79.9117
       9600           0     880.291     267.214     116.691         0.4     3622.69     859.034     4481.72    -4.58246    -81.0435
       9500           0     880.291     267.877      113.57         0.4     3648.45     864.836     4513.28    -5.80191    -82.2949
       9400           0     880.291     268.518      111.21         0.4     3657.39     868.154     4525.55    -3.31779    -83.6354
       9300           0     880.291     269.139     109.295         0.4     3667.13     873.493     4540.62    -5.33916    -85.0101
       9200           0     880.291     269.744     107.621         0.4     3677.92     879.536     4557.45    -6.04363    -86.3934
       9100           0     880.291     270.333     106.113         0.4     3696.77      887.87     4584.64    -8.33348    -87.7714
       9000           0     880.291      270.91     104.737         0.4     3717.77      899.48     4617.25    -11.6103    -89.1352
       8900           0     880.291     271.472     103.488         0.4     3728.09     910.302     4638.39    -10.8216    -90.4784
       8800           0     880.291     272.014     102.341         0.4     3749.95     921.791     4671.74    -11.4893     -91.796
       8700           0     880.291     272.539     101.279         0.4     3779.34      933.93     4713.27    -12.1386    -93.0845
       8600           0     880.291     273.046     100.294         0.4     3813.97     946.426     4760.39    -12.4961    -94.3415
       8500           0     880.291     273.537     99.3753         0.4     3842.44     959.263     4801.71    -12.8373    -95.5649
       8400           0     880.291     274.011     98.9596         0.4     3874.43     971.974     4846.41    -12.7112    -96.7444
       8300           0     880.291     274.467     98.8733         0.4     3895.05     988.141     4883.19     -16.167    -97.8559
       8200           0     880.291     274.906     99.0117         0.4     3920.12     1004.17     4924.29    -16.0307    -98.8902
       8100           0     880.291      275.33     99.3458         0.4     3942.12     1020.05     4962.18    -15.8796    -99.8423
       8000           0     880.291     275.742     99.8402         0.4     3972.11     1036.07     5008.18    -16.0167    -100.709
       7900           0     880.291     276.145     100.545         0.4     3992.94     1052.21     5045.15    -16.1445    -101.489
       7800           0     880.291      276.54      101.42         0.4     4016.07     1069.05     5085.12    -16.8397    -102.177
       7700           0     880.291     276.928     102.453         0.4     4041.45     1085.58     5127.03    -16.5283    -102.771
       7600           0     880.291     277.311     103.651         0.4     4064.72     1102.79     5167.52    -17.2114     -103.27
       7500           0     880.291      277.69     104.987         0.4     4082.65     1120.66     5203.31    -17.8646    -103.672
       7400           0     880.291     278.064     105.384         0.4     4097.33     1139.17      5236.5    -18.5136    -103.998
       7300           0     880.291     278.435     105.241         0.4     4110.63     1156.33     5266.96    -17.1596    -104.303
       7200           0     880.291     278.804     104.817         0.4     4120.24     1172.13     5292.37    -15.8039    -104.609
       7100           0     880.291      279.17     104.202         0.4     4129.14        1189     5318.14      -16.87    -104.926
       7000           0     880.291      279.53     103.444         0.4     4145.69     1210.93     5356.62    -21.9301     -105.26
       6900           0     880.291     279.883     102.589         0.4     4162.22     1232.72     5394.94    -21.7834    -105.614
       6800           0     880.291      280.23     101.655         0.4     4180.53     1250.05     5430.58    -17.3302    -105.987
       6700           0     880.291      280.57     100.669         0.4     4199.27     1268.52     5467.79    -18.4703    -106.381
       6600           0     880.291     280.902     99.6607         0.4     4217.28     1290.02      5507.3    -21.5019    -106.794
       6500           0     880.291     281.223     98.6196         0.4     4238.15     1310.14     5548.29    -20.1234    -107.225
       6400           0     880.291     281.533     97.8633         0.4     4259.56     1330.48     5590.04    -20.3332    -107.669
       6300           0     880.291     281.831     97.2738         0.4     4280.15     1349.36     5629.51    -18.8809    -108.108
       6200           0     880.291     282.117     96.7838         0.4     4292.75     1367.67     5660.42     -18.317    -108.536
       6100           0     880.291     282.393     96.3828         0.4     4304.49     1385.42      5689.9     -17.743    -108.952
       6000           0     880.291      282.66     96.0417         0.4     4327.11     1402.58     5729.69    -17.1602    -109.351
       5900           0     880.291      282.92     95.7482         0.4     4347.82      1421.8     5769.61    -19.2198    -109.735
       5800           0     880.291     283.173      95.493         0.4     4362.28     1439.47     5801.75    -17.6727    -110.102
       5700           0     880.291      283.42     95.2703         0.4      4386.5     1456.99     5843.49    -17.5196    -110.453
       5600           0     880.291     283.662     95.0762         0.4     4412.44      1474.5     5886.94    -17.5115    -110.788
       5500           0     880.291     283.899     94.9071         0.4     4428.43        1492     5920.43    -17.4992    -111.107
       5400           0     880.291     284.133     94.0261         0.4     4445.08     1509.71     5954.79    -17.7081    -111.425
       5300           0     880.291     284.364     92.7099         0.4     4469.27     1527.62     5996.89    -17.9139     -111.78
       5200           0     880.291     284.592     91.1535         0.4     4481.13     1542.41     6023.54    -14.7917    -112.189
       5100           0     880.291     284.817     89.4408         0.4     4505.99     1558.03     6064.02    -15.6169    -112.655
       5000           0     880.291      285.04     87.5882         0.4     4537.12     1574.47     6111.59    -16.4396    -113.181
       4900           0     880.291      285.26     85.6479         0.4     4569.67     1589.73      6159.4      -15.26    -113.768
       4800           0     880.291     285.478     83.6234         0.4     4598.01     1604.46     6202.47    -14.7282    -114.414
       4700           0     880.291     285.694      81.533         0.4     4620.42     1618.65     6239.07    -14.1945     -115.12
       4600           0     880.291     285.909     79.4076         0.4     4651.66     1634.76     6286.42    -16.1088    -115.881
       4500           0     880.291     286.121     77.2277         0.4     4684.66     1651.78     6336.44    -17.0212    -116.698
       4400           0     880.291     286.332     75.3741         0.4     4718.27     1667.02     6385.28    -15.2318    -117.561
       4300           0     880.291     286.539     73.7022         0.4     4749.48     1682.05     6431.53    -15.0394     -118.45
       4200           0     880.291     286.743     72.1252         0.4     4785.14      1696.6     6481.74    -14.5428    -119.356
       4100           0     880.291     286.941     70.6248         0.4     4824.81     1711.84     6536.65    -15.2414    -120.275
       4000           0     880.291     287.135     69.1698         0.4     4864.88     1725.67     6590.56    -13.8355    -121.204
       3900           0     880.291     287.325     67.7452         0.4     4907.72      1738.1     6645.82    -12.4251    -122.142
       3800           0     880.291     287.511     66.3408         0.4     4949.07     1752.16     6701.23    -14.0608    -123.087
       3700           0     880.291     287.692     64.3658         0.4     4994.57     1766.53      6761.1    -14.3675    -124.043
       3600           0     880.291      287.87     60.8258         0.4     5037.64      1781.2     6818.83    -14.6698    -125.083
       3500           0     880.291     288.043      56.606         0.4     5079.91     1794.24     6874.15    -13.0425    -126.261
       3400           0     880.291      288.21     52.1371         0.4     5118.19     1808.45     6926.64    -14.2103    -127.595
       3300           0     880.291     288.372     47.4219         0.4     5147.11     1822.47     6969.59    -14.0224    -129.079
       3200           0     880.291     288.529      43.041         0.4     5177.27      1836.3     7013.57    -13.8285    -130.709
       3100           0     880.291     288.679     39.9993         0.4     5205.82     1850.33     7056.15    -14.0285    -132.413
       3000           0     880.291     288.823     37.4346         0.4     5237.37     1864.55     7101.92    -14.2226    -134.135
       2900           0     880.291     288.961     35.2075         0.4     5269.33     1878.01     7147.34    -13.4609    -135.853
       2800           0     880.291     289.094     33.2192         0.4     5301.63     1891.81     7193.44    -13.7939    -137.555
       2700           0     880.291     289.222       31.23         0.4     5326.91     1902.13     7229.04    -10.3221    -139.235
       2600           0     880.291     289.346     28.9017         0.4     5342.98     1917.58     7260.55    -15.4461    -140.912
       2500           0     880.291     289.467     26.4721         0.4     5371.37     1929.14     7300.51    -11.5666    -142.601
       2400           0     880.291     289.584     24.0141         0.4     5401.68     1941.13     7342.81    -11.9841    -144.307
       2300           0     880.291     289.699     21.5297         0.4     5429.94     1953.68     7383.62    -12.5491    -146.031
       2200           0     880.291     289.812     19.1816         0.4     5451.62     1966.79     7418.41    -13.1118    -147.771
       2100           0     880.291     289.923     17.2479         0.4     5480.38     1979.91     7460.29    -13.1227    -149.508
       2000           0     880.291     290.032     15.4851         0.4     5508.97     1993.04     7502.01    -13.1318    -151.225
       1900           0     880.291      290.14     13.8528         0.4      5536.7     2005.65     7542.34    -12.6062    -152.917
       1800           0     880.291     290.246     12.3216         0.4     5565.39     2018.23     7583.62    -12.5793     -154.58
       1700           0     880.291     290.351     10.7754         0.4     5595.36     2029.95     7625.31    -11.7245    -156.212
       1600           0     880.291     290.455     9.03688         0.4     5622.52     2040.12     7662.64    -10.1678    -157.824
       1500           0     880.291     290.558     7.24475         0.4      5649.2     2052.13     7701.34    -12.0134    -159.425
       1400           0     880.291     290.661     5.41276         0.4     5676.36     2065.84      7742.2    -13.7105    -161.018
       1300           0     880.291     290.762     3.55676         0.4      5699.7     2078.87     7778.57    -13.0258    -162.606
       1200           0     880.291     290.862     1.97279         0.4     5711.24     2091.22     7802.46    -12.3489    -164.186
       1100           0     880.291     290.962     1.15326         0.4     5725.82     2102.97     7828.79    -11.7517    -165.725
       1000           0     880.291      291.06    0.666256         0.4     5742.49     2114.26     7856.75    -11.2954    -167.194
        900           0     880.291     291.158    0.536902         0.4     5758.72     2125.77     7884.49    -11.5083     -168.58
        800           0     880.291     291.255    0.676552         0.4     5773.68     2133.71     7907.39    -7.93536    -169.874
        700           0     880.291     291.352     1.13594         0.4     5790.84     2140.99     7931.83    -7.28492     -171.07
        600           0     880.291     291.447     2.07119         0.4     5798.11     2151.27     7949.38     -10.272    -172.151
        500           0     880.291     291.542     3.29406         0.4      5804.9     2162.16     7967.06     -10.899    -173.106
        400           0     880.291     291.635     4.83014         0.4     5810.52     2171.07     7981.59    -8.90771     -173.93
        300           0     880.291     291.728     6.62249         0.4     5815.61     2185.07     8000.68    -14.0014    -174.618
        200           0     880.291      291.82     8.89843         0.4     5817.31      2199.6     8016.91    -14.5275    -175.164
        100           0     880.291     291.911     12.0907         0.4     5830.48     2210.06     8040.53    -10.4558    -175.535
          0   0.0904937     880.381     292.001     15.7791         0.4     5856.68     2218.61      8075.3     8.55671    -175.725