     20000          0          0    179.437    415.631        1.5     17.399    14.2831     31.682    14.2831    51.8336
     19900          0          0    179.437     414.68        1.5    28.2793    29.7361    58.0154    15.4531    51.7019
     19800          0          0    179.437    414.027        1.5    44.2321    46.3592    90.5912    16.6231    51.5707
     19700          0          0    179.437    413.765        1.5    53.1471    60.5222    113.669    14.1631    51.4563
     19600  0.0500488  0.0500488    179.437    413.802        1.5    62.7691    72.5053    135.274    11.9831    51.3614
     19500          0    5.00488    179.416    411.934        1.5    64.9152    82.0391    146.954    9.53385    50.1273
     19400          0    5.00488    179.391    409.034        1.5    76.4211    94.1677    170.589    12.1286    50.2468
     19300          0    5.00488     179.38    406.396        1.5    86.3249    106.338    192.663    12.1705    50.1853
     19200          0    5.00488    179.374    403.775        1.5    87.7501    118.545    206.295    12.2065    49.9824
     19100          0    5.00488    179.371    402.882        1.5    87.8316    130.264    218.096    11.7194    49.6864
     19000          0    5.00488    179.369    403.027        1.5    88.5587    142.795    231.353    12.5307    49.3941
     18900          0    5.00488    179.369    401.357        1.5    90.3155    156.136    246.451    13.3408    49.1117
     18800          0    5.00488     179.37    398.679        1.5    99.8766    166.736    266.612    10.6003    48.7518
     18700          0    5.00488    179.371    396.829        1.5    121.027    178.635    299.663    11.8994    48.3047
     18600          0    5.00488    179.372    395.381        1.5    155.457    193.164     348.62    14.5284    47.8193
     18500          0    5.00488    179.373     393.99        1.5    197.407    201.911    399.317    8.74719    47.3116
     18400          0    5.00488    179.374    392.661        1.5    206.096    210.207    416.303    8.29597    46.7854
     18300          0    5.00488    179.375    389.554        1.5     209.92    218.852    428.771    8.64475    46.2148
     18200          0    5.00488    179.376    385.349        1.5    234.871    227.495    462.366    8.64356    45.5172
     18100          0    5.00488    179.378    381.765        1.5    283.866    235.611    519.477    8.11575    44.6782
     18000          0    5.00488    179.379    378.415        1.5    328.311    244.286    572.597    8.67465    43.7404
     17900          0    5.00488     179.38    377.458        1.5    365.393    254.376    619.769    10.0903    42.7568
     17800          0    5.00488    179.381    377.977        1.5    400.556    265.325    665.881    10.9493    41.8457
     17700          0    5.00488    179.382    376.075        1.5    435.271    275.663    710.934    10.3383    41.0074
     17600   0.112305    5.11719    179.383    372.855        1.5    459.096    290.006    749.102    14.3425    40.0866
     17500   0.527344    16.7627    179.337    372.713        1.5    467.103    304.054    771.158    14.0482    36.4478
     17400   0.708008    69.6777    181.841    404.195        1.5    495.788    313.996    809.784    9.94186    22.9372
     17300   0.588379    140.359    182.262    412.836        1.5    523.984    324.457    848.441    10.4614    9.50323
     17200   0.637207    199.246    182.188    417.484        1.5    558.538    339.354    897.892    14.8971    1.99575
     17100   0.839844    263.169    182.043    419.802        1.5     611.19    355.942    967.131    16.5875   -4.89011
     17000   0.561523    346.875    181.899    420.258        1.5    658.707    376.143    1034.85    20.2014   -14.5461
     16900   0.322266    402.788    181.854     414.94        1.5    697.117    397.915    1095.03    21.7714   -16.3713
     16800   0.263672    434.956    182.026     406.05        1.5    733.837    421.078    1154.92    23.1637   -13.3105
     16700   0.446777    461.506    182.422    396.219        1.5    771.327    446.546    1217.87    25.4682   -10.4202
     16600   0.722656     506.46    182.943    385.165        1.5    805.462    476.753    1282.22    30.2069   -12.8679
     16500   0.869141    578.872    183.462    384.817        1.5     843.12    501.645    1344.76    24.8916    -21.246
     16400    1.04004    665.957    183.914    391.425        1.5    893.855    531.698    1425.55    30.0531   -30.8955
     16300   0.922852    769.844    184.277    394.442        1.5    952.597    559.937    1512.53    28.2385   -41.6396
     16200    0.59082    861.797    184.601    395.801        1.5    1014.48    594.781    1609.26    34.8443   -47.6196
     16100   0.498047    920.786    185.013    385.292        1.5    1070.63    633.505    1704.13    38.7244   -46.0865
     16000   0.532227    970.625    185.567      366.9        1.5    1114.77    671.642    1786.41    38.1364   -44.0011
     15900   0.537109    1023.85    186.217    357.087        1.5    1152.55    709.277    1861.82    37.6355   -44.1569
     15800   0.620117    1077.65    186.922    352.369        1.5    1192.17    744.715    1936.89    35.4378   -45.1099
     15700   0.620117    1139.66    187.645    348.887        1.5    1231.36     780.58    2011.94    35.8652   -47.9951
     15600   0.605469    1201.66    188.369    346.498        1.5     1270.9    814.971    2085.87    34.3911   -50.6985
     15500   0.615234    1262.21    189.103    343.346        1.5     1309.3    849.399     2158.7    34.4272   -52.9385
     15400    0.74707    1323.87    189.843    339.814        1.5    1351.48    883.561    2235.04    34.1621   -55.3428
     15300    1.06445    1398.89    190.551    337.847        1.5    1400.65    920.327    2320.97    36.7661   -60.2201
     15200    1.30859    1505.58    191.135    336.582        1.5    1449.34    957.265     2406.6    36.9384   -70.3461
     15100    1.53809    1636.67     191.53     341.45        1.5    1505.44    994.509    2499.95    37.2434   -82.8488
     15000    1.75781     1790.7    191.717    350.376        1.5    1573.76    1032.09    2605.86    37.5857   -96.4005
     14900    1.52344    1966.25    191.687    356.242        1.5    1650.47    1069.05    2719.52    36.9594   -110.191
     14800  0.0585938    2117.12    191.543    360.823        1.5    1736.23    1106.79    2843.02    37.7359   -116.407
     14700          0    2122.92    191.649    350.514        1.5    1813.74    1144.14    2957.87    37.3457   -96.7067
     14600          0    2122.92    184.486     279.05        1.5    1847.75    1195.49    3043.24    51.3536   -80.3583
     14500          0    2122.92    182.603    251.898        1.5     1865.1    1252.23    3117.33    56.7444   -72.1704
     14400          0    2122.92    182.829    235.526        1.5    1875.03    1310.76    3185.79    58.5248   -67.9123
     14300          0    2122.92     183.75    221.433        1.5    1882.18    1366.16    3248.34    55.4004   -65.7899
     14200          0    2122.92    184.885    209.445        1.5    1882.77    1419.83     3302.6     53.667   -64.9547
     14100          0    2122.92    186.085    203.303        1.5     1883.2    1472.07    3355.27    52.2482    -64.837
     14000          0    2122.92    187.304    200.722        1.5    1891.58    1521.75    3413.33    49.6809   -64.9634
     13900          0    2122.92    188.528    195.844        1.5    1905.05     1573.8    3478.84    52.0415   -65.1794
     13800          0    2122.92    189.755    189.962        1.5    1909.79    1622.56    3532.34    48.7602   -65.5785
     13700          0    2122.92    190.984    185.692        1.5    1930.41    1672.92    3603.34    50.3664   -66.1487
     13600          0    2122.92    192.216    182.272        1.5    1943.81    1721.91    3665.72    48.9893   -66.8031
     13500          0    2122.92    193.451    185.901        1.5    1957.15    1764.29    3721.44    42.3786   -67.3995
     13400    0.12207    2123.05    194.687    193.703        1.5    1968.54    1808.64    3777.19    44.3534   -67.6428
     13300    0.29541    2135.43    195.867    190.239        1.5    1981.04    1849.64    3830.68    40.9933   -69.9967
     13200   0.332031       2165    199.164    211.902        1.5    1986.59    1890.39    3876.98     40.751   -75.2622
     13100    0.43457    2198.31    201.137    218.469        1.5    1998.11    1925.12    3923.23    34.7279   -79.1197
     13000   0.280762    2241.61    202.636    223.932        1.5    2001.17    1960.97    3962.13    35.8502   -83.6218
     12900   0.483398    2269.89    203.795     229.86        1.5    2019.01    1995.88    4014.89    34.9127   -83.9387
     12800   0.490723    2318.24     204.61     235.73        1.5     2044.6    2032.15    4076.75    36.2721   -87.7852
     12700   0.322266    2367.14    205.262    237.118        1.5       2064    2069.49    4133.49    37.3408   -90.7506
     12600          0    2399.05    206.011    235.586        1.5    2064.21    2108.63    4172.84    39.1385   -89.9528
     12500 0.00976562    2399.06    206.928    235.082        1.5    2066.16    2148.69    4214.85    40.0596   -83.4454
     12400          0    2400.02    208.006    234.985        1.5     2066.4    2186.78    4253.19    38.0943   -78.6441
     12300   0.136719    2400.16    209.186    233.621        1.5    2077.09    2224.38    4301.48    37.6004   -74.8711
     12200   0.454102    2414.15    210.401    231.165        1.5    2102.11    2263.29     4365.4    38.9017    -74.879
     12100   0.664062    2459.77    211.531    229.972        1.5    2135.79     2304.2    4439.98     40.911   -81.3573
     12000   0.878906    2526.39    212.497      229.3        1.5    2177.56     2341.8    4519.36    37.6009   -90.6534
     11900    1.17188    2614.58     213.27    229.184        1.5    2223.15    2383.08    4606.24    41.2842   -102.094
     11800   0.471191    2731.06    213.809    229.234        1.5    2273.28    2424.31     4697.6    41.2314   -116.211
     11700   0.219727    2777.93    214.341    237.801        1.5    2335.33    2466.56    4801.89    42.2415   -114.695
     11600          0    2799.68    203.431    210.387        1.5    2376.61    2520.49     4897.1    53.9332   -108.342
     11500          0    2799.68    200.205    191.318        1.5    2408.49    2586.05    4994.54    65.5619   -102.251
     11400  0.0463867    2799.73    200.096    166.301        1.5    2427.84    2653.91    5081.74    67.8557   -99.5318
     11300 0.00244141    2804.32    201.012     154.67        1.5     2440.4    2718.37    5158.77    64.4659   -99.7665
     11200          0    2804.57     202.25    150.318        1.5    2448.08    2780.97    5229.05    62.6004   -99.7809
     11100          0    2804.57    203.593    142.212        1.5    2461.06    2842.28    5303.34     61.307   -100.094
     11000          0    2804.57    204.966    132.426        1.5    2483.24    2902.11    5385.35    59.8344   -100.816
     10900          0    2804.57    206.338    126.916        1.5    2496.19    2963.38    5459.57    61.2622   -101.837
     10800          0    2804.57    207.693    123.742        1.5    2497.53    3021.23    5518.77    57.8569   -102.904
     10700          0    2804.57    209.034    119.563        1.5    2500.62    3078.42    5579.05    57.1914   -103.962
     10600          0    2804.57    210.367    114.963        1.5    2508.08    3134.96    5643.04    56.5332   -105.078
     10500          0    2804.57    211.697    112.217        1.5    2515.82    3190.76    5706.58    55.8031   -106.241
     10400          0    2804.57    213.026     110.52        1.5    2524.19    3243.93    5768.13    53.1737   -107.368
     10300          0    2804.57    214.357    109.436        1.5    2525.95    3294.48    5820.43    50.5435   -108.429
     10200          0    2804.57    215.685     108.24        1.5    2528.59    3344.49    5873.08    50.0154   -109.415
     10100          0    2804.57    217.005     105.96        1.5    2547.44    3391.19    5938.63     46.695   -110.383
     10000          0    2804.57    218.318    103.329        1.5    2559.81    3436.87    5996.68    45.6823    -111.38
      9900          0    2804.57    219.625    100.511        1.5    2561.44    3481.55    6042.98    44.6745   -112.423
      9800          0    2804.57    220.929    97.5492        1.5    2564.26    3524.36    6088.62    42.8144   -113.519
      9700          0    2804.57    222.216    94.4771        1.5    2568.48    3565.33    6133.81    40.9718    -114.67
      9600          0    2804.57    223.487    91.3179        1.5    2573.21    3604.48    6177.69    39.1439   -115.877
      9500          0    2804.57    224.754     88.084        1.5    2573.49     3641.8    6215.28    37.3207    -117.14
      9400          0    2804.57    226.018    85.6636        1.5    2590.09    3680.98    6271.07    39.1818   -118.443
      9300          0    2804.57    227.263    83.7102        1.5    2605.93    3717.51    6323.45    36.5367   -119.741
      9200          0    2804.57    228.489    82.0199        1.5    2620.75    3752.73    6373.47    35.2113   -121.017
      9100          0    2804.57    229.703    80.5103        1.5     2627.5    3785.02    6412.52    32.2972   -122.265
      9000          0    2804.57    230.912    79.1438        1.5    2632.09    3813.41    6445.51    28.3881   -123.481
      8900          0    2804.57    232.119    77.9123        1.5    2647.35    3841.94    6489.29     28.531    -124.66
      8800          0    2804.57    233.317    76.7887        1.5    2651.04    3869.15    6520.19    27.2075   -125.801
      8700  0.0292969    2804.59    234.499    75.7565        1.5    2654.92    3895.05    6549.97    25.9005    -126.91
      8600   0.109863     2807.6    235.657     74.761        1.5    2664.01    3919.94    6583.95     24.893   -128.534
      8500  0.0317383    2818.51    236.754    73.6943        1.5    2666.81    3943.89    6610.69    23.9458   -131.448
      8400  0.0878906    2821.74    237.836    73.1955        1.5    2673.03    3967.35    6640.38    23.4641   -132.458
      8300          0    2830.44    238.898    72.9967        1.5    2678.29    3986.76    6665.05    19.4022   -134.418
      8200 0.00244141    2830.45     239.95    73.1304        1.5     2679.1    4005.68    6684.79    18.9254    -134.47
      8100          0    2830.69    241.013    73.5309        1.5    2682.91    4024.12    6707.03    18.4372   -134.689
      8000  0.0830078    2830.77    242.077    74.1176        1.5    2687.18    4041.77    6728.94    17.6476   -134.933
      7900          0    2838.99    243.101    74.8093        1.5    2692.09    4058.66    6750.75    16.8993   -136.692
      7800          0    2838.99    244.117    75.7316        1.5    2694.65    4074.25    6768.89    15.5832   -136.573
      7700  0.0341797    2839.02    245.148    76.8636        1.5    2694.85     4089.5    6784.35    15.2516   -136.522
      7600          0    2842.41    246.154    78.1282        1.5     2697.1    4103.45    6800.54    13.9464   -137.104
      7500          0    2842.41    247.134    79.5627        1.5     2704.6    4116.14    6820.73    12.6915     -136.9
      7400          0    2842.41    248.106    80.0431        1.5    2715.26    4127.58    6842.84    11.4439   -136.718
      7300          0    2842.41    249.072    79.9813        1.5    2727.22    4139.78    6867.01    12.2029   -136.588
      7200          0    2842.41    250.033    79.6313        1.5    2742.79    4152.75    6895.55    12.9666   -136.512
      7100          0    2842.41    250.989    79.0839        1.5    2759.01    4164.06    6923.07    11.3106   -136.488
      7000          0    2842.41     251.93    78.3928        1.5    2767.51    4169.73    6937.24    5.67012   -136.509
      6900          0    2842.41    252.851    77.6041        1.5    2775.97    4174.98    6950.95    5.24873   -136.569
      6800          0    2842.41    253.747    76.7409        1.5    2782.57    4184.13    6966.71    9.15307   -136.665
      6700          0    2842.41     254.62    75.8291        1.5    2788.67    4191.61    6980.29    7.48044   -136.792
      6600          0    2842.41    255.476    74.8975        1.5    2795.43    4195.54    6990.96     3.9243   -136.947
      6500          0    2842.41     256.32    73.9356        1.5    2799.24    4200.32    6999.56     4.7803   -137.127
      6400          0    2842.41    257.154     73.269        1.5    2802.42    4204.36    7006.79    4.04551   -137.326
      6300          0    2842.41     257.98    72.7727        1.5    2806.33    4209.33    7015.66    4.97029   -137.525
      6200          0    2842.41    258.786    72.3819        1.5    2818.14    4214.35    7032.49    5.01359   -137.718
      6100          0    2842.41    259.572     72.086        1.5     2830.7    4219.43    7050.12    5.07769   -137.899
      6000          0    2842.41    260.333    71.8563        1.5    2832.26    4224.59    7056.85    5.16668   -138.065
      5900          0    2842.41    261.069    71.6801        1.5    2835.62    4227.22    7062.84    2.63126   -138.215
      5800          0    2842.41    261.786    71.5463        1.5     2845.1    4230.94    7076.04    3.71434   -138.349
      5700 0.00488281    2842.41     262.49    71.4477        1.5     2845.5    4234.35    7079.85    3.41026   -138.469
      5600  0.0195312    2842.92    263.182    71.3724        1.5    2847.73    4237.32    7085.05    2.96825   -138.666
      5500          0    2844.85    263.855    71.2984        1.5    2855.35    4239.86    7095.21    2.54455   -139.093
      5400          0    2844.85    264.524    70.5124        1.5    2862.21    4241.76    7103.98    1.90108    -139.08
      5300          0    2844.85    265.192    69.3018        1.5    2862.99    4243.02    7106.01    1.25794   -139.134
      5200          0    2844.85    265.849    67.8538        1.5    2874.44    4246.97    7121.41    3.95072    -139.26
      5100          0    2844.85    266.494    66.2523        1.5    2876.11    4249.68    7125.79    2.70609    -139.46
      5000  0.0610352    2844.91    267.124    64.5143        1.5    2884.16    4251.15    7135.32    1.47635   -139.741
      4900   0.078125    2851.03      267.7    62.6054        1.5    2893.67    4253.45    7147.12    2.30017   -141.215
      4800  0.0170898    2858.78    268.207    60.5458        1.5    2898.93       4256    7154.93    2.54314   -142.784
      4700          0    2860.47    268.701    58.4894        1.5    2899.57     4258.8    7158.36    2.79851   -143.028
      4600  0.0634766    2860.54    269.218    56.4682        1.5    2907.86    4259.38    7167.24    0.58238   -143.104
      4500  0.0976562    2866.92     269.71    54.3303        1.5    2917.97    4259.99    7177.96  -0.609933    -144.53
      4400   0.107422    2876.69    270.143    52.4413        1.5    2928.65    4260.94    7189.59   0.957344    -146.44
      4300  0.0756836     2887.4    270.525     50.691        1.5    2936.85    4261.92    7198.77   0.975436    -148.26
      4200   0.141602    2895.04    270.892    49.0702        1.5    2949.45    4263.23    7212.68    1.30788   -149.289
      4100   0.200195    2909.26    271.224    47.4581        1.5    2965.96     4263.7    7229.66   0.476433   -151.491
      4000   0.205078    2929.28     271.47    45.7714        1.5    2982.63    4265.53    7248.16    1.83031   -154.433
      3900   0.234375    2949.82    271.639    44.0636        1.5    3001.79     4268.8    7270.58    3.26059   -156.987
      3800    0.17334     2973.2    271.746    42.3278        1.5    3019.12     4270.5    7289.62    1.70443    -159.68
      3700   0.200195    2990.56    271.836    40.0797        1.5    3040.33    4271.99    7312.32    1.48931   -160.911
      3600   0.146484    3010.52    271.921    36.2686        1.5    3058.85    4273.27    7332.12    1.27928   -162.657
      3500   0.124512    3025.15    272.017    31.8501        1.5    3076.36    4276.25    7352.61    2.98282   -163.452
      3400  0.0683594    3037.54    272.149    27.2647        1.5    3089.77     4278.1    7367.87    1.85057   -164.124
      3300          0    3044.31    272.337    22.5449        1.5    3093.82    4280.11    7373.93    2.01315   -164.122
      3200 0.00488281    3044.32    272.611     18.322        1.5    3099.25     4282.2    7381.46    2.08895   -163.419
      3100          0     3044.8    272.953    15.5101        1.5    3103.31     4283.9    7387.21    1.69734   -163.421
      3000  0.0537109    3044.85     273.33    13.1983        1.5    3110.63    4285.17     7395.8    1.27004   -163.742
      2900  0.0634766    3050.23    273.699    11.1549        1.5    3118.53    4286.97    7405.51    1.80053    -165.31
      2800   0.065918    3056.58    274.041    9.29084        1.5    3126.91    4288.23    7415.14    1.25913   -167.028
      2700          0    3063.11    274.365    7.39175        1.5    3128.35    4292.77    7421.12    4.53487   -168.714
      2600          0    3063.11    274.718    5.22339        1.5    3135.96    4293.58    7429.54  -0.817838   -169.196
      2500 0.00488281    3063.12    275.111    2.98984        1.5    3140.87    4296.37    7437.24    2.78903   -169.943
      2400  0.0390625    3063.64     275.52   0.725338        1.5    3147.89    4298.45    7446.34    2.08008   -170.985
      2300  0.0170898    3067.52    275.914   -1.61838        1.5    3153.01    4299.69     7452.7    1.23586   -172.758
      2200          0    3069.21    276.298   -3.82335        1.5    3154.34    4300.09    7454.43   0.401669   -174.097
      2100  0.0439453    3069.26    276.693   -5.58273        1.5    3160.27     4300.2    7460.47   0.107432   -175.193
      2000  0.0439453    3073.65    277.068   -7.21965        1.5    3166.15    4300.37    7466.52  -0.168046   -177.153
      1900  0.0341797    3078.04    277.412   -8.75621        1.5    3171.27    4300.49    7471.76   0.121618   -178.981
      1800  0.0488281    3081.47    277.742   -10.1867        1.5    3177.46    4300.56    7478.02  -0.075137   -180.539
      1700  0.0634766    3086.37    278.057   -11.6504        1.5       3185    4301.13    7486.13   0.569394   -182.314
      1600  0.0219727    3092.67    278.348   -13.3377        1.5    3189.78    4303.07    7492.85    1.93955   -184.247
      1500  0.0146484    3094.86    278.641   -15.0356        1.5    3194.19    4303.17    7497.36 -0.0964836   -185.335
      1400  0.0292969    3096.34    278.955   -16.7367        1.5     3199.2    4305.17    7504.37   -2.00495   -186.383
      1300          0    3099.24     279.27   -18.4696        1.5    3200.51    4306.71    7507.22   -1.53436   -187.772
      1200          0    3099.24    279.596   -19.8931        1.5    3210.84    4307.79    7518.63   -1.08263   -188.655
      1100          0    3099.24    279.938   -20.5291        1.5    3217.94    4308.52    7526.46  -0.727866   -189.625
      1000          0    3099.24    280.288   -20.8283        1.5    3222.77    4309.04    7531.81  -0.522625    -190.62
       900          0    3099.24     280.64   -20.7686        1.5    3227.84    4310.03    7537.87  -0.989979   -191.602
       800          0    3099.24     280.99   -20.4419        1.5       3234    4312.36    7546.36    2.33021   -192.543
       700          0    3099.24    281.335    -19.797        1.5    3237.77    4315.09    7552.87    2.73164   -193.424
       600          0    3099.24    281.675   -18.6784        1.5    3251.25    4315.59    7566.85  -0.500461   -194.221
       500          0    3099.24    282.011   -17.2756        1.5    3265.04    4316.96       7582   -1.36881   -194.915
       400          0    3099.24    282.343   -15.5626        1.5    3291.05    4317.35     7608.4   0.384664   -195.496
       300          0    3099.24     282.67   -13.5971        1.5    3306.18    4322.29    7628.47   -4.94358   -195.954
       200          0    3099.24    282.993   -11.1484        1.5    3327.93    4327.99    7655.92    -5.7008   -196.282
       100          0    3099.24    283.311   -7.78377        1.5    3334.64    4329.85    7664.49   -1.85592   -196.445
         0   0.112305    3099.36    283.621   -3.92494        1.5    3341.14    4346.78    7687.93    16.9367   -196.436