     20000          0          0    179.437    415.631        0.4     17.399    14.2831     31.682    14.2831    51.8336
     19900          0          0    179.437     414.68        0.4    28.2793    29.7361    58.0154    15.4531    51.7019
     19800          0          0    179.437    414.027        0.4    44.2321    46.3592    90.5912    16.6231    51.5707
     19700          0          0    179.437    413.765        0.4    53.1471    60.5222    113.669    14.1631    51.4563
     19600  0.0366211  0.0366211    179.437    413.802        0.4    62.7691    72.5053    135.274    11.9831     51.365
     19500          0    3.66211     179.48    411.941        0.4    64.9086     81.975    146.884    9.46974      50.44
     19400          0    3.66211    179.532    409.032        0.4    76.4162    93.9631    170.379    11.9881    50.4802
     19300          0    3.66211    179.557    406.382        0.4    86.3338    105.956     192.29    11.9932     50.362
     19200          0    3.66211    179.569     403.75        0.4    87.7837    117.967    205.751    12.0106    50.1195
     19100          0    3.66211    179.576    402.847        0.4     87.831    129.481    217.312    11.5143    49.7958
     19000          0    3.66211    179.578    402.985        0.4    88.5158    141.803    230.319    12.3217    49.4841
     18900          0    3.66211    179.579    401.309        0.4    90.2245    154.934    245.159    13.1312     49.188
     18800          0    3.66211    179.578    398.627        0.4    99.8379    165.326    265.164     10.392    48.8181
     18700          0    3.66211    179.576    396.773        0.4    121.044     177.02    298.064    11.6936    48.3638
     18600          0    3.66211    179.574    395.323        0.4    155.532    191.345    346.877    14.3256    47.8732
     18500          0    3.66211    179.572     393.93        0.4    197.542    199.893    397.435    8.54778    47.3616
     18400          0    3.66211     179.57    392.599        0.4    206.293    207.993    414.286    8.10005    46.8323
     18300          0    3.66211    179.568    389.492        0.4    210.055    216.445      426.5    8.45231    46.2595
     18200          0    3.66211    179.565    385.287        0.4    235.068      224.9    459.968     8.4545    45.5601
     18100          0    3.66211    179.563    381.704        0.4    284.124     232.83    516.953    7.92993    44.7198
     18000          0    3.66211    179.561    378.355        0.4    328.629    241.322    569.951    8.49191    43.7808
     17900          0    3.66211     179.56    377.398        0.4    365.771    251.232    617.003    9.91044    42.7962
     17800          0    3.66211    179.558    377.916        0.4    400.995    262.004    662.999    10.7722    41.8844
     17700          0    3.66211    179.556    376.015        0.4     435.77    272.168    707.938    10.1638    41.0455
     17600  0.0854492    3.74756    179.555    372.796        0.4    459.654    286.339    745.993    14.1703    40.1313
     17500   0.378418    12.5854    179.654    372.662        0.4    467.712    300.069    767.781    13.7306    37.1402
     17400   0.493164     50.542    182.692     404.21        0.4    496.413     309.16    805.573    9.09079    26.9144
     17300   0.410156    99.7754    184.318    412.921        0.4    524.693    317.565    842.258    8.40524    17.3377
     17200   0.437012    140.818     185.85     417.52        0.4    559.283      328.8    888.084    11.2352    11.9125
     17100   0.561523    184.644    187.513    419.681        0.4    611.815    339.917    951.732    11.1168    7.04716
     17000   0.383301    240.618    189.481    419.935        0.4     659.01    352.536    1011.55    12.6187   0.447613
     16900   0.217285    278.782    191.642    414.326        0.4    696.805    364.519    1061.32    11.9834    -1.0342
     16800    0.17334    300.466    193.739    405.039        0.4    732.515     375.97    1108.48    11.4507   0.927594
     16700   0.291748    317.919    195.713    394.784        0.4    768.569    388.147    1156.72    12.1767    2.77576
     16600   0.460205    347.262    197.711    383.387        0.4    800.926    403.586    1204.51     15.439    0.88644
     16500   0.544434    393.367    199.946    382.573        0.4    836.338    411.993    1248.33    8.40771   -4.90861
     16400   0.637207    447.903    202.507    388.691        0.4     884.34    423.454    1307.79    11.4609   -11.3756
     16300   0.571289    511.558    205.408    391.341        0.4    939.981    430.563    1370.54    7.10821   -18.2857
     16200   0.368652    568.484    208.545    392.231        0.4    998.292    441.463    1439.76    10.9002   -22.3035
     16100   0.300293    605.281    211.655    381.492        0.4    1050.64    453.546    1504.19    12.0828   -21.4594
     16000   0.317383    635.327    214.599    362.971        0.4    1090.86     462.65    1553.51    9.10456   -20.2014
     15900     0.3125    667.061    217.433    352.708        0.4    1124.25    469.069    1593.32    6.41915   -20.5722
     15800   0.361328    698.359    220.219    347.544        0.4    1159.06     471.21    1630.27    2.14127   -21.3778
     15700   0.356445    734.487    223.016    343.618        0.4    1192.98    471.704    1664.68   0.493513   -23.4661
     15600   0.344238     770.12    225.854    340.749        0.4    1226.77    474.798    1701.56   -3.09447   -25.3718
     15500   0.341797    804.541    228.711    337.175        0.4       1259     479.98    1738.98   -5.18128   -26.9448
     15400   0.419922    838.799    231.578     333.24        0.4     1294.6    487.553    1782.15   -7.57292    -28.509
     15300   0.600586    880.972    234.519     330.83        0.4    1336.75    494.755     1831.5   -7.20211   -31.7455
     15200   0.720215     941.15    237.706    329.209        0.4    1378.07    504.387    1882.46   -9.63268   -38.2959
     15100    0.83252    1013.28    241.264    333.444        0.4    1426.16    516.879    1943.04   -12.4911   -46.0041
     15000   0.932617    1096.64    245.234    341.648        0.4    1485.76     532.81    2018.57   -15.9318   -54.1005
     14900   0.827637    1189.79    249.636    347.039        0.4    1553.26      553.8    2107.06   -20.9893   -62.0514
     14800          0    1271.73    254.316     350.95        0.4    1629.15    578.837    2207.99   -25.0373   -65.8703
     14700          0    1271.73    258.398    340.724        0.4    1696.87     608.24    2305.11   -29.4034   -52.8394
     14600          0    1271.73    251.548    270.456        0.4    1722.29    623.948    2346.24   -15.7078    -42.731
     14500          0    1271.73    249.331      243.8        0.4    1731.54    633.932    2365.47   -9.98336   -39.1574
     14400          0    1271.73    249.601    227.912        0.4    1733.86    642.178    2376.03   -8.24666   -38.4156
     14300          0    1271.73    250.786    214.412        0.4    1733.98    653.815     2387.8   -11.6364   -38.9599
     14200          0    1271.73    252.214    202.934        0.4     1739.9    667.476    2407.38   -13.6614   -40.1387
     14100          0    1271.73    253.627    196.905        0.4    1745.87     682.77    2428.64   -15.2941   -41.5362
     14000          0    1271.73    254.947    194.312        0.4    1760.66    700.732    2461.39   -17.9615   -42.8025
     13900          0    1271.73    256.159    189.718        0.4    1780.26    716.321    2496.58   -15.5892    -43.882
     13800          0    1271.73    257.278    184.171        0.4    1790.79    735.084    2525.87   -18.7632   -44.9417
     13700          0    1271.73    258.313    180.139        0.4    1816.97    752.047    2569.02    -16.963   -46.0211
     13600          0    1271.73    259.272    176.972        0.4    1835.67    770.114    2605.78   -18.0669   -47.0719
     13500          0    1271.73    260.166     180.24        0.4    1854.67     794.45    2649.12    -24.336   -47.9817
     13400 0.00732422    1271.74    261.004    187.486        0.4    1872.28    816.414    2688.69   -21.9645   -48.4521
     13300   0.131836    1272.59    261.803    184.685        0.4    1890.33    841.357    2731.68   -24.9429   -48.7803
     13200    0.15625     1285.8    265.631    205.555        0.4    1891.12    867.073    2758.19   -25.7159   -51.8959
     13100   0.229492     1301.5     268.29    211.734        0.4    1895.91    899.498     2795.4   -32.4251   -53.9831
     13000   0.109863    1324.33    270.662    217.026        0.4    1899.75    931.674    2831.43    -32.176   -56.6606
     12900   0.258789    1335.46    272.705    222.678        0.4    1910.42    965.672    2876.09   -33.9972   -56.0794
     12800   0.266113    1361.35    274.446    228.271        0.4    1928.55    999.236    2927.78   -33.5645   -58.3844
     12700   0.141602    1387.84    276.231    229.698        0.4    1940.52    1032.86    2973.39   -33.6282   -60.1763
     12600          0    1401.86    278.139     228.26        0.4    1948.06    1065.85    3013.91   -32.9894   -59.1592
     12500          0    1401.86    279.921    227.547        0.4    1953.64    1098.79    3052.43   -32.9339    -55.698
     12400          0    1401.86    281.533    227.156        0.4    1961.71    1134.22    3095.93   -35.4333    -53.121
     12300          0    1401.86    283.039    225.568        0.4    1964.35    1170.47    3134.83   -36.2534   -51.2624
     12200   0.227051    1402.08    284.478    223.067        0.4    1981.27    1205.65    3186.92   -35.1755   -50.0965
     12100   0.375977    1424.94    286.064    221.828        0.4     2006.8    1239.27    3246.07   -33.6219   -54.1531
     12000   0.517578    1462.68    288.027    221.175        0.4    2040.45     1277.2    3317.65   -37.9298   -60.6182
     11900   0.683594     1514.6    290.467    221.043        0.4    2077.91    1313.11    3391.02   -35.9131   -68.7604
     11800   0.246582    1582.52    293.475    221.096        0.4     2119.9    1351.55    3471.45   -38.4349   -78.4776
     11700  0.0915527    1607.03    296.629    228.656        0.4     2172.8     1391.6     3564.4   -40.0472   -77.6341
     11600          0    1616.09    284.385    201.607        0.4    2205.29    1418.62    3623.91   -27.0211   -73.2128
     11500          0    1616.09    279.765    184.236        0.4     2230.1    1432.62    3662.71   -13.9983   -70.4441
     11400          0    1616.09     278.84    161.284        0.4    2244.42     1443.5    3687.93   -10.8883   -70.1534
     11300          0    1616.09    279.372    150.512        0.4    2252.83     1457.4    3710.23   -13.8946   -71.3375
     11200          0    1616.09    280.404    146.721        0.4    2256.91    1472.95    3729.86   -15.5536   -72.8347
     11100          0    1616.09    281.554    139.548        0.4    2272.56    1489.61    3762.17   -16.6541   -74.3055
     11000          0    1616.09    282.681     130.65        0.4    2296.51    1507.49       3804   -17.8806   -75.9105
     10900          0    1616.09    283.736    125.573        0.4    2310.81    1523.62    3834.43   -16.1363   -77.6178
     10800          0    1616.09    284.714    122.707        0.4    2313.18    1542.79    3855.97   -19.1644   -79.2299
     10700          0    1616.09    285.629    118.926        0.4    2316.91    1562.19     3879.1   -19.4042   -80.7322
     10600          0    1616.09     286.49    114.697        0.4    2324.64    1581.78    3906.42   -19.5904   -82.2215
     10500          0    1616.09    287.301    112.126        0.4    2332.46    1601.58    3934.05   -19.8012   -83.7067
     10400          0    1616.09    288.066    110.548        0.4    2340.81    1623.45    3964.26   -21.8656   -85.1192
     10300          0    1616.09    288.788    109.524        0.4    2342.48    1647.34    3989.82   -23.8881   -86.4416
     10200          0    1616.09    289.473    108.412        0.4    2344.94    1671.11    4016.06   -23.7726    -87.674
     10100          0    1616.09    290.122    106.279        0.4    2363.48    1697.53    4061.01   -26.4225   -88.8773
     10000          0    1616.09    290.741    103.821        0.4    2375.36    1724.27    4099.63   -26.7408   -90.1015
      9900          0    1616.09    291.331    101.194        0.4     2376.3     1751.3    4127.61   -27.0309   -91.3652
      9800          0    1616.09    291.896    98.4346        0.4    2378.24    1779.46    4157.69    -28.152   -92.6765
      9700          0    1616.09    292.438    95.5676        0.4    2383.54    1808.71    4192.25   -29.2507   -94.0401
      9600 0.00732422     1616.1    292.961    92.6129        0.4    2389.58    1839.04    4228.61   -30.3294   -95.4597
      9500          0    1616.82    293.475    89.5697        0.4    2391.34    1870.44    4261.77   -31.3998   -97.0718
      9400          0    1616.82    293.975    87.2631        0.4    2406.34    1899.21    4305.55   -28.7753   -98.5528
      9300          0    1616.82    294.456    85.3953        0.4     2420.5    1929.87    4350.37   -30.6565    -100.04
      9200          0    1616.82    294.923    83.7595        0.4    2433.57    1961.09    4394.67   -31.2229   -101.513
      9100          0    1616.82    295.377    82.2813        0.4    2438.55    1994.47    4433.02   -33.3772   -102.965
      9000          0    1616.82    295.821    80.9294        0.4    2441.36    2030.99    4472.35   -36.5212   -104.389
      8900          0    1616.82    296.257    79.6979        0.4    2454.84     2066.6    4521.43   -35.6066   -105.782
      8800          0    1616.82    296.684    78.5622        0.4    2456.75    2102.76    4559.51   -36.1592   -107.143
      8700  0.0427246    1616.86    297.101    77.5067        0.4    2462.37    2139.46    4601.83   -36.7009   -108.478
      8600   0.107422     1621.2    297.561    76.4519        0.4    2473.16    2176.47    4649.63   -37.0105    -110.59
      8500  0.0415039    1631.88    298.159    75.3075        0.4    2477.57    2213.93     4691.5   -37.4592   -113.668
      8400  0.0878906    1636.07    298.799    74.6689        0.4    2485.27    2251.42    4736.69   -37.4987   -115.071
      8300          0    1644.78    299.456    74.3075        0.4    2489.22    2292.58     4781.8   -41.1557   -117.228
      8200  0.0109863    1644.79     300.05    74.2653        0.4    2489.55    2333.76     4823.3   -41.1753   -117.472
      8100          0    1645.87    300.541    74.4735        0.4    2492.41    2374.85    4867.26   -41.0907   -118.053
      8000  0.0732422    1645.95     300.97    74.8718        0.4    2497.43    2416.09    4913.52   -41.2447   -118.471
      7900          0     1653.2    301.445    75.3751        0.4    2501.77    2457.54    4959.31   -41.4454   -120.264
      7800          0     1653.2    301.912    76.0971        0.4    2503.97    2499.75    5003.72   -42.2119   -120.394
      7700  0.0268555    1653.23    302.299    77.0258        0.4    2504.01    2541.65    5045.65   -41.8993   -120.591
      7600          0    1655.88    302.678    78.0883        0.4     2506.3    2584.23    5090.52   -42.5784   -121.293
      7500          0    1655.88    303.039    79.3088        0.4    2514.05    2627.44    5141.49    -43.214   -121.372
      7400          0    1655.88     303.36    79.6498        0.4    2525.11    2671.25    5196.36   -43.8105   -121.465
      7300          0    1655.88    303.659    79.4736        0.4    2537.58    2713.63    5251.21   -42.3839   -121.604
      7200          0    1655.88    303.942    79.0347        0.4    2553.75    2754.58    5308.32   -40.9418   -121.794
      7100          0    1655.88    304.213    78.4162        0.4    2570.63    2796.49    5367.12   -41.9133    -122.03
      7000          0    1655.88    304.476    77.6637        0.4    2579.86    2843.37    5423.23   -46.8759    -122.31
      6900          0    1655.88    304.731    76.8178        0.4     2589.1       2890     5479.1   -46.6311   -122.629
      6800          0    1655.88     304.98    75.8972        0.4    2596.55    2932.08    5528.63   -42.0801   -122.983
      6700          0    1655.88    305.224    74.9255        0.4    2603.56     2975.2    5578.76   -43.1238   -123.369
      6600          0    1655.88    305.463    73.9307        0.4    2611.27    3021.26    5632.54   -46.0627   -123.783
      6500          0    1655.88    305.698    72.9032        0.4    2616.12    3065.86    5681.98   -44.5975   -124.223
      6400          0    1655.88    305.929    72.1476        0.4    2620.42    3110.59    5731.01   -44.7286    -124.68
      6300          0    1655.88    306.156    71.5523        0.4    2625.55     3153.8    5779.35   -43.2063   -125.139
      6200          0    1655.88     306.38    71.0503        0.4    2638.69    3196.37    5835.07   -42.5795   -125.591
      6100          0    1655.88    306.597    70.6322        0.4     2652.7    3238.32    5891.03   -41.9467   -126.033
      6000          0    1655.88    306.807    70.2705        0.4    2655.85    3279.63    5935.48   -41.3073   -126.461
      5900          0    1655.88    307.012    69.9535        0.4    2660.94    3322.94    5983.88   -43.3116   -126.875
      5800          0    1655.88     307.21    69.6729        0.4     2672.3    3364.65    6036.95   -41.7102   -127.275
      5700          0    1655.88    307.404    69.4231        0.4    2673.92    3406.15    6080.08   -41.5036   -127.659
      5600          0    1655.88    307.592    69.2008        0.4    2673.99     3447.6    6121.58   -41.4416   -128.029
      5500          0    1655.88    307.774    69.0029        0.4    2683.89    3488.97    6172.86   -41.3742   -128.383
      5400          0    1655.88    307.951    68.1192        0.4    2693.15     3530.5    6223.65   -41.5263   -128.736
      5300          0    1655.88    308.122    66.8124        0.4    2694.86    3572.17    6267.03   -41.6723   -129.126
      5200          0    1655.88    308.286    65.2761        0.4    2708.88    3610.66    6319.53   -38.4865   -129.566
      5100          0    1655.88    308.443    63.5918        0.4    2709.87     3649.9    6359.77   -39.2432   -130.063
      5000  0.0170898     1655.9    308.592    61.7747        0.4    2715.18    3689.89    6405.07   -39.9924   -130.622
      4900  0.0317383    1657.62    308.756    59.8467        0.4    2721.93    3728.65    6450.58   -38.7561   -131.555
      4800          0    1660.77     308.96    57.7971        0.4    2724.45    3766.86     6491.3   -38.2095   -132.734
      4700          0    1660.77    309.153    55.7143        0.4    2727.85    3804.51    6532.36   -37.6534   -133.276
      4600  0.0170898    1660.78    309.311    53.6226        0.4    2733.31    3844.02    6577.33   -39.5112   -133.927
      4500  0.0439453    1662.52    309.472    51.4585        0.4    2740.54    3884.39    6624.93   -40.3722   -134.984
      4400  0.0537109    1666.92    309.685    49.5522        0.4    2748.33    3922.98    6671.31   -38.5849    -136.53
      4300  0.0268555    1672.27    309.961    47.7751        0.4    2753.61    3961.44    6715.05   -38.4611   -138.124
      4200  0.0805664    1675.01    310.244    46.1088        0.4    2763.26    3999.48    6762.74   -38.0439   -139.111
      4100   0.126953    1683.11    310.576    44.4463        0.4    2776.75    4038.36    6815.11   -38.8757   -141.095
      4000   0.126953    1695.81    311.046    42.7021        0.4    2790.35     4076.1    6866.46   -37.7459   -143.696
      3900   0.151367    1708.53    311.632    40.9217        0.4    2806.37    4112.84    6919.21   -36.7323   -145.949
      3800   0.102539    1723.61    312.314    39.0954        0.4    2820.47     4151.7    6972.17   -38.8639    -148.37
      3700   0.124512    1733.89    313.009    36.7643        0.4    2838.37    4191.39    7029.75   -39.6842   -149.644
      3600  0.0805664     1746.3    313.699    32.9177        0.4    2853.53    4231.88    7085.41   -40.4991   -151.364
      3500  0.0634766    1754.34    314.354    28.4808        0.4    2867.67    4271.24    7138.91   -39.3544   -152.333
      3400   0.012207    1760.63     314.93    23.8817        0.4     2877.7    4312.17    7189.87   -40.9298    -153.24
      3300          0    1761.84    315.382    19.1668        0.4    2878.37     4353.2    7231.57   -41.0315   -153.525
      3200          0    1761.84    315.703    14.8567        0.4    2880.34     4394.2    7274.54   -41.0029   -154.047
      3100          0    1761.84    315.942    11.8847        0.4    2880.77    4435.49    7316.27   -41.2917   -154.917
      3000          0    1761.84    316.132    9.38693        0.4    2884.28    4477.03     7361.3   -41.5321   -156.008
      2900 0.00244141    1761.84    316.292    7.21692        0.4    2888.25    4517.82    7406.06   -40.7918   -157.245
      2800 0.00244141    1762.09    316.434    5.27106        0.4     2892.6    4558.95    7451.55    -41.134   -158.622
      2700          0    1762.33    316.565    3.31992        0.4    2895.23    4596.62    7491.84   -37.6653   -160.052
      2600          0    1762.33    316.684    1.03839        0.4    2907.02     4639.4    7546.42   -42.7843   -161.493
      2500          0    1762.33    316.792   -1.34162        0.4     2907.6    4678.29     7585.9   -38.8916   -162.999
      2400          0    1762.33     316.89   -3.75002        0.4    2910.15    4717.58    7627.73   -39.2905   -164.561
      2300          0    1762.33    316.983   -6.18437        0.4    2910.69    4757.42    7668.11   -39.8327   -166.172
      2200          0    1762.33     317.07   -8.49008        0.4    2916.69    4797.79    7714.48   -40.3698   -167.822
      2100          0    1762.33    317.152    -10.395        0.4    2917.81    4838.14    7755.95   -40.3525   -169.487
      2000          0    1762.33    317.232   -12.1366        0.4    2918.78    4878.47    7797.25   -40.3316   -171.146
      1900          0    1762.33    317.308   -13.7542        0.4     2918.9    4918.25    7837.14   -39.7744   -172.792
      1800          0    1762.33    317.381   -15.2757        0.4    2919.99    4957.96    7877.95   -39.7141   -174.416
      1700          0    1762.33     317.45   -16.8112        0.4    2922.38    4996.78    7919.16   -38.8234   -176.017
      1600          0    1762.33    317.516   -18.5336        0.4     2922.8    5034.01    7956.81   -37.2282   -177.603
      1500          0    1762.33    317.578    -20.307        0.4    2923.66    5073.04     7996.7    -39.033   -179.183
      1400          0    1762.33    317.637   -22.1175        0.4    2924.03    5113.73    8037.77   -40.6874   -180.758
      1300          0    1762.33    317.694   -23.9502        0.4     2928.2    5153.69    8081.89   -39.9583   -182.329
      1200          0    1762.33    317.749   -25.5226        0.4    2944.16    5192.93    8137.09   -39.2355   -183.895
      1100          0    1762.33    317.801   -26.3537        0.4    2957.08    5231.52     8188.6   -38.5914   -185.421
      1000          0    1762.33    317.852   -26.8652        0.4    2967.95     5269.6    8237.55   -38.0871    -186.88
       900          0    1762.33    317.901   -27.0342        0.4    2979.29    5307.85    8287.14   -38.2512    -188.26
       800          0    1762.33    317.949   -26.9449        0.4    2991.95    5342.48    8334.43   -34.6286    -189.55
       700          0    1762.33    317.995   -26.5498        0.4    3002.47    5376.41    8378.89   -33.9279   -190.745
       600          0    1762.33    318.039   -25.6953        0.4    3022.97    5413.28    8436.25   -36.8641   -191.829
       500          0    1762.33    318.082   -24.5644        0.4    3044.04    5450.72    8494.76   -37.4398   -192.791
       400          0    1762.33    318.124   -23.1328        0.4    3077.63    5486.11    8563.74   -35.3966   -193.625
       300          0    1762.33    318.165   -21.4541        0.4    3100.62    5526.55    8627.17   -40.4381   -194.326
       200          0    1762.33    318.204   -19.3121        0.4    3130.53    5567.46    8697.99   -40.9118    -194.89
       100          0    1762.33    318.243   -16.2831        0.4    3145.74    5604.25    8749.99   -36.7879   -195.284
         0          0    1762.33    318.281   -12.7767        0.4    3148.09    5621.97    8770.06   -17.7233   -195.483