     20000          0          0    179.437    415.631        1.2     17.399    14.2831     31.682    14.2831    51.8336
     19900          0          0    179.437     414.68        1.2    28.2793    29.7361    58.0154    15.4531    51.7019
     19800          0          0    179.437    414.027        1.2    44.2321    46.3592    90.5912    16.6231    51.5707
     19700          0          0    179.437    413.765        1.2    53.1471    60.5222    113.669    14.1631    51.4563
     19600  0.0463867  0.0463867    179.437    413.802        1.2    62.7691    72.5053    135.274    11.9831    51.3624
     19500          0    4.63867    179.438    411.934        1.2    64.9148    82.0174    146.932    9.51211    50.2124
     19400          0    4.63867    179.439     409.03        1.2    76.4244    94.0983    170.523    12.0809    50.3098
     19300          0    4.63867     179.44    406.388        1.2    86.3365    106.209    192.545    12.1104    50.2326
     19200          0    4.63867     179.44    403.763        1.2    87.7739    118.349    206.123    12.1401    50.0188
     19100          0    4.63867     179.44    402.866        1.2    87.8399    129.999    217.839    11.6499    49.7153
     19000          0    4.63867     179.44    403.009        1.2    88.5488    142.458    231.007    12.4598    49.4178
     18900          0    4.63867     179.44    401.337        1.2    90.2854    155.728    246.014    13.2698    49.1318
     18800          0    4.63867     179.44    398.657        1.2     99.868    166.258    266.126    10.5297    48.7693
     18700          0    4.63867     179.44    396.807        1.2    121.041    178.088    299.129    11.8297    48.3203
     18600          0    4.63867     179.44    395.357        1.2    155.494    192.547    348.041    14.4596    47.8336
     18500          0    4.63867     179.44    393.966        1.2    197.468    201.227    398.695    8.67955    47.3249
     18400          0    4.63867    179.441    392.636        1.2    206.181    209.456    415.638    8.22947     46.798
     18300          0    4.63867    179.441     389.53        1.2    209.981    218.036    428.016    8.57938    46.2269
     18200          0    4.63867    179.441    385.324        1.2    234.956    226.615    461.571    8.57927    45.5288
     18100          0    4.63867    179.441    381.741        1.2    283.975    234.667    518.643    8.05249    44.6895
     18000          0    4.63867    179.441    378.391        1.2    328.444     243.28    571.724    8.61235    43.7514
     17900          0    4.63867    179.441    377.435        1.2    365.549    253.309    618.858    10.0289    42.7675
     17800          0    4.63867    179.441    377.953        1.2    400.736    264.197    664.934    10.8887    41.8563
     17700          0    4.63867    179.441    376.052        1.2    435.475    274.476    709.951    10.2786    41.0178
     17600   0.102539    4.74121    179.442    372.832        1.2    459.323    288.759    748.082    14.2834    40.0995
     17500   0.473633    15.3662    179.444    372.694        1.2    467.349      302.7     770.05    13.9411    36.6963
     17400      0.625    62.8809    182.129    404.203        1.2    496.042    312.354    808.396    9.65331    24.3687
     17300   0.522461    125.278    182.965    412.882        1.2    524.284    322.112    846.396    9.75828    12.4399
     17200   0.561523    177.563    183.445    417.528        1.2    558.882    335.752    894.634    13.6404    5.68498
     17100   0.727539    233.882    183.923    419.805        1.2    611.537     350.46    961.997    14.7074  -0.432382
     17000   0.493164    306.401    184.509    420.216        1.2    659.013    368.051    1027.06    17.5912   -8.79009
     16900   0.285645     355.51    185.222    414.818        1.2    697.301    386.453    1083.75    18.4027   -10.4888
     16800   0.229492    384.019    186.051    405.799        1.2     733.77    405.592    1139.36    19.1385   -7.91669
     16700   0.388184    407.126    186.982    395.826        1.2    770.866      426.5    1197.37    20.9079   -5.40938
     16600   0.615234    446.172    188.004    384.657        1.2    804.492    451.646    1256.14    25.1462   -7.64872
     16500   0.734863    507.815    189.109     384.16        1.2    841.493     470.89    1312.38    19.2441   -14.9011
     16400   0.869141    581.436     190.29    390.622        1.2    891.425    494.568    1385.99    23.6778   -23.1791
     16300   0.776367    668.257    191.534    393.548        1.2    949.273     515.55    1464.82    20.9817   -32.2273
     16200    0.50293     745.62    192.829    394.779        1.2    1010.13    542.165     1552.3    26.6155   -37.3644
     16100   0.419922     795.83    194.161    384.212        1.2     1065.2    571.742    1636.95    29.5767   -36.1569
     16000   0.446777    837.849     195.52    365.786        1.2    1108.23    599.925    1708.16     28.183   -34.4356
     15900   0.446777    882.527    196.904     355.82        1.2    1144.74    626.873    1771.61     26.948   -34.7015
     15800   0.515137    927.273    198.311    350.948        1.2    1182.95    650.922    1833.87    24.0487   -35.5988
     15700   0.512695    978.784    199.738     347.31        1.2    1220.56    674.693    1895.25    23.7715   -38.1596
     15600   0.498047    1030.04    201.183    344.749        1.2    1258.35    696.271    1954.62    21.5773   -40.5325
     15500    0.50293    1079.85    202.639    341.448        1.2    1294.85    717.161    2012.02    20.8907   -42.4774
     15400   0.610352    1130.25    204.106     337.77        1.2    1334.98     737.06    2072.04    19.8987   -44.5281
     15300   0.859375    1191.53    205.582    335.643        1.2    1381.95    758.795    2140.74    21.7349   -48.6943
     15200     1.0376    1277.65    207.065    334.264        1.2    1428.32    779.803    2208.12    21.0079   -57.1329
     15100    1.20605    1381.58    208.556    338.945        1.2    1481.92     800.02    2281.94    20.2171   -67.2722
     15000    1.35742    1502.33    210.051    347.682        1.2    1547.55    819.271    2366.82    19.2513   -78.1035
     14900    1.19385    1637.91    211.547    353.483        1.2    1621.49    836.371    2457.86    17.0993   -88.8627
     14800  0.0244141    1756.13    213.037    357.925        1.2    1704.36    852.612    2556.97    16.2417   -93.8491
     14700          0    1758.54    214.449    347.725        1.2    1779.08    867.157    2646.23     14.545   -76.8699
     14600          0    1758.54    207.288    276.616        1.2    1810.66     895.71    2706.37    28.5524   -63.3051
     14500          0    1758.54    205.262    249.605        1.2    1825.71    929.796    2755.51     34.086    -57.228
     14400          0    1758.54    205.538    233.345        1.2    1833.46    965.612    2799.07    35.8162   -54.6127
     14300          0    1758.54    206.609    219.397        1.2    1838.57    998.153    2836.73    32.5408   -53.7583
     14200          0    1758.54    207.914    207.528        1.2     1839.9    1028.79    2868.69    30.6382   -53.8965
     14100          0    1758.54    209.263    201.364        1.2    1841.41    1057.86    2899.27    29.0708   -54.5229
     14000          0    1758.54    210.598    198.719        1.2    1851.79    1084.25    2936.04    26.3875   -55.2175
     13900          0    1758.54    211.907    193.897        1.2    1867.21    1112.91    2980.12    28.6632     -55.87
     13800          0    1758.54    213.191    188.097        1.2    1873.81    1138.24    3012.05     25.324   -56.6076
     13700          0    1758.54    214.453     183.88        1.2    1896.25    1165.13    3061.39    26.8965   -57.4409
     13600          0    1758.54    215.695    180.525        1.2     1911.4    1190.64    3102.04    25.5102   -58.2996
     13500          0    1758.54    216.916    183.988        1.2    1926.65    1209.56    3136.21    18.9138   -59.0568
     13400   0.078125    1758.62    218.122    191.546        1.2     1940.2    1230.48    3170.67    20.9183   -59.4185
     13300   0.229492    1766.59    219.306    188.302        1.2    1954.63    1248.03    3202.66    17.5545   -61.0473
     13200    0.26123    1789.57    222.878    209.752        1.2    1958.03    1265.07     3223.1    17.0374   -65.4833
     13100   0.349121    1815.78      225.2    216.157        1.2    1967.24    1275.73    3242.97    10.6651     -68.66
     13000   0.209961    1850.55     227.11    221.544        1.2    1967.91    1287.11    3255.02    11.3759   -72.4041
     12900   0.390625    1871.73    228.681    227.352        1.2    1983.25    1297.13    3280.38    10.0268   -72.3433
     12800   0.395508     1910.8    229.916    233.096        1.2     2006.2     1308.1     3314.3    10.9656   -75.5693
     12700   0.246582     1950.2    231.046    234.482        1.2    2022.96    1319.66    3342.62    11.5563   -78.0139
     12600          0    1974.61    232.278     232.97        1.2    2025.79    1332.53    3358.31     12.872   -77.1054
     12500          0    1974.61    233.564    232.366        1.2    2026.55    1345.95     3372.5    13.4232   -71.7973
     12400          0    1974.61    234.891    232.142        1.2    2029.64    1357.16     3386.8    11.2095   -67.7604
     12300  0.0732422    1974.68    236.247    230.677        1.2    2037.38     1367.7    3405.08    10.5389   -64.7659
     12200   0.356445    1982.29    237.627    228.195        1.2    2059.43    1379.38    3438.81    11.6752    -64.179
     12100   0.537109    2018.12    239.023    226.971        1.2    2090.11    1392.79     3482.9    13.4187    -69.667
     12000   0.715332       2072     240.43    226.297        1.2    2128.88    1402.46    3531.34    9.66772   -77.7451
     11900   0.942383    2143.76    241.846    226.176        1.2    2171.46    1415.17    3586.63    12.7081   -87.6906
     11800   0.366211    2237.43    243.271    226.249        1.2    2218.61    1426.94    3645.55    11.7688   -99.6945
     11700   0.163574    2273.85    244.715    234.436        1.2    2277.29    1438.81     3716.1    11.8668   -98.3788
     11600          0    2290.04    233.173    207.029        1.2    2315.21       1463     3778.2    24.1915   -92.8855
     11500          0    2290.04    229.441    188.611        1.2    2344.38    1499.32    3843.71     36.326   -88.2264
     11400  0.0244141    2290.06    229.119    164.395        1.2    2361.82    1538.16    3899.98    38.8329   -86.5755
     11300          0    2292.48    230.018    153.089        1.2    2372.81    1573.62    3946.42    35.4595   -87.2252
     11200          0    2292.48    231.308     148.95        1.2    2379.12    1607.16    3986.27    33.5419   -87.8833
     11100          0    2292.48    232.688    141.213        1.2     2393.1    1639.37    4032.47    32.2115   -88.7257
     11000          0    2292.48    234.073    131.782        1.2    2415.92     1670.1    4086.01    30.7271   -89.8527
     10900          0    2292.48    235.444    126.443        1.2    2429.34    1702.25     4131.6    32.1556   -91.1884
     10800          0    2292.48    236.794    123.387        1.2    2431.04    1731.01    4162.05    28.7559   -92.5029
     10700          0    2292.48    238.119    119.362        1.2    2434.33    1759.11    4193.45    28.1062   -93.7596
     10600          0    2292.48     239.42    114.907        1.2    2441.85    1786.59    4228.44    27.4795   -95.0402
     10500          0    2292.48    240.703    112.227        1.2    2449.58    1813.39    4262.97    26.7974   -96.3425
     10400          0    2292.48    241.966    110.573        1.2     2457.9    1837.62    4295.52    24.2339   -97.5895
     10300          0    2292.48    243.205    109.511        1.2    2459.58    1859.32     4318.9    21.6954    -98.757
     10200          0    2292.48    244.417     108.35        1.2    2462.11     1880.6    4342.71    21.2834   -99.8402
     10100          0    2292.48    245.606    106.133        1.2    2480.78     1898.7    4379.48    18.0937   -100.899
     10000          0    2292.48    246.774     103.58        1.2    2492.91    1915.92    4408.83    17.2258   -101.982
      9900          0    2292.48    247.916    100.851        1.2    2494.19    1932.31     4426.5    16.3837   -103.107
      9800          0    2292.48    249.036    97.9868        1.2    2496.58    1947.01    4443.59     14.708   -104.282
      9700          0    2292.48     250.14    95.0129        1.2    2501.33    1960.06    4461.39    13.0478   -105.511
      9600          0    2292.48    251.226    91.9528        1.2     2506.7    1971.47    4478.17     11.405   -106.794
      9500          0    2292.48    252.286    88.8215        1.2    2507.71    1981.26    4488.97    9.78928   -108.131
      9400          0    2292.48    253.323    86.4715        1.2    2523.51    1993.13    4516.64    11.8767   -109.507
      9300          0    2292.48    254.346    84.5732        1.2    2538.49    2002.59    4541.08    9.45419   -110.879
      9200          0    2292.48    255.358    82.9225        1.2     2552.4    2010.93    4563.33    8.34245    -112.23
      9100          0    2292.48    256.356    81.4426        1.2    2558.22    2016.57    4574.79    5.64439   -113.554
      9000          0    2292.48    257.332     80.101        1.2    2561.86    2018.54     4580.4    1.96803   -114.846
      8900          0    2292.48    258.288    78.8912        1.2    2576.14     2020.9    4597.04    2.36187   -116.103
      8800          0    2292.48    259.218    77.7877        1.2    2578.83    2022.21    4601.04    1.30739   -117.322
      8700  0.0390625    2292.52    260.122    76.7724        1.2    2583.72    2022.49    4606.21   0.277609   -118.512
      8600   0.114746     2296.5    261.007    75.7751        1.2    2593.83    2022.95    4616.77  -0.457222   -120.404
      8500  0.0415039     2307.9    261.872    74.6963        1.2    2597.62    2024.12    4621.74   -1.17228   -123.467
      8400  0.0952148    2312.11    262.725    74.1604        1.2    2604.81    2025.54    4630.36   -1.42473    -124.69
      8300          0    2321.53    263.565    73.9128        1.2    2609.16    2030.81    4639.97   -5.26514   -126.799
      8200   0.012207    2321.55    264.388    74.0013        1.2    2609.22    2036.32    4645.54   -5.51325   -126.845
      8100          0    2322.75    265.194     74.345        1.2    2612.22    2042.07    4654.28    -5.7445   -127.262
      8000  0.0878906    2322.84    265.983    74.8826        1.2    2617.24    2048.32    4665.57   -6.25801   -127.502
      7900          0    2331.54    266.744    75.5188        1.2    2621.45    2055.07    4676.51   -6.74356   -129.381
      7800 0.00488281    2331.55    267.482    76.3907        1.2    2623.34    2062.85    4686.19   -7.78199   -129.276
      7700  0.0390625    2332.07    268.208     77.469        1.2    2623.75    2070.66    4694.41   -7.80777    -129.35
      7600 0.00244141    2335.94    268.921    78.6706        1.2    2625.46    2079.48    4704.94   -8.82132   -130.053
      7500          0    2336.18    269.626    80.0389        1.2    2632.48    2089.28    4721.76   -9.80148   -129.917
      7400          0    2336.18    270.327     80.489        1.2     2642.7    2100.06    4742.76   -10.7766   -129.768
      7300          0    2336.18    271.021    80.4083        1.2    2654.23     2109.8    4764.03   -9.74625   -129.688
      7200          0    2336.18    271.705    80.0511        1.2    2669.39    2118.51    4787.89   -8.70452   -129.674
      7100          0    2336.18    272.373    79.5051        1.2    2685.18    2128.58    4813.76    -10.073   -129.719
      7000          0    2336.18    273.029     78.818        1.2    2693.26    2144.01    4837.27   -15.4293   -129.816
      6900          0    2336.18    273.672     78.034        1.2    2701.28    2159.58    4860.87   -15.5718   -129.957
      6800          0    2336.18    274.295    77.1744        1.2    2707.45    2170.98    4878.43   -11.3949   -130.137
      6700          0    2336.18    274.899    76.2646        1.2    2713.12    2183.78    4896.89   -12.7987   -130.352
      6600          0    2336.18    275.487     75.333        1.2    2719.44    2199.86     4919.3   -16.0874   -130.597
      6500          0    2336.18    276.064    74.3697        1.2    2722.82    2214.83    4937.64   -14.9639    -130.87
      6400          0    2336.18    276.631    73.6915        1.2    2725.57    2230.26    4955.83   -15.4307   -131.162
      6300          0    2336.18    277.189    73.1787        1.2    2729.08     2244.5    4973.57   -14.2392   -131.456
      6200          0    2336.18    277.741    72.7639        1.2     2740.5    2258.44    4998.94   -13.9409   -131.744
      6100          0    2336.18    278.286    72.4367        1.2    2752.71    2272.07    5024.78   -13.6365   -132.023
      6000          0    2336.18    278.824    72.1687        1.2    2753.96     2285.4    5039.35   -13.3238   -132.289
      5900          0    2336.18    279.348    71.9489        1.2    2757.05    2301.05     5058.1   -15.6476   -132.541
      5800          0    2336.18    279.856    71.7687        1.2    2766.31     2315.4    5081.72   -14.3562   -132.779
      5700 0.00488281    2336.19     280.35    71.6223        1.2    2766.89    2329.85    5096.74     -14.45   -133.004
      5600  0.0195312    2336.69    280.828    71.4989        1.2    2769.25    2344.53    5113.78   -14.6779   -133.306
      5500          0    2338.62    281.287    71.3765        1.2    2776.78    2359.42     5136.2   -14.8873   -133.836
      5400          0    2338.62    281.729    70.5612        1.2     2783.6    2374.72    5158.32   -15.3042   -133.926
      5300          0    2338.62    282.157    69.3284        1.2    2784.41    2390.43    5174.83   -15.7067   -134.082
      5200          0    2338.62    282.573    67.8626        1.2    2795.84     2403.2    5199.04   -12.7729   -134.309
      5100          0    2338.62     282.98    66.2456        1.2     2797.5    2416.98    5214.49   -13.7801   -134.608
      5000  0.0561523    2338.68     283.38    64.4922        1.2    2805.54    2431.76     5237.3     -14.78   -134.989
      4900  0.0732422    2344.31     283.77    62.5692        1.2    2815.01    2445.53    5260.54   -13.7696   -136.473
      4800  0.0146484    2351.58    284.148     60.491        1.2    2820.22    2458.93    5279.15   -13.3978   -138.077
      4700          0    2353.03    284.522    58.4092        1.2    2820.93    2471.95    5292.88   -13.0216   -138.418
      4600  0.0585938    2353.09    284.895    56.3567        1.2    2829.12    2487.05    5316.16   -15.0954   -138.633
      4500  0.0878906    2358.97    285.264    54.1885        1.2    2839.08    2503.21    5342.29   -16.1644   -140.097
      4400  0.0976562    2367.77    285.626    52.2636        1.2    2849.58    2517.74    5367.31   -14.5256   -141.971
      4300   0.065918    2377.51     285.98    50.4717        1.2    2857.56    2532.22    5389.77   -14.4804   -143.789
      4200   0.129395    2384.16    286.331    48.8034        1.2     2869.9    2546.35    5416.24   -14.1312   -144.837
      4100   0.183105    2397.16    286.673    47.1399        1.2    2886.08    2561.32     5447.4   -14.9727    -147.03
      4000   0.185547    2415.47    286.999    45.3984        1.2    2902.38    2575.02     5477.4   -13.6986     -149.9
      3900   0.212402    2434.05    287.311    43.6309        1.2    2921.11    2587.43    5508.54   -12.4108   -152.378
      3800    0.15625    2455.23    287.612    41.8301        1.2    2937.95    2601.59    5539.54   -14.1615   -154.992
      3700   0.180664    2470.88    287.907    39.5214        1.2     2958.6    2616.17    5574.77   -14.5819   -156.268
      3600   0.129395     2488.9    288.199    35.6697        1.2    2976.51    2631.17    5607.69   -14.9989   -158.021
      3500   0.109863    2501.82     288.49    31.2202        1.2     2993.4    2644.66    5638.06   -13.4901   -158.878
      3400  0.0537109    2512.75    288.784    26.6057        1.2    3006.15    2659.45    5665.59   -14.7839   -159.652
      3300          0    2518.07    289.083    21.8661        1.2    3009.52    2674.18     5683.7   -14.7328   -159.741
      3200          0    2518.07     289.39    17.5991        1.2    3014.23    2688.87     5703.1   -14.6895   -159.376
      3100          0    2518.07    289.702    14.7254        1.2    3017.51    2703.92    5721.42   -15.0518   -159.562
      3000  0.0366211     2518.1    290.015    12.3418        1.2    3023.96    2719.33     5743.3   -15.4155   -160.121
      2900  0.0463867    2521.77    290.326    10.2419        1.2    3030.96    2734.16    5765.12   -14.8258   -161.584
      2800  0.0463867    2526.41     290.63     8.3291        1.2    3038.37    2749.49    5787.86   -15.3301    -163.24
      2700          0    2531.01    290.928    6.39017        1.2    3038.81    2761.52    5800.33   -12.0282   -164.854
      2600          0    2531.01    291.223    4.16652        1.2    3047.48    2778.84    5826.32   -17.3232   -165.642
      2500          0    2531.01    291.515    1.87108        1.2    3051.27    2792.46    5843.73    -13.615   -166.635
      2400  0.0195312    2531.03    291.801   -0.44722        1.2    3057.12    2806.66    5863.77   -14.2011   -167.789
      2300          0    2532.96    292.079   -2.81884        1.2    3061.03    2821.59    5882.62   -14.9292   -169.405
      2200          0    2532.96    292.351   -5.04529        1.2    3063.58    2837.24    5900.82    -15.651    -170.69
      2100  0.0219727    2532.98    292.618   -6.85245        1.2    3068.25    2853.06     5921.3   -15.8181   -172.056
      2000  0.0244141    2535.18    292.879    -8.5221        1.2    3072.82    2869.04    5941.86   -15.9788   -173.849
      1900   0.012207    2537.61    293.133   -10.0856        1.2    3076.62    2884.63    5961.25   -15.5995    -175.61
      1800  0.0244141    2538.84    293.383   -11.5414        1.2    3081.45    2900.35     5981.8   -15.7159   -177.088
      1700  0.0390625     2541.3    293.628   -13.0243        1.2    3087.62    2915.35    6002.97   -15.0013   -178.773
      1600          0    2545.17    293.868   -14.7278        1.2    3091.01    2928.93    6019.94   -13.5802   -180.649
      1500          0    2545.17    294.106    -16.444        1.2    3094.01    2944.49     6038.5   -15.5605    -181.75
      1400 0.00488281    2545.17    294.343   -18.1732        1.2    3097.58    2961.89    6059.46   -17.3933   -182.944
      1300          0    2545.65    294.579   -19.9258        1.2    3097.72    2978.73    6076.45   -16.8433   -184.288
      1200          0    2545.65    294.814   -21.4032        1.2    3109.56    2995.03    6104.59   -16.3002   -185.573
      1100          0    2545.65    295.046     -22.12        1.2    3118.25    3010.87    6129.11    -15.836    -186.86
      1000          0    2545.65    295.277   -22.5088        1.2    3124.76    3026.38    6151.13   -15.5116   -188.111
       900          0    2545.65    295.505   -22.5462        1.2    3131.61    3042.23    6173.84   -15.8553   -189.305
       800          0    2545.65    295.732   -22.3203        1.2    3139.64    3054.64    6194.29    -12.412   -190.426
       700          0    2545.65    295.957   -21.7812        1.2     3145.4    3066.53    6211.94     -11.89   -191.464
       600          0    2545.65    296.179    -20.774        1.2    3160.98    3081.54    6242.52   -15.0043     -192.4
       500          0    2545.65    296.398   -19.4851        1.2    3176.97    3097.29    6274.26   -15.7552    -193.22
       400          0    2545.65     296.61   -17.8888        1.2    3205.31    3111.18    6316.49   -13.8824   -193.918
       300          0    2545.65    296.815    -16.041        1.2    3222.89    3130.26    6353.15   -19.0885   -194.486
       200          0    2545.65    297.014   -13.7171        1.2    3247.21    3149.99    6397.19   -19.7213   -194.918
       100          0    2545.65    297.206   -10.4879        1.2    3256.62    3165.74    6422.36   -15.7509   -195.182
         0  0.0634766    2545.72    297.393   -6.77074        1.2    3260.28     3168.9    6429.18    3.16515   -195.264