     20000          0          0    179.437    415.631        0.1     17.399    14.2831     31.682    14.2831    51.8336
     19900          0          0    179.437     414.68        0.1    28.2793    29.7361    58.0154    15.4531    51.7019
     19800          0          0    179.437    414.027        0.1    44.2321    46.3592    90.5912    16.6231    51.5707
     19700          0          0    179.437    413.765        0.1    53.1471    60.5222    113.669    14.1631    51.4563
     19600  0.0341797  0.0341797    179.437    413.802        0.1    62.7691    72.5053    135.274     11.983    51.3657
     19500          0    3.41797    179.492    411.942        0.1    64.9075     81.963    146.871    9.45773    50.4969
     19400          0    3.41797    179.558    409.032        0.1    76.4157    93.9248     170.34    11.9618    50.5226
     19300          0    3.41797     179.59    406.379        0.1    86.3362    105.885    192.221      11.96     50.394
     19200          0    3.41797    179.606    403.745        0.1     87.791    117.859    205.649    11.9738    50.1443
     19100          0    3.41797    179.614    402.841        0.1    87.8315    129.334    217.166    11.4758    49.8157
     19000          0    3.41797    179.617    402.977        0.1    88.5081    141.617    230.125    12.2825    49.5004
     18900          0    3.41797    179.618    401.299        0.1    90.2075    154.709    244.916    13.0919    49.2018
     18800          0    3.41797    179.617    398.616        0.1    99.8311    165.062    264.893     10.353    48.8301
     18700          0    3.41797    179.615    396.763        0.1    121.048    176.717    297.765    11.6551    48.3745
     18600          0    3.41797    179.612    395.311        0.1    155.547    191.005    346.552    14.2878    47.8829
     18500          0    3.41797    179.609    393.918        0.1    197.568    199.515    397.084    8.51071    47.3706
     18400          0    3.41797    179.606    392.588        0.1    206.331    207.579     413.91    8.06378    46.8409
     18300          0    3.41797    179.603    389.481        0.1    210.081    215.996    426.077    8.41685    46.2676
     18200          0    3.41797      179.6    385.276        0.1    235.105    224.416    459.521    8.41984     45.568
     18100          0    3.41797    179.597    381.693        0.1    284.172    232.312    516.484    7.89606    44.7273
     18000          0    3.41797    179.595    378.344        0.1    328.689    240.771     569.46    8.45881    43.7881
     17900          0    3.41797    179.592    377.387        0.1    365.842    250.649    616.491    9.87808    42.8035
     17800          0    3.41797    179.589    377.905        0.1    401.077    261.389    662.466    10.7405    41.8915
     17700          0    3.41797    179.587    376.005        0.1    435.862    271.522    707.384    10.1329    41.0525
     17600  0.0805664    3.49854    179.585    372.785        0.1    459.757    285.662    745.419      14.14    40.1395
     17500   0.354004    11.8286    179.713    372.652        0.1    467.825    299.334    767.158    13.6716    37.2655
     17400   0.458984     47.334    182.852    404.208        0.1    496.523    308.264    804.787    8.93012    27.5775
     17300    0.38208    93.1555    184.704    412.921        0.1    524.804    316.283    841.086    8.01899    18.6142
     17200   0.405273    131.387    186.536    417.498        0.1    559.372    326.832    886.203    10.5487    13.5119
     17100    0.52002    172.029    188.538    419.618        0.1     611.84    336.923    948.763    10.0916    8.96602
     17000   0.355225    223.866    190.901    419.818        0.1    658.917    348.122    1007.04    11.1986    2.80204
     16900   0.200195    259.233    193.477     414.14        0.1    696.528     358.27     1054.8     10.148    1.37623
     16800   0.158691    279.211     195.94    404.774        0.1    731.972     367.52    1099.49    9.24956     3.1684
     16700   0.268555     295.19    198.214    394.439        0.1    767.681    377.196    1144.88    9.67606    4.85165
     16600   0.422363      322.2    200.489    382.976        0.1    799.627    389.856    1189.48    12.6608    3.02383
     16500   0.500488    364.514    203.042    382.072        0.1    834.539    395.168    1229.71    5.31166   -2.41707
     16400   0.585938    414.648    205.991     388.09        0.1    881.939    403.144    1285.08    7.97616   -8.49153
     16300   0.524902    473.181    209.363    390.651        0.1     936.89    406.298    1343.19    3.15331   -14.9686
     16200   0.334473    525.481    213.028    391.434        0.1    994.404    412.715    1407.12    6.41706   -18.7527
     16100   0.270996    558.865     216.65    380.643        0.1    1045.91    419.802    1465.71    7.08713   -17.9411
     16000   0.285645    585.979     220.05    362.096        0.1    1085.24    423.455     1508.7    3.65346   -16.7821
     15900   0.281982     614.54    223.298    351.757        0.1    1117.69    424.009     1541.7   0.554259    -17.162
     15800   0.327148    642.783    226.474    346.517        0.1    1151.47    428.124    1579.59   -4.11442   -17.9807
     15700   0.322266    675.493     229.66    342.513        0.1    1184.28    434.274    1618.55   -6.15016   -19.9993
     15600   0.307617    707.705    232.893    339.559        0.1    1216.88    444.407    1661.29   -10.1328   -21.8381
     15500   0.305176    738.464    236.143    335.916        0.1    1247.85    457.019    1704.87   -12.6125   -23.2945
     15400   0.378418    769.055    239.397    331.917        0.1    1282.13    472.411    1754.54   -15.3921   -24.7555
     15300   0.544434    807.063    242.744    329.434        0.1    1322.89    487.839    1810.72   -15.4272   -27.8162
     15200   0.654297    861.616    246.409    327.748        0.1    1362.74    506.175    1868.92   -18.3361    -33.967
     15100   0.759277    927.151     250.56    331.857        0.1    1409.25    527.961    1937.21   -21.7864   -41.2032
     15000   0.849609    1003.17    255.255      339.9        0.1     1467.1    553.914    2021.02    -25.953   -48.8339
     14900   0.751953    1088.03    260.527     345.15        0.1    1532.71    585.795    2118.51   -31.8805   -56.2872
     14800          0    1162.48    266.178    348.894        0.1    1606.55    622.694    2229.24   -36.8993   -59.8626
     14700          0    1162.48    271.099    338.637        0.1    1672.18    664.798    2336.98   -42.1042   -47.8487
     14600          0    1162.48    264.449    268.637        0.1    1695.78    693.407    2389.19   -28.6089   -38.4855
     14500          0    1162.48    262.237    242.082        0.1    1703.31    716.297    2419.61   -22.8899   -35.4312
     14400          0    1162.48    262.537    226.304        0.1    1704.02     737.48     2441.5   -21.1828   -35.0644
     14300          0    1162.48    263.768    212.935        0.1    1705.37    762.098    2467.47   -24.6182   -35.8786
     14200          0    1162.48    265.238    201.568        0.1    1712.66    788.783    2501.44   -26.6852   -37.2507
     14100          0    1162.48     266.68     195.58        0.1    1719.95    817.129    2537.08   -28.3463   -38.7865
     14000          0    1162.48    268.005    193.002        0.1    1736.05    848.149     2584.2   -31.0199   -40.1522
     13900          0    1162.48    269.195    188.468        0.1     1756.9    876.774    2633.67   -28.6247   -41.3044
     13800          0    1162.48    270.256    182.988        0.1    1768.61    908.516    2677.13   -31.7414   -42.4181
     13700          0    1162.48    271.208    179.003        0.1    1795.93    938.374     2734.3   -29.8581   -43.5382
     13600          0    1162.48    272.064    175.882        0.1    1815.71    969.233    2784.95   -30.8594   -44.6208
     13500          0    1162.48    272.837    179.099        0.1    1835.86    1006.24     2842.1   -37.0072   -45.5564
     13400          0    1162.48    273.541    186.262        0.1    1854.69    1040.74    2895.43    -34.501    -46.047
     13300   0.107422    1162.58    274.187    183.558        0.1    1873.87    1078.07    2951.93   -37.3268   -46.2418
     13200   0.131836    1173.35    278.056    204.226        0.1    1875.99    1116.21     2992.2   -38.1414   -48.9656
     13100   0.197754     1186.6    280.765    210.339        0.1    1879.38    1161.11    3040.49   -44.8995   -50.7658
     13000  0.0830078    1206.26    283.213    215.604        0.1    1884.65    1205.84    3090.48   -44.7267    -53.086
     12900   0.229492    1214.71    285.328    221.222        0.1    1893.86    1252.46    3146.31   -46.6201   -52.3093
     12800   0.234375    1237.66    287.156    226.781        0.1     1910.5    1298.73    3209.23   -46.2736   -54.4347
     12700   0.114746    1260.98    289.079    228.225        0.1       1921    1345.21     3266.2   -46.4769    -56.041
     12600          0    1272.34     291.13    226.819        0.1    1929.97    1391.19    3321.16   -45.9803   -54.9616
     12500          0    1272.34    293.007    226.091        0.1    1937.01    1437.21    3374.22   -46.0196   -51.9715
     12400          0    1272.34    294.666    225.669        0.1    1946.57    1485.77    3432.35   -48.5658   -49.7656
     12300          0    1272.34    296.184    224.061        0.1    1947.71    1535.17    3482.88   -49.3982   -48.1993
     12200   0.195312    1272.53    297.611    221.545        0.1     1963.1    1583.48    3546.58   -48.3088    -47.258
     12100   0.339355    1292.21    299.212    220.296        0.1     1987.1    1630.25    3617.35   -46.7701   -50.8672
     12000   0.471191    1326.28    301.291     219.65        0.1    2019.23    1681.44    3700.67   -51.1937   -56.9128
     11900   0.627441    1373.55    303.995    219.518        0.1    2055.15    1730.88    3786.04   -49.4411   -64.5701
     11800   0.217285    1435.89    307.452    219.567        0.1    2095.62     1783.3    3878.91   -52.4119   -73.7786
     11700  0.0756836    1457.47    311.109    226.973        0.1    2146.84    1837.82    3984.66   -54.5273   -72.9987
     11600          0    1464.97    298.758    200.074        0.1     2177.8    1879.22    4057.01   -41.3935   -68.8498
     11500          0    1464.97    293.924    182.974        0.1    2201.34    1907.37    4108.71   -28.1571   -66.5326
     11400          0    1464.97    292.836    160.345        0.1    2214.73    1932.26    4146.98   -24.8836   -66.5607
     11300          0    1464.97     293.25    149.697        0.1    2222.32    1960.03    4182.35   -27.7727   -67.9717
     11200          0    1464.97    294.197    145.985        0.1    2225.66    1989.38    4215.04   -29.3469   -69.6352
     11100          0    1464.97    295.276    138.947        0.1    2241.91    2019.75    4261.66   -30.3761    -71.231
     11000          0    1464.97     296.33    130.175        0.1    2266.34    2051.28    4317.62   -31.5298   -72.9315
     10900          0    1464.97    297.303    125.153        0.1    2281.05    2080.99    4362.04   -29.7028   -74.7135
     10800          0    1464.97    298.188    122.324        0.1    2283.81    2113.62    4397.44   -32.6377   -76.3866
     10700          0    1464.97    298.991    118.595        0.1    2287.87    2146.39    4434.26   -32.7663   -77.9403
     10600          0    1464.97    299.722    114.415        0.1    2295.88    2179.21    4475.09   -32.8216   -79.4742
     10500          0    1464.97    300.393    111.864        0.1    2303.97     2212.1    4516.07   -32.8928   -80.9993
     10400          0    1464.97    301.019    110.295        0.1    2312.57    2246.92    4559.49   -34.8192   -82.4483
     10300          0    1464.97    301.606     109.27        0.1    2314.49    2283.63    4598.12   -36.7062   -83.8053
     10200          0    1464.97    302.155    108.161        0.1    2317.21    2320.08    4637.29   -36.4546   -85.0711
     10100          0    1464.97    302.666    106.038        0.1    2335.98    2359.05    4695.03   -38.9664   -86.3071
     10000          0    1464.97    303.144    103.594        0.1    2348.09    2398.19    4746.29   -39.1444   -87.5634
      9900          0    1464.97    303.592    100.982        0.1    2349.24    2437.49    4786.73   -39.2922   -88.8588
      9800          0    1464.97    304.013    98.2397        0.1    2351.37    2477.76    4829.13   -40.2694   -90.2015
      9700          0    1464.97     304.41    95.3902        0.1     2356.5    2518.98    4875.48   -41.2229   -91.5962
      9600 0.00732422    1464.97    304.787    92.4532        0.1    2362.38    2561.13    4923.51   -42.1554   -93.0469
      9500          0     1465.7    305.158    89.4272        0.1    2363.99    2604.22    4968.21    -43.083   -94.6905
      9400          0     1465.7    305.516    87.1258        0.1    2379.13    2644.53    5023.67   -40.3163   -96.2027
      9300          0     1465.7    305.852    85.2595        0.1    2393.43    2686.59    5080.02   -42.0525    -97.721
      9200          0     1465.7    306.173    83.6215        0.1    2406.64    2729.06     5135.7   -42.4725   -99.2263
      9100          0     1465.7     306.48    82.1386        0.1    2411.76    2773.54     5185.3   -44.4796    -100.71
      9000          0     1465.7    306.776    80.7797        0.1    2414.72    2821.01    5235.74    -47.476   -102.166
      8900          0     1465.7    307.063    79.5398        0.1    2428.35    2867.43    5295.78    -46.413   -103.592
      8800          0     1465.7    307.342    78.3943        0.1    2430.44    2914.24    5344.68   -46.8168   -104.986
      8700  0.0390625    1465.74    307.613    77.3274        0.1    2435.88    2961.46    5397.34   -47.2133   -106.353
      8600   0.102539    1469.71     307.95    76.2639        0.1    2446.48    3008.86    5455.34   -47.3996    -108.43
      8500  0.0378418     1479.9    308.482    75.1097        0.1    2450.69    3056.64    5507.33   -47.7824   -111.471
      8400  0.0805664    1483.72    309.077     74.452        0.1    2458.17    3104.42    5562.59   -47.7772   -112.874
      8300          0     1491.7    309.695    74.0725        0.1    2462.36    3155.81    5618.17    -51.395   -114.976
      8200 0.00732422    1491.71    310.235    74.0016        0.1    2462.42    3207.17    5669.59   -51.3604   -115.317
      8100          0    1492.43    310.639    74.1813        0.1    2465.58    3258.36    5723.94   -51.1895   -115.913
      8000   0.065918     1492.5    310.965    74.5477        0.1    2470.27     3309.6    5779.88   -51.2395   -116.414
      7900          0    1499.02    311.351    75.0252        0.1    2474.97    3360.95    5835.92   -51.3508   -118.146
      7800          0    1499.02    311.728    75.7147        0.1    2477.54    3412.98    5890.52   -52.0282   -118.371
      7700  0.0195312    1499.04    312.008    76.6068        0.1       2478    3464.59    5942.59   -51.6079   -118.646
      7600          0    1500.98    312.271     77.643        0.1    2480.74    3516.76     5997.5   -52.1711   -119.282
      7500          0    1500.98    312.512    78.8323        0.1    2488.97    3569.45    6058.41   -52.6866   -119.452
      7400          0    1500.98     312.71    79.1495        0.1    2500.53    3622.61    6123.13   -53.1603   -119.622
      7300          0    1500.98    312.884    78.9525        0.1    2513.52    3674.22    6187.73   -51.6092   -119.828
      7200          0    1500.98    313.042    78.4962        0.1    2530.22    3724.26    6254.48   -50.0416   -120.076
      7100          0    1500.98    313.187    77.8629        0.1    2547.66    3775.14    6322.81   -50.8873   -120.366
      7000          0    1500.98    313.324    77.0975        0.1    2557.46    3830.87    6388.33   -55.7238   -120.694
      6900          0    1500.98    313.453      76.24        0.1    2567.28    3886.22     6453.5   -55.3529   -121.059
      6800          0    1500.98    313.576    75.3089        0.1    2575.31     3936.9    6512.21    -50.676   -121.456
      6700          0    1500.98    313.694    74.3271        0.1    2582.92    3988.49    6571.41   -51.5939   -121.883
      6600          0    1500.98    313.807    73.3226        0.1    2591.24     4042.9    6634.14   -54.4073   -122.338
      6500          0    1500.98    313.917    72.2854        0.1    2596.71    4095.72    6692.42   -52.8169   -122.817
      6400          0    1500.98    314.023    71.5172        0.1    2601.64    4148.54    6750.18   -52.8231   -123.313
      6300          0    1500.98    314.126    70.9082        0.1    2607.41    4199.71    6807.13   -51.1762   -123.809
      6200          0    1500.98    314.227    70.3909        0.1    2621.21    4250.14    6871.35   -50.4267   -124.299
      6100          0    1500.98    314.325    69.9561        0.1     2635.9    4299.82    6935.72   -49.6746   -124.777
      6000          0    1500.98     314.42    69.5762        0.1    2639.74    4348.74    6988.48   -48.9203   -125.243
      5900          0    1500.98    314.514    69.2398        0.1    2645.55    4399.55     7045.1   -50.8141   -125.694
      5800          0    1500.98    314.606    68.9387        0.1    2657.64    4448.66    7106.29    -49.106   -126.131
      5700          0    1500.98    314.696    68.6673        0.1    2660.02    4497.45    7157.47   -48.7963   -126.553
      5600          0    1500.98    314.785    68.4226        0.1    2660.74    4546.09    7206.82   -48.6351   -126.959
      5500          0    1500.98    314.873    68.2014        0.1    2671.45    4594.56    7266.01   -48.4726   -127.351
      5400          0    1500.98    314.959    67.2998        0.1    2681.53    4643.09    7324.62   -48.5337   -127.741
      5300          0    1500.98    315.044    65.9764        0.1    2684.07    4691.69    7375.76   -48.5936   -128.168
      5200          0    1500.98    315.127    64.4245        0.1    2698.94    4737.01    7435.96   -45.3274   -128.647
      5100          0    1500.98     315.21    62.7248        0.1     2700.8    4783.02    7483.82     -46.01   -129.182
      5000 0.00610352    1500.98    315.292    60.8921        0.1    2705.23    4829.72    7534.94   -46.6916   -129.776
      4900  0.0195312    1501.61    315.383    58.9655        0.1     2711.1     4875.1     7586.2   -45.3833   -130.543
      4800          0    1503.54    315.513    56.9291        0.1    2712.74    4919.86    7632.61   -44.7629   -131.584
      4700          0    1503.54    315.644     54.844        0.1    2717.02    4964.01    7681.03   -44.1438   -132.249
      4600 0.00732422    1503.55    315.749    52.7396        0.1    2721.59    5009.96    7731.54   -45.9494   -132.998
      4500  0.0317383     1504.3    315.856    50.5747        0.1    2727.94    5056.71    7784.65    -46.756   -133.958
      4400  0.0415039    1507.49    316.018    48.6749        0.1    2734.85    5101.63    7836.48   -44.9176   -135.392
      4300  0.0146484    1511.61    316.258    46.9057        0.1    2739.26    5146.39    7885.65   -44.7581   -136.906
      4200   0.065918    1513.13    316.504    45.2472        0.1    2748.05    5190.69    7938.74   -44.3035   -137.836
      4100   0.112305    1519.77    316.812    43.5946        0.1    2760.69     5235.8    7996.49   -45.1118   -139.736
      4000   0.112305       1531    317.309    41.8567        0.1    2773.44    5279.81    8053.26   -44.0092   -142.278
      3900   0.134277    1542.25    317.969    40.0771        0.1    2788.62    5322.88     8111.5   -43.0692    -144.49
      3800  0.0878906    1555.63     318.76    38.2498        0.1    2801.88    5368.19    8170.07   -45.3099   -146.843
      3700   0.109863    1564.44    319.571    35.9181        0.1    2818.92    5414.44    8233.36   -46.2465   -148.111
      3600   0.065918    1575.38    320.381    32.0761        0.1    2833.24    5461.62    8294.86   -47.1808   -149.829
      3500  0.0488281    1581.96    321.143    27.6479        0.1    2846.56    5507.76    8354.32   -46.1433   -150.795
      3400 0.00244141    1586.79    321.793    23.0613        0.1    2855.76    5555.55    8411.32   -47.7928   -151.701
      3300          0    1587.04    322.275    18.3577        0.1     2855.9    5603.48    8459.38    -47.925   -152.072
      3200          0    1587.04    322.596    14.0401        0.1    2857.05    5651.38    8508.43   -47.8963   -152.832
      3100          0    1587.04     322.82    11.0463        0.1    2857.46    5699.55       8557   -48.1704   -153.885
      3000          0    1587.04    322.982    8.52298        0.1     2860.1    5747.93    8608.02   -48.3818   -155.119
      2900          0    1587.04      323.1    6.32589        0.1    2863.17    5795.53     8658.7      -47.6   -156.469
      2800          0    1587.04    323.187    4.35666        0.1    2866.61    5843.42    8710.03   -47.8872   -157.895
      2700          0    1587.04    323.252    2.38697        0.1    2870.17    5887.77    8757.94   -44.3516   -159.368
      2600          0    1587.04    323.299  0.0877909        0.1    2882.92    5937.17    8820.08   -49.3986   -160.891
      2500          0    1587.04    323.332   -2.30933        0.1    2883.31     5982.6     8865.9    -45.432   -162.465
      2400          0    1587.04    323.355   -4.73367        0.1    2884.87    6028.35    8913.22   -45.7548   -164.086
      2300          0    1587.04    323.369   -7.18269        0.1    2885.31    6074.57    8959.89   -46.2191   -165.747
      2200          0    1587.04    323.377   -9.50352        0.1    2892.32    6121.25    9013.57   -46.6765   -167.441
      2100          0    1587.04    323.378   -11.4251        0.1    2892.41    6167.83    9060.24   -46.5784   -169.146
      2000          0    1587.04    323.376   -13.1838        0.1     2892.5     6214.3     9106.8   -46.4758   -170.843
      1900          0    1587.04     323.37    -14.819        0.1    2893.44    6260.14    9153.58   -45.8362   -172.522
      1800          0    1587.04     323.36   -16.3583        0.1    2893.45    6305.83    9199.29   -45.6937   -174.179
      1700          0    1587.04    323.349   -17.9113        0.1    2894.74    6350.55    9245.29    -44.722   -175.811
      1600          0    1587.04    323.335   -19.6499        0.1    2896.27     6393.6    9289.88   -43.0475   -177.428
      1500          0    1587.04     323.32   -21.4392        0.1    2898.27    6438.38    9336.65   -44.7747   -179.036
      1400          0    1587.04    323.303   -23.2653        0.1    2899.79    6484.73    9384.52   -46.3531   -180.639
      1300          0    1587.04    323.286   -25.1132        0.1    2905.12    6530.28     9435.4   -45.5495   -182.238
      1200          0    1587.04    323.267   -26.7033        0.1    2922.26    6575.03    9497.29   -44.7538   -183.831
      1100          0    1587.04    323.248   -27.5558        0.1    2936.39    6619.07    9555.46    -44.038   -185.385
      1000          0    1587.04    323.229   -28.0908        0.1    2948.48    6662.53    9611.01   -43.4636   -186.871
       900          0    1587.04    323.209   -28.2858        0.1    2961.07    6706.09    9667.16   -43.5592   -188.277
       800          0    1587.04     323.19   -28.2241        0.1    2975.01    6745.96    9720.97     -39.87   -189.594
       700          0    1587.04    323.171   -27.8587        0.1    2986.84    6785.07    9771.91   -39.1045   -190.816
       600          0    1587.04    323.153   -27.0366        0.1    3008.68    6827.05    9835.73   -41.9778   -191.927
       500          0    1587.04    323.135   -25.9397        0.1    3031.13    6869.54    9900.67   -42.4926   -192.916
       400          0    1587.04    323.118   -24.5437        0.1    3066.13    6909.93    9976.05   -40.3907   -193.777
       300          0    1587.04    323.102   -22.9021        0.1    3090.56     6955.3    10045.9   -45.3754   -194.507
       200          0    1587.04    323.087   -20.8002        0.1    3121.96     7001.1    10123.1   -45.7942   -195.099
       100          0    1587.04    323.072   -17.8156        0.1     3138.7    7042.72    10181.4    -41.617   -195.522
         0          0    1587.04    323.058   -14.3562        0.1    3142.63    7065.22    10207.9   -22.5006    -195.75