     20000          0          0    179.437    415.631        1.7     17.399    14.2831     31.682    14.2831    51.8336
     19900          0          0    179.437     414.68        1.7    28.2793    29.7361    58.0154    15.4531    51.7019
     19800          0          0    179.437    414.027        1.7    44.2321    46.3592    90.5912    16.6231    51.5707
     19700          0          0    179.437    413.765        1.7    53.1471    60.5222    113.669    14.1631    51.4563
     19600  0.0537109  0.0537109    179.437    413.802        1.7    62.7691    72.5053    135.274    11.9831    51.3604
     19500          0    5.37109    179.399    411.932        1.7    64.9171    82.0563    146.973    9.55097    50.0421
     19400          0    5.37109    179.354    409.034        1.7    76.4227    94.2223    170.645    12.1661    50.1832
     19300          0    5.37109    179.332      406.4        1.7    86.3232     106.44    192.763    12.2178    50.1371
     19200          0    5.37109    179.321    403.781        1.7    87.7421    118.699    206.441    12.2588    49.9449
     19100          0    5.37109    179.316     402.89        1.7    87.8325    130.473    218.306    11.7742    49.6564
     19000          0    5.37109    179.314    403.038        1.7    88.5706     143.06     231.63    12.5864    49.3694
     18900          0    5.37109    179.313    401.369        1.7    90.3399    156.456    246.796    13.3967    49.0909
     18800          0    5.37109    179.314    398.693        1.7    99.8873    167.112        267    10.6559    48.7337
     18700          0    5.37109    179.316    396.844        1.7    121.023    179.067     300.09    11.9544    48.2885
     18600          0    5.37109    179.317    395.396        1.7    155.437    193.649    349.086    14.5825    47.8046
     18500          0    5.37109     179.32    394.006        1.7    197.372     202.45    399.821    8.80045     47.298
     18400          0    5.37109    179.322    392.677        1.7    206.045    210.798    416.843    8.34832    46.7725
     18300          0    5.37109    179.324     389.57        1.7    209.885    219.494    429.379    8.69621    46.2026
     18200          0    5.37109    179.326    385.365        1.7     234.82    228.188    463.008    8.69417    45.5055
     18100          0    5.37109    179.328    381.781        1.7    283.799    236.354    520.153    8.16554    44.6669
     18000          0    5.37109     179.33    378.431        1.7    328.228    245.078    573.305    8.72369    43.7294
     17900          0    5.37109    179.331    377.474        1.7    365.294    255.216     620.51    10.1386     42.746
     17800          0    5.37109    179.333    377.993        1.7    400.441    266.213    666.654     10.997    41.8351
     17700          0    5.37109    179.335    376.091        1.7    435.139    276.598    711.738    10.3854     40.997
     17600   0.119629    5.49072    179.336    372.871        1.7    458.949    290.987    749.936    14.3889    40.0745
     17500   0.576172    17.9102    179.253    372.725        1.7    466.943    305.119    772.063     14.132    36.2569
     17400   0.786133    75.7373     181.61    404.179        1.7    495.613    315.292    810.905    10.1726    21.6641
     17300   0.649414    154.214    181.688    412.772        1.7    523.745    326.327    850.072    11.0354    6.80507
     17200   0.708008    219.214    181.154    417.404        1.7    558.219    342.259    900.478    15.9311   -1.39802
     17100   0.947266    290.254    180.492    419.736        1.7    610.806    360.397    971.202    18.1381   -9.00811
     17000      0.625    384.658    179.738    420.206        1.7    658.272    382.758    1041.03    22.3616   -19.9144
     16900   0.356445     446.89    179.061    414.935        1.7    696.677    407.322       1104    24.5639   -21.8471
     16800   0.292969    482.471    178.696    406.139        1.7    733.485    433.817     1167.3    26.4944   -18.3453
     16700   0.500488    511.975    178.658     396.42        1.7    771.175    463.048    1234.22    29.2318   -15.0556
     16600   0.825195    562.349    178.777    385.456        1.7    805.602    497.422    1303.02    34.3734   -17.6866
     16500    1.01074    645.054    178.814    385.222        1.7    843.664    526.961    1370.62    29.5394   -27.1506
     16400    1.23047    746.348    178.655    391.923        1.7    894.896    562.274    1457.17    35.3128   -38.3662
     16300     1.0791    869.243     178.26    394.961        1.7    954.157     596.53    1550.69    34.2561   -51.1517
     16200   0.678711    976.753    177.743    396.373        1.7    1016.61    638.232    1654.84    41.7019   -58.0639
     16100   0.571289    1044.52    177.376    385.878        1.7    1073.35    684.594    1757.94    46.3616   -56.1491
     16000   0.615234    1101.69    177.262    367.502        1.7    1118.09    731.035    1849.13    46.4411   -53.5752
     15900   0.620117    1163.22    177.314    357.816        1.7     1156.6    777.573    1934.17    46.5383   -53.5615
     15800   0.727539    1225.34    177.455    353.231        1.7    1197.09    822.478    2019.56    44.9047   -54.4251
     15700   0.727539    1298.09    177.611    349.881        1.7    1237.27    868.377    2105.65     45.899   -57.6912
     15600   0.717773    1370.83     177.75    347.638        1.7    1277.95    913.387    2191.33    45.0101   -60.7204
     15500   0.732422    1442.63    177.889    344.614        1.7    1317.62    959.027    2276.65    45.6406   -63.3404
     15400   0.898438    1516.04    178.028    341.205        1.7    1361.19       1005    2366.19    45.9771   -66.1579
     15300    1.30859    1606.29    178.095    339.365        1.7    1411.87    1054.23     2466.1    49.2216   -71.9467
     15200    1.66016     1737.5    177.912    338.154        1.7    1462.13    1104.39    2566.52    50.1612   -84.2693
     15100    2.01172    1903.87    177.337    343.089        1.7    1519.87    1155.82     2675.7    51.4365   -100.132
     15000    2.37793    2105.41    176.315    352.004        1.7    1589.83    1208.81    2798.64    52.9874   -118.022
     14900    1.99219    2342.81     174.82    357.644        1.7    1667.93    1262.64    2930.57    53.8263    -137.05
     14800   0.078125    2540.12    173.115     362.09        1.7    1754.96     1318.8    3073.76    56.1641   -145.041
     14700          0    2547.85    172.019    351.551        1.7    1833.51    1375.78    3209.28    56.9754   -121.585
     14600          0    2547.85    164.793    279.905        1.7    1868.38    1446.82     3315.2    71.0474   -101.798
     14500          0    2547.85     162.96    252.717        1.7    1886.55    1523.21    3409.76    76.3874   -90.9223
     14400          0    2547.85    163.059    236.378        1.7    1897.33    1601.51    3498.84    78.2954   -84.5172
     14300          0    2547.85    163.752    222.298        1.7    1905.34    1676.91    3582.25    75.3981   -80.6952
     14200          0    2547.85    164.628    210.351        1.7    1906.84    1750.83    3657.67    73.9248   -78.5224
     14100          0    2547.85    165.569     204.38        1.7    1908.34    1823.59    3731.94    72.7647   -77.3582
     14000          0    2547.85    166.543    202.003        1.7    1915.44    1894.04    3809.48    70.4421   -76.6705
     13900          0    2547.85     167.54    197.205        1.7    1927.55    1967.07    3894.62    73.0303   -76.2521
     13800          0    2547.85    168.555     191.36        1.7    1930.89    2037.03    3967.92    69.9598   -76.1533
     13700          0    2547.85    169.589    187.141        1.7    1950.07    2108.79    4058.86    71.7614   -76.3316
     13600  0.0012207    2547.85    170.638    183.753        1.7    1961.98    2179.36    4141.34    70.5668   -76.6775
     13500          0    2547.97    171.702    187.645        1.7    1973.58    2243.48    4217.06    64.1282   -77.0557
     13400   0.170898    2548.14    172.779    195.787        1.7    1982.89    2309.74    4292.63    66.2609   -77.1195
     13300   0.371094    2565.43    173.766    192.183        1.7    1993.44    2372.84    4366.28    63.0937      -80.2
     13200    0.41748    2602.59    176.723    213.905        1.7    2000.99    2436.03    4437.02    63.1915   -86.3551
     13100   0.537109    2644.46    178.275    220.647        1.7    2014.69    2493.62    4508.31    57.5897   -91.0234
     13000   0.361328    2697.99    179.309    226.185        1.7       2020     2552.8     4572.8    59.1772   -96.4105
     12900   0.600586    2734.37    180.018    232.239        1.7    2040.23    2611.49    4651.71    58.6899    -97.114
     12800   0.605469    2794.43    180.389    238.236        1.7    2068.32    2671.98     4740.3    60.4932   -101.819
     12700   0.410156    2854.78    180.565    239.621        1.7    2090.22    2734.02    4824.24    62.0378   -105.406
     12600  0.0341797    2895.42    180.838     238.07        1.7    2092.49    2798.33    4890.82    64.3121   -104.726
     12500  0.0634766    2898.87    181.358    237.644        1.7    2097.01    2863.96    4960.97    65.6298   -97.5703
     12400          0    2905.15    182.108    237.627        1.7     2099.4    2927.95    5027.36     63.992   -92.6072
     12300   0.205078    2905.36    183.006    236.352        1.7    2112.83    2991.73    5104.56    63.7802   -87.7289
     12200   0.571289    2926.23    183.931     233.95        1.7    2140.63     3057.1    5197.73    65.3713   -88.0725
     12100   0.830078    2983.62    184.672    232.829        1.7    2177.16    3124.87    5302.03    67.7702   -95.5285
     12000    1.10352     3066.9    185.106    232.189        1.7    2221.82    3189.86    5411.69    64.9916   -106.327
     11900    1.51367    3177.66     185.19     232.09        1.7    2270.32    3259.23    5529.55    69.3635   -119.791
     11800   0.620117    3328.13    184.841    232.077        1.7     2323.3    3329.43    5652.72    70.1995   -137.119
     11700   0.297852    3389.82    184.485    241.022        1.7    2388.57    3401.53    5790.09    72.0975   -135.454
     11600          0    3419.31    174.243    213.949        1.7     2433.4    3484.65    5918.05    83.1207    -128.03
     11500          0    3419.31    171.412    194.268        1.7    2468.23       3579    6047.24    94.3552   -120.101
     11400   0.078125    3419.39     171.34    168.462        1.7    2489.74    3675.61    6165.35    96.6119    -115.97
     11300  0.0219727    3427.15     172.07     156.55        1.7    2504.19    3769.02    6273.21    93.4071   -115.638
     11200          0    3429.32    173.034    152.016        1.7    2513.56    3860.84     6374.4    91.8161   -115.047
     11100          0    3429.32    174.097    143.562        1.7     2525.2    3951.64    6476.83    90.8027   -114.559
     11000          0    3429.32    175.202    133.445        1.7    2546.35    4041.24    6587.59    89.5981   -114.664
     10900          0    3429.32    176.325    127.804        1.7    2558.42    4132.51    6690.93     91.275   -115.211
     10800          0    3429.32    177.461    124.544        1.7    2558.96     4220.6    6779.56    88.0886   -115.914
     10700          0    3429.32     178.61    120.222        1.7    2561.39    4308.22    6869.61    87.6151   -116.688
     10600          0    3429.32     179.77    115.482        1.7    2568.33    4395.35    6963.67    87.1297   -117.579
     10500          0    3429.32    180.943    112.682        1.7     2575.6     4481.9    7057.51    86.5575   -118.563
     10400          0    3429.32    182.126    110.954        1.7    2583.54    4565.98    7149.52    84.0736   -119.544
     10300          0    3429.32    183.322    109.867        1.7    2584.87    4647.55    7232.43    81.5781   -120.486
     10200          0    3429.32    184.529    108.647        1.7     2587.1    4728.73    7315.82    81.1708   -121.375
     10100          0    3429.32    185.749    106.308        1.7     2605.6    4806.68    7412.28    77.9514   -122.261
     10000          0    3429.32     186.98    103.591        1.7    2617.72     4883.7    7501.41    77.0204   -123.186
      9900          0    3429.32    188.222    100.671        1.7    2619.18    4959.78    7578.95    76.0782   -124.165
      9800          0    3429.32    189.475    97.5906        1.7    2621.96    5034.04       7656    74.2685   -125.202
      9700          0    3429.32     190.74    94.3859        1.7    2626.08    5106.49    7732.58    72.4474     -126.3
      9600          0    3429.32    192.014    91.0841        1.7    2630.59    5177.11     7807.7    70.6174   -127.456
      9500          0    3429.32    193.295    87.7026        1.7     2630.7    5245.89    7876.58    68.7801   -128.669
      9400          0    3429.32    194.583    85.1745        1.7    2647.79    5316.51    7964.29     70.617   -129.925
      9300          0    3429.32    195.879     83.121        1.7    2664.22    5384.43    8048.65     67.921   -131.177
      9200          0    3429.32    197.181     81.341        1.7    2679.71    5450.95    8130.66    66.5189   -132.409
      9100          0    3429.32    198.483    79.7514        1.7    2687.22    5514.46    8201.69    63.5165   -133.613
      9000          0    3429.32     199.79    78.3119        1.7    2692.65    5573.97    8266.62    59.5099   -134.783
      8900          0    3429.32    201.101    77.0144        1.7    2708.81    5633.52    8342.33     59.549   -135.915
      8800          0    3429.32    202.413    75.8286        1.7    2713.46    5691.63    8405.09    58.1117   -137.008
      8700  0.0146484    3429.34    203.724    74.7366        1.7    2716.31    5748.31    8464.62    56.6764   -138.064
      8600   0.100098    3430.89    205.021    73.7069        1.7    2724.35    5803.84    8528.19    55.5289   -139.362
      8500  0.0170898    3440.81    206.247    72.6205        1.7    2726.07    5858.29    8584.36    54.4527   -142.072
      8400   0.078125    3442.58    207.454    72.1346        1.7    2731.24    5912.14    8643.37    53.8456   -142.855
      8300          0    3450.32    208.646     71.956        1.7    2737.54    5961.79    8699.33    49.6538   -144.695
      8200          0    3450.32     209.86    72.0929        1.7    2739.39    6010.81    8750.19     49.015   -144.841
      8100          0    3450.32    211.118    72.4909        1.7    2744.24    6059.14    8803.37    48.3317   -145.068
      8000  0.0732422    3450.39    212.387    73.0738        1.7    2747.46    6106.47    8853.93    47.3382   -145.342
      7900          0    3457.64    213.593    73.7875        1.7    2753.39    6152.88    8906.27    46.4067   -146.908
      7800          0    3457.64    214.787    74.7294        1.7    2756.95    6197.79    8954.74    44.9131   -146.826
      7700  0.0244141    3457.67    216.012    75.8754        1.7    2758.14    6242.18    9000.32    44.3875   -146.784
      7600          0    3460.08    217.231    77.1676        1.7    2761.35    6285.05     9046.4    42.8692   -147.174
      7500          0    3460.08    218.437    78.6228        1.7    2769.79    6326.44    9096.23    41.3879   -146.993
      7400          0    3460.08    219.648    79.0711        1.7    2781.43    6366.34    9147.77    39.9022   -146.813
      7300          0    3460.08    220.864    78.9604        1.7    2794.41    6406.75    9201.16    40.4114   -146.668
      7200          0    3460.08    222.083    78.5458        1.7    2811.07    6447.67    9258.74    40.9166   -146.563
      7100          0    3460.08    223.294    77.9271        1.7    2828.44    6486.68    9315.11    39.0061   -146.499
      7000          0    3460.08    224.485     77.161        1.7    2838.17    6519.79    9357.96    33.1146   -146.473
      6900          0    3460.08    225.666     76.294        1.7    2847.94    6552.22    9400.16    32.4345   -146.482
      6800          0    3460.08    226.842    75.3473        1.7    2855.94    6588.28    9444.22    36.0582   -146.522
      6700          0    3460.08    228.016    74.3494        1.7    2863.52    6622.37    9485.88    34.0842   -146.591
      6600          0    3460.08    229.179    73.3339        1.7    2871.83    6652.59    9524.42    30.2214   -146.684
      6500          0    3460.08    230.327    72.2919        1.7    2877.29    6683.36    9560.65    30.7727   -146.799
      6400          0    3460.08    231.469    71.5596        1.7    2882.18    6713.09    9595.27    29.7309   -146.929
      6300          0    3460.08    232.609    71.0028        1.7    2887.86    6743.43    9631.29    30.3411   -147.057
      6200          0    3460.08    233.748    70.5549        1.7    2901.49    6773.49    9674.98    30.0524   -147.176
      6100          0    3460.08    234.869    70.2089        1.7    2915.93    6803.27     9719.2    29.7813    -147.28
      6000          0    3460.08     235.96     69.936        1.7    2919.41    6832.81    9752.22    29.5399   -147.367
      5900          0    3460.08    237.032      69.72        1.7    2924.73    6859.47    9784.21    26.6676   -147.438
      5800          0    3460.08    238.095     69.549        1.7    2936.21    6886.88    9823.09     27.405   -147.492
      5700          0    3460.08    239.153     69.415        1.7    2937.85    6913.63    9851.48    26.7471   -147.529
      5600          0    3460.08    240.203     69.315        1.7    2938.02    6939.57     9877.6    25.9466   -147.549
      5500          0    3460.08     241.23    69.2493        1.7    2947.69    6964.74    9912.43    25.1705   -147.551
      5400          0    3460.08    242.223    68.4417        1.7    2956.62    6988.95    9945.57     24.202    -147.55
      5300          0    3460.08    243.193    67.1965        1.7    2957.95     7012.2    9970.15    23.2566   -147.586
      5200          0    3460.08     244.15    65.7073        1.7    2971.53    7037.85    10009.4    25.6501   -147.673
      5100          0    3460.08    245.098    64.0609        1.7    2972.05    7061.95      10034    24.1022   -147.819
      5000  0.0292969    3460.11    246.039    62.2754        1.7    2977.87    7084.52    10062.4    22.5607    -148.03
      4900  0.0488281    3463.06    246.941    60.3677        1.7    2985.14    7107.57    10092.7    23.0593   -148.839
      4800          0     3467.9    247.774    58.3361        1.7    2988.19    7130.55    10118.7    22.9764   -149.924
      4700          0     3467.9    248.587    56.2996        1.7    2991.02    7153.46    10144.5    22.9127   -150.002
      4600  0.0341797    3467.93    249.411    54.2694        1.7    2997.11    7173.85      10171    20.3886   -150.226
      4500  0.0683594    3471.38    250.204    52.1538        1.7    3005.04    7192.75    10197.8    18.8965   -151.191
      4400  0.0830078    3478.23    250.926    50.3217        1.7     3013.6    7212.92    10226.5    20.1742    -152.72
      4300  0.0488281     3486.5    251.578    48.6346        1.7    3019.74    7232.84    10252.6    19.9219   -154.306
      4200   0.119629    3491.45    252.211    47.0862        1.7    3030.37    7252.83    10283.2    19.9894   -155.081
      4100   0.183105    3503.48    252.777    45.5514        1.7    3044.96    7271.76    10316.7    18.9227   -157.139
      4000   0.185547    3521.79    253.204    43.9434        1.7    3059.81    7291.85    10351.7    20.0957   -160.022
      3900   0.219727    3540.38     253.52    42.3226        1.7    3077.23    7313.23    10390.5    21.3804   -162.453
      3800    0.15625    3562.29    253.743    40.6763        1.7    3092.91    7332.94    10425.9    19.7072   -165.102
      3700   0.185547    3577.94    253.947    38.5036        1.7    3112.54    7352.32    10464.9    19.3785   -166.226
      3600   0.129395    3596.44    254.146    34.7421        1.7    3129.53    7371.37    10500.9    19.0541   -167.899
      3500   0.107422    3609.36    254.367    30.3615        1.7    3145.55    7392.01    10537.6    20.6335   -168.565
      3400  0.0488281    3620.04    254.645    25.8095        1.7    3157.51    7411.36    10568.9    19.3553    -169.11
      3300          0    3624.88    255.009    21.1181        1.7    3160.13     7430.7    10590.8    19.3412   -168.942
      3200          0    3624.88    255.488     16.908        1.7    3164.15    7449.92    10614.1    19.2124    -168.43
      3100          0    3624.88    256.048    14.1212        1.7    3166.82    7468.52    10635.3    18.6016   -168.464
      3000  0.0341797    3624.91    256.648    11.8384        1.7    3172.78    7486.47    10659.2    17.9524   -168.865
      2900  0.0488281    3628.34    257.235    9.85802        1.7    3179.39    7504.73    10684.1    18.2647   -170.121
      2800  0.0512695    3633.23    257.784    8.07313        1.7    3186.54    7522.25    10708.8    17.5163   -171.662
      2700          0    3638.31    258.301    6.25587        1.7    3186.85    7542.85    10729.7    20.5993   -173.186
      2600          0    3638.31    258.839    4.14685        1.7    3195.54    7557.91    10753.4    15.0605   -173.774
      2500          0    3638.31    259.414    1.96069        1.7    3199.42     7576.4    10775.8    18.4865   -174.574
      2400  0.0244141    3638.33    259.999  -0.252398        1.7    3205.46       7594    10799.5    17.6007   -175.541
      2300 0.00488281    3640.75    260.568   -2.52842        1.7    3209.67    7610.58    10820.2    16.5823   -177.059
      2200          0    3641.24    261.131    -4.6572        1.7    3211.83    7626.15      10838     15.569   -178.226
      2100  0.0341797    3641.27    261.709   -6.35187        1.7    3216.99    7641.24    10858.2    15.0905   -179.378
      2000  0.0390625    3644.69    262.265   -7.91591        1.7    3222.18    7655.87    10878.1    14.6351   -181.184
      1900  0.0292969    3648.59    262.775   -9.37656        1.7    3226.68    7670.63    10897.3    14.7585   -182.955
      1800  0.0439453    3651.53    263.259   -10.7298        1.7    3232.32    7685.04    10917.4    14.4078   -184.442
      1700  0.0610352    3655.94    263.716   -12.1157        1.7     3239.4    7699.95    10939.4    14.9102   -186.138
      1600  0.0195312    3662.01    264.131    -13.729        1.7    3243.79    7716.11    10959.9    16.1561   -188.027
      1500  0.0146484    3663.96    264.547   -15.3548        1.7    3247.88     7730.1      10978    13.9977   -189.056
      1400  0.0268555    3665.43    264.989   -16.9892        1.7    3252.63    7742.06    10994.7    11.9606   -190.077
      1300          0    3668.09    265.433   -18.6545        1.7    3253.76    7754.37    11008.1    12.3035   -191.379
      1200          0    3668.09     265.89   -20.0063        1.7    3264.21    7766.99    11031.2    12.6236   -192.215
      1100          0    3668.09    266.368   -20.5622        1.7    3271.34    7779.83    11051.2    12.8416   -193.126
      1000          0    3668.09    266.851   -20.7752        1.7    3276.11    7792.75    11068.9    12.9137   -194.053
       900          0    3668.09     267.33   -20.6219        1.7    3281.04    7805.07    11086.1    12.3202   -194.961
       800          0    3668.09    267.801   -20.1968        1.7    3286.95    7820.59    11107.5    15.5191   -195.823
       700          0    3668.09    268.264   -19.4472        1.7    3290.38    7836.39    11126.8    15.8026   -196.621
       600          0    3668.09     268.72   -18.2172        1.7    3303.39    7848.84    11152.2    12.4547   -197.332
       500          0    3668.09    269.169   -16.6987        1.7     3316.6    7860.32    11176.9    11.4732   -197.937
       400          0    3668.09    269.609   -14.8646        1.7    3341.92    7873.44    11215.4    13.1189   -198.426
       300          0    3668.09    270.035   -12.7738        1.7    3356.23    7881.13    11237.4    7.69146   -198.789
       200          0    3668.09    270.448     -10.19        1.7    3377.02    7887.97      11265    6.84421    -199.02
       100          0    3668.09     270.85   -6.67808        1.7    3382.62    7898.58    11281.2    10.6056   -199.084
         0   0.141602    3668.23    271.242   -2.66529        1.7    3390.38    7927.89    11318.3     29.316   -198.982