     20000          0          0    179.437    415.631        0.2     17.399    14.2831     31.682    14.2831    51.8336
     19900          0          0    179.437     414.68        0.2    28.2793    29.7361    58.0154    15.4531    51.7019
     19800          0          0    179.437    414.027        0.2    44.2321    46.3592    90.5912    16.6231    51.5707
     19700          0          0    179.437    413.765        0.2    53.1471    60.5222    113.669    14.1631    51.4563
     19600  0.0354004  0.0354004    179.437    413.802        0.2    62.7691    72.5053    135.274     11.983    51.3654
     19500          0    3.54004    179.489     411.94        0.2     64.909    81.9662    146.875     9.4609    50.4684
     19400          0    3.54004    179.551     409.03        0.2     76.419    93.9349    170.354    11.9687     50.501
     19300          0    3.54004    179.581    406.378        0.2    86.3411    105.904    192.245    11.9687    50.3774
     19200          0    3.54004    179.596    403.744        0.2     87.797    117.887    205.684    11.9835    50.1312
     19100          0    3.54004    179.604     402.84        0.2    87.8369    129.373     217.21     11.486    49.8051
     19000          0    3.54004    179.607    402.976        0.2    88.5131    141.666    230.179    12.2928    49.4917
     18900          0    3.54004    179.608    401.299        0.2    90.2125    154.768    244.981    13.1023    49.1944
     18800          0    3.54004    179.607    398.617        0.2    99.8358    165.132    264.967    10.3633    48.8237
     18700          0    3.54004    179.605    396.763        0.2    121.053    176.797    297.849    11.6652    48.3689
     18600          0    3.54004    179.602    395.312        0.2    155.551    191.094    346.645    14.2977    47.8778
     18500          0    3.54004      179.6    393.919        0.2    197.571    199.615    397.186    8.52046    47.3659
     18400          0    3.54004    179.597    392.589        0.2    206.333    207.688    414.021    8.07332    46.8365
     18300          0    3.54004    179.594    389.482        0.2    210.084    216.114    426.199    8.42617    46.2635
     18200          0    3.54004    179.591    385.277        0.2    235.107    224.543    459.651    8.42895     45.564
     18100          0    3.54004    179.588    381.694        0.2    284.174    232.448    516.622    7.90495    44.7235
     18000          0    3.54004    179.586    378.344        0.2    328.689    240.916    569.605    8.46749    43.7845
     17900          0    3.54004    179.583    377.388        0.2    365.841    250.802    616.644    9.88656    42.7999
     17800          0    3.54004    179.581    377.906        0.2    401.075    261.551    662.626    10.7488     41.888
     17700          0    3.54004    179.579    376.005        0.2     435.86    271.692    707.552     10.141     41.049
     17600  0.0805664    3.62061    179.577    372.786        0.2    459.753     285.84    745.594    14.1479    40.1362
     17500   0.361328     11.958    179.694    372.657        0.2    467.817    299.531    767.348     13.691    37.2607
     17400   0.469971    48.1995    182.798    404.213        0.2    496.519    308.515    805.034    8.98414    27.4043
     17300   0.390625    95.1172    184.577    412.926        0.2    524.805    316.662    841.467    8.14638    18.2353
     17200   0.415039    134.204    186.312    417.512        0.2    559.388    327.435    886.823     10.773    13.0336
     17100   0.532227    175.825    188.205    419.647        0.2    611.885     337.86    949.745    10.4251    8.38765
     17000    0.36377    228.879     190.44    419.867        0.2    659.012     349.52    1008.53    11.6598     2.1005
     16900   0.206299    265.099    192.882    414.214        0.2    696.696    360.263    1056.96    10.7435   0.655946
     16800   0.163574    285.686    195.228    404.873        0.2    732.239    370.225    1102.46    9.96212    2.47817
     16700   0.275879    302.156    197.406    394.563        0.2    768.072    380.709    1148.78    10.4837    4.20503
     16600    0.43457    329.902    199.593    383.121        0.2    800.162    394.265    1194.43    13.5567    2.35671
     16500   0.513916    373.439    202.044    382.244        0.2    835.247    400.574    1235.82    6.30884   -3.20277
     16400   0.600586    424.917    204.869    388.295        0.2    882.851    409.672    1292.52    9.09803   -9.39076
     16300   0.539551    484.915    208.088    390.887        0.2    938.039    414.101    1352.14    4.42849   -15.9731
     16200    0.34668    538.677    211.579    391.707        0.2    995.826    421.966    1417.79    7.86564   -19.8385
     16100   0.280762    573.279    215.035    380.933        0.2    1047.62    430.669    1478.29    8.70287   -19.0507
     16000    0.29541     601.37    218.286    362.393        0.2    1087.25    436.087    1523.34    5.41761   -17.8682
     15900   0.292969    630.908    221.398    352.079        0.2    1120.02    438.542    1558.56     2.4546    -18.236
     15800   0.339355    660.251    224.446    346.862        0.2    1154.14    440.627    1594.77   -2.08585   -19.0779
     15700   0.332031     694.18    227.506     342.88        0.2    1187.32    444.624    1631.95   -3.99614   -21.1414
     15600   0.319824    727.371     230.61    339.953        0.2    1220.31    452.474    1672.79    -7.8501   -22.9687
     15500   0.317383    759.351    233.731    336.332        0.2    1251.71    462.675    1714.38   -10.2009   -24.4719
     15400   0.393066    791.165    236.859    332.352        0.2    1286.42    475.529    1761.95   -12.8542   -25.9738
     15300   0.561523     830.64    240.075    329.889        0.2    1327.63    488.287    1815.91   -12.7586   -29.1154
     15200    0.67627    886.907    243.586    328.223        0.2    1367.96      503.8    1871.76   -15.5124    -35.368
     15100    0.78125    954.639    247.544     332.37        0.2    1414.98     522.57    1937.55   -18.7705   -42.7712
     15000   0.876465    1032.86    252.003    340.465        0.2     1473.4     545.27    2018.67      -22.7   -50.5169
     14900   0.776367    1120.41     256.99     345.76        0.2    1539.62    573.613    2113.23   -28.3431   -58.1378
     14800          0    1197.27    262.325    349.554        0.2    1614.11     606.66    2220.77   -33.0462   -61.7954
     14700          0    1197.27    266.973    339.305        0.2    1680.41    644.638    2325.05   -37.9782   -49.4514
     14600          0    1197.27    260.251    269.216        0.2    1704.59    669.049    2373.64    -24.411   -39.8444
     14500          0    1197.27    258.031    242.628        0.2    1712.67    687.733     2400.4   -18.6838   -36.6192
     14400          0    1197.27    258.315    226.816        0.2    1713.89    704.694    2418.58   -16.9614   -36.1289
     14300          0    1197.27    259.525    213.405        0.2    1714.77    725.069    2439.84   -20.3746   -36.8546
     14200          0    1197.27    260.976    202.003        0.2    1721.62    747.492    2469.11   -22.4234   -38.1632
     14100          0    1197.27    262.406    196.002        0.2     1728.5    771.564    2500.06   -24.0722   -39.6537
     14000          0    1197.27    263.729    193.417        0.2    1744.18    798.309    2542.49   -26.7444   -40.9871
     13900          0    1197.27    264.933    188.863        0.2    1764.63    822.671     2587.3   -24.3627   -42.1155
     13800          0    1197.27    266.024    183.357        0.2    1775.97     850.18    2626.15   -27.5086   -43.2114
     13700          0    1197.27    267.012    179.355        0.2    1802.94    875.841    2678.78   -25.6615   -44.3183
     13600          0    1197.27    267.908    176.217        0.2    1822.39    902.544    2724.94   -26.7028   -45.3914
     13500          0    1197.27    268.725    179.448        0.2    1842.18    935.439    2777.62   -32.8951   -46.3199
     13400          0    1197.27    269.476    186.636        0.2    1860.64    965.875    2826.52   -30.4358   -46.8048
     13300   0.114746    1197.38     270.17    183.905        0.2    1879.47    999.186    2878.66   -33.3105   -46.9966
     13200    0.13916    1208.88    274.022    204.641        0.2    1881.18    1033.29    2914.47   -34.1073   -49.8471
     13100    0.20752    1222.86    276.713    210.777        0.2    1885.01    1074.14    2959.15   -40.8476   -51.7403
     13000  0.0927734     1243.5    279.136    216.052        0.2    1889.83    1114.79    3004.62   -40.6501   -54.1784
     12900   0.239258    1252.92     281.23     221.68        0.2     1899.5    1157.31    3056.81   -42.5224   -53.4985
     12800   0.244141    1276.86    283.034    227.249        0.2     1916.6    1199.47    3116.07    -42.152   -55.6923
     12700   0.124512    1301.15    284.916    228.686        0.2    1927.57    1241.78    3169.34   -42.3134   -57.3512
     12600          0    1313.48    286.926    227.267        0.2    1936.09    1283.55    3219.65   -41.7761    -56.318
     12500          0    1313.48    288.779     226.54        0.2    1942.68    1325.35    3268.03   -41.7915   -53.1738
     12400          0    1313.48    290.429    226.125        0.2    1951.79    1369.68    3321.46   -44.3289   -50.8471
     12300          0    1313.48    291.951    224.521        0.2    1953.38    1414.84    3368.22   -45.1649   -49.1862
     12200   0.205078    1313.68    293.391    222.006        0.2    1969.24    1458.93    3428.17   -44.0886   -48.1725
     12100   0.349121    1334.33    294.998    220.757        0.2     1993.7    1501.48    3495.18   -42.5558   -51.9165
     12000    0.48584    1369.38    297.048    220.108        0.2    2026.28    1548.44    3574.71   -46.9507   -58.0583
     11900   0.644531    1418.12    299.672    219.975        0.2    2062.66    1593.55    3656.22   -45.1185   -65.8767
     11800   0.227051    1482.16    302.986    220.025        0.2    2103.59     1641.5    3745.09   -47.9465   -75.2397
     11700  0.0805664    1504.72    306.481    227.479        0.2    2155.31     1691.4    3846.71   -49.8987   -74.4562
     11600          0     1512.7    294.158     200.53        0.2    2186.73    1728.19    3914.92   -36.7944    -70.222
     11500          0     1512.7    289.393    183.344        0.2    2210.64    1751.82    3962.46   -23.6263   -67.7652
     11400          0     1512.7    288.359    160.612        0.2     2224.3    1772.23    3996.52   -20.4066   -67.6955
     11300          0     1512.7    288.819    149.924        0.2    2232.11    1795.57    4027.68   -23.3419   -69.0368
     11200          0     1512.7    289.795    146.186        0.2    2235.66    1820.51    4056.17    -24.945   -70.6489
     11100          0     1512.7    290.887    139.108        0.2    2251.75     1846.5    4098.25   -25.9869    -72.206
     11000          0     1512.7    291.946    130.301        0.2    2276.05    1873.65    4149.69   -27.1456   -73.8768
     10900          0     1512.7    292.924    125.266        0.2    2290.65    1898.97    4189.62   -25.3238   -75.6356
     10800          0     1512.7    293.821    122.429        0.2    2293.31    1927.24    4220.55   -28.2712   -77.2895
     10700          0     1512.7    294.649    118.686        0.2    2297.27    1955.66    4252.94   -28.4241   -78.8268
     10600          0     1512.7    295.412    114.493        0.2     2305.2    1984.18    4289.38   -28.5118   -80.3464
     10500          0     1512.7    296.115    111.939        0.2    2313.22    2012.79    4326.01   -28.6146   -81.8588
     10400          0     1512.7    296.765    110.371        0.2    2321.74    2043.36     4365.1   -30.5647   -83.2966
     10300          0     1512.7     297.37    109.352        0.2    2323.58    2075.83    4399.41   -32.4703   -84.6434
     10200          0     1512.7    297.939    108.246        0.2    2326.21    2108.07    4434.28   -32.2391   -85.8997
     10100          0     1512.7    298.477    106.124        0.2     2344.9    2142.84    4487.74   -34.7766   -87.1266
     10000          0     1512.7    298.987    103.678        0.2    2356.93    2177.83    4534.76   -34.9871    -88.374
      9900          0     1512.7    299.474    101.062        0.2       2358       2213       4571   -35.1737   -89.6606
      9800          0     1512.7    299.939    98.3151        0.2    2360.05     2249.2    4609.25    -36.195   -90.9944
      9700          0     1512.7    300.384    95.4595        0.2    2365.25    2286.39    4651.65   -37.1968     -92.38
      9600 0.00732422     1512.7    300.812    92.5155        0.2    2371.19    2324.58    4695.76   -38.1808   -93.8214
      9500          0    1513.43    301.235    89.4824        0.2    2372.86    2363.73     4736.6   -39.1597   -95.4551
      9400          0    1513.43    301.643     87.178        0.2    2387.95    2400.18    4788.13   -36.4429   -96.9575
      9300          0    1513.43    302.027    85.3103        0.2    2402.19     2438.4     4840.6   -38.2267   -98.4657
      9200          0    1513.43    302.391    83.6726        0.2    2415.36     2477.1    4892.45   -38.6914   -99.9607
      9100          0    1513.43     302.74    82.1914        0.2    2420.42    2517.84    4938.26   -40.7405   -101.434
      9000          0    1513.43    303.076    80.8353        0.2    2423.33    2561.61    4984.94   -43.7761    -102.88
      8900          0    1513.43      303.4    79.5992        0.2     2436.9    2604.36    5041.26   -42.7502   -104.295
      8800          0    1513.43    303.714    78.4584        0.2    2438.92    2647.55    5086.47   -43.1889   -105.678
      8700  0.0402832    1513.47    304.019    77.3968        0.2    2444.43    2691.17     5135.6   -43.6186   -107.035
      8600    0.10498    1517.56    304.382    76.3375        0.2    2455.11       2735    5190.11   -43.8316   -109.125
      8500  0.0390625    1527.99    304.926    75.1859        0.2    2459.39    2779.23    5238.62    -44.226   -112.193
      8400  0.0830078    1531.94    305.529    74.5336        0.2    2466.96    2823.46    5290.41   -44.2295   -113.594
      8300          0    1540.16    306.158    74.1589        0.2    2471.06    2871.32    5342.37    -47.858   -115.713
      8200 0.00732422    1540.17    306.719    74.0954        0.2    2471.21    2919.16    5390.37   -47.8437   -116.021
      8100          0    1540.89    307.159    74.2833        0.2    2474.27    2966.87    5441.14   -47.7089    -116.59
      8000  0.0683594    1540.96    307.535    74.6564        0.2    2479.07    3014.68    5493.75   -47.8103   -117.071
      7900          0    1547.73     307.98    75.1358        0.2    2483.65    3062.66    5546.31     -47.98    -118.83
      7800          0    1547.73    308.425    75.8275        0.2    2486.12    3111.38     5597.5   -48.7248   -119.029
      7700  0.0219727    1547.75    308.784    76.7217        0.2    2486.46    3159.77    5646.23   -48.3842   -119.283
      7600          0    1549.93    309.132    77.7563        0.2    2489.08     3208.8    5697.88   -49.0318   -119.947
      7500          0    1549.93    309.454    78.9462        0.2     2497.2    3258.43    5755.63   -49.6294   -120.091
      7400          0    1549.93    309.728     79.263        0.2    2508.64    3308.61    5817.25   -50.1784    -120.24
      7300          0    1549.93    309.969    79.0667        0.2    2521.52     3357.3    5878.82   -48.6938   -120.428
      7200          0    1549.93    310.184    78.6118        0.2    2538.11    3404.48     5942.6   -47.1837   -120.659
      7100          0    1549.93    310.379    77.9809        0.2    2555.43    3452.56    6007.99   -48.0786   -120.933
      7000          0    1549.93    310.558    77.2187        0.2    2565.11    3505.52    6070.63   -52.9582   -121.247
      6900          0    1549.93    310.726    76.3651        0.2     2574.8    3558.15    6132.95   -52.6256   -121.597
      6800          0    1549.93    310.883    75.4384        0.2    2582.71    3606.13    6188.84   -47.9828    -121.98
      6700          0    1549.93    311.031    74.4617        0.2    2590.18    3655.06    6245.24   -48.9314   -122.394
      6600          0    1549.93    311.172    73.4628        0.2    2598.36    3706.83     6305.2   -51.7724   -122.834
      6500          0    1549.93    311.307    72.4318        0.2    2603.68    3757.04    6360.72    -50.207     -123.3
      6400          0    1549.93    311.436     71.671        0.2    2608.46    3807.28    6415.74   -50.2361   -123.783
      6300          0    1549.93     311.56    71.0701        0.2    2614.07    3855.89    6469.96   -48.6104   -124.266
      6200          0    1549.93    311.681    70.5616        0.2     2627.7    3903.77    6531.47   -47.8807   -124.742
      6100          0    1549.93    311.797    70.1359        0.2    2642.21    3950.91    6593.12   -47.1473   -125.208
      6000          0    1549.93    311.911    69.7655        0.2    2645.86    3997.33    6643.18   -46.4109   -125.661
      5900          0    1549.93    312.022    69.4388        0.2    2651.46    4045.65    6697.11   -48.3217     -126.1
      5800          0    1549.93     312.13    69.1476        0.2    2663.35    4092.28    6755.62   -46.6299   -126.524
      5700          0    1549.93    312.236    68.8863        0.2    2665.51    4138.61    6804.12    -46.336   -126.933
      5600          0    1549.93     312.34    68.6517        0.2       2666     4184.8     6850.8     -46.19   -127.327
      5500          0    1549.93    312.442    68.4406        0.2    2676.47    4230.85    6907.31   -46.0421   -127.706
      5400          0    1549.93    312.543    67.5471        0.2     2686.3    4276.96    6963.26   -46.1175   -128.085
      5300          0    1549.93    312.641     66.231        0.2    2688.59    4323.15    7011.74   -46.1913     -128.5
      5200          0    1549.93    312.739    64.6857        0.2     2703.2    4366.09    7069.29   -42.9386   -128.966
      5100          0    1549.93    312.834    62.9922        0.2    2704.79    4409.73    7114.51   -43.6345   -129.489
      5000 0.00976562    1549.94    312.929    61.1653        0.2    2709.49    4454.06    7163.55    -44.329   -130.073
      4900  0.0244141    1550.93    313.038    59.2383        0.2    2715.63    4497.09    7212.73   -43.0384   -130.897
      4800          0    1553.34    313.191    57.1956        0.2    2717.55    4539.54    7257.08   -42.4411       -132
      4700          0    1553.34    313.343    55.1096        0.2    2721.56    4581.38    7302.94    -41.843   -132.622
      4600 0.00976562    1553.35    313.465     53.008        0.2     2726.4    4625.04    7351.44   -43.6651   -133.338
      4500  0.0366211    1554.36    313.589    50.8433        0.2    2733.01    4669.53    7402.55   -44.4887   -134.315
      4400  0.0463867    1558.03    313.769    48.9393        0.2    2740.19     4712.2    7452.39   -42.6692   -135.804
      4300  0.0170898    1562.64    314.027    47.1637        0.2    2744.86    4754.73    7499.59   -42.5273   -137.359
      4200  0.0708008     1564.4    314.289    45.5022        0.2     2753.9    4796.82    7550.72    -42.089   -138.276
      4100   0.115967    1571.53    314.608    43.8453        0.2    2766.79    4839.73    7606.52   -42.9084   -140.209
      4000   0.117188    1583.12      315.1    42.1054        0.2     2779.8    4881.53    7661.32   -41.7999   -142.752
      3900    0.13916    1594.87    315.739    40.3245        0.2    2795.22    4922.37    7717.58   -40.8391   -144.986
      3800  0.0927734    1608.74    316.497    38.4969        0.2    2808.72    4965.41    7774.14   -43.0473   -147.353
      3700   0.112305    1618.03    317.274     36.164        0.2    2826.02    5009.36    7835.38   -43.9487   -148.631
      3600  0.0708008    1629.22    318.043    32.3225        0.2    2840.58     5054.2    7894.79   -44.8426   -150.314
      3500  0.0537109    1636.28    318.769    27.8919        0.2    2854.14    5097.97    7952.11   -43.7688   -151.297
      3400 0.00488281    1641.61    319.398    23.2995        0.2    2863.58    5143.37    8006.95   -45.3979   -152.215
      3300          0    1642.09    319.875    18.5913        0.2    2863.68     5188.9    8052.57   -45.5254   -152.552
      3200          0    1642.09    320.204    14.2744        0.2    2865.07     5234.4    8099.47   -45.5037   -153.243
      3100          0    1642.09    320.443    11.2849        0.2    2865.23    5280.19    8145.42   -45.7932   -154.243
      3000          0    1642.09    320.629    8.76641        0.2    2868.11    5326.22    8194.33   -46.0291   -155.435
      2900          0    1642.09    320.777    6.57453        0.2    2871.44     5371.5    8242.94   -45.2772   -156.752
      2800          0    1642.09    320.895      4.611        0.2    2875.13    5417.09    8292.23   -45.5947    -158.15
      2700          0    1642.09    320.987    2.64692        0.2    2878.43    5459.18    8337.61    -42.087   -159.601
      2600          0    1642.09    321.059    0.35282        0.2    2890.91    5506.34    8397.25   -47.1595   -161.104
      2500          0    1642.09    321.116   -2.03942        0.2    2891.03    5549.56    8440.59   -43.2165   -162.662
      2400          0    1642.09    321.161     -4.459        0.2    2892.87    5593.12    8485.98   -43.5615   -164.269
      2300          0    1642.09    321.197   -6.90346        0.2    2893.03    5637.17     8530.2   -44.0473   -165.917
      2200          0    1642.09    321.226    -9.2194        0.2    2899.76    5681.69    8581.45   -44.5261     -167.6
      2100          0    1642.09    321.249   -11.1354        0.2    2900.14    5726.14    8626.28   -44.4494   -169.295
      2000          0    1642.09    321.268   -12.8884        0.2    2900.35    5770.51    8670.86   -44.3683   -170.981
      1900          0    1642.09    321.284   -14.5177        0.2    2900.99    5814.26    8715.25   -43.7506   -172.651
      1800          0    1642.09    321.297    -16.051        0.2    2901.31    5857.89     8759.2   -43.6302     -174.3
      1700          0    1642.09    321.308   -17.5982        0.2    2902.91    5900.57    8803.48   -42.6811   -175.923
      1600          0    1642.09    321.317   -19.3316        0.2    2904.13     5941.6    8845.73   -41.0295   -177.531
      1500          0    1642.09    321.325   -21.1158        0.2     2905.8    5984.38    8890.18   -42.7799   -179.131
      1400          0    1642.09    321.332   -22.9371        0.2    2906.99    6028.76    8935.76   -44.3817   -180.726
      1300          0    1642.09    321.338   -24.7804        0.2    2911.99    6072.36    8984.35   -43.6017   -182.317
      1200          0    1642.09    321.343   -26.3651        0.2    2928.79    6115.19    9043.99   -42.8297   -183.902
      1100          0    1642.09    321.348   -27.2112        0.2    2942.57    6157.33     9099.9   -42.1377   -185.447
      1000          0    1642.09    321.352    -27.739        0.2    2954.31    6198.92    9153.23    -41.587   -186.925
       900          0    1642.09    321.356   -27.9261        0.2    2966.54    6240.62    9207.17   -41.7058   -188.324
       800          0    1642.09    321.359   -27.8559        0.2    2980.11    6278.66    9258.78   -38.0393   -189.633
       700          0    1642.09    321.363   -27.4815        0.2    2991.57    6315.96    9307.53   -37.2959   -190.846
       600          0    1642.09    321.366   -26.6493        0.2    3013.02    6356.15    9369.17   -40.1906   -191.949
       500          0    1642.09    321.368   -25.5419        0.2    3035.07    6396.88    9431.95   -40.7259    -192.93
       400          0    1642.09    321.371   -24.1348        0.2    3069.66    6435.52    9505.18   -38.6435   -193.783
       300          0    1642.09    321.373   -22.4815        0.2    3093.68    6479.17    9572.84   -43.6468   -194.504
       200          0    1642.09    321.376    -20.367        0.2    3124.64    6523.25    9647.89   -44.0833   -195.087
       100          0    1642.09    321.378   -17.3682        0.2    3140.94    6563.17    9704.11   -39.9228   -195.501
         0          0    1642.09     321.38   -13.8938        0.2    3144.41    6583.99     9728.4   -20.8222   -195.721