     20000          0          0    179.437    415.631          0     17.399    14.2831     31.682    14.2831    51.8336
     19900          0          0    179.437     414.68          0    28.2793    29.7361    58.0154    15.4531    51.7019
     19800          0          0    179.437    414.027          0    44.2321    46.3592    90.5912    16.6231    51.5707
     19700          0          0    179.437    413.765          0    53.1471    60.5222    113.669    14.1631    51.4563
     19600  0.0341797  0.0341797    179.437    413.802          0    62.7691    72.5053    135.274     11.983    51.3657
     19500          0    3.41797    179.497     411.94          0    64.9092     81.958    146.867    9.45276    50.4967
     19400          0    3.41797    179.569    409.028          0    76.4211    93.9089     170.33    11.9509    50.5219
     19300          0    3.41797    179.604    406.374          0    86.3469    105.855    192.202    11.9462     50.393
     19200          0    3.41797    179.621    403.739          0    87.8079    117.814    205.622    11.9586    50.1432
     19100          0    3.41797     179.63    402.833          0    87.8413    129.274    217.115    11.4599    49.8146
     19000          0    3.41797    179.634    402.969          0    88.5101     141.54     230.05    12.2663    49.4994
     18900          0    3.41797    179.634    401.291          0    90.2013    154.616    244.817    13.0757    49.2009
     18800          0    3.41797    179.633    398.608          0    99.8333    164.953    264.786    10.3369    48.8295
     18700          0    3.41797    179.631    396.754          0    121.059    176.592    297.651    11.6392     48.374
     18600          0    3.41797    179.628    395.303          0    155.566    190.864     346.43    14.2721    47.8825
     18500          0    3.41797    179.625     393.91          0    197.596    199.359    396.956    8.49539    47.3703
     18400          0    3.41797    179.621    392.579          0    206.367    207.408    413.775    8.04878    46.8407
     18300          0    3.41797    179.618    389.472          0    210.109     215.81     425.92    8.40217    46.2675
     18200          0    3.41797    179.615    385.268          0    235.142    224.216    459.358    8.40549    45.5679
     18100          0    3.41797    179.611    381.685          0    284.217    232.098    516.315    7.88203    44.7273
     18000          0    3.41797    179.608    378.335          0    328.742    240.543    569.284    8.44508    43.7882
     17900          0    3.41797    179.605    377.379          0    365.903    250.407     616.31    9.86465    42.8035
     17800          0    3.41797    179.603    377.897          0    401.145    261.135     662.28    10.7274    41.8916
     17700          0    3.41797      179.6    375.997          0    435.938    271.255    707.193      10.12    41.0526
     17600   0.078125    3.49609    179.598    372.778          0    459.841    285.382    745.223    14.1274    40.1403
     17500    0.34668    11.5771    179.733    372.647          0    467.913    299.034    766.947    13.6518    37.3239
     17400   0.449219    46.3477    182.902    404.206          0     496.61    307.914    804.524    8.88032    27.7926
     17300   0.373535    91.1938    184.823    412.919          0    524.889    315.815    840.703    7.90027     18.999
     17200   0.396729    128.571    186.747     417.49          0    559.448    326.153    885.601    10.3379    13.9961
     17100   0.507812    168.354    188.854    419.595          0    611.893    335.929    947.821    9.77598    9.52352
     17000    0.34668    218.975    191.339    419.776          0    658.929    346.689    1005.62    10.7606    3.48944
     16900   0.195312    253.491    194.043    414.077          0    696.476    356.271    1052.75    9.58217    2.08773
     16800   0.153809    272.981    196.619    404.685          0    731.831    364.842    1096.67    8.57095    3.82566
     16700    0.26123    288.469    198.985    394.326          0    767.427    373.747    1141.17    8.90508    5.47212
     16600   0.412598    314.744    201.346    382.844          0    799.241    385.552    1184.79    11.8044    3.66963
     16500   0.488281    356.079    203.998    381.909          0     833.99    389.907     1223.9    4.35501   -1.70206
     16400   0.568848    404.988    207.073    387.892          0    881.192    396.801    1277.99    6.89468   -7.67386
     16300   0.510254    461.814    210.593    390.425          0    935.918    398.725    1334.64    1.92325   -13.9753
     16200   0.324707    512.654    214.423    391.176          0    993.174    403.747    1396.92    5.02191   -17.6753
     16100   0.262451    545.062    218.207    380.369          0     1044.4    409.277    1453.68    5.53032    -16.888
     16000   0.275879    571.321    221.752    361.813          0    1083.46    411.229    1494.68    1.95163   -15.7652
     15900   0.273438    598.906    225.131     351.45          0     1115.6    412.507     1528.1   -1.27878   -16.1433
     15800   0.317383    626.294    228.431    346.186          0    1149.04    418.578    1567.62   -6.07074   -16.9812
     15700   0.310059    658.025    231.738    342.158          0     1181.5    426.807    1608.31   -8.22845   -18.9876
     15600   0.297852    689.019    235.091    339.182          0    1213.72    439.138    1652.86   -12.3315   -20.7619
     15500    0.29541    718.801     238.46     335.52          0     1244.3    454.068    1698.37   -14.9295   -22.2154
     15400   0.366211    748.413    241.832    331.502          0    1278.16    471.895    1750.06   -17.8274   -23.6703
     15300   0.527344    785.195    245.303    328.998          0    1318.48    489.881    1808.36   -17.9863   -26.6768
     15200   0.637207     838.04    249.112    327.295          0    1357.89     510.92    1868.81   -21.0392   -32.6957
     15100   0.737305     901.86    253.444    331.366          0     1403.9    535.591    1939.49   -24.6704   -39.8396
     15000   0.827637    975.681    258.362    339.361          0    1461.21     564.65    2025.86   -29.0596   -47.3133
     14900   0.732422    1058.35    263.903    344.569          0    1526.24    599.907    2126.15   -35.2563   -54.6611
     14800          0    1130.86    269.861    348.258          0    1599.44    640.489    2239.93   -40.5819   -58.2038
     14700          0    1130.86     275.05    337.989          0    1664.42    686.544    2350.97   -46.0557   -46.4769
     14600          0    1130.86    268.471    268.073          0    1687.46    719.176    2406.64   -32.6315   -37.3184
     14500          0    1130.86    266.272    241.548          0    1694.46      746.1    2440.56    -26.924   -34.4038
     14400          0    1130.86    266.589    225.803          0    1694.67    771.335       2466   -25.2348   -34.1369
     14300          0    1130.86    267.842    212.472          0    1696.48    800.027    2496.51   -28.6919   -35.0227
     14200          0    1130.86    269.334    201.138          0     1704.2    830.808    2535.01   -30.7811   -36.4458
     14100          0    1130.86    270.793    195.161          0    1711.91    863.268    2575.18   -32.4601   -38.0179
     14000          0    1130.86    272.129    192.585          0    1728.43    898.411    2626.84   -35.1437   -39.4094
     13900          0    1130.86    273.327    188.067          0    1749.68    931.168    2680.84   -32.7567   -40.5798
     13800          0    1130.86    274.393    182.601          0    1761.77    967.046    2728.82   -35.8782   -41.7063
     13700          0    1130.86    275.338    178.626          0    1789.47    1001.03     2790.5   -33.9881   -42.8356
     13600          0    1130.86    276.174    175.517          0    1809.62       1036    2845.62   -34.9692   -43.9248
     13500          0    1130.86    276.915    178.715          0    1830.15    1077.09    2907.23   -41.0848   -44.8654
     13400          0    1130.86    277.574    185.853          0    1849.39    1115.62    2965.01   -38.5341   -45.3609
     13300   0.100098    1130.96    278.168    183.176          0    1868.95    1156.93    3025.88   -41.3077   -45.5589
     13200    0.12207    1140.99     282.05    203.777          0    1871.52    1199.07    3070.59   -42.1353   -48.1552
     13100   0.187988    1153.26    284.768    209.871          0    1874.44    1247.97    3122.41   -48.9034   -49.8117
     13000  0.0756836    1171.95    287.231    215.131          0    1880.19    1296.71     3176.9   -48.7454    -52.024
     12900   0.219727    1179.66     289.36     220.74          0    1888.91    1347.37    3236.28    -50.652   -51.2068
     12800   0.224609    1201.64    291.203    226.292          0    1905.06    1397.69    3302.75   -50.3205   -53.2571
     12700   0.107422    1223.98    293.158    227.745          0    1915.08    1448.24    3363.32   -50.5551   -54.8052
     12600          0    1234.62    295.244    226.351          0    1924.53    1498.34    3422.86   -50.0944   -53.7244
     12500          0    1234.62    297.147    225.619          0    1932.04     1548.5    3480.53   -50.1597   -50.8759
     12400          0    1234.62    298.819    225.189          0    1942.08    1601.22    3543.29   -52.7194   -48.7819
     12300          0    1234.62    300.343    223.576          0    1942.72    1654.77     3597.5   -53.5565   -47.3043
     12200   0.185547     1234.8     301.77    221.055          0    1957.63    1707.24    3664.87    -52.467   -46.4312
     12100   0.327148     1253.5    303.378    219.803          0    1981.14    1758.17    3739.31   -50.9359   -49.8996
     12000   0.458984    1286.35    305.493     219.16          0    2012.77    1813.57    3826.34   -55.3956   -55.7936
     11900   0.610352     1332.4    308.281    219.029          0    2048.21     1867.3    3915.51   -53.7266   -63.3428
     11800   0.209961    1393.03    311.881    219.076          0    2088.18    1924.14    4012.32   -56.8406   -72.3879
     11700  0.0695801    1413.89      315.7    226.433          0    2138.86    1983.26    4122.12   -59.1176   -71.6533
     11600          0    1420.78    303.329    199.581          0    2169.33    2029.22    4198.55    -45.965   -67.5532
     11500          0    1420.78    298.434    182.566          0    2192.46    2061.89    4254.35   -32.6675   -65.3739
     11400          0    1420.78    297.304    160.035          0    2205.54    2091.24    4296.78   -29.3523   -65.4992
     11300          0    1420.78    297.692    149.425          0    2212.86    2123.45    4336.32   -32.2147   -66.9791
     11200          0    1420.78    298.605    145.739          0    2215.96    2157.21    4373.17   -33.7547   -68.6923
     11100          0    1420.78    299.641    138.748          0    2232.41    2191.95    4424.36   -34.7415   -70.3248
     11000          0    1420.78    300.649     130.02          0    2256.99     2227.8    4484.79   -35.8492   -72.0528
     10900          0    1420.78    301.581    125.018          0    2271.84    2261.78    4533.62   -33.9806   -73.8559
     10800          0    1420.78    302.429    122.202          0    2274.72    2298.66    4573.38   -36.8791   -75.5457
     10700          0    1420.78    303.195     118.49          0    2278.89    2335.63    4614.52   -36.9702   -77.1131
     10600          0    1420.78    303.884    114.325          0    2286.98    2372.61     4659.6   -36.9842   -78.6588
     10500          0    1420.78    304.505    111.782          0    2295.16    2409.62    4704.77   -37.0048   -80.1947
     10400          0    1420.78    305.068     110.22          0    2303.83    2448.49    4752.32   -38.8675   -81.6543
     10300          0    1420.78    305.581    109.201          0    2305.82    2489.17    4794.99   -40.6808   -83.0215
     10200          0    1420.78    306.051    108.099          0     2308.6    2529.52    4838.12   -40.3512   -84.2973
     10100          0    1420.78    306.485    105.986          0    2327.42     2572.3    4899.73   -42.7853   -85.5431
     10000          0    1420.78     306.89    103.552          0    2339.58    2615.19    4954.77   -42.8905    -86.809
      9900          0    1420.78    307.272    100.949          0    2340.76    2658.17    4998.93   -42.9716   -88.1138
      9800          0    1420.78    307.632    98.2153          0    2342.92    2702.05    5044.97   -43.8879   -89.4658
      9700          0    1420.78    307.972    95.3733          0    2348.03    2746.84    5094.87   -44.7849   -90.8698
      9600 0.00732422    1420.78    308.295     92.443          0    2353.89     2792.5     5146.4   -45.6641   -92.3298
      9500          0    1421.51    308.617    89.4231          0    2355.51    2839.04    5194.55   -46.5416   -93.9827
      9400          0    1421.51    308.926     87.124          0    2370.65    2882.77    5253.42    -43.726   -95.5042
      9300          0    1421.51    309.213    85.2588          0    2384.94    2928.18    5313.13   -45.4126   -97.0319
      9200          0    1421.51    309.482    83.6209          0    2398.16    2973.96    5372.12   -45.7819   -98.5466
      9100          0    1421.51    309.737    82.1374          0    2403.28     3021.7    5424.98    -47.737   -100.039
      9000          0    1421.51    309.979    80.7777          0    2406.24    3072.38    5478.62   -50.6794   -101.505
      8900          0    1421.51     310.21    79.5368          0    2419.88    3121.94    5541.82   -49.5602   -102.941
      8800          0    1421.51    310.431    78.3903          0    2421.97    3171.85    5593.81   -49.9062   -104.344
      8700  0.0390625    1421.55    310.644    77.3223          0     2427.4    3222.09     5649.5   -50.2436   -105.722
      8600   0.100098    1425.52    310.927    76.2571          0       2438    3272.47    5710.46   -50.3766   -107.808
      8500  0.0366211    1435.46    311.421    75.1034          0     2442.2    3323.19    5765.39   -50.7214   -110.814
      8400  0.0805664    1439.17    311.983    74.4438          0    2449.67    3373.87    5823.55   -50.6831   -112.215
      8300          0    1447.14    312.574    74.0585          0    2453.87    3428.15    5882.02    -54.274    -114.34
      8200 0.00732422    1447.15    313.085    73.9794          0    2453.91    3482.36    5936.27     -54.21     -114.7
      8100          0    1447.88    313.452    74.1501          0     2457.1    3536.36    5993.46   -54.0018   -115.312
      8000   0.065918    1447.94     313.74    74.5062          0    2461.76    3590.37    6052.13   -54.0152   -115.829
      7900          0    1454.47    314.106    74.9708          0     2466.5    3644.48    6110.98   -54.1057   -117.576
      7800          0    1454.47     314.47    75.6459          0    2469.15    3699.25     6168.4   -54.7696   -117.815
      7700  0.0183105    1454.49    314.732     76.523          0    2469.69    3753.58    6223.27   -54.3319   -118.103
      7600          0     1456.3    314.977    77.5458          0    2472.52    3808.46    6280.98   -54.8769   -118.731
      7500          0     1456.3    315.199    78.7207          0    2480.86    3863.83     6344.7   -55.3741   -118.919
      7400          0     1456.3    315.379    79.0261          0    2492.55    3919.66    6412.21   -55.8286   -119.106
      7300          0     1456.3    315.533    78.8183          0    2505.67    3973.92    6479.59   -54.2582   -119.328
      7200          0     1456.3    315.672     78.352          0    2522.52    4026.59    6549.11   -52.6715    -119.59
      7100          0     1456.3    315.798    77.7096          0    2540.11    4080.09     6620.2   -53.4983   -119.894
      7000          0     1456.3    315.916    76.9357          0    2550.07     4138.4    6688.48   -58.3163   -120.236
      6900          0     1456.3    316.027      76.07          0    2560.06    4196.33    6756.39   -57.9272   -120.613
      6800          0     1456.3    316.132     75.131          0    2568.28    4249.56    6817.84   -53.2325   -121.023
      6700          0     1456.3    316.233    74.1415          0    2576.06     4303.7    6879.76   -54.1329   -121.463
      6600          0     1456.3    316.329    73.1294          0    2584.59    4360.63    6945.21   -56.9292    -121.93
      6500          0     1456.3    316.422    72.0847          0    2590.25    4415.95     7006.2    -55.322   -122.421
      6400          0     1456.3    316.512    71.3081          0    2595.39    4471.26    7066.65   -55.3117   -122.929
      6300          0     1456.3    316.599    70.6904          0    2601.38    4524.91    7126.29   -53.6487   -123.437
      6200          0     1456.3    316.683    70.1642          0    2615.41    4577.79     7193.2   -52.8833   -123.938
      6100          0     1456.3    316.766    69.7203          0    2630.33    4629.91    7260.24   -52.1158   -124.429
      6000          0     1456.3    316.846    69.3311          0    2634.42    4681.25    7315.67   -51.3464   -124.906
      5900          0     1456.3    316.925    68.9853          0    2640.48    4734.48    7374.96   -53.2252   -125.369
      5800          0     1456.3    317.002    68.6747          0    2652.83    4785.98    7438.81   -51.5024   -125.817
      5700          0     1456.3    317.078    68.3939          0    2655.49    4837.16    7492.65   -51.1782    -126.25
      5600          0     1456.3    317.153    68.1397          0    2656.49    4888.16    7544.65   -51.0026   -126.668
      5500          0     1456.3    317.226     67.909          0    2667.49    4938.99    7606.48   -50.8258   -127.071
      5400          0     1456.3    317.298    67.0001          0    2677.87    4989.86    7667.73   -50.8728   -127.472
      5300          0     1456.3    317.369    65.6701          0    2680.72    5040.78     7721.5   -50.9187   -127.911
      5200          0     1456.3    317.439    64.1124          0     2695.9    5088.42    7784.32   -47.6385     -128.4
      5100          0     1456.3    317.507    62.4073          0    2698.07    5136.73     7834.8   -48.3074   -128.946
      5000 0.00244141     1456.3    317.576    60.5695          0    2702.18     5185.7    7887.89   -48.9756    -129.55
      4900  0.0170898    1456.56    317.648    58.6441          0    2707.73    5233.35    7941.08   -47.6483    -130.26
      4800          0    1458.25    317.756    56.6108          0    2709.06    5280.36    7989.42   -47.0064   -131.281
      4700          0    1458.25     317.87    54.5249          0    2713.66    5326.73    8040.38   -46.3701   -131.978
      4600 0.00244141    1458.25    317.962    52.4172          0     2717.9    5374.89    8092.79   -48.1618   -132.752
      4500  0.0292969    1458.53    318.048    50.2563          0    2723.93    5423.84    8147.77    -48.948   -133.644
      4400  0.0366211    1461.46    318.189    48.3599          0    2730.53    5470.93    8201.45   -47.0894   -135.071
      4300 0.00976562     1465.1    318.414     46.596          0    2734.63    5517.84    8252.47   -46.9137   -136.537
      4200  0.0610352    1466.13    318.638    44.9448          0    2743.11    5564.28    8307.39   -46.4385   -137.432
      4100   0.107422    1472.28     318.93    43.2994          0    2755.46    5611.51    8366.97   -47.2298   -139.305
      4000   0.107422    1483.02    319.428    41.5673          0    2767.93    5657.64    8425.56   -46.1281   -141.828
      3900   0.129395    1493.78    320.105    39.7913          0    2782.82    5702.84    8485.66   -45.2054   -144.026
      3800  0.0830078    1506.67    320.927    37.9657          0    2795.79    5750.32    8546.11   -47.4766   -146.368
      3700    0.10498       1515    321.769    35.6368          0    2812.56    5798.76    8611.32   -48.4438   -147.629
      3600  0.0634766    1525.45    322.602    31.8008          0     2826.6    5848.16    8674.77   -49.4024   -149.342
      3500  0.0463867    1531.78    323.382    27.3772          0    2839.64    5896.55    8736.19   -48.3822   -150.348
      3400          0    1536.38    324.037    22.7947          0    2848.58    5946.58    8795.16   -50.0368   -151.284
      3300          0    1536.38    324.504    18.0972          0    2848.98    5996.74    8845.72   -50.1545   -151.678
      3200          0    1536.38      324.8    13.7816          0    2849.87    6046.84    8896.71   -50.1001   -152.499
      3100          0    1536.38    324.999    10.7852          0    2850.54    6097.19    8947.73   -50.3491     -153.6
      3000          0    1536.38    325.139    8.25741          0    2852.91    6147.73    9000.64   -50.5387    -154.87
      2900          0    1536.38    325.239    6.05431          0    2855.72    6197.46    9053.18   -49.7385   -156.251
      2800          0    1536.38     325.31     4.0782          0    2858.88    6247.47    9106.35   -50.0102   -157.701
      2700          0    1536.38    325.361    2.10164          0    2862.72    6293.93    9156.66   -46.4606   -159.194
      2600          0    1536.38    325.395  -0.203828          0    2875.76    6345.43    9221.19   -51.4948   -160.734
      2500          0    1536.38    325.416   -2.60692          0    2876.45    6392.95    9269.39   -47.5162   -162.323
      2400          0    1536.38    325.427     -5.037          0     2877.7    6440.77    9318.48   -47.8273   -163.958
      2300          0    1536.38     325.43   -7.49151          0    2878.46    6489.05    9367.51   -48.2802   -165.631
      2200          0    1536.38    325.426    -9.8181          0    2885.79    6537.78    9423.57   -48.7264   -167.336
      2100          0    1536.38    325.417    -11.746          0    2886.02     6586.4    9472.41   -48.6172   -169.051
      2000          0    1536.38    325.403   -13.5113          0    2886.43     6634.9    9521.33   -48.5035   -170.758
      1900          0    1536.38    325.386   -15.1532          0     2887.7    6682.75    9570.46   -47.8529   -172.446
      1800          0    1536.38    325.366   -16.6994          0    2888.03    6730.45    9618.48   -47.6993   -174.112
      1700          0    1536.38    325.343   -18.2591          0    2888.97    6777.17    9666.14   -46.7166   -175.753
      1600          0    1536.38    325.319   -20.0039          0    2890.86     6822.2    9713.06   -45.0312   -177.377
      1500          0    1536.38    325.293   -21.7992          0    2893.21    6868.95    9762.16   -46.7476   -178.994
      1400          0    1536.38    325.265   -23.6311          0     2895.1    6917.26    9812.36   -48.3152   -180.604
      1300          0    1536.38    325.237   -25.4847          0     2900.8    6964.76    9865.56    -47.501   -182.211
      1200          0    1536.38    325.208   -27.0811          0    2918.32    7011.46    9929.78   -46.6949   -183.812
      1100          0    1536.38    325.179   -27.9413          0    2932.83    7057.43    9990.26   -45.9692   -185.372
      1000          0    1536.38     325.15   -28.4845          0    2945.31    7102.81    10048.1    -45.385   -186.866
       900          0    1536.38    325.121   -28.6884          0    2958.31    7148.28    10106.6   -45.4709    -188.28
       800          0    1536.38    325.092    -28.636          0    2972.66    7190.06    10162.7   -41.7718   -189.604
       700          0    1536.38    325.063   -28.2806          0    2984.92    7231.05      10216   -40.9963   -190.833
       600          0    1536.38    325.034   -27.4691          0    3007.19    7274.91    10282.1   -43.8594   -191.951
       500          0    1536.38    325.006   -26.3832          0    3030.08    7319.27    10349.4   -44.3635   -192.948
       400          0    1536.38    324.978   -24.9987          0    3065.53    7361.53    10427.1   -42.2505   -193.817
       300          0    1536.38     324.95   -23.3686          0    3090.43    7408.75    10499.2   -47.2237   -194.554
       200          0    1536.38    324.923   -21.2793          0    3122.31    7456.38    10578.7   -47.6305   -195.153
       100          0    1536.38    324.896   -18.3085          0    3139.55    7499.82    10639.4   -43.4408   -195.584
         0          0    1536.38    324.869   -14.8635          0    3143.99    7524.13    10668.1   -24.3116    -195.82