     20000          0          0    179.437    415.631        0.7     17.399    14.2831     31.682    14.2831    51.8336
     19900          0          0    179.437     414.68        0.7    28.2793    29.7361    58.0154    15.4531    51.7019
     19800          0          0    179.437    414.027        0.7    44.2321    46.3592    90.5912    16.6231    51.5707
     19700          0          0    179.437    413.765        0.7    53.1471    60.5222    113.669    14.1631    51.4563
     19600  0.0402832  0.0402832    179.437    413.802        0.7    62.7691    72.5053    135.274    11.9831     51.364
     19500          0    4.02832    179.467    411.937        0.7    64.9118    81.9882      146.9    9.48297    50.3546
     19400          0    4.02832    179.503     409.03        0.7    76.4222    94.0053    170.428    12.0171    50.4159
     19300          0    4.02832     179.52    406.382        0.7    86.3405    106.035    192.376    12.0298    50.3129
     19200          0    4.02832    179.529    403.751        0.7    87.7891    118.086    205.875     12.051    50.0811
     19100          0    4.02832    179.533     402.85        0.7    87.8396    129.643    217.482    11.5567    49.7651
     19000          0    4.02832    179.535     402.99        0.7    88.5292    142.008    230.537    12.3648    49.4587
     18900          0    4.02832    179.536    401.315        0.7     90.244    155.182    245.426    13.1745    49.1665
     18800          0    4.02832    179.535    398.634        0.7    99.8504    165.617    265.468     10.435    48.7995
     18700          0    4.02832    179.534    396.781        0.7    121.049    177.353    298.402    11.7361    48.3472
     18600          0    4.02832    179.533    395.331        0.7    155.528    191.721    347.249    14.3674    47.8581
     18500          0    4.02832    179.531    393.939        0.7    197.529    200.309    397.839    8.58885    47.3477
     18400          0    4.02832     179.53    392.609        0.7    206.271     208.45    414.721    8.14031    46.8193
     18300          0    4.02832    179.528    389.502        0.7    210.042    216.941    426.984    8.49174    46.2472
     18200          0    4.02832    179.527    385.297        0.7    235.046    225.435     460.48    8.49309    45.5483
     18100          0    4.02832    179.526    381.713        0.7    284.093    233.402    517.495    7.96768    44.7084
     18000          0    4.02832    179.524    378.364        0.7    328.589    241.931     570.52    8.52884    43.7697
     17900          0    4.02832    179.523    377.407        0.7    365.722    251.878      617.6    9.94657    42.7855
     17800          0    4.02832    179.522    377.925        0.7    400.937    262.685    663.622    10.8075    41.8738
     17700          0    4.02832    179.522    376.024        0.7    435.703    272.884    708.587    10.1984    41.0351
     17600   0.090332    4.11865    179.521    372.804        0.7    459.579    287.088    746.666    14.2042    40.1198
     17500   0.407715    13.4692    179.588    372.671        0.7    467.628    300.885    768.513    13.7974    37.0106
     17400   0.532227    54.3652    182.509    404.209        0.7    496.327    310.159    806.486    9.27347    26.1358
     17300   0.444336      107.5    183.876    412.917        0.7    524.604    319.006     843.61    8.84689    15.8649
     17200   0.473633    151.963    185.064    417.539        0.7    559.214    331.027     890.24    12.0209     10.029
     17100   0.610352    199.463     186.34    419.747        0.7    611.811    343.317    955.128      12.29    4.80559
     17000    0.41748    260.305    187.856    420.063        0.7    659.134     357.56    1016.69    14.2436   -2.30657
     16900   0.239258    301.875    189.543     414.53        0.7    697.134    371.642    1068.78    14.0817   -3.88372
     16800    0.19043    325.752    191.226    405.332        0.7    733.136    385.606    1118.74    13.9637   -1.76348
     16700   0.322266    344.927     192.86    395.169        0.7    769.575    400.636    1170.21    15.0302   0.289464
     16600   0.505371    377.336    194.541    383.843        0.7    802.388    419.245    1221.63    18.6094   -1.73251
     16500   0.600586    427.969    196.409    383.133        0.7    838.361     431.19    1269.55    11.9445   -7.92959
     16400   0.703125     488.13     198.52    389.367        0.7    887.038    446.637    1333.67     15.447   -14.9246
     16300   0.629883    558.369     200.88    392.115        0.7    943.453    458.272    1401.72    11.6355   -22.4141
     16200   0.407715    621.135    203.412    393.125        0.7    1002.66    474.305    1476.96    16.0329     -26.73
     16100   0.336914    661.836    205.933     382.45        0.7    1055.97    492.109    1548.08    17.8044   -25.7688
     16000   0.356445    695.547    208.351    363.962        0.7    1097.17    507.462    1604.63    15.3524   -24.4024
     15900   0.351562    731.187    210.705    353.794        0.7    1131.65    520.609    1652.26    13.1475   -24.7569
     15800   0.407715    766.399    213.034    348.724        0.7    1167.64    529.935    1697.57     9.3257   -25.5734
     15700   0.402832    807.166     215.38    344.889        0.7    1202.83    538.065    1740.89    8.12985   -27.8251
     15600   0.388184    847.434     217.76    342.115        0.7    1237.98    543.065    1781.05    5.00029   -29.8736
     15500   0.388184    886.252    220.155    338.628        0.7    1271.67     546.44    1818.11    3.37482    -31.525
     15400   0.476074    925.159     222.56    334.775        0.7     1308.8    547.885    1856.69    1.44497   -33.2162
     15300   0.671387    972.961    225.019    332.454        0.7    1352.58    550.183    1902.76    2.29806   -36.7417
     15200   0.808105    1040.24    227.644    330.914        0.7     1395.6    550.612    1946.21   0.429258   -43.7631
     15100   0.932617    1121.17    230.519    335.298        0.7    1445.55    552.358    1997.91   -1.74543   -52.1309
     15000    1.04492    1214.55    233.668    343.684        0.7    1507.18    556.723    2063.91   -4.36506   -60.9187
     14900   0.925293    1318.92    237.099    349.225        0.7    1576.87    565.175    2142.04   -8.45276   -69.5684
     14800          0    1410.52    240.705    353.324        0.7    1655.13    576.601    2231.73   -11.4259   -73.6605
     14700          0    1410.52     243.87    343.127        0.7    1725.26    591.477    2316.73   -14.8754   -59.3557
     14600          0    1410.52    236.854    272.569        0.7    1752.79    592.491    2345.28    -1.0142   -48.2971
     14500          0    1410.52    234.677     245.79        0.7    1764.03    597.162    2361.19    4.67061   -44.0515
     14400          0    1410.52    234.951     229.77        0.7     1768.2    603.564    2371.77    6.40283   -42.8172
     14300          0    1410.52    236.103    216.116        0.7    1770.03    606.612    2376.65    3.04718   -43.0001
     14200          0    1410.52    237.492    204.504        0.7    1774.39    607.672    2382.06    1.06055   -43.9141
     14100          0    1410.52    238.887    198.424        0.7    1778.84    608.226    2387.06  -0.553773   -45.1183
     14000          0    1410.52    240.216    195.808        0.7    1792.13    611.457    2403.59   -3.23112   -46.2432
     13900          0    1410.52    241.464    191.139        0.7     1810.3    612.351    2422.66  -0.894226   -47.2181
     13800          0    1410.52    242.635    185.513        0.7    1819.49    616.472    2435.96   -4.12026   -48.1997
     13700          0    1410.52    243.741    181.427        0.7    1844.38    618.862    2463.25   -2.39064     -49.22
     13600          0    1410.52    244.799    178.202        0.7    1861.85    622.456    2484.31   -3.59358   -50.2252
     13500          0    1410.52    245.819    181.531        0.7    1879.56    632.445    2512.01   -9.98893    -51.099
     13400  0.0292969    1410.55    246.803    188.872        0.7    1895.78    640.208    2535.99   -7.76315   -51.5444
     13300   0.161133    1413.61    247.774    185.926        0.7    1912.59    651.122    2563.72    -10.914   -52.2908
     13200    0.19043    1429.76    251.547    207.006        0.7    1913.25    662.754       2576   -11.6323   -55.8126
     13100   0.263672    1448.87    254.135    213.249        0.7    1919.55    681.024    2600.57   -18.2698     -58.29
     13000    0.13916    1475.11    256.396    218.567        0.7    1921.86    698.934    2620.79   -17.9099   -61.2509
     12900   0.297852    1489.19    258.322    224.263        0.7     1934.1    718.549    2652.65    -19.615   -60.8134
     12800   0.302734    1518.98    259.933    229.898        0.7    1953.86      737.6    2691.46   -19.0514   -63.3941
     12700    0.17334    1549.12    261.528     231.31        0.7    1967.45    756.526    2723.97   -18.9253   -65.3471
     12600          0    1566.28    263.232    229.846        0.7     1973.4    774.607       2748   -18.0819   -64.3792
     12500          0    1566.28    264.859    229.165        0.7    1977.36    792.479    2769.84   -17.8715   -60.3556
     12400          0    1566.28    266.376    228.824        0.7    1983.77    812.755    2796.52   -20.2764   -57.3352
     12300  0.0146484     1566.3    267.834    227.272        0.7    1988.11    833.804    2821.91   -21.0483   -55.1305
     12200   0.266113    1568.02    269.268    224.782        0.7    2006.75    853.769    2860.52   -19.9652   -53.9961
     12100   0.424805    1594.79    270.822    223.547        0.7    2033.99    872.149    2906.14     -18.38   -58.5348
     12000    0.57373    1637.41    272.639     222.88        0.7    2069.35     894.69    2964.04   -22.5412   -65.5349
     11900   0.756836    1694.97    274.771    222.744        0.7     2108.5    914.907    3023.41    -20.217   -74.1919
     11800   0.280762    1770.18    277.274    222.799        0.7     2152.2    937.141    3089.34   -22.2338   -84.5639
     11700   0.112305    1798.09    279.871    230.545        0.7    2206.99     960.43    3167.42   -23.2891   -83.5739
     11600          0     1809.2    267.828    203.333        0.7    2241.21    970.894    3212.11   -10.4643    -78.833
     11500          0     1809.2      263.5     185.63        0.7    2267.41    973.161    3240.57    2.26699   -75.5041
     11400 0.00488281    1809.21    262.781    162.286        0.7    2282.74    978.332    3261.07    5.17061    -74.815
     11300          0    1809.69    263.454    151.352        0.7    2291.98    980.356    3272.34    2.02397    -75.806
     11200          0    1809.69    264.596    147.454        0.7     2296.8     980.61    3277.41   0.253925   -77.0714
     11100          0    1809.69    265.852    140.108        0.7    2311.89    981.561    3293.45  -0.951785    -78.369
     11000          0    1809.69    267.092    131.048        0.7    2335.44    983.854    3319.29   -2.29231   -79.8426
     10900          0    1809.69    268.277    125.891        0.7    2349.42    984.531    3333.95  -0.676738   -81.4479
     10800          0    1809.69    269.397    122.969        0.7    2351.53    988.378    3339.91   -3.84723   -82.9783
     10700          0    1809.69    270.457    119.119        0.7    2355.07     992.61    3347.68   -4.23196   -84.4128
     10600          0    1809.69    271.462    114.828        0.7    2362.66    997.172    3359.83   -4.56207    -85.844
     10500          0    1809.69    272.419    112.233        0.7    2370.38    1002.09    3372.47   -4.91893   -87.2776
     10400          0    1809.69    273.334    110.642        0.7    2378.64    1009.22    3387.86   -7.13366   -88.6425
     10300          0    1809.69    274.212    109.615        0.7    2380.22    1018.54    3398.75   -9.31177   -89.9201
     10200          0    1809.69    275.058    108.498        0.7    2382.59    1027.89    3410.49   -9.35841   -91.1094
     10100          0    1809.69    275.878    106.347        0.7    2401.06    1040.07    3441.13   -12.1776   -92.2709
     10000          0    1809.69    276.672    103.868        0.7    2412.89    1052.74    3465.64   -12.6718   -93.4544
      9900          0    1809.69    277.444    101.216        0.7    2413.81    1065.89     3479.7   -13.1438   -94.6781
      9800          0    1809.69    278.198    98.4294        0.7    2415.75    1080.34    3496.09    -14.454     -95.95
      9700          0    1809.69    278.936    95.5335        0.7    2421.03    1096.09    3517.12   -15.7485   -97.2746
      9600 0.00732422     1809.7    279.657    92.5495        0.7       2427    1113.12    3540.11   -17.0259   -98.6547
      9500          0    1810.42    280.364    89.4784        0.7    2428.66    1131.41    3560.07    -18.289   -100.226
      9400          0    1810.42     281.05    87.1594        0.7    2443.77    1147.25    3591.02   -15.8496   -101.665
      9300          0    1810.42    281.709    85.2857        0.7    2458.04    1165.16     3623.2   -17.9092    -103.11
      9200          0    1810.42    282.348    83.6501        0.7    2471.22    1183.81    3655.04   -18.6478    -104.54
      9100          0    1810.42    282.969    82.1769        0.7    2476.31    1204.78    3681.09   -20.9695   -105.948
      9000          0    1810.42    283.577    80.8333        0.7    2479.21    1229.06    3708.27    -24.277   -107.329
      8900          0    1810.42    284.172    79.6134        0.7    2492.77    1252.58    3745.35   -23.5224   -108.678
      8800          0    1810.42    284.758    78.4914        0.7    2494.76    1276.81    3771.57   -24.2326   -109.994
      8700  0.0439453    1810.47    285.333    77.4506        0.7    2500.32    1301.75    3802.07   -24.9334   -111.286
      8600   0.112305    1814.93     285.93    76.4121        0.7    2511.07    1327.13     3838.2   -25.3801   -113.375
      8500  0.0439453    1826.09    286.604    75.2849        0.7    2515.46    1353.03    3868.49   -25.9041   -116.489
      8400  0.0927734    1830.54    287.293    74.6756        0.7    2523.16    1379.02    3902.19   -25.9931   -117.864
      8300          0    1839.72    287.984    74.3474        0.7    2527.07    1408.71    3935.78   -29.6838   -120.033
      8200  0.0146484    1839.74    288.625    74.3482        0.7    2527.48    1438.46    3965.94   -29.7498   -120.188
      8100          0    1841.19    289.192    74.5984        0.7    2530.22     1468.2    3998.42   -29.7421   -120.759
      8000  0.0805664    1841.27    289.712    75.0431        0.7    2535.41    1498.19     4033.6   -29.9868   -121.093
      7900          0    1849.24    290.256    75.5881        0.7    2539.54    1528.44    4067.99   -30.2555   -122.945
      7800 0.00244141    1849.25    290.789    76.3588        0.7    2541.48    1559.53    4101.01   -31.0887   -122.975
      7700  0.0317383    1849.52     291.27    77.3359        0.7    2541.75     1590.4    4132.15   -30.8697   -123.133
      7600          0    1852.66    291.746    78.4419        0.7    2543.68    1622.05    4165.73   -31.6464   -123.839
      7500          0    1852.66    292.209    79.7108        0.7    2551.03    1654.43    4205.46   -32.3844    -123.82
      7400          0    1852.66    292.645    80.0881        0.7    2561.66    1687.53    4249.18   -33.0948    -123.83
      7300          0    1852.66    293.064    79.9434        0.7    2573.65    1719.31    4292.97   -31.7889   -123.896
      7200          0    1852.66    293.473    79.5307        0.7    2589.33    1749.79    4339.11   -30.4728   -124.019
      7100          0    1852.66    293.875    78.9341        0.7    2605.69    1781.36    4387.06   -31.5754   -124.194
      7000          0    1852.66    294.274    78.1999        0.7    2614.39    1818.04    4432.42    -36.674   -124.417
      6900          0    1852.66    294.668      77.37        0.7    2623.08     1854.6    4477.68   -36.5677   -124.681
      6800          0    1852.66    295.054    76.4644        0.7    2629.96    1886.76    4516.72   -32.1539   -124.983
      6700          0    1852.66    295.432    75.5075        0.7    2636.38    1920.09    4556.47   -33.3316   -125.319
      6600          0    1852.66    295.801    74.5278        0.7     2643.5    1956.49    4599.99   -36.4013   -125.684
      6500          0    1852.66    296.162    73.5159        0.7    2647.74    1991.55    4639.29   -35.0625   -126.076
      6400          0    1852.66    296.513    72.7809        0.7    2651.41    2026.87    4678.27   -35.3134   -126.486
      6300          0    1852.66    296.852    72.2093        0.7    2655.88    2060.77    4716.65   -33.9016   -126.896
      6200          0    1852.66    297.176    71.7339        0.7    2668.33    2094.14    4762.48   -33.3759   -127.299
      6100          0    1852.66    297.487    71.3451        0.7    2681.63    2126.98    4808.61   -32.8366   -127.691
      6000          0    1852.66    297.785    71.0144        0.7    2684.03    2159.27     4843.3   -32.2849    -128.07
      5900          0    1852.66    298.072      70.73        0.7    2688.35    2193.64    4881.99   -34.3725   -128.435
      5800          0    1852.66    298.351     70.483        0.7    2698.89    2226.49    4925.38   -32.8508   -128.785
      5700          0    1852.66    298.621    70.2676        0.7    2699.68    2259.21    4958.89   -32.7211    -129.12
      5600          0    1852.66    298.884    70.0802        0.7    2700.62    2291.95    4992.56   -32.7344    -129.44
      5500          0    1852.66    299.141    69.9174        0.7    2709.61    2324.69     5034.3   -32.7414   -129.745
      5400          0    1852.66    299.393    69.0606        0.7    2717.93    2357.65    5075.58   -32.9681   -130.049
      5300          0    1852.66     299.64    67.7775        0.7    2718.67    2390.85    5109.52   -33.1904   -130.391
      5200          0    1852.66    299.884    66.2618        0.7    2731.71    2420.93    5152.63   -30.0838   -130.785
      5100          0    1852.66    300.124    64.5955        0.7    2731.72    2451.85    5183.57   -30.9237   -131.236
      5000  0.0292969    1852.69    300.361    62.7941        0.7    2738.05    2483.61    5221.67   -31.7606   -131.752
      4900  0.0463867    1855.64    300.618    60.8616        0.7    2745.82    2514.23    5260.05   -30.6176   -132.869
      4800          0    1860.23    300.913    58.7922        0.7    2749.33    2544.39    5293.72   -30.1634   -134.221
      4700          0    1860.23    301.202     56.706        0.7    2751.75     2574.1    5325.84   -29.7015   -134.618
      4600  0.0317383    1860.26     301.46    54.6212        0.7    2758.19    2605.76    5363.95   -31.6596   -135.157
      4500  0.0585938    1863.46    301.727    52.4444        0.7    2766.41    2638.38     5404.8   -32.6274    -136.39
      4400  0.0683594    1869.33    302.038    50.5188        0.7    2775.17    2669.32    5444.49   -30.9382   -138.063
      4300  0.0390625    1876.14    302.393    48.7227        0.7     2781.4    2700.21    5481.61   -30.8928   -139.746
      4200  0.0952148     1880.1    302.752    47.0422        0.7    2791.98    2730.77    5522.74   -30.5523   -140.753
      4100   0.144043    1889.67    303.142    45.3673        0.7    2806.39    2762.21     5568.6   -31.4415   -142.792
      4000   0.146484    1904.08    303.615    43.6126        0.7     2820.9    2792.52    5613.43   -30.3146   -145.475
      3900   0.170898    1918.75    304.158    41.8231        0.7    2837.82    2821.78    5659.61   -29.2584   -147.826
      3800   0.119629    1935.79    304.759     39.992        0.7    2852.82    2853.09    5705.91   -31.3091   -150.317
      3700   0.141602    1947.77    305.363    37.6568        0.7    2871.61    2885.13    5756.74   -32.0382   -151.596
      3600  0.0952148    1961.89    305.955    33.8006        0.7    2887.66    2917.88    5805.54   -32.7555   -153.316
      3500  0.0756836    1971.39    306.515     29.355        0.7    2902.67     2949.4    5852.07   -31.5152   -154.239
      3400  0.0244141    1978.91    307.013     24.751        0.7    2913.57    2982.41    5895.98   -33.0131   -155.067
      3300          0    1981.32    307.425     20.029        0.7     2915.1    3015.49    5930.59   -33.0749   -155.288
      3200          0    1981.32     307.74    15.7324        0.7    2917.95    3048.53    5966.48   -33.0404   -155.544
      3100          0    1981.32    307.988    12.7915        0.7    2919.29    3081.87    6001.15   -33.3381    -156.21
      3000 0.00488281    1981.33    308.195    10.3305        0.7    2923.74    3115.46     6039.2   -33.5953   -157.139
      2900  0.0146484    1981.83     308.38    8.19336        0.7    2928.68    3148.34    6077.02   -32.8797   -158.335
      2800  0.0146484    1983.29    308.558    6.26651        0.7    2934.03     3181.6    6115.63   -33.2576   -159.802
      2700          0    1984.74    308.733    4.32475        0.7    2935.65    3211.43    6147.08   -29.8332   -161.292
      2600          0    1984.74    308.893    2.06445        0.7    2946.42    3246.42    6192.84   -34.9928   -162.558
      2500          0    1984.74    309.033  -0.286827        0.7    2948.06    3277.56    6225.61   -31.1333   -163.925
      2400          0    1984.74    309.162    -2.6649        0.7    2951.69    3309.12     6260.8   -31.5617   -165.376
      2300          0    1984.74    309.282   -5.06883        0.7    2953.35    3341.25     6294.6   -32.1321   -166.893
      2200          0    1984.74    309.396   -7.34277        0.7     2958.2    3373.95    6332.15   -32.6964   -168.464
      2100          0    1984.74    309.506   -9.21367        0.7     2960.5    3406.65    6367.15   -32.7061   -170.061
      2000          0    1984.74    309.612   -10.9206        0.7    2962.68    3439.37    6402.05   -32.7123    -171.66
      1900          0    1984.74    309.715   -12.5033        0.7    2964.05    3471.55     6435.6   -32.1822    -173.25
      1800          0    1984.74    309.816   -13.9897        0.7    2966.44     3503.7    6470.13   -32.1497   -174.825
      1700 0.00488281    1984.75    309.915   -15.4917        0.7    2970.14    3534.99    6505.13   -31.2887   -176.381
      1600          0    1985.23    310.017   -17.1899        0.7    2971.07    3564.72    6535.78    -29.729   -178.009
      1500          0    1985.23    310.117   -18.9379        0.7    2971.57    3596.29    6567.86   -31.5723   -179.527
      1400          0    1985.23    310.215   -20.7216        0.7     2972.6    3629.55    6602.15   -33.2647   -181.048
      1300          0    1985.23     310.31   -22.5277        0.7    2975.34    3662.13    6637.47    -32.574   -182.571
      1200          0    1985.23    310.404    -24.071        0.7    2989.85    3694.02    6683.87   -31.8906   -184.093
      1100          0    1985.23    310.497   -24.8681        0.7    3001.29     3725.3    6726.59   -31.2868   -185.578
      1000          0    1985.23    310.589   -25.3435        0.7    3010.63    3756.13    6766.76   -30.8238   -186.998
       900          0    1985.23     310.68   -25.4738        0.7    3020.41    3787.16    6807.57     -31.03    -188.34
       800          0    1985.23     310.77   -25.3443        0.7    3031.47    3814.61    6846.07   -27.4504   -189.594
       700          0    1985.23     310.86   -24.9066        0.7    3040.35     3841.4    6881.75   -26.7936   -190.753
       600          0    1985.23    310.949   -24.0069        0.7    3059.16    3871.18    6930.34   -29.7744   -191.801
       500          0    1985.23    311.038   -22.8292        0.7     3078.5    3901.57    6980.07   -30.3953   -192.728
       400          0    1985.23    311.126   -21.3489        0.7     3110.3    3929.97    7040.27   -28.3982   -193.527
       300          0    1985.23    311.213   -19.6206        0.7    3131.45    3963.46    7094.91   -33.4861   -194.194
       200          0    1985.23    311.299   -17.4252        0.7    3159.48    3997.46    7156.94   -34.0068   -194.723
       100          0    1985.23    311.385   -14.3374        0.7    3172.74    4027.39    7200.14   -29.9299   -195.082
         0 0.00488281    1985.23     311.47   -10.7693        0.7    3173.09     4038.3    7211.39   -10.9124   -195.247