     20000          0          0    179.437    415.631        1.6     17.399    14.2831     31.682    14.2831    51.8336
     19900          0          0    179.437     414.68        1.6    28.2793    29.7361    58.0154    15.4531    51.7019
     19800          0          0    179.437    414.027        1.6    44.2321    46.3592    90.5912    16.6231    51.5707
     19700          0          0    179.437    413.765        1.6    53.1471    60.5222    113.669    14.1631    51.4563
     19600  0.0512695  0.0512695    179.437    413.802        1.6    62.7691    72.5053    135.274    11.9831    51.3611
     19500          0    5.12695    179.408    411.934        1.6     64.915    82.0471    146.962     9.5418     50.099
     19400          0    5.12695    179.374    409.036        1.6    76.4192    94.1931    170.612     12.146    50.2259
     19300          0    5.12695    179.358      406.4        1.6    86.3195    106.386    192.705    12.1924    50.1697
     19200          0    5.12695    179.349     403.78        1.6    87.7397    118.616    206.356    12.2308    49.9704
     19100          0    5.12695    179.345    402.888        1.6    87.8275    130.361    218.189    11.7449    49.6769
     19000          0    5.12695    179.343    403.034        1.6    88.5618    142.918     231.48    12.5566    49.3863
     18900          0    5.12695    179.343    401.365        1.6    90.3264    156.285    246.611    13.3668    49.1052
     18800          0    5.12695    179.344    398.687        1.6    99.8791    166.911     266.79    10.6261    48.7461
     18700          0    5.12695    179.345    396.838        1.6    121.021    178.836    299.857     11.925    48.2995
     18600          0    5.12695    179.346     395.39        1.6    155.441    193.389    348.831    14.5535    47.8146
     18500          0    5.12695    179.348    393.999        1.6    197.382    202.161    399.543    8.77193    47.3072
     18400          0    5.12695     179.35     392.67        1.6    206.062    210.481    416.544    8.32029    46.7812
     18300          0    5.12695    179.351    389.563        1.6    209.895     219.15    429.045    8.66866    46.2108
     18200          0    5.12695    179.353    385.358        1.6    234.837    227.817    462.655    8.66708    45.5133
     18100          0    5.12695    179.354    381.774        1.6    283.823    235.956    519.779    8.13889    44.6745
     18000          0    5.12695    179.356    378.424        1.6    328.259    244.654    572.913    8.69744    43.7367
     17900          0    5.12695    179.357    377.467        1.6    365.332    254.766    620.098    10.1127    42.7532
     17800          0    5.12695    179.359    377.986        1.6    400.486    265.738    666.224    10.9714    41.8421
     17700          0    5.12695     179.36    376.084        1.6    435.192    276.098     711.29    10.3602    41.0039
     17600   0.117188    5.24414    179.361    372.864        1.6    459.008    290.462     749.47    14.3641    40.0819
     17500   0.551758    17.3975    179.296    372.717        1.6    467.011    304.551    771.561    14.0887    36.3257
     17400   0.744629    72.7661    181.729    404.184        1.6    495.685    314.604    810.289    10.0537    22.2804
     17300   0.615234      147.1    181.986    412.801        1.6    523.846    325.342    849.188    10.7376    8.19138
     17200   0.668945    208.677    181.693    417.444        1.6     558.36    340.734    899.094    15.3919   0.405552
     17100   0.888672    275.791    181.303    419.773        1.6    610.983    358.061    969.044    17.3272   -6.79081
     17000    0.59082     364.36    180.871     420.24        1.6    658.483     379.29    1037.77    21.2292   -17.0119
     16900   0.339355    423.191    180.526    414.947        1.6      696.9    402.389    1099.29    23.0986   -18.8913
     16800    0.27832    457.065    180.443    406.103        1.6    733.673    427.136    1160.81    24.7472   -15.6556
     16700   0.473633    485.093    180.631    396.324        1.6    771.267    454.395    1225.66    27.2591   -12.6001
     16600   0.766602    532.749    180.958     385.31        1.6    805.547    486.587    1292.13     32.192   -15.1667
     16500   0.932617    609.575    181.247    385.019        1.6    843.407    513.693     1357.1    27.1059   -23.9641
     16400    1.12305    703.027    181.411    391.676        1.6    894.393    546.249    1440.64    32.5563   -34.3074
     16300   0.991211      815.2     181.42    394.712        1.6    953.405    577.345    1530.75    31.0959   -45.9208
     16200   0.629883     913.96    181.351    396.105        1.6    1015.59    615.439    1631.03    38.0935   -52.2936
     16100   0.532227    976.851    181.398    385.609        1.6    1072.06    657.778    1729.84    42.3393   -50.5876
     16000   0.571289    1030.11    181.636    367.227        1.6    1116.53    699.845    1816.37    42.0669   -48.3142
     15900   0.576172    1087.25        182    357.474        1.6    1154.69    741.697    1896.39     41.852   -48.4296
     15800   0.668945    1144.96    182.435    352.817        1.6    1194.77    781.622    1976.39    39.9253   -49.3702
     15700   0.668945    1211.85    182.889    349.394        1.6    1234.46    822.243     2056.7     40.621   -52.4288
     15600   0.656738    1278.73    183.337     347.07        1.6    1274.57    861.666    2136.24    39.4225   -55.2808
     15500   0.664062    1344.41    183.788    343.977        1.6    1313.61    901.407    2215.02    39.7416   -57.6977
     15400    0.81543    1410.97    184.241    340.507        1.6    1356.48    941.172    2297.65    39.7643   -60.2063
     15300    1.16699    1492.87    184.646    338.602        1.6     1406.4    983.842    2390.24    42.6708   -65.5116
     15200    1.45508    1609.85    184.875    337.368        1.6    1455.88    1027.04    2482.92    43.1985   -76.5158
     15100    1.72852    1755.63    184.827    342.282        1.6    1512.81    1070.99     2583.8    43.9467   -90.3917
     15000    1.99707    1928.75    184.466    351.233        1.6    1581.99    1115.82    2697.82    44.8362   -105.638
     14900    1.70898    2128.17    183.782    357.045        1.6     1659.5    1160.69    2820.19    44.8644    -121.37
     14800  0.0708008    2297.43    182.941    361.614        1.6    1746.05    1207.03    2953.08    46.3373   -128.268
     14700          0    2304.44    182.504    351.223        1.6    1824.27    1253.52    3077.78      46.49   -107.068
     14600          0    2304.44    175.323    279.663        1.6     1858.9    1314.03    3172.93    60.5171   -89.2831
     14500          0    2304.44     173.47    252.485        1.6    1876.83    1379.91    3256.74    65.8775   -79.9806
     14400          0    2304.44    173.647    236.109        1.6    1887.35    1447.62    3334.96    67.7068   -74.8384
     14300          0    2304.44    174.468    222.003        1.6    1895.06     1512.3    3407.36    64.6815   -72.0207
     14200          0    2304.44    175.488    210.016        1.6    1896.23    1575.36    3471.59    63.0649   -70.6419
     14100          0    2304.44    176.576    203.932        1.6    1897.28    1637.12     3534.4     61.757   -70.1014
     14000          0    2304.44    177.696    201.423        1.6    1904.96    1696.41    3601.37    59.2891   -69.9016
     13900          0    2304.44    178.833    196.562        1.6    1917.71    1758.15    3675.86    61.7369   -69.8653
     13800          0    2304.44    179.984    190.678        1.6    1921.73    1816.68    3738.41    58.5309   -70.0677
     13700          0    2304.44    181.147    186.413        1.6    1941.64    1876.88    3818.52    60.2027   -70.4836
     13600          0    2304.44    182.321     182.99        1.6    1954.32    1935.76    3890.09    58.8837   -71.0169
     13500          0    2304.44    183.506    186.721        1.6    1966.84    1988.09    3954.93    52.3243   -71.5199
     13400   0.141602    2304.58      184.7    194.657        1.6    1977.28    2042.43    4019.71    54.3404   -71.6961
     13300   0.327148    2318.93    185.827    191.115        1.6     1988.9    2093.46    4082.36    51.0331   -74.3486
     13200   0.371094    2351.69    188.987    212.825        1.6    1995.37    2144.39    4139.76    50.9282   -80.0007
     13100   0.478516    2388.91    190.788    219.462        1.6    2007.89    2189.47    4197.35    45.0773   -84.2701
     13000   0.314941    2436.59    192.091    224.952        1.6    2011.96    2235.86    4247.82     46.395    -89.157
     12900   0.532227    2468.31    193.059    230.931        1.6    2030.88    2281.51    4312.39    45.6482   -89.6323
     12800   0.537109    2521.53    193.685    236.852        1.6    2057.59    2328.71     4386.3    47.1972   -93.8269
     12700   0.358887    2575.07    194.131    238.238        1.6     2078.1    2377.18    4455.28    48.4716   -97.0167
     12600 0.00732422     2610.6    194.675    236.696        1.6       2079    2427.65    4506.66    50.4752   -96.2613
     12500  0.0317383    2611.36    195.426     236.23        1.6     2082.1    2479.22    4561.32     51.561    -89.341
     12400          0     2614.5    196.376     236.17        1.6    2083.04    2528.94    4611.98    49.7235   -84.4837
     12300   0.166016    2614.67     197.45    234.842        1.6    2094.96    2578.28    4673.23    49.3365   -80.2581
     12200    0.50293    2631.61    198.554    232.403        1.6    2121.21    2629.02    4750.24    50.7482    -80.439
     12100   0.732422    2682.13    199.527    231.236        1.6    2156.15    2681.94    4838.09    52.9151   -87.3435
     12000   0.966797    2755.61    200.266    230.572        1.6     2199.2    2731.77    4930.97    49.8313   -97.2721
     11900    1.30371    2852.62    200.738    230.465        1.6    2246.07    2785.59    5031.66     53.816   -109.483
     11800   0.527344    2982.22    200.883    230.497        1.6    2297.46    2839.74    5137.21    54.1571   -124.825
     11700   0.249023    3034.67     201.02    239.239        1.6    2360.95    2895.31    5256.26    55.5623   -123.192
     11600          0    3059.33    190.403    211.933        1.6    2403.77    2962.27    5366.04    66.9606   -116.383
     11500          0    3059.33    187.367    192.589        1.6    2436.92    3040.67    5477.59    78.3997   -109.558
     11400  0.0585938    3059.38    187.299    167.217        1.6    2457.19    3121.32     5578.5     80.653    -106.28
     11300 0.00976562     3065.2    188.162    155.451        1.6    2470.53    3198.63    5669.17    77.3159   -106.294
     11200          0    3066.16    189.309    151.008        1.6     2478.9    3274.18    5753.08    75.5406   -106.069
     11100          0    3066.16     190.56     142.74        1.6    2491.36    3348.51    5839.87    74.3398   -106.069
     11000          0    3066.16    191.846    132.799        1.6    2513.16    3421.47    5934.63    72.9543   -106.551
     10900          0    3066.16    193.145     127.22        1.6    2525.81    3495.92    6021.73    74.4548   -107.389
     10800          0    3066.16    194.454    123.993        1.6     2526.9    3567.02    6093.92    71.0955   -108.316
     10700          0    3066.16    195.771    119.734        1.6    2529.82    3637.47    6167.29     70.454   -109.264
     10600          0    3066.16    197.094    115.056        1.6    2537.18    3707.28    6244.46    69.8061   -110.293
     10500          0    3066.16    198.416    112.269        1.6    2544.87    3776.36    6321.23    69.0838   -111.385
     10400          0    3066.16    199.737    110.545        1.6    2553.22    3842.83    6396.05    66.4634   -112.452
     10300          0    3066.16     201.06    109.447        1.6    2554.97    3906.67    6461.64    63.8404   -113.464
     10200          0    3066.16    202.388    108.229        1.6    2557.62    3969.98    6527.59    63.3119    -114.41
     10100          0    3066.16     203.72    105.913        1.6    2576.51    4029.96    6606.47    59.9798   -115.341
     10000          0    3066.16    205.052    103.236        1.6    2588.98    4088.91    6677.89    58.9481   -116.304
      9900          0    3066.16    206.383    100.368        1.6    2590.75    4146.82    6737.57    57.9167   -117.315
      9800          0    3066.16    207.717    97.3511        1.6    2593.77    4202.85    6796.62    56.0272    -118.38
      9700          0    3066.16    209.046    94.2189        1.6    2597.73    4256.99    6854.72    54.1414   -119.502
      9600          0    3066.16    210.366    90.9983        1.6    2602.14    4309.26     6911.4    52.2656   -120.682
      9500          0    3066.16    211.684    87.7024        1.6    2602.25    4359.65     6961.9    50.3915   -121.918
      9400          0    3066.16    213.003    85.2368        1.6    2619.28    4411.85    7031.13    52.1971   -123.192
      9300          0    3066.16    214.314    83.2423        1.6    2635.59    4461.33    7096.93    49.4863   -124.461
      9200          0    3066.16    215.607    81.5181        1.6    2650.91    4509.43    7160.34     48.093   -125.708
      9100          0    3066.16    216.889    79.9801        1.6    2658.19    4554.54    7212.73    45.1112   -126.926
      9000          0    3066.16    218.166    78.5894        1.6    2663.34    4595.67    7259.01    41.1341   -128.112
      8900          0    3066.16     219.44    77.3385        1.6    2679.17    4636.88    7316.05    41.2105   -129.262
      8800          0    3066.16    220.697    76.2008        1.6    2683.45    4676.71    7360.16    39.8285   -130.375
      8700  0.0195312    3066.18    221.942    75.1558        1.6    2686.72    4715.17    7401.89    38.4576   -131.453
      8600   0.102539    3068.22    223.174    74.1629        1.6    2695.22    4752.54    7447.76    37.3756   -132.865
      8500  0.0244141    3078.39    224.342     73.107        1.6    2697.43     4788.9    7486.33    36.3581   -135.642
      8400  0.0830078    3080.89    225.481    72.6326        1.6    2703.09    4824.72    7527.81    35.8186   -136.548
      8300          0    3089.11    226.589    72.4617        1.6    2708.89    4856.43    7565.32    31.7106   -138.458
      8200          0    3089.11    227.705    72.6134        1.6    2710.21     4887.6    7597.81    31.1702    -138.56
      8100          0    3089.11    228.858     73.028        1.6    2714.53    4918.19    7632.72    30.5922   -138.765
      8000   0.078125    3089.19    230.026    73.6243        1.6     2718.3    4947.89    7666.19    29.6985   -139.032
      7900          0    3096.92    231.146    74.3357        1.6    2723.68    4976.75    7700.43    28.8545   -140.702
      7800          0    3096.92    232.246    75.2776        1.6    2726.69     5004.2    7730.89    27.4539   -140.602
      7700  0.0292969    3096.95     233.37    76.4257        1.6    2727.33    5031.23    7758.56    27.0299   -140.555
      7600          0    3099.85    234.485    77.7102        1.6       2730    5056.84    7786.85    25.6152    -141.04
      7500          0    3099.85    235.602    79.1549        1.6    2737.91    5081.07    7818.97    24.2228   -140.847
      7400          0    3099.85    236.727    79.6223        1.6    2748.99    5103.89    7852.88    22.8232   -140.664
      7300          0    3099.85    237.833    79.5453        1.6    2761.39    5127.33    7888.72    23.4423   -140.524
      7200          0    3099.85    238.916    79.1787        1.6    2777.41    5151.42    7928.83    24.0835   -140.431
      7100          0    3099.85    239.988    78.6132        1.6     2794.1    5173.73    7967.83    22.3123   -140.383
      7000          0    3099.85    241.053    77.8998        1.6     2803.1    5190.28    7993.37    16.5472   -140.377
      6900          0    3099.85    242.114    77.0846        1.6    2812.07    5206.26    8018.33    15.9855   -140.409
      6800          0    3099.85    243.164    76.1923        1.6    2819.22       5226    8045.22    19.7362   -140.475
      6700          0    3099.85    244.187    75.2537        1.6     2825.9    5243.91    8069.81    17.9132    -140.57
      6600          0    3099.85    245.181    74.2992        1.6    2833.25    5258.13    8091.38     14.219   -140.692
      6500          0    3099.85    246.157    73.3173        1.6    2837.68    5273.07    8110.76    14.9434   -140.837
      6400          0    3099.85    247.121     72.637        1.6     2841.5    5287.15    8128.65    14.0787   -140.999
      6300          0    3099.85    248.079    72.1291        1.6    2846.05    5302.02    8148.07    14.8707    -141.16
      6200          0    3099.85    249.029    71.7276        1.6    2858.51    5316.79    8175.31    14.7714   -141.314
      6100          0    3099.85    249.959    71.4233        1.6    2871.73    5331.49    8203.22    14.6912   -141.455
      6000          0    3099.85    250.863    71.1878        1.6    2873.96    5346.12    8220.08    14.6371   -141.581
      5900          0    3099.85    251.739     71.008        1.6       2878    5358.08    8236.08    11.9606   -141.691
      5800          0    3099.85    252.597    70.8725        1.6    2888.15    5370.99    8259.14    12.9034   -141.784
      5700          0    3099.85     253.44    70.7738        1.6    2888.43    5383.45    8271.88    12.4604   -141.861
      5600 0.00976562    3099.86    254.272    70.7073        1.6       2890    5395.33    8285.32    11.8782   -141.924
      5500          0    3100.83    255.088    70.6547        1.6    2898.25    5406.64    8304.89    11.3117   -142.149
      5400          0    3100.83     255.89     69.875        1.6    2905.76    5417.17    8322.93    10.5353   -142.152
      5300          0    3100.83    256.674    68.6652        1.6     2905.9    5426.95    8332.85    9.77582   -142.204
      5200          0    3100.83    257.437    67.2168        1.6    2917.98    5439.31    8357.29    12.3627   -142.317
      5100          0    3100.83    258.174    65.6165        1.6    2919.02    5450.34    8369.35     11.026   -142.492
      5000  0.0537109    3100.88    258.889    63.8802        1.6    2926.44    5460.05    8386.49    9.71069   -142.743
      4900  0.0708008    3106.27    259.552     61.984        1.6    2935.32     5470.5    8405.82     10.448   -144.045
      4800 0.00976562    3113.29    260.147    59.9433        1.6    2939.99     5481.1    8421.08    10.6025   -145.473
      4700          0    3114.26    260.743    57.9065        1.6     2941.2    5491.86    8433.06    10.7575     -145.6
      4600  0.0561523    3114.31    261.372    55.8933        1.6    2948.92    5500.28    8449.21    8.42825   -145.708
      4500   0.090332    3119.96    261.979    53.7681        1.6    2958.47    5507.41    8465.87    7.12144   -147.009
      4400   0.102539    3129.01    262.513    51.9031        1.6     2968.6    5515.99     8484.6    8.58668   -148.812
      4300  0.0708008    3139.23    262.978    50.1793        1.6    2976.29    5524.51    8500.81    8.52155   -150.584
      4200    0.13916    3146.38    263.421    48.5873        1.6    2988.42    5533.29    8521.71    8.77879   -151.562
      4100   0.200195    3160.36    263.815    47.0039        1.6    3004.47    5541.18    8545.64    7.88507   -153.756
      4000   0.202637    3180.38    264.099    45.3452        1.6    3020.71    5550.38    8571.09    9.20083   -156.722
      3900   0.234375    3200.67    264.291    43.6706        1.6    3039.48    5560.99    8600.47    10.6092   -159.237
      3800    0.17334    3224.05    264.407    41.9693        1.6    3056.46    5570.03    8626.49    9.04292    -161.93
      3700   0.200195    3241.41    264.508    39.7485        1.6    3077.34    5578.85    8656.18    8.81734   -163.149
      3600   0.144043    3261.37    264.607    35.9541        1.6    3095.53    5587.44    8682.97    8.59348   -164.874
      3500    0.12207    3275.76    264.726    31.5496        1.6    3112.75    5597.72    8710.46    10.2741   -165.599
      3400  0.0634766    3287.91    264.896    26.9767        1.6    3125.87    5606.82    8732.69    9.10396   -166.208
      3300          0    3294.19    265.141    22.2688        1.6    3129.64    5616.03    8745.67    9.20926   -166.106
      3200 0.00244141    3294.19    265.495    18.0556        1.6    3134.81    5625.23    8760.04    9.20505   -165.403
      3100          0    3294.43    265.932    15.2608        1.6    3138.62    5633.95    8772.57    8.71805   -165.352
      3000  0.0512695    3294.48     266.41    12.9672        1.6     3145.7    5642.14    8787.84    8.18984   -165.665
      2900  0.0634766    3299.62    266.874     10.948        1.6     3153.4    5650.77    8804.17    8.62608   -167.174
      2800  0.0634766    3305.97    267.294    9.11049        1.6    3161.59    5658.77    8820.37    8.00593   -168.879
      2700          0    3312.26    267.684    7.24177        1.6    3162.89    5669.99    8832.88    11.2164   -170.499
      2600          0    3312.26    268.101    5.10079        1.6    3170.62    5675.79    8846.41    5.79914   -170.962
      2500 0.00488281    3312.26    268.561    2.89235        1.6    3175.43    5685.13    8860.56    9.33873   -171.684
      2400  0.0390625    3312.78    269.035   0.652689        1.6    3182.38    5693.69    8876.07    8.56479   -172.697
      2300  0.0170898    3316.67    269.484   -1.66535        1.6    3187.45    5701.36    8888.81    7.66648   -174.437
      2200          0    3318.36    269.913   -3.84186        1.6     3188.8    5708.15    8896.94    6.78655   -175.741
      2100  0.0439453     3318.4    270.354   -5.56993        1.6    3194.74    5714.59    8909.34    6.44578   -176.801
      2000  0.0488281     3322.8    270.773   -7.17374        1.6    3200.67    5720.72    8921.39    6.12718   -178.726
      1900  0.0390625    3327.68    271.151   -8.68192        1.6    3205.87     5727.1    8932.97    6.38266   -180.604
      1800  0.0512695    3331.59    271.511   -10.0865        1.6    3212.15    5733.26    8945.41    6.15571    -182.19
      1700  0.0683594    3336.74    271.857   -11.5222        1.6    3219.83    5740.03    8959.85    6.76965   -183.936
      1600  0.0244141    3343.53    272.175   -13.1841        1.6    3224.76    5748.14     8972.9      8.113    -185.88
      1500  0.0195312    3345.97    272.497   -14.8548        1.6    3229.35    5754.19    8983.53    6.04839   -186.926
      1400  0.0341797    3347.93    272.843   -16.5312        1.6    3234.56     5758.3    8992.85    4.10714   -187.977
      1300          0    3351.32    273.188   -18.2405        1.6     3236.1    5762.84    8998.95     4.5481   -189.358
      1200          0    3351.32    273.545    -19.631        1.6    3246.17    5767.81    9013.98    4.96863   -190.141
      1100          0    3351.32     273.92   -20.2253        1.6    3252.97     5773.1    9026.07    5.29037   -191.027
      1000          0    3351.32    274.298   -20.4785        1.6    3257.44    5778.57    9036.01    5.46678   -191.948
       900          0    3351.32    274.676   -20.3692        1.6    3262.12    5783.54    9045.66     4.9744   -192.864
       800          0    3351.32     275.05   -19.9911        1.6    3267.82    5791.81    9059.64    8.26955   -193.744
       700          0    3351.32    275.422   -19.2929        1.6     3271.1    5800.46    9071.55    8.64417   -194.569
       600          0    3351.32    275.792    -18.119        1.6    3284.02    5805.84    9089.86    5.38318   -195.313
       500          0    3351.32    276.159   -16.6599        1.6    3297.18    5810.32    9107.51    4.48393   -195.956
       400          0    3351.32    276.523   -14.8896        1.6    3322.53    5816.53    9139.06    6.20456   -196.488
       300          0    3351.32    276.885   -12.8663        1.6    3336.93    5817.37     9154.3   0.841491   -196.898
       200          0    3351.32    277.246   -10.3571        1.6    3357.88    5817.42     9175.3  0.0462828    -197.18
       100          0    3351.32    277.607   -6.92836        1.6    3363.74    5821.26       9185    3.84819   -197.297
         0   0.131836    3351.45    277.966   -3.00404        1.6    3371.16    5843.86    9215.02    22.5916   -197.248