     20000          0          0    179.437    415.631        1.8     17.399    14.2831     31.682    14.2831    51.8336
     19900          0          0    179.437     414.68        1.8    28.2793    29.7361    58.0154    15.4531    51.7019
     19800          0          0    179.437    414.027        1.8    44.2321    46.3592    90.5912    16.6231    51.5707
     19700          0          0    179.437    413.765        1.8    53.1471    60.5222    113.669    14.1631    51.4563
     19600  0.0561523  0.0561523    179.437    413.802        1.8    62.7691    72.5053    135.274    11.9831    51.3598
     19500          0    5.61523    179.389     411.93        1.8    64.9189    82.0661    146.985    9.56085    49.9852
     19400          0    5.61523    179.332    409.033        1.8    76.4256    94.2539    170.679    12.1877    50.1405
     19300          0    5.61523    179.305      406.4        1.8    86.3253    106.499    192.824    12.2451    50.1046
     19200          0    5.61523    179.291    403.783        1.8    87.7421    118.788     206.53     12.289    49.9196
     19100          0    5.61523    179.284    402.894        1.8    87.8361    130.594     218.43    11.8058    49.6361
     19000          0    5.61523    179.281    403.043        1.8    88.5791    143.212    231.791    12.6186    49.3527
     18900          0    5.61523    179.281    401.375        1.8    90.3542    156.641    246.996     13.429    49.0767
     18800          0    5.61523    179.282    398.699        1.8    99.8951    167.329    267.224     10.688    48.7213
     18700          0    5.61523    179.284    396.851        1.8    121.024    179.315     300.34    11.9861    48.2776
     18600          0    5.61523    179.286    395.404        1.8    155.431    193.929     349.36    14.6137    47.7946
     18500          0    5.61523    179.289    394.014        1.8    197.357     202.76    400.117    8.83116    47.2888
     18400          0    5.61523    179.291    392.685        1.8    206.022    211.139    417.161    8.37851    46.7639
     18300          0    5.61523    179.294    389.578        1.8     209.87    219.865    429.735    8.72589    46.1944
     18200          0    5.61523    179.297    385.373        1.8    234.797    228.588    463.385    8.72335    45.4976
     18100          0    5.61523    179.299    381.789        1.8    283.768    236.782     520.55    8.19426    44.6594
     18000          0    5.61523    179.301    378.439        1.8    328.189    245.534    573.723    8.75196     43.722
     17900          0    5.61523    179.304    377.482        1.8    365.247    255.701    620.947    10.1665    42.7389
     17800          0    5.61523    179.306    378.001        1.8    400.385    266.725    667.111    11.0244    41.8281
     17700          0    5.61523    179.307    376.099        1.8    435.076    277.138    712.214    10.4125    40.9902
     17600   0.124512    5.73975    179.309    372.879        1.8    458.877    291.553    750.431    14.4157    40.0664
     17500   0.605469    18.6719    179.205     372.73        1.8    466.867    305.733      772.6      14.18    36.1304
     17400   0.834961    79.4482    181.477    404.166        1.8    495.523    316.039    811.562    10.3053    20.8917
     17300   0.688477    162.798    181.354    412.726        1.8    523.609    327.408    851.017    11.3691    5.14116
     17200   0.751953    231.709     180.55    417.342        1.8    558.021    343.943    901.964    16.5353   -3.51735
     17100    1.02539    307.178    179.584    419.676        1.8    610.547    362.989    973.536    19.0457     -11.57
     17000   0.664062    409.355    178.466    420.135        1.8    657.942    386.623    1044.56    23.6339   -23.4724
     16900   0.375977    475.474    177.411    414.878        1.8    696.289    412.837    1109.13    26.2144   -25.4104
     16800   0.307617    513.003     176.73    406.132        1.8    733.091    441.298    1174.39    28.4604   -21.5688
     16700   0.534668    543.992    176.445    396.481        1.8    770.842    472.743    1243.59    31.4454   -17.9437
     16600   0.898438    597.822    176.333    385.571        1.8    805.383     509.56    1314.94    36.8168   -20.7059
     16500     1.1084    687.876    176.088    385.393        1.8    843.616    541.825    1385.44    32.2655   -31.0186
     16400    1.37695    798.984    175.559    392.132        1.8    895.058    580.234    1475.29    38.4083    -43.326
     16300    1.19629    936.499    174.691    395.148        1.8    954.506    618.059    1572.56    37.8248   -57.7912
     16200   0.732422    1055.66    173.645    396.555        1.8    1017.14    663.859       1681    45.8004   -65.4528
     16100   0.620117    1128.79    172.799    386.052        1.8    1074.05    714.798    1788.85    50.9388   -63.0925
     16000   0.668945    1190.85     172.29    367.678        1.8    1118.97    766.211    1885.18    51.4135   -60.1414
     15900   0.678711    1257.76    171.991    358.069        1.8    1157.73    818.073     1975.8    51.8614   -59.9393
     15800   0.800781    1325.75      171.8    353.566        1.8    1198.56    868.633    2067.19    50.5605   -60.7757
     15700   0.805664    1405.83     171.62    350.298        1.8    1239.15    920.523    2159.68    51.8897   -64.2782
     15600   0.795898    1486.39    171.413    348.141        1.8    1280.33     971.87     2252.2    51.3474   -67.5998
     15500    0.81543       1566    171.199    345.193        1.8    1320.59     1024.2    2344.79    52.3313   -70.4689
     15400    1.01562    1647.74    170.978     341.86        1.8    1364.81    1077.23    2442.03    53.0273   -73.5872
     15300    1.52344    1749.81    170.653    340.089        1.8    1416.22    1133.89    2550.11    56.6636   -80.1911
     15200    2.00195    1902.64    169.975    338.866        1.8    1467.19    1191.99    2659.18    58.0984   -94.6936
     15100     2.5293    2103.36    168.729    343.728        1.8    1525.57    1252.04    2777.61    60.0446    -114.14
     15000    3.14453     2356.9    166.808    352.412        1.8    1595.93    1314.53    2910.46    62.4949   -137.213
     14900        2.5    2670.71    164.131    357.508        1.8     1673.9    1379.05    3052.95    64.5161   -163.254
     14800  0.0708008    2918.28     161.17    361.506        1.8    1760.35    1447.15     3207.5    68.1084    -172.97
     14700          0    2925.29    159.169    350.624        1.8    1837.96    1516.98    3354.94    69.8256   -145.553
     14600          0    2925.29    151.829    278.863        1.8    1871.79    1600.99    3472.78    84.0107   -122.492
     14500          0    2925.29    150.001    251.686        1.8    1888.93    1690.34    3579.26    89.3462   -108.999
     14400          0    2925.29    150.001    235.454        1.8    1898.79    1781.69    3680.48    91.3529   -100.464
     14300          0    2925.29    150.539    221.485        1.8    1905.99     1870.3    3776.29    88.6113    -94.926
     14200          0    2925.29    151.241    209.671        1.8     1906.8    1957.61    3864.42    87.3118   -91.3811
     14100          0    2925.29    152.003    203.924        1.8    1907.85    2043.94     3951.8      86.33   -89.1272
     14000          0    2925.29    152.798    201.792        1.8    1915.16    2128.13    4043.29    84.1869   -87.5794
     13900          0    2925.29    153.617    197.142        1.8    1927.33    2215.08    4142.42    86.9532   -86.4813
     13800          0    2925.29    154.456    191.408        1.8    1930.62    2299.14    4229.77    84.0592   -85.8424
     13700          0    2925.29    155.313    187.305        1.8    1949.64    2385.18    4334.82     86.037   -85.5913
     13600   0.012207    2925.31    156.187     184.01        1.8     1961.3     2470.2     4431.5    85.0182   -85.5981
     13500          0    2926.51    157.068    188.147        1.8    1972.39    2548.96    4521.35    78.7621   -85.9067
     13400   0.195312    2926.71    157.963    196.603        1.8    1980.88    2630.04    4610.92    81.0766   -85.7184
     13300   0.424805    2946.47    158.746    192.987        1.8    1990.63    2708.15    4698.78    78.1137   -88.9846
     13200   0.473633       2989    161.438    214.657        1.8    1998.94    2786.63    4785.57    78.4773   -95.6664
     13100   0.615234     3036.5    162.664    221.571        1.8    2013.56    2859.83    4873.39    73.2008   -100.732
     13000   0.424805    3097.84    163.352    227.203        1.8    2019.89    2934.96    4954.85     75.134   -106.767
     12900   0.693359    3140.59    163.731    233.382        1.8    2041.26    3009.94    5051.19    74.9765   -107.808
     12800   0.703125    3209.93    163.784    239.506        1.8    2070.62    3087.04    5157.66     77.098   -113.184
     12700   0.483398    3280.02    163.628    240.913        1.8    2093.81    3166.01    5259.82    78.9743    -117.38
     12600  0.0683594    3327.95    163.572    239.367        1.8    2097.38    3247.59    5344.97     81.578   -116.861
     12500  0.0976562    3334.81    163.806    239.007        1.8    2103.26    3330.77    5434.03    83.1818    -109.37
     12400 0.00976562    3344.49    164.305    239.073        1.8     2107.1    3412.57    5519.67    81.7952   -104.126
     12300   0.258789    3345.72    164.975    237.877        1.8    2122.05    3494.38    5616.42    81.8106     -98.63
     12200   0.673828    3372.01    165.665    235.533        1.8    2151.44    3578.01    5729.45    83.6375   -99.1841
     12100   0.986328    3439.71    166.111    234.484        1.8    2189.62    3664.35    5853.96    86.3308   -107.495
     12000    1.32812    3538.68    166.171     233.87        1.8    2235.96    3748.27    5984.24    83.9269   -119.753
     11900     1.9043    3672.07    165.788    233.758        1.8    2286.13    3837.04    6123.17     88.766   -135.325
     11800   0.771484    3861.37    164.826    233.599        1.8    2340.63    3927.25    6267.88    90.2137   -156.547
     11700   0.366211    3938.11    163.873    242.741        1.8    2407.62    4019.96    6427.58    92.7089   -154.766
     11600   0.012207    3974.38    154.203    216.133        1.8    2454.64    4123.12    6577.76    103.161   -146.177
     11500          0    3975.59    151.655     196.01        1.8    2491.21    4237.23    6728.44    114.112   -136.769
     11400  0.0976562    3975.68    151.579    169.637        1.8    2513.89    4353.61     6867.5    116.373   -131.267
     11300  0.0366211    3985.39    152.144    157.563        1.8    2529.35    4466.94    6996.29    113.333   -130.136
     11200          0    3989.01    152.878    152.945        1.8    2539.66    4578.91    7118.57    111.972    -128.89
     11100          0    3989.01    153.702    144.274        1.8    2550.58    4690.11    7240.69    111.198   -127.663
     11000          0    3989.01    154.571    133.942        1.8    2571.24    4800.34    7371.57    110.229   -127.191
     10900          0    3989.01    155.458     128.24        1.8    2582.86    4912.48    7495.35    112.142   -127.287
     10800          0    3989.01    156.359    124.958        1.8    2582.99    5021.67    7604.66    109.191    -127.64
     10700          0    3989.01     157.27    120.574        1.8    2585.07    5130.63     7715.7    108.955   -128.139
     10600          0    3989.01    158.193    115.773        1.8    2591.72    5239.33    7831.05    108.707   -128.811
     10500          0    3989.01    159.126    112.981        1.8    2598.69    5347.71     7946.4    108.374   -129.619
     10400          0    3989.01    160.069     111.28        1.8    2606.31    5453.84    8060.15    106.131   -130.459
     10300          0    3989.01    161.022    110.245        1.8    2607.26    5557.72    8164.98    103.878   -131.287
     10200          0    3989.01    161.985    109.066        1.8    2609.07    5661.43     8270.5    103.715   -132.083
     10100          0    3989.01    162.958    106.738        1.8    2627.14    5762.17    8389.31    100.742    -132.89
     10000          0    3989.01    163.942    104.012        1.8    2638.83    5862.23    8501.06    100.058   -133.749
      9900          0    3989.01    164.936    101.066        1.8     2639.9     5961.6     8601.5    99.3638    -134.67
      9800          0    3989.01    165.941    97.9489        1.8    2642.32     6059.4    8701.72    97.8029   -135.656
      9700          0    3989.01    166.956     94.697        1.8    2646.76    6155.63    8802.39    96.2311   -136.709
      9600          0    3989.01    167.983    91.3397        1.8    2651.52    6250.28     8901.8    94.6484   -137.826
      9500          0    3989.01     169.02    87.8955        1.8     2651.6    6343.33    8994.94    93.0546   -139.005
      9400          0    3989.01    170.069    85.3373        1.8    2668.53    6438.46       9107    95.1307    -140.23
      9300          0    3989.01     171.13    83.2628        1.8    2684.82    6531.13    9215.96    92.6704   -141.455
      9200          0    3989.01    172.202    81.4716        1.8    2700.19    6622.63    9322.82    91.4984   -142.662
      9100          0    3989.01    173.285    79.8753        1.8    2707.57    6711.35    9418.92    88.7146   -143.843
      9000          0    3989.01    174.381    78.4324        1.8    2712.88    6796.27    9509.15    84.9188   -144.993
      8900          0    3989.01    175.489    77.1335        1.8    2728.92    6881.43    9610.34    85.1609   -146.109
      8800          0    3989.01    176.609    75.9453        1.8    2733.45    6965.34    9698.79    83.9157   -147.187
      8700  0.0146484    3989.03    177.742    74.8478        1.8    2736.41       7048    9784.41     82.658   -148.231
      8600   0.107422    3990.59    178.876    73.8099        1.8    2744.56    7129.67    9874.23    81.6738   -149.512
      8500  0.0195312    4001.24    179.942    72.7083        1.8    2746.37    7210.43     9956.8    80.7583   -152.296
      8400  0.0830078    4003.26    181.011    72.2192        1.8    2751.62    7290.72    10042.3     80.289   -153.088
      8300          0    4011.47    182.084    72.0404        1.8    2757.84    7366.94    10124.8    76.2156    -154.95
      8200          0    4011.47    183.196    72.1827        1.8    2759.59    7442.62    10202.2    75.6787   -155.064
      8100          0    4011.47     184.37    72.5892        1.8    2764.34     7517.7      10282    75.0798   -155.267
      8000   0.078125    4011.55    185.572    73.1789        1.8    2767.67    7591.85    10359.5    74.1528   -155.525
      7900          0    4019.29    186.731    73.8955        1.8    2773.49    7665.12    10438.6    73.2691   -157.131
      7800          0    4019.29    187.902    74.8361        1.8    2776.95    7736.92    10513.9    71.7978   -157.028
      7700  0.0244141    4019.31    189.124    75.9801        1.8    2778.03    7808.19    10586.2     71.276   -156.969
      7600          0    4021.73    190.347    77.2702        1.8    2781.14    7877.94    10659.1    69.7529   -157.332
      7500          0    4021.73    191.582    78.7161        1.8    2789.49    7946.19    10735.7    68.2434   -157.141
      7400          0    4021.73    192.839    79.1017        1.8    2801.09     8012.9      10814    66.7107   -156.952
      7300          0    4021.73    194.112    78.9097        1.8    2814.12    8080.06    10894.2    67.1632   -156.798
      7200          0    4021.73     195.39    78.3975        1.8    2830.93    8147.67    10978.6      67.61   -156.686
      7100          0    4021.73    196.671    77.6662        1.8    2848.57     8213.3    11061.9    65.6289   -156.615
      7000          0    4021.73    197.958    76.7738        1.8    2858.69    8272.94    11131.6    59.6422   -156.579
      6900          0    4021.73    199.247    75.7734        1.8    2868.97     8331.8    11200.8    58.8527   -156.577
      6800          0    4021.73    200.539    74.6903        1.8    2877.63    8394.16    11271.8    62.3615   -156.604
      6700          0    4021.73    201.829    73.5567        1.8       2886    8454.43    11340.4    60.2713    -156.66
      6600          0    4021.73    203.118    72.4047        1.8    2895.25    8510.71      11406    56.2816    -156.74
      6500          0    4021.73    204.407    71.2268        1.8    2901.77     8567.4    11469.2    56.6932   -156.842
      6400          0    4021.73    205.686    70.3764        1.8    2907.84    8622.92    11530.8    55.5139   -156.958
      6300          0    4021.73    206.964    69.7091        1.8    2914.81     8678.9    11593.7     55.986   -157.069
      6200          0    4021.73    208.242    69.1592        1.8    2929.84    8734.46    11664.3    55.5583   -157.167
      6100          0    4021.73    209.515    68.7148        1.8    2945.77     8789.6    11735.4    55.1347   -157.248
      6000          0    4021.73    210.779    68.3453        1.8    2950.84    8844.32    11795.2    54.7205   -157.311
      5900          0    4021.73    212.031    68.0375        1.8    2957.85    8895.99    11853.8    51.6694   -157.356
      5800          0    4021.73    213.275    67.7785        1.8     2971.1    8948.21    11919.3    52.2245   -157.383
      5700          0    4021.73    214.517    67.5613        1.8    2974.59    8999.59    11974.2    51.3832   -157.393
      5600          0    4021.73    215.742    67.3849        1.8    2976.35       9050    12026.3    50.4081   -157.383
      5500          0    4021.73    216.957    67.2427        1.8    2988.01    9099.45    12087.5    49.4432   -157.356
      5400          0    4021.73    218.171    66.3278        1.8    2999.07     9147.7    12146.8    48.2543   -157.323
      5300          0    4021.73    219.385    64.9655        1.8    3002.62    9194.76    12197.4    47.0654   -157.325
      5200          0    4021.73    220.589    63.3547        1.8    3018.56    9243.98    12262.5    49.2105   -157.377
      5100          0    4021.73    221.774    61.5887        1.8    3021.55     9291.4      12313    47.4257   -157.485
      5000          0    4021.73    222.947    59.6856        1.8    3024.78    9337.05    12361.8    45.6534   -157.651
      4900 0.00732422    4021.74    224.114    57.7016        1.8    3029.38    9382.94    12412.3    45.8862   -157.877
      4800          0    4022.46     225.27    55.6305        1.8    3029.73    9428.42    12458.2    45.4802   -158.288
      4700          0    4022.46    226.411    53.5111        1.8    3035.34    9473.51    12508.9    45.0888   -158.594
      4600          0    4022.46    227.544    51.3734        1.8    3038.54    9515.77    12554.3    42.2565   -158.962
      4500  0.0244141    4022.49    228.671    49.1926        1.8    3043.51    9556.19    12599.7    40.4285   -159.394
      4400  0.0366211    4024.94    229.775    47.3442        1.8    3049.09    9597.52    12646.6    41.3245   -160.314
      4300 0.00488281    4028.57     230.84    45.6616        1.8    3052.26    9638.18    12690.4      40.66   -161.369
      4200  0.0756836    4029.13    231.889    44.1279        1.8    3059.93    9678.49    12738.4    40.3106    -161.76
      4100    0.13916    4036.76    232.864    42.6155        1.8    3071.59    9717.33    12788.9    38.8355   -163.483
      4000   0.144043    4050.68    233.693    41.0367        1.8    3083.52    9756.93    12840.5    39.6071   -166.071
      3900   0.178223    4065.12    234.407    39.4458        1.8    3098.07    9797.43    12895.5     40.493   -168.288
      3800   0.114746    4082.88     235.03    37.8305        1.8    3110.91    9835.85    12946.8    38.4198   -170.739
      3700   0.141602    4094.38     235.64    35.6697        1.8    3127.71    9873.53    13001.2     37.685   -171.683
      3600  0.0854492    4108.48    236.242    31.9013        1.8    3141.85    9910.49    13052.3    36.9583   -173.141
      3500  0.0634766    4117.01    236.864    27.5047        1.8    3155.02    9948.62    13103.6     38.136   -173.614
      3400 0.00244141    4123.29    237.544    22.9366        1.8     3164.1    9985.08    13149.2     36.456   -173.977
      3300          0    4123.54    238.311    18.2303        1.8    3164.37    10021.1    13185.5    36.0387   -173.605
      3200          0    4123.54    239.152    13.9634        1.8    3165.44    10056.7    13222.1    35.5481   -173.719
      3100          0    4123.54    240.021    11.1145        1.8    3165.78    10091.3    13257.1    34.6289   -174.196
      3000          0    4123.54    240.902    8.77838        1.8    3168.67      10125    13293.7    33.6982     -174.9
      2900 0.00244141    4123.54    241.785    6.80304        1.8    3172.23    10158.7    13330.9    33.7145   -175.756
      2800 0.00488281    4123.78    242.658    5.07668        1.8    3176.38    10191.4    13367.7    32.6417   -176.752
      2700          0    4124.27    243.516    3.33768        1.8       3179    10226.7    13405.7    35.3839   -177.845
      2600          0    4124.27     244.37    1.24796        1.8    3190.58    10256.3    13446.8    29.5298   -178.895
      2500          0    4124.27    245.221  -0.948802        1.8    3191.55    10288.9    13480.5    32.6787   -180.014
      2400          0    4124.27    246.058   -3.17655        1.8    3194.67    10320.5    13515.2    31.5419    -181.19
      2300          0    4124.27    246.881   -5.43369        1.8    3195.97    10350.8    13546.7    30.2695   -182.415
      2200          0    4124.27    247.691   -7.54515        1.8    3201.02    10379.8    13580.8    29.0088   -183.682
      2100          0    4124.27    248.492   -9.22832        1.8    3203.31    10408.1    13611.4    28.3076   -184.965
      2000          0    4124.27    249.285   -10.7336        1.8    3205.68    10435.7    13641.4     27.615   -186.243
      1900          0    4124.27    250.061    -12.101        1.8    3207.45    10463.2    13670.6     27.472   -187.508
      1800 0.00488281    4124.27    250.818   -13.3612        1.8    3210.46      10490    13700.5    26.8485   -188.754
      1700  0.0244141    4124.78    251.552   -14.6445        1.8    3215.02    10517.1    13732.1    27.0745   -190.065
      1600          0     4127.2    252.237    -16.152        1.8    3216.98    10545.1    13762.1    28.0504   -191.677
      1500          0     4127.2      252.9   -17.6951        1.8    3218.73    10570.8    13789.5    25.6451    -192.76
      1400          0     4127.2    253.565   -19.2661        1.8    3221.21    10594.2    13815.4    23.3851   -193.872
      1300          0     4127.2    254.228   -20.8592        1.8    3222.28    10617.7      13840    23.5081   -195.005
      1200          0     4127.2    254.889   -22.1629        1.8    3234.88    10641.3    13876.2    23.6247    -196.15
      1100          0     4127.2    255.548   -22.6796        1.8    3244.13      10665    13909.1    23.6623   -197.269
      1000          0     4127.2    256.205   -22.8532        1.8    3250.98    10688.5    13939.5    23.5604    -198.33
       900          0     4127.2    256.852   -22.6554        1.8    3257.94    10711.3    13969.3    22.7976   -199.317
       800          0     4127.2    257.487   -22.1809        1.8    3265.84    10737.1      14003    25.8334   -200.219
       700          0     4127.2    258.108   -21.3751        1.8    3271.19    10763.1    14034.3    25.9583   -201.027
       600          0     4127.2    258.714   -20.0807        1.8    3286.07    10785.6    14071.6    22.4606   -201.725
       500          0     4127.2    259.301   -18.4907        1.8    3301.07    10806.9      14108     21.342   -202.299
       400          0     4127.2    259.869   -16.5791        1.8    3328.11    10829.8    14157.9    22.8587   -202.745
       300          0     4127.2    260.423   -14.4073        1.8    3344.05    10847.1    14191.1    17.3038   -203.056
       200          0     4127.2    260.966   -11.7357        1.8    3366.38    10863.4    14229.8     16.327   -203.229
       100          0     4127.2    261.499    -8.1277        1.8    3373.44    10883.4    14256.8    19.9563    -203.23
         0   0.124512    4127.32    262.024   -4.01426        1.8    3379.85    10921.9    14301.7    38.5334   -203.056