     20000          0          0    179.437    415.631        1.4     17.399    14.2831     31.682    14.2831    51.8336
     19900          0          0    179.437     414.68        1.4    28.2793    29.7361    58.0154    15.4531    51.7019
     19800          0          0    179.437    414.027        1.4    44.2321    46.3592    90.5912    16.6231    51.5707
     19700          0          0    179.437    413.765        1.4    53.1471    60.5222    113.669    14.1631    51.4563
     19600  0.0488281  0.0488281    179.437    413.802        1.4    62.7691    72.5053    135.274    11.9831    51.3617
     19500          0    4.88281    179.424    411.934        1.4    64.9152    82.0315    146.947    9.52625    50.1557
     19400          0    4.88281    179.408    409.033        1.4    76.4226    94.1434    170.566    12.1119    50.2678
     19300          0    4.88281    179.401    406.393        1.4    86.3295    106.293    192.622    12.1494     50.201
     19200          0    4.88281    179.397     403.77        1.4    87.7592    118.476    206.235    12.1833    49.9944
     19100          0    4.88281    179.395    402.876        1.4    87.8351    130.171    218.006    11.6951    49.6959
     19000          0    4.88281    179.394     403.02        1.4    88.5556    142.677    231.233    12.5059    49.4019
     18900          0    4.88281    179.394    401.349        1.4     90.305    155.993    246.298     13.316    49.1184
     18800          0    4.88281    179.394    398.671        1.4    99.8739    166.569    266.443    10.5756    48.7576
     18700          0    4.88281    179.395    396.821        1.4    121.033    178.444    299.477    11.8751    48.3099
     18600          0    4.88281    179.396    395.372        1.4     155.47    192.948    348.419    14.5043     47.824
     18500          0    4.88281    179.396    393.981        1.4    197.429    201.672    399.101    8.72354     47.316
     18400          0    4.88281    179.397    392.652        1.4    206.127    209.944    416.071    8.27272    46.7895
     18300          0    4.88281    179.398    389.545        1.4    209.942    218.566    428.508    8.62189    46.2188
     18200          0    4.88281    179.399     385.34        1.4    234.902    227.187     462.09    8.62108    45.5211
     18100          0    4.88281      179.4    381.756        1.4    283.906    235.281    519.187    8.09363     44.682
     18000          0    4.88281      179.4    378.406        1.4    328.359    243.934    572.293    8.65287     43.744
     17900          0    4.88281    179.401     377.45        1.4    365.449    254.003    619.452    10.0688    42.7604
     17800          0    4.88281    179.402    377.968        1.4    400.621    264.931    665.552    10.9281    41.8492
     17700          0    4.88281    179.403    376.067        1.4    435.344    275.248    710.593    10.3174    41.0109
     17600   0.109863    4.99268    179.403    372.847        1.4    459.178     289.57    748.748    14.3218    40.0907
     17500   0.507812     16.377    179.374    372.704        1.4    467.194    303.581    770.775    14.0109    36.5122
     17400   0.678711    67.3291    181.943    404.196        1.4     495.88    313.421      809.3    9.83991    23.4369
     17300   0.563965    135.085    182.512    412.849        1.4    524.089    323.632    847.721    10.2109    10.5336
     17200    0.60791    191.526    182.637    417.496        1.4    558.655     338.08    896.735    14.4479    3.31631
     17100   0.795898    252.505    182.716    419.802        1.4    611.308    353.994    965.302    15.9144   -3.24866
     17000   0.537109    331.836    182.835    420.248        1.4    658.816    373.259    1032.07    19.2649   -12.3766
     16900   0.310059     385.32    183.064    414.904        1.4     697.19     393.82    1091.01    20.5614   -14.1843
     16800   0.251465    416.267    183.471    405.968        1.4    733.827    415.539    1149.37    21.7185   -11.3346
     16700   0.424805    441.587    184.057    396.085        1.4    771.182    439.372    1210.55    23.8328    -8.5908
     16600   0.681152    484.324    184.757    384.989        1.4    805.141    467.765    1272.91    28.3929   -10.9503
     16500    0.81543    552.573    185.486     384.59        1.4    842.571    490.631     1333.2    22.8669   -18.8764
     16400    0.97168    634.272    186.202    391.152        1.4    893.033    518.397    1411.43    27.7657   -27.9471
     16300   0.864258    731.333    186.885    394.146        1.4    951.479    544.028    1495.51    25.6307   -37.9933
     16200   0.559082    817.454    187.561    395.469        1.4    1013.03    575.912    1588.94    31.8839   -43.6199
     16100    0.46875    873.271    188.305    384.944        1.4    1068.83    611.344    1680.18    35.4323   -42.2673
     16000   0.500488    920.178    189.148    366.541        1.4    1112.61    645.899    1758.51    34.5553   -40.3395
     15900    0.50293    970.229    190.061    356.672        1.4    1149.97    679.691    1829.67    33.7918    -40.559
     15800   0.581055     1020.6    191.018    351.896        1.4    1189.13    711.033    1900.16    31.3421   -41.4957
     15700   0.578613     1078.7    191.994    348.355        1.4    1227.79     742.55    1970.34    31.5163   -44.2752
     15600   0.566406    1136.55    192.974    345.903        1.4    1266.73    772.336    2039.07     29.786   -46.8384
     15500   0.571289     1193.2    193.962    342.696        1.4    1304.49    801.903    2106.39    29.5678   -49.0018
     15400   0.693359    1250.45    194.957    339.112        1.4    1345.96    830.951    2176.91    29.0479   -51.2412
     15300   0.981445    1320.07    195.938    337.088        1.4    1394.37     862.33     2256.7     31.379    -55.818
     15200    1.19629    1418.43    196.847    335.787        1.4    1442.26    893.557    2335.82    31.2263   -65.2273
     15100    1.39648    1538.26     197.64    340.599        1.4    1497.51    924.689     2422.2    31.1329   -76.7089
     15000    1.58691     1678.1    198.303     349.48        1.4    1564.94    955.689    2520.63    30.9997   -89.0409
     14900    1.38672    1836.59     198.83    355.356        1.4    1640.76    985.506    2626.26    29.8165   -101.505
     14800  0.0463867    1973.92    199.282    359.913        1.4    1725.61     1015.5    2741.11    29.9964   -107.229
     14700          0    1978.52    199.865    349.656        1.4    1802.26    1044.63    2846.89    29.1297   -88.6574
     14600          0    1978.52    192.708    278.304        1.4    1835.53    1087.76     2923.3    43.1322   -73.4357
     14500          0    1978.52    190.789    251.189        1.4    1852.17    1136.32    2988.49    48.5582   -66.1113
     14400          0    1978.52    191.048    234.842        1.4    1861.42    1186.63    3048.04    50.3056     -62.53
     14300          0    1978.52    192.025    220.791        1.4    1867.92    1233.75    3101.68    47.1249    -60.934
     14200          0    1978.52    193.218    208.839        1.4    1867.94    1279.09    3147.03    45.3343   -60.5061
     14100          0    1978.52    194.467    202.682        1.4    1868.13    1322.95    3191.09    43.8664   -60.7019
     14000          0    1978.52    195.723    200.071        1.4    1877.16    1364.21    3241.38    41.2617   -61.0678
     13900          0    1978.52    196.971    195.212        1.4    1891.26    1407.81    3299.08    43.5986   -61.4671
     13800          0    1978.52    198.217    189.358        1.4    1896.61    1448.11    3344.72    40.2978   -62.0077
     13700          0    1978.52    199.469    185.101        1.4    1917.82    1489.99    3407.82    41.8812   -62.6876
     13600          0    1978.52    200.723    181.698        1.4     1931.8    1530.47    3462.27     40.482   -63.4275
     13500          0    1978.52    201.978    185.255        1.4    1945.78    1564.33    3510.11    33.8521   -64.0921
     13400    0.10498    1978.62    203.232    192.954        1.4    1957.92    1600.13    3558.06    35.8077   -64.3859
     13300   0.270996    1989.28    204.451    189.559        1.4     1971.1    1632.54    3603.64     32.409   -66.4639
     13200   0.307617    2016.42    207.869    211.152        1.4     1975.9    1664.59    3640.49    32.0461   -71.4367
     13100   0.400391    2047.28    209.994    217.645        1.4     1986.6    1690.46    3677.06     25.871   -75.0898
     13000   0.253906    2087.17    211.665    223.071        1.4    1988.79    1717.28    3706.07    26.8211   -79.2676
     12900   0.446777    2112.75    212.993    228.945        1.4    2005.72       1743    3748.72    25.7148    -79.444
     12800   0.454102    2157.44    213.976     234.76        1.4    2030.34     1769.9    3800.24    26.9058   -83.0334
     12700   0.292969    2202.69    214.813    236.142        1.4    2048.76    1797.69    3846.45     27.789   -85.8019
     12600          0    2231.69    215.747    234.612        1.4    2049.94    1827.09    3877.04    29.4029   -84.9591
     12500          0    2231.69    216.805    234.067        1.4    2050.88    1857.28    3908.16    30.1827   -78.9036
     12400          0    2231.69    217.981    233.925        1.4    2052.18     1885.4    3937.58    28.1192   -74.2745
     12300   0.112305     2231.8    219.234    232.526        1.4    2061.78    1912.95    3974.73    27.5518     -70.82
     12200   0.415039    2243.33    220.521    230.059        1.4    2085.69    1941.73    4027.42    28.7813   -70.6218
     12100   0.615234    2285.04    221.762    228.853        1.4    2118.25    1972.41    4090.65    30.6798   -76.7143
     12000   0.810547    2346.76      222.9    228.177        1.4     2158.9    1999.61     4158.5     27.197   -85.5703
     11900    1.07422    2428.08    223.917     228.06        1.4    2203.37    2030.24    4233.61    30.6374   -96.3606
     11800   0.427246    2534.85    224.784    228.126        1.4    2252.39     2060.5    4312.89     30.256    -109.55
     11700   0.195312    2577.34     225.65    236.555        1.4    2313.19    2091.43    4404.62    30.9316   -108.097
     11600          0    2596.68    214.497    209.118        1.4     2353.2     2134.3    4487.49    42.8673    -102.07
     11500          0    2596.68    211.091    190.295        1.4    2384.06    2188.97    4573.03    54.6755   -96.5655
     11400  0.0390625    2596.72    210.914    165.583        1.4    2402.68    2246.01     4648.7    57.0384   -94.2875
     11300          0    2600.59    211.832    154.073        1.4    2414.65    2299.66    4714.31    53.6455   -94.7302
     11200          0    2600.59    213.093    149.806        1.4    2421.82    2351.42    4773.23    51.7574   -94.9786
     11100          0    2600.59    214.453    141.844        1.4    2435.17    2401.86    4837.03    50.4468   -95.5134
     11000          0    2600.59    215.834    132.199        1.4    2457.57    2450.83     4908.4    48.9663   -96.4053
     10900          0    2600.59    217.209    126.758        1.4    2470.68    2501.22     4971.9    50.3913   -97.5577
     10800          0    2600.59    218.568    123.633        1.4    2472.13     2548.2    5020.34    46.9819   -98.7277
     10700          0    2600.59    219.904    119.518        1.4    2475.27    2594.52    5069.79    46.3208   -99.8673
     10600          0    2600.59    221.214    114.983        1.4    2482.71    2640.21    5122.92    45.6864    -101.05
     10500          0    2600.59    222.505    112.273        1.4    2490.39     2685.2    5175.59    44.9951   -102.267
     10400          0    2600.59    223.783    110.606        1.4    2498.68    2727.62     5226.3    42.4166    -103.44
     10300          0    2600.59    225.051    109.544        1.4    2500.33    2767.47     5267.8     39.849   -104.541
     10200          0    2600.59    226.311    108.374        1.4    2502.83    2806.86    5309.69    39.3889   -105.565
     10100          0    2600.59    227.567     106.13        1.4    2521.51    2842.99     5364.5    36.1334    -106.57
     10000          0    2600.59    228.817    103.537        1.4    2533.68    2878.17    5411.85    35.1831   -107.601
      9900          0    2600.59     230.06    100.761        1.4    2535.05    2912.41    5447.47    34.2398   -108.675
      9800          0    2600.59    231.297    97.8417        1.4    2537.58    2944.86    5482.44    32.4463   -109.801
      9700          0    2600.59    232.531    94.8085        1.4    2542.13    2975.52    5517.65    30.6564   -110.982
      9600          0    2600.59    233.763    91.6848        1.4    2547.24    3004.39    5551.62    28.8683   -112.218
      9500          0    2600.59    234.986    88.4867        1.4    2547.91    3031.47    5579.39    27.0886   -113.509
      9400          0    2600.59    236.192     86.091        1.4    2564.09    3060.48    5624.57    29.0079    -114.84
      9300          0    2600.59    237.386    84.1541        1.4    2579.49     3086.9    5666.38    26.4141   -116.166
      9200          0    2600.59    238.573    82.4719        1.4    2593.85    3112.02    5705.87    25.1265   -117.472
      9100          0    2600.59    239.757    80.9645        1.4    2600.15    3134.27    5734.41    22.2428   -118.749
      9000          0    2600.59    240.926    79.5994        1.4    2604.29    3152.64    5756.93    18.3739   -119.992
      8900          0    2600.59    242.067    78.3728        1.4    2619.08    3171.22    5790.31    18.5835     -121.2
      8800          0    2600.59    243.182    77.2552        1.4    2622.31    3188.57    5810.87    17.3425    -122.37
      8700  0.0341797    2600.62    244.284    76.2267        1.4    2626.65    3204.68    5831.33    16.1155   -123.509
      8600   0.112305    2604.12    245.367    75.2256        1.4    2636.21    3219.86    5856.07    15.1831   -125.256
      8500  0.0366211    2615.27    246.402    74.1495        1.4    2639.46    3234.16    5873.62    14.2983   -128.233
      8400  0.0927734    2618.99    247.408    73.6347        1.4    2646.12    3248.05    5894.18    13.8922   -129.339
      8300          0    2628.17    248.378    73.4177        1.4    2650.97    3257.98    5908.94    9.92194   -131.383
      8200 0.00732422    2628.18    249.334    73.5373        1.4    2651.37    3267.52    5918.89    9.54127   -131.414
      8100          0    2628.91    250.297    73.9183        1.4    2654.79    3276.67    5931.46    9.15313   -131.715
      8000  0.0878906    2628.99     251.26    74.4885        1.4    2659.43    3285.14    5944.56    8.46456   -131.943
      7900          0     2637.7    252.192    75.1562        1.4    2663.99    3292.94    5956.93     7.8077   -133.792
      7800 0.00244141     2637.7    253.113    76.0586        1.4    2666.22    3299.53    5965.75    6.58676   -133.657
      7700  0.0390625    2637.98    254.036    77.1713        1.4    2666.33    3305.89    5972.22    6.36355   -133.649
      7600          0    2641.85    254.937    78.4094        1.4     2668.3    3311.06    5979.35     5.1633   -134.319
      7500          0    2641.85    255.816    79.8209        1.4    2675.54    3315.07     5990.6    4.00937     -134.1
      7400          0    2641.85    256.683    80.2953        1.4    2685.95    3317.93    6003.88    2.86696   -133.916
      7300          0    2641.85    257.539    80.2331        1.4    2697.66    3321.67    6019.33    3.73599   -133.794
      7200          0    2641.85    258.386    79.8879        1.4    2712.98    3326.28    6039.26    4.61445   -133.732
      7100          0    2641.85    259.225    79.3482        1.4    2728.93    3329.36    6058.29    3.07546   -133.727
      7000          0    2641.85    260.055    78.6643        1.4    2737.16    3331.81    6068.97   -2.45533    -133.77
      6900          0    2641.85    260.869     77.883        1.4    2745.33    3334.58    6079.92   -2.76889   -133.858
      6800          0    2641.85    261.663    77.0255        1.4    2751.65    3335.82    6087.47     1.2367   -133.984
      6700          0    2641.85    262.437    76.1186        1.4    2757.47    3336.16    6093.62  -0.337179   -134.143
      6600          0    2641.85    263.186    75.1931        1.4    2763.92    3339.94    6103.87   -3.78601    -134.33
      6500          0    2641.85    263.915    74.2381        1.4    2767.43    3342.76    6110.19   -2.81471   -134.544
      6400          0    2641.85    264.629    73.5753        1.4    2770.31    3346.19     6116.5    -3.4294   -134.776
      6300          0    2641.85    265.334    73.0808        1.4    2773.91    3348.57    6122.48   -2.38391   -135.008
      6200          0    2641.85    266.031    72.6872        1.4    2785.41     3350.8    6136.21   -2.23067   -135.235
      6100          0    2641.85    266.721    72.3833        1.4    2797.67    3352.87    6150.55   -2.07136   -135.451
      6000          0    2641.85    267.405    72.1401        1.4    2798.95    3354.78    6153.73    -1.9048   -135.654
      5900          0    2641.85    268.075    71.9465        1.4    2802.05    3359.15     6161.2   -4.37458   -135.844
      5800          0    2641.85     268.73    71.7934        1.4    2811.28    3362.38    6173.66   -3.22965   -136.018
      5700 0.00732422    2641.85     269.37     71.675        1.4    2811.91    3365.85    6177.76   -3.46979   -136.179
      5600  0.0219727     2642.6    269.987    71.5778        1.4    2814.35    3369.69    6184.03   -3.83737   -136.461
      5500          0    2644.78    270.575    71.4818        1.4    2821.77    3373.86    6195.64   -4.17534    -136.96
      5400          0    2644.78    271.147    70.6859        1.4    2828.47    3378.59    6207.05   -4.72198   -136.967
      5300          0    2644.78    271.712    69.4703        1.4    2829.42    3383.85    6213.27   -5.26178   -137.045
      5200          0    2644.78    272.269    68.0191        1.4    2840.69    3386.32    6227.01   -2.46884   -137.198
      5100          0    2644.78    272.819    66.4147        1.4    2842.53    3389.94    6232.46   -3.61857   -137.427
      5000  0.0610352    2644.84    273.362    64.6727        1.4    2850.74     3394.7    6245.44   -4.76175   -137.741
      4900   0.078125    2650.96    273.875    62.7556        1.4     2860.4    3398.57    6258.97   -3.87487   -139.251
      4800  0.0195312    2658.71    274.346    60.6832        1.4     2865.8    3402.17    6267.97   -3.59556   -140.859
      4700          0    2660.64    274.805     58.609        1.4    2866.31    3405.47    6271.79   -3.30532   -141.187
      4600  0.0634766    2660.71    275.274    56.5725        1.4    2874.72    3410.95    6285.66    -5.4743   -141.292
      4500  0.0952148    2667.09     275.72    54.4205        1.4    2884.91    3417.57    6302.48   -6.61985   -142.749
      4400   0.107422    2676.62    276.117    52.5167        1.4    2895.66    3422.58    6318.25   -5.01744   -144.649
      4300  0.0732422    2687.33    276.472    50.7479        1.4    2903.92    3427.56    6331.48   -4.97177   -146.517
      4200    0.13916    2694.72    276.809    49.1096        1.4    2916.56    3432.17    6348.73   -4.60891   -147.546
      4100   0.195312    2708.69    277.114    47.4797        1.4    2933.09    3437.58    6370.67   -5.41437   -149.755
      4000   0.200195    2728.23    277.357    45.7748        1.4    2949.77    3441.64     6391.4    -4.0568   -152.668
      3900   0.227051    2748.27    277.546     44.046        1.4    2968.91    3444.28    6413.19   -2.64576   -155.208
      3800   0.168457    2770.92    277.693    42.2882        1.4    2986.21    3448.53    6434.73   -4.24282   -157.856
      3700   0.195312    2787.79    277.833    40.0191        1.4    3007.35    3453.03    6460.39   -4.50756   -159.104
      3600   0.141602    2807.27    277.973    36.1918        1.4    3025.79    3457.81     6483.6   -4.77312    -160.87
      3500    0.12207    2821.41    278.126    31.7602        1.4    3043.21    3460.93    6504.15   -3.12648   -161.686
      3400  0.0634766    2833.56    278.309    27.1595        1.4    3056.52    3465.24    6521.76    -4.3086   -162.423
      3300          0    2839.84    278.533    22.4294        1.4    3060.45    3469.42    6529.88   -4.18337   -162.432
      3200 0.00244141    2839.85    278.822    18.1888        1.4    3065.75    3473.55     6539.3   -4.12156    -161.83
      3100          0    2840.09    279.159    15.3535        1.4    3069.66    3478.05    6547.71   -4.50871   -161.871
      3000  0.0488281    2840.14     279.52    13.0143        1.4    3076.79    3482.97    6559.76   -4.92013   -162.269
      2900  0.0585938    2845.03    279.873    10.9471        1.4    3084.49    3487.35    6571.83   -4.37297   -163.816
      2800  0.0585938    2850.89    280.201    9.06125        1.4    3092.63    3492.25    6584.88   -4.90104   -165.524
      2700          0    2856.69    280.512     7.1461        1.4    3093.83    3493.86    6587.69   -1.61189   -167.166
      2600          0    2856.69    280.836     4.9575        1.4     3101.7     3500.8     6602.5   -6.93586    -167.75
      2500  0.0012207    2856.69    281.181    2.70197        1.4    3106.33    3504.08     6610.4   -3.28124   -168.579
      2400  0.0317383    2856.84    281.535   0.421262        1.4    3113.04    3508.01    6621.05    -3.9349   -169.624
      2300   0.012207       2860    281.879   -1.93035        1.4    3117.84    3512.74    6630.59   -4.72875   -171.341
      2200          0    2861.21    282.216   -4.14446        1.4     3119.5    3518.26    6637.75   -5.51608   -172.689
      2100  0.0366211    2861.24    282.561   -5.92294        1.4    3125.09    3524.02    6649.11   -5.76106   -173.882
      2000  0.0390625    2864.91    282.898   -7.57505        1.4    3130.61    3530.02    6660.63   -5.99833   -175.794
      1900  0.0292969     2868.8    283.218    -9.1282        1.4    3135.36     3535.7    6671.06   -5.68438   -177.636
      1800  0.0415039    2871.75    283.528   -10.5777        1.4    3141.16    3541.56    6682.72    -5.8617   -179.211
      1700  0.0561523    2875.91    283.829   -12.0573        1.4     3148.3    3546.77    6695.06   -5.20281   -180.962
      1600  0.0146484    2881.48    284.113   -13.7586        1.4    3152.65    3550.59    6703.25   -3.82596   -182.883
      1500 0.00976562    2882.94    284.399   -15.4698        1.4    3156.63    3556.45    6713.07   -5.85435   -183.968
      1400  0.0195312    2883.93    284.698   -17.1867        1.4    3161.19    3564.19    6725.38   -7.74822   -185.061
      1300          0    2885.86    284.999   -18.9299        1.4    3162.04    3571.46     6733.5   -7.26288   -186.405
      1200          0    2885.86    285.304   -20.3762        1.4    3172.85    3578.25     6751.1   -6.79081   -187.429
      1100          0    2885.86    285.615   -21.0446        1.4    3180.47    3584.65    6765.12   -6.40536   -188.512
      1000          0    2885.86    285.927    -21.379        1.4    3185.84    3590.82    6776.66   -6.16201   -189.598
       900          0    2885.86    286.236   -21.3567        1.4    3191.51     3597.4    6788.91   -6.58564   -190.656
       800          0    2885.86    286.538   -21.0681        1.4    3198.29    3600.62    6798.91   -3.21828   -191.661
       700          0    2885.86    286.833   -20.4625        1.4    3202.73    3603.39    6806.12   -2.76613   -192.598
       600          0    2885.86    287.118   -19.3844        1.4    3216.92    3609.33    6826.24   -5.94328   -193.444
       500          0    2885.86    287.395   -18.0224        1.4    3231.45    3616.08    6847.53   -6.75261   -194.182
       400          0    2885.86    287.664   -16.3506        1.4    3258.25    3621.02    6879.27   -4.93664   -194.804
       300          0    2885.86    287.926   -14.4264        1.4    3274.21    3631.22    6905.43   -10.1996   -195.301
       200          0    2885.86    288.182   -12.0213        1.4    3296.83    3642.11    6938.94   -10.8898   -195.666
       100          0    2885.86    288.433   -8.70427        1.4    3304.46    3649.09    6953.55   -6.97768   -195.865
         0  0.0952148    2885.96    288.679   -4.89574        1.4    3309.99    3660.96    6970.96    11.8793   -195.889