      20000           0           0     179.437     415.631         1.9      17.399     14.2831      31.682     14.2831     51.8336    0.258968    0.460851    0.605054    0.634429     2456.76     1.6e+19     5.73044     4.59858     4.35318     4.39114
      19900           0           0     179.437      414.68         1.9     28.2793     29.7361     58.0154     15.4531     51.7019    0.258968    0.460851    0.605054    0.634429     2456.76     1.6e+19     5.73044     4.59858     4.35318     4.39114
      19800           0           0     179.437     414.027         1.9     44.2321     46.3592     90.5912     16.6231     51.5707    0.258968    0.460851    0.605054    0.634429     2456.76     1.6e+19     5.73044     4.59858     4.35318     4.39114
      19700           0           0     179.437     413.765         1.9     53.1471     60.5222     113.669     14.1631     51.4563    0.258968    0.460851    0.605054    0.634429     2456.76     1.6e+19     5.73044     4.59858     4.35318     4.39114
      19600   0.0414251   0.0414251     179.437     413.802         1.9     62.7691     72.5053     135.274     11.9831     51.3637    0.258968    0.460851    0.605054    0.634429     2456.77     1.6e+19     5.73044     4.59858     4.35318     4.39114
      19500           0     4.14251     179.396     411.959         1.9     64.8901     82.0596      146.95     9.55434     50.3306    0.258968    0.460849    0.604984    0.634429     2457.24     1.6e+19     5.73044     4.59858     4.35284     4.38895
      19400           0     4.14251     179.347      409.08         1.9     76.3505     94.2331     170.584     12.1735     50.4057    0.258968     0.46083     0.60472    0.634429     2457.24     1.6e+19     5.73037     4.59849     4.35154     4.38605
      19300           0     4.14251     179.323     406.452         1.9     86.1982      106.46     192.658     12.2271     50.3117    0.258968    0.460773    0.604434    0.634429     2457.24     1.6e+19     5.73017     4.59825     4.35015     4.38444
      19200           0     4.14251     179.311     403.838         1.9     87.5606     118.729      206.29     12.2691     50.0844    0.258968     0.46068    0.604203    0.634429     2457.24     1.6e+19     5.72985     4.59785     4.34902     4.38352
      19100    0.001545     4.14405     179.305     402.949         1.9     87.7093     130.514     218.224      11.785     49.7697    0.258968    0.460562    0.604033    0.634429     2457.23     1.6e+19     5.72945     4.59734     4.34819     4.38301
      19000           0     4.29701     179.301     403.094         1.9     88.5033     143.113     231.617      12.599     49.4278    0.258968    0.460433    0.603909    0.634429     2457.25     1.6e+19     5.72899     4.59679     4.34758     4.38267
      18900           0     4.29701     179.299     401.423         1.9     90.3267     156.524     246.851     13.4112     49.1433    0.258968    0.460304    0.603816    0.634429     2457.25     1.6e+19     5.72852     4.59623     4.34713     4.38247
      18800           0     4.29701     179.299     398.745         1.9     99.8214     167.196     267.017     10.6712     48.7814    0.258968    0.460179    0.603749    0.634429     2457.25     1.6e+19     5.72805      4.5957      4.3468     4.38243
      18700           0     4.29701       179.3     396.895         1.9     120.906     179.166     300.072       11.97     48.3324    0.258968    0.460064    0.603704    0.634429     2457.24     1.6e+19     5.72759     4.59521     4.34658     4.38247
      18600           0     4.29701     179.302     395.446         1.9     155.269     193.764     349.033     14.5982     47.8454    0.258968     0.45996    0.603675    0.634429     2457.24     1.6e+19     5.72716     4.59476     4.34644     4.38257
      18500           0     4.29701     179.304     394.055         1.9     197.154      202.58     399.734     8.81607     47.3362    0.258968    0.459869    0.603658    0.634429     2457.24     1.6e+19     5.72676     4.59437     4.34635     4.38269
      18400           0     4.29701     179.306     392.725         1.9     205.779     210.944     416.723     8.36382     46.8087    0.258968    0.459791    0.603649    0.634429     2457.23     1.6e+19      5.7264     4.59403     4.34631     4.38283
      18300           0     4.29701     179.308     389.617         1.9     209.667     219.655     429.322     8.71154     46.2371    0.258968    0.459724    0.603645    0.634429     2457.23     1.6e+19     5.72607     4.59375      4.3463     4.38297
      18200           0     4.29701     179.311     385.411         1.9     234.556     228.365      462.92     8.70931     45.5386    0.258968    0.459667    0.603647    0.634429     2457.23     1.6e+19     5.72578     4.59351      4.3463     4.38312
      18100           0     4.29701     179.313     381.827         1.9     283.489     236.545     520.034      8.1805     44.6988    0.258968    0.459621     0.60365    0.634429     2457.23     1.6e+19     5.72553     4.59331     4.34632     4.38326
      18000           0     4.29701     179.315     378.476         1.9     327.874     245.284     573.157     8.73846     43.7603    0.258968    0.459583    0.603656    0.634429     2457.22     1.6e+19     5.72531     4.59314     4.34635     4.38339
      17900           0     4.29701     179.317     377.518         1.9     364.895     255.437     620.332     10.1532     42.7761    0.258968    0.459552    0.603664    0.634429     2457.22     1.6e+19     5.72512     4.59301     4.34639     4.38351
      17800           0     4.29701     179.319     378.036         1.9     399.999     266.448     666.447     11.0114     41.8646    0.258968    0.459527    0.603672    0.634429     2457.22     1.6e+19     5.72496     4.59291     4.34643     4.38363
      17700           0     4.29701      179.32     376.134         1.9     434.655     276.848     711.503     10.3997     41.0259    0.258968    0.459508    0.603681    0.634429     2457.21     1.6e+19     5.72482     4.59282     4.34647     4.38374
      17600           0     4.29701     179.322     372.913         1.9     458.422     291.251     749.673     14.4031     40.1347    0.258968    0.459494    0.603691    0.634429     2457.21     1.6e+19     5.72471     4.59276     4.34652     4.38384
      17500    0.204524     4.50153     179.323     372.986         1.9     466.156     305.313     771.468     14.0616     39.1537    0.258968    0.459483    0.603701    0.634429     2457.23     1.6e+19     5.72461     4.59272     4.34656     4.38394
      17400     0.32867      25.078     181.871     404.975         1.9      495.62     315.224     810.844      9.9111     32.6014    0.258968    0.457897    0.603208    0.634429     2460.59     1.6e+19      5.7152     4.58593     4.34416     4.37538
      17300    0.298341     57.9147     182.304     414.533         1.9     525.513     325.643     851.155      10.419     25.7217    0.258968     0.45588     0.59935    0.634429     2465.31     1.6e+19     5.71174     4.57732      4.3254     4.33348
      17200    0.341027     87.7915     182.185       420.2         1.9     562.783     340.543     903.325        14.9     21.3787    0.258968    0.459667    0.590296    0.634429     2469.65     1.6e+19     5.71399     4.56657     4.29033     4.26764
      17100    0.489636     122.043     181.937     423.585         1.9     619.217     357.235     976.453     16.6927     17.1488    0.258968    0.484658    0.584794    0.572861     2474.46     1.6e+19     5.71887     4.54979     4.24136     4.58803
      17000    0.409065     170.926     181.605     425.236         1.9     671.713     377.731     1049.44     20.4952     10.6026    0.258968    0.484658    0.546597    0.572861     2480.85     1.6e+19     5.72334     4.52677     4.58013     4.49085
      16900    0.310078     211.733     181.269     420.943         1.9     716.126     400.086     1116.21     22.3557     7.22048    0.258968    0.483732    0.569063    0.505823     2486.27     1.6e+19       5.725     4.49643     4.50373     4.78217
      16800    0.293977     242.725     181.079     412.727         1.9     759.524     424.198     1183.72     24.1115     6.34281    0.258968    0.484658    0.510164    0.505823      2490.5     1.6e+19     5.72204     4.45802     4.41894     4.67496
      16700    0.297449     272.126     181.063     403.292         1.9     804.086     451.025     1255.11     26.8274     5.38845    0.258968    0.438863    0.505823    0.434418     2494.45     1.6e+19      5.7135     4.41265     4.73255     4.97471
      16600    0.367024     301.941     181.183     392.688         1.9     845.744     482.992     1328.74     31.9671     3.82997    0.256725    0.412886     0.48175    0.434418     2498.37     1.6e+19     5.69926     4.76221     4.64446     4.87876
      16500    0.465783     338.742     181.365     393.175         1.9      891.76      509.98     1401.74     26.9882    0.458045    0.250143    0.412886    0.434418     0.36527        2503     1.6e+19     5.67995     4.70469     4.95992     5.18331
      16400    0.561948     385.417     181.515     400.944         1.9     952.013     542.433     1494.45     32.4529    -4.37869    0.241975    0.412886    0.427488     0.36527     2508.69     1.6e+19     5.65615     4.64226     4.87126     5.08208
      16300    0.630502      441.68     181.561     405.374         1.9     1021.69     573.388     1595.08     30.9548    -10.0193    0.232297     0.33798     0.36527    0.299483     2515.38     1.6e+19     5.62822     4.97815     5.18049     5.76991
      16200    0.570532      504.67     181.481     408.108         1.9     1095.88     611.353     1707.23     37.9645    -15.7699    0.221163     0.33798     0.36527    0.299483     2522.74     1.6e+19     5.59643     4.90956     5.08146     5.64458
      16100    0.463728     561.617     181.344     398.476         1.9     1165.21     653.746     1818.96     42.3933    -19.1353    0.208547     0.33798    0.299483    0.299483     2529.37     1.6e+19     5.56083     4.83675     5.77638     5.51461
      16000    0.439509     607.965     181.275     380.619         1.9     1223.07     696.175     1919.25     42.4286     -20.366    0.194423    0.269662    0.299483    0.177994     2534.68     1.6e+19     5.52151     5.16203     5.66434     6.19375
      15900    0.434409     651.911     181.311     371.343         1.9      1275.1     738.716     2013.82     42.5419     -21.878    0.178865    0.269662    0.299483    0.169181     2539.59     1.6e+19     5.47883      5.0827     5.55559     6.08126
      15800    0.469673     695.387     181.424      367.16         1.9     1329.53     779.652     2109.18     40.9357    -23.6247    0.162026    0.212023    0.299483    0.136374     2544.39     1.6e+19     5.43337     5.00137     5.45251     5.97708
      15700    0.482409     742.367     181.569     364.265         1.9     1384.09     821.593     2205.68     41.9405    -26.1916    0.149485    0.209552    0.177994    0.104548     2549.45     1.6e+19     6.18453     5.71631     6.15751     5.87954
      15600     0.48609     790.612     181.718     362.503         1.9     1439.63     862.635     2302.27     41.0422    -28.8643    0.149485    0.209552    0.177994   0.0777592     2554.57     1.6e+19     6.13012     5.63025     6.06193     6.58618
      15500    0.479591     839.214     181.865     359.958         1.9     1494.65       904.3     2398.95     41.6654    -31.3879    0.139848    0.209552    0.177994   0.0731522     2559.72     1.6e+19     6.07364     5.54446     5.96794     6.48863
      15400    0.536925     887.231     182.013     357.044         1.9     1554.06     946.292     2500.35     41.9922    -33.6347    0.124438    0.209552    0.177994   0.0557117     2564.76     1.6e+19     6.01661     5.45949      5.8761     6.39439
      15300    0.620328     941.006     182.129     355.829         1.9      1621.2      991.48     2612.68     45.1875    -36.9292    0.108648    0.113957   0.0777592   0.0380065     2570.38     1.6e+19     5.95931     6.17688     6.58822     6.30178
      15200    0.684603      1003.1     182.155     355.684         1.9        1689      1037.4      2726.4     45.9186    -41.4484   0.0925552    0.113957   0.0777592   0.0187777     2576.83     1.6e+19     5.90209     6.09281     6.49787     6.20772
      15100    0.806355     1071.69     182.056     362.263         1.9     1765.91     1084.12     2850.03     46.7169    -46.3773   0.0761884    0.113957   0.0777592    0.011499     2583.99     1.6e+19     5.84508     6.00904      6.4043     6.70217
      15000    0.914247     1152.43     181.787     373.409         1.9     1857.27     1131.63      2988.9     47.5157    -52.3466   0.0630091    0.113957   0.0777592  0.00505555     2592.51     1.6e+19     6.58696     5.92565     6.30689     6.58715
      14900     1.00219     1243.94     181.302     381.859         1.9     1959.59     1178.98     3138.56     47.3447    -58.6371   0.0630091    0.113957   0.0266766           0     2602.25     1.6e+19     6.52338     5.84224     6.20439       6.501
      14800    0.967969     1344.13     180.597     388.943         1.9     2073.47     1227.66     3301.13     48.6822    -64.8248   0.0544571   0.0493614   0.0178703           0     2612.91     1.6e+19     6.45777     6.55766     6.69036       6.501
      14700    0.209836     1440.17     179.696     379.041         1.9     2179.51     1276.96     3456.46      49.298    -68.7798   0.0440001   0.0493614   0.0178703           0     2623.07     1.6e+19     6.39041     6.46851      6.5678       6.501
      14600    0.211687     1461.15     171.465     306.947         1.9     2241.42     1341.33     3582.75     64.3746    -58.5934           0   0.0493614   0.0178703           0     2621.97     1.6e+19       6.501     6.57611     6.60338       6.501
      14500    0.170766     1482.28     168.985     278.884         1.9     2285.75     1411.69     3697.45     70.3621    -55.5549           0    0.113957   0.0178703           0     2620.68     1.6e+19       6.501     5.91444     6.66459       6.501
      14400    0.134374     1499.32     168.672     261.535         1.9     2321.69     1484.37     3806.07     72.6822    -54.7636           0    0.113957   0.0178703           0     2618.77     1.6e+19       6.501     5.97057     6.67521       6.501
      14300    0.126164     1512.75     169.089     246.505         1.9     2353.91     1554.44     3908.35     70.0607     -54.825           0    0.113957   0.0178703           0     2616.29     1.6e+19       6.501     5.95383     6.66033       6.501
      14200    0.117734     1525.36     169.753     233.696         1.9     2378.75     1623.23     4001.99     68.7994    -55.6745           0    0.113957   0.0178703           0     2613.61     1.6e+19       6.501     5.89439     6.64208       6.501
      14100    0.136651     1537.15     170.501     226.959         1.9     2402.84     1691.07     4093.91      67.832    -56.8287           0   0.0997035   0.0178703           0     2610.74     1.6e+19       6.501     5.81791     6.63022       6.501
      14000   0.0624876     1550.74     171.268       223.9         1.9     2417.64     1756.78     4174.42     65.7169    -58.3932           0   0.0493614   0.0178703           0     2607.91     1.6e+19       6.501     6.54565     6.62756       6.501
      13900   0.0211156     1556.95     172.104     218.616         1.9     2426.94     1825.25     4252.19     68.4659    -58.3757           0   0.0493614   0.0178703   0.0178703     2604.17     1.6e+19       6.501     6.47749     6.63425     6.53432
      13800   0.0875162     1559.12      173.05     212.468         1.9     2444.71     1890.71     4335.42     65.4649    -57.8935           0   0.0493614   0.0178703   0.0178703     2599.95     1.6e+19       6.501     6.41898     6.65024     6.60116
      13700           0     1567.79     174.006     207.952         1.9     2446.34     1958.06      4404.4     67.3438    -59.1243           0   0.0493614   0.0178703   0.0178703     2596.42     1.6e+19       6.501     6.37226     6.67517     6.66943
      13600    0.080967     1567.87     175.009     204.403         1.9     2455.07     2024.25     4479.33     66.1961    -58.6515           0   0.0493614   0.0178703   0.0178703     2591.88     1.6e+19       6.501     6.33769     6.70731     6.74037
      13500    0.107908     1575.99     176.015     208.092         1.9     2463.92     2084.07     4547.99     59.8153    -60.0184           0   0.0493614   0.0178703    0.047323     2588.24     1.6e+19       6.501     6.31473     6.74626     6.21129
      13400    0.048813     1586.72     176.954     215.986         1.9     2474.81     2146.16     4620.97     62.0858    -61.3753           0   0.0493614   0.0178703   0.0777592     2584.98     1.6e+19       6.501     6.30241     6.78784     6.26713
      13300    0.318689     1591.88     177.909     212.508         1.9     2484.59     2205.11     4689.69     58.9512    -61.1292           0   0.0493614   0.0777592   0.0777592     2581.11     1.6e+19       6.501     6.29936     6.22494      6.3243
      13200    0.350318     1623.78     180.898     234.487         1.9     2512.72     2264.12     4776.85     59.0168    -66.3823           0   0.0493614   0.0777592   0.0777592     2583.43     1.6e+19       6.501     6.27033     6.24225     6.33302
      13100    0.402279     1658.86     182.416     241.383         1.9     2547.16     2317.57     4864.73     53.4494    -70.0907           0   0.0493614   0.0777592   0.0777592     2586.28     1.6e+19       6.501     6.25084     6.25209     6.31921
      13000    0.324285     1699.01     183.389     247.207         1.9     2573.49     2372.67     4946.16     55.0969    -73.5242           0    0.047688   0.0777592   0.0777592     2589.81     1.6e+19       6.501     6.22466     6.24101     6.28632
      12900    0.474564     1731.59     184.002     253.518         1.9     2614.99     2427.38     5042.37     54.7055    -74.3972           0   0.0103713   0.0473873   0.0777592     2592.53     1.6e+19       6.501     6.79318     6.21398     6.24098
      12800    0.512493     1779.08      184.24     259.825         1.9     2664.68     2484.02     5148.69     56.6415    -77.7282           0   0.0091413   0.0178703   0.0178703     2596.93     1.6e+19       6.501     6.75684     6.77816     6.78501
      12700    0.424798     1830.24     184.252     261.549         1.9      2708.5     2542.37     5250.87     58.3508    -80.8817           0  0.00782743   0.0178703   0.0178703     2601.74     1.6e+19       6.501     6.71851     6.73113     6.71367
      12600    0.238971     1872.54     184.307     260.212         1.9     2732.92     2603.21     5336.13     60.8434     -81.732           0  0.00639719   0.0178703   0.0178703     2605.57     1.6e+19       6.501     6.67733     6.67415      6.6355
      12500    0.263234     1896.46     184.519     259.714         1.9      2759.5     2665.68     5425.18     62.4687    -79.0817           0  0.00485915   0.0178703   0.0178703     2607.32     1.6e+19       6.501      6.6337     6.61289     6.56425
      12400    0.226623     1922.75     184.881     259.445         1.9     2783.72      2726.9     5510.62     61.2195    -77.6748           0  0.00324565   0.0178703   0.0019815     2609.35     1.6e+19       6.501     6.58861     6.55369     6.50234
      12300    0.324099     1945.51     185.337     257.808         1.9     2818.59     2788.35     5606.94     61.4489    -76.1348           0  0.00627541           0           0     2610.97     1.6e+19       6.501     6.54301       6.501       6.501
      12200    0.483182     1978.08     185.812     255.083         1.9     2867.53     2851.84     5719.37     63.4909    -77.1668           0           0           0           0     2613.71     1.6e+19       6.501       6.501       6.501       6.501
      12100    0.581865     2026.49     186.166      253.91         1.9     2925.14     2918.11     5843.26     66.2755    -81.3966           0           0           0           0     2618.27     1.6e+19       6.501       6.501       6.501       6.501
      12000    0.679759     2084.78     186.334     253.571         1.9     2991.19     2981.88     5973.07     63.7631    -86.8584           0           0           0           0     2623.98     1.6e+19       6.501       6.501       6.501       6.501
      11900    0.734559     2152.81     186.302      254.16         1.9     3061.76     3050.13     6111.89     68.2518    -93.1796           0           0           0           0      2630.8     1.6e+19       6.501       6.501       6.501       6.501
      11800    0.873694      2226.4     186.085     255.415         1.9     3138.07     3119.08     6257.15     68.9554    -99.3132           0           0           0           0     2638.27     1.6e+19       6.501       6.501       6.501       6.501
      11700    0.405322      2313.3     185.658     265.032         1.9     3227.35     3190.01     6417.36     70.9237    -106.529           0           0           0           0     2647.26     1.6e+19       6.501       6.501       6.501       6.501
      11600    0.324863     2353.76      174.71     238.273         1.9     3296.51     3272.66     6569.17     82.6539    -103.153           0           0           0           0     2648.24     1.6e+19       6.501       6.501       6.501       6.501
      11500    0.220788     2386.14     171.233     218.278         1.9     3355.35      3367.2     6722.55     94.5337     -101.95           0   0.0112863           0           0     2648.06     1.6e+19       6.501     6.55805       6.501       6.501
      11400    0.222197     2408.22     170.568     191.899         1.9      3400.3     3464.58     6864.88      97.384    -101.221           0   0.0112863           0           0     2646.51     1.6e+19       6.501     6.65191       6.501       6.501
      11300    0.221731     2430.44     170.821     179.524         1.9     3437.72     3559.24     6996.95     94.6563    -102.291           0   0.0112863           0           0     2644.84     1.6e+19       6.501       6.678       6.501       6.501
      11200    0.159355     2452.55     171.338     174.538         1.9     3469.61     3652.75     7122.36     93.5118    -103.848           0   0.0112863           0           0     2643.04     1.6e+19       6.501      6.6604       6.501       6.501
      11100  0.00161284     2468.33     171.977     165.644         1.9     3480.06     3745.67     7225.73     92.9226    -104.339           0   0.0112863           0           0     2640.42     1.6e+19       6.501     6.62102       6.501       6.501
      11000           0     2468.49     172.821      155.32         1.9     3480.78     3837.65     7318.43     91.9795    -102.429           0   0.0112863           0           0     2635.94     1.6e+19       6.501     6.57463       6.501       6.501
      10900   0.0455322     2468.53     173.826     149.637         1.9     3490.55     3931.42     7421.97      93.774    -101.486           0   0.0112863           0           0     2631.38     1.6e+19       6.501     6.53012       6.501       6.501
      10800    0.118536     2473.16     174.855     146.335         1.9      3511.8     4022.12     7533.92     90.6946    -101.952           0           0           0           0     2627.29     1.6e+19       6.501       6.501       6.501       6.501
      10700    0.101388     2484.99     175.814     141.851         1.9        3531     4112.53     7643.53     90.4114    -103.928           0           0           0           0     2623.98     1.6e+19       6.501       6.501       6.501       6.501
      10600    0.082037     2495.11     176.729     136.911         1.9     3545.49      4202.7     7748.19     90.1708     -105.46           0           0           0           0     2620.43     1.6e+19       6.501       6.501       6.501       6.501
      10500     0.08628     2503.32     177.664     133.948         1.9     3559.48     4292.54     7852.02     89.8358    -106.628           0           0           0           0     2616.64     1.6e+19       6.501       6.501       6.501       6.501
      10400   0.0851259     2511.95     178.619     132.072         1.9     3572.66     4380.12     7952.77     87.5808    -107.879           0           0           0   0.0136785     2612.89     1.6e+19       6.501       6.501       6.501     6.51545
      10300    0.130229     2520.51     179.585     130.849         1.9     3592.31     4465.43     8057.74     85.3151    -109.065           0           0           0   0.0178703     2609.13     1.6e+19       6.501       6.501       6.501     6.57137
      10200    0.114683     2533.51     180.519     129.438         1.9     3610.87     4550.61     8161.49     85.1807    -111.017           0           0           0   0.0178703     2605.88     1.6e+19       6.501       6.501       6.501     6.62652
      10100           0     2544.87     181.434      126.89         1.9     3612.95     4632.88     8245.83     82.2664    -112.454           0           0    0.013245   0.0178703     2602.43     1.6e+19       6.501       6.501     6.51828     6.68055
      10000   0.0395178     2544.91     182.456      124.12         1.9     3621.37     4714.42     8335.79     81.5436     -111.75           0           0   0.0178703   0.0178703      2597.7     1.6e+19       6.501       6.501     6.56072     6.73911
       9900    0.114434     2548.93     183.555     121.173         1.9     3640.41     4795.17     8435.57     80.7455    -112.278           0   0.0092342   0.0178703   0.0252733     2593.42     1.6e+19       6.501     6.51909     6.60765     6.20243
       9800    0.103146     2560.36     184.591     117.952         1.9     3657.99     4874.32     8532.31     79.1525    -114.389           0   0.0112863   0.0178703   0.0777592     2590.11     1.6e+19       6.501     6.54684      6.6564     6.25211
       9700     0.15151     2570.73     185.573     114.565         1.9     3682.29     4951.94     8634.23     77.6148    -116.141           0   0.0112863   0.0178703   0.0777592     2586.68     1.6e+19       6.501     6.57836      6.7042     6.30021
       9600    0.152261     2585.88     186.498     111.006         1.9     3706.72     5028.07     8734.79     76.1331    -118.732           0   0.0112863   0.0178703   0.0777592      2583.8     1.6e+19       6.501     6.61294     6.75153     6.34675
       9500    0.123078     2601.08     187.374     107.327         1.9     3726.24     5102.77     8829.01     74.7012    -121.098           0   0.0112863   0.0178703   0.0777592     2580.93     1.6e+19       6.501     6.64992     6.79783     6.39089
       9400  0.00136484     2613.26     188.258     104.544         1.9     3728.51     5179.71     8908.23     76.9422    -122.734           0   0.0112863   0.0777592   0.0777592     2577.76     1.6e+19       6.501     6.68864     6.23489     6.43437
       9300  0.00842954     2613.41      189.27     102.432         1.9     3731.39     5254.24     8985.63     74.5295    -122.113           0   0.0112863   0.0777592   0.0777592     2573.26     1.6e+19       6.501     6.72841     6.27279     6.48275
       9200   0.0170568     2614.26       190.4     100.684         1.9     3735.24     5327.54     9062.78     73.2997    -122.098           0   0.0112863   0.0777592   0.0777592     2568.83     1.6e+19       6.501     6.76924     6.31615     6.53864
       9100   0.0768481     2616.02     191.566     99.1358         1.9     3747.12     5397.98     9145.09     70.4342    -122.556           0    0.028131   0.0777592   0.0777592     2564.51     1.6e+19       6.501     6.21037     6.36434     6.59903
       9000   0.0926589     2623.72     192.687     97.6571         1.9     3761.03     5464.59     9225.62      66.613    -124.287           0   0.0493614   0.0777592    0.177994     2561.08     1.6e+19       6.501      6.2459     6.41385      5.8417
       8900   0.0139793     2632.91     193.735     96.2562         1.9     3764.12      5531.5     9295.62     66.9151    -126.144           0   0.0493614   0.0777592    0.177994     2557.88     1.6e+19       6.501     6.28403       6.461     5.88229
       8800   0.0993288     2634.39     194.818     95.0491         1.9     3778.69     5597.21      9375.9     65.7069     -126.39           0   0.0493614   0.0777592    0.177994     2553.79     1.6e+19       6.501     6.32467     6.50784     5.92732
       8700    0.154499     2644.38     195.883     93.8643         1.9     3800.67     5661.73      9462.4     64.5169    -128.411           0   0.0493614   0.0777592    0.177994     2550.67     1.6e+19       6.501     6.36731     6.55615     5.97414
       8600    0.192142     2659.87     196.833     92.6354         1.9     3827.64     5725.45     9553.08     63.7171    -131.211           0   0.0493614   0.0937191    0.177994     2548.19     1.6e+19       6.501     6.41161     5.80389     6.01692
       8500    0.147854     2679.04     197.664     91.3809         1.9     3848.12     5788.48      9636.6     63.0357     -134.26           0   0.0493614    0.177994    0.177994     2546.25     1.6e+19       6.501     6.45694     5.83572     6.05249
       8400    0.175006     2693.85     198.455     90.7115         1.9     3871.86     5851.33     9723.19     62.8448    -136.019           0   0.0493614    0.177994    0.177994     2543.85     1.6e+19       6.501     6.50221     5.86695     6.08298
       8300   0.0905075     2711.27     199.228     90.3843         1.9     3883.99      5910.4     9794.38     59.0724     -138.05           0   0.0493614    0.177994    0.177994     2541.75     1.6e+19       6.501     6.54698     5.89933     6.11188
       8200    0.124676     2720.35     200.055     90.4118         1.9     3900.46     5969.22     9869.68     58.8199    -138.269           0   0.0493614    0.177994    0.177994     2538.69     1.6e+19       6.501      6.5911     5.93206     6.14346
       8100    0.102602      2732.8     200.925     90.6713         1.9     3913.79     6027.74     9941.53     58.5253     -139.22           0    0.113957    0.177994    0.177994     2536.06     1.6e+19       6.501      5.8264     5.96633     6.17853
       8000    0.163242     2743.12     201.801      91.133         1.9     3935.07     6085.67     10020.7     57.9245    -139.697           0    0.113957    0.177994    0.251057     2533.28     1.6e+19       6.501     5.85644     6.00157      5.4115
       7900   0.0958088     2759.38     202.626     91.7637         1.9     3947.11     6143.04     10090.2      57.374    -141.256           0    0.113957    0.177994    0.299483     2531.38     1.6e+19       6.501     5.88867     6.03382     5.42713
       7800    0.114157     2768.98      203.45     92.6334         1.9     3961.45     6199.29     10160.7     56.2504    -141.311           0    0.113957    0.177994    0.299483     2528.74     1.6e+19       6.501     5.92218     6.06288     5.44649
       7700    0.132074     2780.41     204.292     93.6883         1.9     3978.08      6255.4     10233.5     56.1076    -141.752           0    0.113957    0.177994    0.299483      2526.3     1.6e+19       6.501     5.95639     6.09238     5.47088
       7600    0.117286      2793.6     205.107     94.8928         1.9     3992.59     6310.39       10303     54.9928    -142.445           0    0.113957    0.177994    0.299483     2524.07     1.6e+19       6.501     5.99109     6.12301     5.49708
       7500   0.0706697     2805.28     205.911     96.2499         1.9     4001.78     6364.31     10366.1     53.9136    -142.705           0    0.113957    0.177994    0.299483     2521.67     1.6e+19       6.501     6.02618     6.15452     5.52488
       7400   0.0428286     2812.32     206.767     96.6314         1.9      4007.7     6417.09     10424.8     52.7825    -142.062           0    0.113957    0.177994    0.299483     2518.73     1.6e+19       6.501     6.06159     6.18742     5.55672
       7300   0.0308854     2816.59     207.704     96.5111         1.9     4012.27     6470.66     10482.9     53.5709    -141.104           0    0.113957    0.254438    0.299483     2515.52     1.6e+19       6.501     6.09739     5.41688     5.59396
       7200  0.00270141     2819.65     208.695     96.1196         1.9     4013.19     6524.96     10538.2     54.3046    -140.198           0    0.113957    0.299483    0.299483     2512.31     1.6e+19       6.501     6.13346     5.43921     5.63341
       7100           0     2819.92     209.736     95.5648         1.9     4013.45     6577.53       10591     52.5643    -139.037           0    0.113957    0.299483    0.299483      2508.8     1.6e+19       6.501     6.16981     5.46938     5.67579
       7000   0.0526654     2819.97     210.821     94.8711         1.9     4021.43     6624.31     10645.7     46.7789    -138.156           0    0.140033    0.299483    0.299483     2505.27     1.6e+19       6.501     5.40597     5.50581     5.72251
       6900   0.0515409     2825.24     211.874     93.9953         1.9     4029.36     6670.53     10699.9     46.2261    -138.495           0    0.209552    0.299483    0.299483     2502.44     1.6e+19       6.501     5.42828      5.5462     5.77017
       6800   0.0637876     2830.41     212.868     92.9958         1.9     4039.01     6720.57     10759.6     50.0319    -138.781           0    0.209552    0.299483    0.347764     2499.65     1.6e+19       6.501      5.4518     5.58784     5.01415
       6700   0.0660692     2836.79     213.823     91.9112         1.9     4048.99     6768.84     10817.8     48.2769    -139.278           0    0.209552    0.299483     0.36527     2497.12     1.6e+19       6.501     5.47987     5.62749     5.04633
       6600   0.0596394     2843.39     214.748     90.7845         1.9     4058.13     6813.49     10871.6     44.6522    -139.758           0    0.209552    0.299483     0.36527     2494.61     1.6e+19       6.501     5.51114     5.66541     5.07999
       6500   0.0824205     2849.37     215.663     89.6277         1.9     4070.01     6858.93     10928.9     45.4372     -140.08           0    0.209552    0.299483     0.36527     2492.04     1.6e+19       6.501     5.54464     5.70298     5.11502
       6400   0.0869387     2857.62     216.553      88.757         1.9     4082.31     6903.58     10985.9     44.6467    -140.816           0    0.209552    0.299483     0.36527     2489.72     1.6e+19       6.501     5.57972     5.74064     5.15019
       6300   0.0807991     2866.31     217.412     88.0433         1.9     4093.68     6949.12     11042.8     45.5378    -141.516           0    0.209552    0.299483     0.36527     2487.46     1.6e+19       6.501     5.61592     5.77808     5.18461
       6200   0.0213249     2874.33     218.262     87.4449         1.9     4096.93     6994.65     11091.6     45.5385    -141.979           0    0.209552     0.33187    0.419373     2485.16     1.6e+19       6.501     5.65287     5.01278       4.815
       6100    0.015747     2876.46     219.169     87.0336         1.9     4099.32     7040.14     11139.5     45.4815    -141.288           0    0.209552     0.36527    0.434418     2482.38     1.6e+19       6.501      5.6901     5.03722     4.83815
       6000   0.0978145     2878.11     220.136     86.7443         1.9     4112.65      7085.5     11198.2     45.3644    -140.716           0    0.209552     0.36527    0.434418     2479.57     1.6e+19       6.501     5.72718     5.06436     4.86669
       5900   0.0831831     2887.88     221.039     86.4132         1.9     4124.02     7128.16     11252.2     42.6608    -141.817           0    0.209552     0.36527    0.434418     2477.68     1.6e+19       6.501     5.76431     5.09469     4.89553
       5800   0.0364539     2896.15     221.871     86.0957         1.9     4129.08     7171.79     11300.9     43.6294    -142.398           0    0.213517     0.36527    0.434418     2475.62     1.6e+19       6.501     5.00152     5.12571     4.92287
       5700     0.11003     2899.87     222.731      85.879         1.9     4143.91     7214.96     11358.9      43.169     -142.02           0    0.269662     0.36527    0.434418      2473.1     1.6e+19       6.501     5.02897     5.15711     4.95277
       5600    0.320861     2911.08     223.548      85.628         1.9      4160.4     7257.56       11418      42.602    -143.156           0    0.269662     0.36527    0.434418     2471.47     1.6e+19       6.501     5.05496     5.18908     4.98254
       5500   0.0385966     2942.89     224.057      85.081         1.9     4166.57     7299.91     11466.5     42.3432    -147.831           0    0.269662    0.404277    0.434418     2472.23     1.6e+19       6.501      5.0832     4.81531     4.99874
       5400   0.0399951     2946.75     224.574     84.0073         1.9      4173.2     7341.76       11515     41.8512    -146.281           0    0.269662    0.434418    0.467614     2469.88     1.6e+19       6.501     5.11215     4.83031     4.60885
       5300   0.0950637      2950.8      225.29     82.6498         1.9     4187.33     7382.92     11570.2     41.1599    -145.242           0    0.269662    0.434418    0.505823     2467.65     1.6e+19       6.501     5.14066     4.84555     4.62034
       5200 0.000203166     2960.21     226.017     81.0037         1.9     4189.04      7426.7     11615.7     43.7828    -145.553           0    0.269662    0.434418    0.505823     2466.08     1.6e+19       6.501     5.16863     4.86291     4.63359
       5100    0.317298     2960.55     226.805     79.3042         1.9     4203.76     7469.09     11672.9      42.395    -144.238           0    0.269662    0.434418    0.505823     2463.47     1.6e+19       6.501     5.19628     4.88249      4.6534
       5000    0.311527     2992.28     227.341     77.0924         1.9     4224.39     7510.35     11734.7     41.2592    -149.169           0    0.320779    0.434418    0.505823     2464.49     1.6e+19       6.501     4.81795     4.90356     4.66546
       4900    0.321924     3023.44     227.523     74.6083         1.9     4245.91     7552.83     11798.7     42.4768    -152.936           0     0.33798    0.434418    0.505823     2465.51     1.6e+19       6.501     4.83292     4.91878     4.66185
       4800    0.328302     3055.64     227.535     72.0025         1.9     4262.63     7596.05     11858.7     43.2154     -156.17 0.000173506     0.33798    0.434418    0.505823     2466.65     1.6e+19     6.50302     4.84889     4.92627     4.64948
       4700    0.335218     3088.48     227.444     69.3258         1.9     4272.83      7640.1     11912.9     44.0557    -158.971 0.000879241     0.33798    0.434418    0.505823     2467.86     1.6e+19      6.5157      4.8647     4.92691     4.63149
       4600    0.324265     3121.99     227.285     66.6269         1.9     4291.28     7682.62     11973.9     42.5149    -161.482  0.00130743     0.33798    0.434418    0.476205     2469.14     1.6e+19     6.52389     4.87896     4.92213     4.61114
       4500    0.320749     3154.41     227.092     63.9156         1.9     4310.98     7724.62     12035.6     42.0079    -163.485  0.00150763     0.33798    0.434418    0.434418     2470.19     1.6e+19     6.52812     4.89084     4.91507     4.99782
       4400    0.337406      3186.5     226.891     61.6059         1.9     4330.82     7768.83     12099.7     44.2092    -165.252  0.00153452     0.33798    0.434418    0.434418     2471.18     1.6e+19     6.52916     4.90004     4.90761     4.98403
       4300    0.342451     3220.25     226.668     59.5002         1.9     4347.83     7813.67     12161.5     44.8324    -167.183   0.0014372     0.33798    0.434418    0.434418     2472.35     1.6e+19     6.52777     4.90658     4.89887     4.96761
       4200    0.349936      3254.5     226.414     57.5111         1.9     4368.87     7859.45     12228.3     45.7858    -169.034  0.00124525     0.33798    0.434418    0.434418     2473.57     1.6e+19     6.52443     4.91057     4.88838     4.94906
       4100    0.348692     3289.49     226.133     55.6158         1.9     4393.54     7905.02     12298.6     45.5668    -170.866 0.000976405     0.33798    0.434418    0.434418     2474.88     1.6e+19     6.51942     4.91213     4.87617     4.92898
       4000    0.363193     3324.37     225.833     53.7881         1.9     4418.22     7952.48     12370.7      47.467    -172.538 0.000643463     0.33798    0.434418    0.434418     2476.18     1.6e+19     6.51296      4.9114     4.86243     4.90802
       3900    0.377998     3360.71     225.507     51.9939         1.9     4445.31     8001.88     12447.2     49.3926    -174.362 0.000257552     0.33798    0.420312    0.434418     2477.64     1.6e+19     6.50525     4.90856     4.84838     4.88621
       3800    0.370401      3398.5     225.144     50.2092         1.9     4470.53     8050.18     12520.7     48.3062    -176.304           0     0.33798    0.403385    0.434418     2479.23     1.6e+19       6.501     4.90384     4.83513     4.86345
       3700    0.372611     3435.54     224.763     47.8033         1.9     4499.46     8098.75     12598.2     48.5621    -177.963           0     0.33798     0.38761    0.434418     2480.71     1.6e+19       6.501     4.89746     4.82159     4.84074
       3600     0.37485     3472.81     224.379     43.7579         1.9     4525.47     8147.57       12673     48.8206    -179.651           0     0.33798    0.372893    0.433011     2482.19     1.6e+19       6.501     4.88959     4.80772     4.81879
       3500     0.39148     3510.31     223.992     38.9878         1.9     4550.12     8198.57     12748.7     51.0077    -181.443           0     0.33798     0.36527    0.377876     2483.61     1.6e+19       6.501      4.8804     5.19384     4.80349
       3400    0.387482     3549.45     223.588      33.936         1.9      4570.2     8248.99     12819.2     50.4122    -183.605           0     0.33798     0.36527     0.36527     2485.14     1.6e+19       6.501     4.87008      5.1802     5.19191
       3300    0.393506     3588.21     223.173     28.6158         1.9     4580.32     8300.16     12880.5     51.1773    -185.732           0     0.33798     0.36527     0.36527     2486.62     1.6e+19       6.501     4.85878     5.16612     5.17722
       3200    0.399619     3627.56     222.753     23.6802         1.9     4591.11     8352.11     12943.2     51.9465    -188.035           0     0.33798     0.36527     0.36527     2488.17     1.6e+19       6.501     4.84662     5.15098     5.16042
       3100    0.402863     3667.53     222.324     20.1564         1.9     4599.82     8404.44     13004.3      52.326    -190.436           0     0.33798     0.36527     0.36527     2489.79     1.6e+19       6.501     4.83363     5.13466     5.14183
       3000    0.406167     3707.82     221.884      17.152         1.9     4611.09     8457.15     13068.2     52.7161    -192.822           0    0.328758    0.359634     0.36527     2491.44     1.6e+19       6.501      4.8201     5.11743     5.12181
       2900    0.416569     3748.45     221.437     14.5218         1.9     4622.36     8511.22     13133.6     54.0628    -195.182           0    0.300554    0.348891     0.36527     2493.08     1.6e+19       6.501     4.81026     5.10057     5.10097
       2800    0.418855      3790.1     220.984     12.1464         1.9     4633.59     8565.53     13199.1     54.3164    -197.624           0    0.279006    0.338985     0.36527     2494.79     1.6e+19       6.501     4.80304     5.08376     5.07944
       2700    0.449488     3832.02     220.527     9.76304         1.9      4637.4      8623.9     13261.3     58.3728    -199.991           0    0.269662    0.329712     0.36527     2496.48     1.6e+19       6.501     5.19618      5.0667     5.05737
       2600    0.416437     3876.94     220.044     6.99038         1.9     4643.24     8677.76       13321     53.8565    -202.767           0    0.269662    0.320897     0.36527      2498.5     1.6e+19       6.501     5.18653      5.0491     5.03379
       2500    0.450106     3918.61     219.565     4.13667         1.9      4649.3      8736.1     13385.4     58.3353    -204.841           0    0.269662    0.320052    0.337825     2500.12     1.6e+19       6.501     5.17447     5.03041     5.01123
       2400    0.452137     3963.63     219.079     1.23445         1.9     4656.83     8794.62     13451.4     58.5208    -207.476           0    0.269662    0.313907    0.299483     2502.03     1.6e+19       6.501     5.16054     5.01183     5.79593
       2300    0.453083     4008.84     218.569    -1.71136         1.9     4661.85      8853.2     13515.1     58.5806    -210.024           0    0.269662    0.299483    0.299483     2503.91     1.6e+19       6.501     5.14518     5.79575     5.77829
       2200    0.454016     4054.15     218.055    -4.50237         1.9     4663.86     8911.84     13575.7     58.6445    -212.496           0    0.269662    0.299483    0.299483     2505.79     1.6e+19       6.501     5.12879     5.77778     5.75824
       2100    0.459054     4099.56     217.543    -6.84976         1.9     4668.53      8971.1     13639.6     59.2572    -214.895           0    0.269662    0.299483    0.299483     2507.68     1.6e+19       6.501     5.11152     5.75796     5.73652
       2000    0.464168     4145.47     217.027    -9.01069         1.9     4672.62     9030.97     13703.6     59.8725    -217.288           0    0.269662    0.299483    0.299483     2509.63     1.6e+19       6.501     5.09342     5.73679     5.71341
       1900     0.47337     4191.89     216.504    -11.0301         1.9     4675.47        9092     13767.5     61.0293    -219.668           0    0.269662    0.299483    0.299483     2511.64     1.6e+19       6.501     5.07456     5.71449     5.68902
       1800    0.479017     4239.24     215.966    -12.9459         1.9     4678.89      9153.7     13832.6     61.7008    -222.092           0    0.269662    0.299483    0.299483     2513.75     1.6e+19       6.501     5.05499     5.69115     5.66327
       1700    0.490993     4287.15     215.411    -14.8876         1.9      4683.2     9216.92     13900.1     63.2159    -224.486           0    0.269662    0.299483    0.299483     2515.93     1.6e+19       6.501     5.03475     5.66679     5.63617
       1600    0.508425     4336.27     214.834     -17.044         1.9     4684.27     9282.37     13966.6     65.4536    -226.961           0     0.24924    0.287665    0.299483     2518.23     1.6e+19       6.501     5.01476     5.64235     5.60772
       1500    0.500673      4387.1     214.228    -19.2821         1.9     4684.43     9346.69     14031.1     64.3175    -229.584           0    0.211488    0.276054    0.299483     2520.66     1.6e+19       6.501     5.00071     5.61805     5.57777
       1400    0.493825     4437.16     213.617    -21.5636         1.9     4684.62     9410.02     14094.6     63.3332    -231.929           0    0.209552     0.26453    0.299483     2522.94     1.6e+19       6.501      5.7866     5.59344     5.54722
       1300    0.504632     4486.55     213.025    -23.8562         1.9     4688.69     9474.73     14163.4     64.7113    -234.084           0    0.209552    0.253145    0.299483     2525.14     1.6e+19       6.501     5.76929     5.56874     5.51739
       1200    0.515497     4537.03     212.438    -25.8413         1.9     4704.97     9540.81     14245.8     66.0751    -236.366           0    0.209552    0.241946    0.299483     2527.43     1.6e+19       6.501     5.74969     5.54413     5.48809
       1100    0.525944     4588.59     211.839    -27.0235         1.9     4718.56     9608.18     14326.7     67.3708    -238.708           0    0.209552    0.230829    0.299483     2529.83     1.6e+19       6.501      5.7284     5.51943     5.45859
       1000    0.535535     4641.19     211.221     -27.856         1.9     4730.41     9676.72     14407.1     68.5444     -241.05           0    0.209552     0.21966    0.299483     2532.34     1.6e+19       6.501     5.70581      5.4944     5.42852
        900    0.540363     4694.75      210.58    -28.3068         1.9     4743.03     9745.79     14488.8     69.0695    -243.352           0    0.209552    0.274602    0.203524      2534.9     1.6e+19       6.501     5.68217     5.46516     5.40401
        800    0.573652     4748.82     209.918    -28.4706         1.9     4757.21     9819.19     14576.4     73.4017    -245.529           0    0.209552    0.264675    0.177994      2537.4     1.6e+19       6.501     5.65738     5.43598     6.18693
        700    0.585549      4806.2     209.217    -28.3166         1.9     4769.51     9894.04     14663.6     74.8492    -248.012           0    0.209552    0.221355    0.177994     2540.23     1.6e+19       6.501     5.63171     5.41435     6.16287
        600    0.570345     4864.74     208.483    -27.6822         1.9     4791.99     9966.74     14758.7     72.6918    -250.362           0    0.209552    0.177994    0.177994      2543.1     1.6e+19       6.501     5.60562     6.19623     6.13485
        500    0.572478     4921.77     207.758     -26.726         1.9     4815.22     10039.6     14854.8     72.8841    -252.176           0    0.209552    0.177994    0.177994     2545.78     1.6e+19       6.501     5.57931     6.17298     6.10566
        400    0.594212     4979.04     207.053    -25.4189         1.9      4851.1     10115.3     14966.4     75.6748    -253.816           0    0.209552    0.177994    0.177994     2548.48     1.6e+19       6.501     5.55258     6.14565     6.07552
        300    0.563025     5038.43     206.335    -23.8551         1.9     4876.48     10186.7     15063.2     71.3913    -255.571           0    0.209552    0.177994    0.177994     2551.43     1.6e+19       6.501     5.52525     6.11594     6.04333
        200    0.565616     5094.74     205.633    -21.7208         1.9     4908.81     10258.3     15167.2     71.6599    -256.599           0    0.209552    0.171303    0.177994     2554.02     1.6e+19       6.501     5.49727     6.08491     6.01052
        100           0     5150.74     204.958    -18.5855         1.9     4926.32     10334.8     15261.2     76.4968    -257.416           0    0.209552    0.161651    0.177994     2556.56     1.6e+19       6.501     5.46869     6.05442     5.97853
          0           0     5150.74     204.849    -14.2551         1.9     4930.15     10411.4     15341.6     76.6065    -249.617           0    0.209552    0.153397    0.177994     2552.67     1.6e+19       6.501     5.43982     6.02857     5.97251