     20000          0          0    179.437    415.631          2     17.399    14.2831     31.682    14.2831    51.8336   0.258968   0.460851   0.605054   0.634429    2456.76    1.6e+19    5.73044    4.59858    4.35318    4.39114
     19900          0          0    179.437     414.68          2    28.2793    29.7361    58.0154    15.4531    51.7019   0.258968   0.460851   0.605054   0.634429    2456.76    1.6e+19    5.73044    4.59858    4.35318    4.39114
     19800          0          0    179.437    414.027          2    44.2321    46.3592    90.5912    16.6231    51.5707   0.258968   0.460851   0.605054   0.634429    2456.76    1.6e+19    5.73044    4.59858    4.35318    4.39114
     19700          0          0    179.437    413.765          2    53.1471    60.5222    113.669    14.1631    51.4563   0.258968   0.460851   0.605054   0.634429    2456.76    1.6e+19    5.73044    4.59858    4.35318    4.39114
     19600  0.0414251  0.0414251    179.437    413.802          2    62.7691    72.5053    135.274    11.9831    51.3637   0.258968   0.460851   0.605054   0.634429    2456.77    1.6e+19    5.73044    4.59858    4.35318    4.39114
     19500          0    4.14251     179.39    411.961          2     64.888    82.0656    146.954    9.56035    50.3308   0.258968   0.460849   0.604977   0.634429    2457.26    1.6e+19    5.73044    4.59858     4.3528    4.38872
     19400          0    4.14251    179.333    409.084          2    76.3439    94.2523    170.596    12.1867    50.4066   0.258968   0.460828   0.604684   0.634429    2457.26    1.6e+19    5.73036    4.59848    4.35137    4.38552
     19300          0    4.14251    179.306    406.459          2    86.1853    106.496    192.681    12.2437    50.3129   0.258968   0.460764   0.604369   0.634429    2457.26    1.6e+19    5.73014    4.59821    4.34983    4.38374
     19200          0    4.14251    179.293    403.845          2      87.54    118.784    206.324    12.2875    50.0858   0.258968   0.460661   0.604114   0.634429    2457.26    1.6e+19    5.72978    4.59776    4.34858    4.38273
     19100 0.00159497     4.1441    179.286    402.957          2    87.6974    130.588    218.285    11.8042     49.771   0.258968    0.46053   0.603926   0.634429    2457.26    1.6e+19    5.72933     4.5972    4.34766    4.38217
     19000          0    4.30201    179.281    403.104          2    88.5009    143.207    231.708    12.6189    49.4278   0.258968   0.460387    0.60379   0.634429    2457.28    1.6e+19    5.72883    4.59659      4.347     4.3818
     18900          0    4.30201    179.279    401.433          2    90.3342    156.638    246.972    13.4314    49.1435   0.258968   0.460244   0.603687   0.634429    2457.27    1.6e+19    5.72831    4.59598     4.3465    4.38158
     18800          0    4.30201    179.279    398.756          2    99.8185     167.33    267.148    10.6915    48.7816   0.258968   0.460106   0.603613   0.634429    2457.27    1.6e+19    5.72778    4.59539    4.34614    4.38153
     18700          0    4.30201     179.28    396.906          2    120.893     179.32    300.212    11.9902    48.3326   0.258968   0.459979   0.603563   0.634429    2457.27    1.6e+19    5.72728    4.59484    4.34589    4.38158
     18600          0    4.30201    179.282    395.457          2    155.245    193.938    349.183    14.6181    47.8455   0.258968   0.459864   0.603531   0.634429    2457.27    1.6e+19     5.7268    4.59435    4.34574    4.38168
     18500          0    4.30201    179.284    394.066          2     197.12    202.774    399.893    8.83571    47.3363   0.258968   0.459764   0.603512   0.634429    2457.26    1.6e+19    5.72636    4.59392    4.34564    4.38182
     18400          0    4.30201    179.287    392.736          2    205.734    211.157    416.891    8.38315    46.8087   0.258968   0.459677   0.603502   0.634429    2457.26    1.6e+19    5.72596    4.59355     4.3456    4.38197
     18300          0    4.30201    179.289    389.628          2    209.632    219.887    429.519    8.73056     46.237   0.258968   0.459603   0.603499   0.634429    2457.26    1.6e+19     5.7256    4.59323    4.34558    4.38213
     18200          0    4.30201    179.292    385.422          2     234.51    228.615    463.125    8.72802    45.5385   0.258968   0.459541     0.6035   0.634429    2457.25    1.6e+19    5.72528    4.59296    4.34558    4.38229
     18100          0    4.30201    179.294    381.837          2    283.433    236.814    520.247    8.19891    44.6987   0.258968    0.45949   0.603504   0.634429    2457.25    1.6e+19      5.725    4.59274    4.34561    4.38244
     18000          0    4.30201    179.297    378.486          2    327.807    245.571    573.378     8.7566    43.7601   0.258968   0.459448   0.603511   0.634429    2457.25    1.6e+19    5.72476    4.59256    4.34564    4.38259
     17900          0    4.30201    179.299    377.529          2    364.819    255.742    620.561    10.1711    42.7759   0.258968   0.459414   0.603519   0.634429    2457.24    1.6e+19    5.72455    4.59242    4.34568    4.38273
     17800          0    4.30201    179.301    378.047          2    399.912    266.771    666.683     11.029    41.8643   0.258968   0.459387   0.603528   0.634429    2457.24    1.6e+19    5.72437     4.5923    4.34572    4.38285
     17700          0    4.30201    179.303    376.144          2    434.558    277.188    711.746    10.4171    41.0256   0.258968   0.459366   0.603538   0.634429    2457.24    1.6e+19    5.72422    4.59221    4.34577    4.38297
     17600          0    4.30201    179.305    372.923          2    458.315    291.608    749.923    14.4203    40.1344   0.258968    0.45935   0.603549   0.634429    2457.23    1.6e+19     5.7241    4.59215    4.34582    4.38309
     17500   0.204608    4.50661    179.306    372.996          2    466.039    305.687    771.726    14.0786    39.1534   0.258968   0.459338   0.603559   0.634429    2457.25    1.6e+19    5.72399     4.5921    4.34587    4.38319
     17400   0.328885    25.0917    181.835     404.99          2    495.519    315.634    811.153    9.94712    32.6001   0.258968   0.457748   0.603029   0.634429    2460.73    1.6e+19    5.71457    4.58529    4.34329    4.37349
     17300   0.298827    57.9501    182.212    414.566          2    525.445    326.145     851.59    10.5114    25.7213   0.258968    0.45572   0.598968   0.634429    2465.65    1.6e+19    5.71108    4.57664    4.32355    4.32821
     17200   0.341854    87.8758    182.009    420.263          2    562.778    341.222        904    15.0763    21.3796   0.258968   0.465381   0.588606   0.634429    2470.19    1.6e+19     5.7132    4.56565    4.28639     4.2575
     17100   0.490895     122.21    181.659    423.689          2    619.317    358.193     977.51    16.9712    17.1497   0.258968   0.484658   0.583207   0.572861     2475.2    1.6e+19    5.71777    4.54832    4.23433    4.57252
     17000   0.410902     171.22    181.197    425.397          2    671.974    379.096    1051.07    20.9032    10.6017   0.258968   0.484658   0.544185   0.572861     2481.9    1.6e+19    5.72169    4.52453    4.56914    4.46781
     16900   0.312514    212.212    180.713    421.168          2    716.613    402.008    1118.62    22.9123    7.21308   0.258968   0.484658   0.569777   0.505823    2487.57    1.6e+19    5.72246    4.49298    4.48695    4.75132
     16800   0.296977    243.447    180.377    413.019          2    760.301    426.822    1187.12    24.8135    6.32173   0.258968   0.484658   0.481771   0.505823       2492    1.6e+19     5.7182    4.45283    4.79823    4.63591
     16700   0.300989    273.149    180.224    403.649          2     805.22    454.488    1259.71    27.6656    5.34588   0.258968    0.42477   0.505823   0.434418    2496.14    1.6e+19    5.70798    4.40577    4.70455    4.92929
     16600   0.371157    303.318    180.214    393.105          2    847.295    487.424    1334.72    32.9361     3.7596   0.254183   0.412886   0.433371   0.434418    2500.27    1.6e+19    5.69179     4.7523    4.61259    4.82613
     16500    0.47057    340.533    180.262    393.671          2    893.806    515.515    1409.32    28.0911    0.35451   0.246842   0.412886   0.434418    0.36527    2505.12    1.6e+19    5.67031    4.69166    4.92117    5.12517
     16400   0.567443    387.687    180.263    401.531          2    954.647    549.219    1503.87    33.7047   -4.51715   0.237804    0.39086    0.39387   0.353922    2511.14    1.6e+19    5.64408    4.62603    4.82769    5.01596
     16300    0.63684    444.501    180.138    406.058          2       1025    581.598     1606.6    32.3784   -10.1926   0.227157    0.33798    0.36527   0.299483    2518.17    1.6e+19     5.6135    4.95861    5.13054    5.69453
     16200   0.577777    508.126    179.861    408.904          2    1099.99    621.182    1721.17    39.5843    -15.979   0.214951    0.33798   0.335208   0.299483    2525.98    1.6e+19    5.57884    4.88591    5.02467    5.55934
     16100   0.471857    565.797    179.515    399.361          2    1170.21    665.405    1835.61    44.2228   -19.3856   0.201131   0.288421   0.299483   0.249826       2533    1.6e+19    5.54011    4.80947    5.70986    5.42071
     16000   0.448503     612.96     179.24    381.575          2    1229.02    709.868    1938.89    44.4631   -20.6691   0.185662   0.269662   0.299483   0.171915    2538.58    1.6e+19     5.4974     5.1297    5.59062    6.09011
     15900   0.444226    657.806    179.081    372.394          2    1282.11    754.639    2036.75    44.7712   -22.2427   0.168613   0.269662   0.299483     0.1339    2543.83    1.6e+19    5.45106    5.04511    5.47536    5.96937
     15800   0.480254    702.265    179.007    368.304          2    1337.67    797.992    2135.66    43.3532   -24.0564   0.150146   0.209552   0.177994  0.0978445     2548.9    1.6e+19    5.40175    5.75784    6.16823    5.85942
     15700   0.493843    750.304    178.967    365.503          2    1393.47    842.535    2236.01    44.5428   -26.6915   0.149485   0.209552   0.177994  0.0777592     2554.3    1.6e+19    6.14519    5.66688    6.06218    6.55374
     15600   0.498397    799.692    178.927    363.842          2    1450.36    886.368    2336.72    43.8327   -29.4351   0.142999   0.209552   0.177994  0.0653238    2559.84    1.6e+19    6.08545     5.5753    5.95846    6.44595
     15500   0.492811    849.526    178.881    361.397          2    1506.81    931.017    2437.83    44.6493   -32.0317   0.126586   0.209552   0.177994   0.045702    2565.39    1.6e+19    6.02449    5.48401     5.8574    6.34166
     15400   0.550956    898.866    178.832    358.584          2    1567.76     976.19    2543.95    45.1729   -34.3549   0.109648   0.113957  0.0777592   0.026239    2570.79    1.6e+19    5.96291    6.19478    6.56032    6.24185
     15300    0.63517    954.046    178.749     357.48          2    1636.56    1024.76    2661.32    48.5674    -37.723  0.0922929   0.113957  0.0777592  0.0136078    2576.77    1.6e+19    5.90117    6.10394     6.4616    6.74082
     15200   0.700574    1017.63    178.564    357.453          2    1706.12    1074.27    2780.39    49.5095   -42.3099  0.0745895   0.113957  0.0777592 0.00765924    2583.74    1.6e+19    5.83957    6.01335    6.36242    6.63308
     15100   0.823507    1087.81    178.235    364.203          2    1784.97     1124.8    2909.78    50.5378   -47.3074  0.0630091   0.113957  0.0777592 0.00112643    2591.48    1.6e+19    6.57604    5.92342    6.26135    6.51919
     15000   0.932703    1170.27    177.712    375.556          2    1878.48     1176.4    3054.87    51.5902   -53.3395  0.0620339   0.113957  0.0178703          0    2600.66    1.6e+19    6.50756    5.83402    6.75606      6.501
     14900     1.0222    1263.63    176.948    384.219          2    1983.16    1228.09    3211.25    51.6982   -59.6887  0.0513662  0.0493614  0.0178703          0     2611.1    1.6e+19    6.43769    6.54346    6.64024      6.501
     14800   0.989526    1365.82    175.941    391.545          2    2099.64    1281.43    3381.08    53.3382    -65.936  0.0402235  0.0493614 0.00908318          0    2622.58    1.6e+19    6.36647     6.4491      6.516      6.501
     14700   0.226044       1464    174.724    381.773          2    2208.41     1335.7    3544.11    54.2708   -69.9612  0.0284906  0.0493614          0          0    2633.54    1.6e+19    6.29333     6.3525      6.501      6.501
     14600   0.228078    1486.61    166.362    309.789          2    2273.17    1405.18    3678.35    69.4775   -59.8478          0  0.0493614          0          0    2632.73    1.6e+19      6.501     6.4469      6.501      6.501
     14500   0.187344    1509.38    163.813    281.721          2    2320.34    1480.71    3801.05    75.5341   -56.9022          0  0.0493614          0          0    2631.68    1.6e+19      6.501     6.5869      6.501      6.501
     14400   0.150987    1528.08    163.399    264.337          2    2359.08    1558.67    3917.75     77.955   -56.2046          0   0.113957          0          0    2630.02    1.6e+19      6.501    5.83073      6.501      6.501
     14300    0.14261    1543.17    163.695    249.246          2    2394.04    1634.12    4028.16    75.4553   -56.3553          0  0.0562305          0          0    2627.78    1.6e+19      6.501    5.80248      6.501      6.501
     14200   0.134127    1557.42    164.232    236.375          2    2421.56    1708.44       4130    74.3203   -57.2834          0  0.0493614          0          0    2625.25    1.6e+19      6.501    6.53636      6.501      6.501
     14100   0.152894    1570.85     164.86    229.615          2     2448.3    1781.92    4230.22    73.4732   -58.5099          0  0.0493614          0          0    2622.52    1.6e+19      6.501    6.45089      6.501      6.501
     14000  0.0791096    1586.07    165.507    226.555          2    2465.75     1853.4    4319.15    71.4778   -60.1373          0  0.0493614          0          0    2619.93    1.6e+19      6.501    6.36391      6.501      6.501
     13900  0.0378697    1593.94    166.223    221.242          2    2477.68    1927.74    4405.42    74.3473   -60.1941          0  0.0493614          0          0     2616.4    1.6e+19      6.501    6.28463      6.501      6.501
     13800   0.103709    1597.79    167.054    215.057          2    2498.04     1999.2    4497.24    71.4612    -59.786          0  0.0395396          0          0    2612.32    1.6e+19      6.501    6.21721      6.501      6.501
     13700 0.00442308    1608.06    167.894    210.519          2    2502.24    2072.66     4574.9    73.4561   -61.0623          0  0.0112863          0          0    2608.93    1.6e+19      6.501    6.76609      6.501      6.501
     13600  0.0974265     1608.6    168.802    206.962          2    2513.53    2145.06    4658.59    72.4032   -60.4176          0  0.0112863          0          0    2604.32    1.6e+19      6.501     6.7266      6.501      6.501
     13500   0.124548    1618.37    169.715    210.714          2       2525    2211.18    4736.18    66.1146   -61.8864          0  0.0112863          0  0.0122114    2600.79    1.6e+19      6.501    6.69892      6.501    6.51644
     13400   0.065784    1630.76    170.549    218.702          2    2538.61    2279.67    4818.28    68.4913   -63.3305          0  0.0112863  0.0128161  0.0178703     2597.6    1.6e+19      6.501    6.68224    6.51645    6.57773
     13300   0.343884    1637.62    171.399    215.186          2    2551.06    2345.13    4896.19    65.4612   -63.1733          0  0.0112863  0.0178703  0.0178703    2593.75    1.6e+19      6.501    6.67523    6.55488    6.63882
     13200   0.376015    1672.04    174.255    237.193          2     2581.9    2410.79    4992.69    65.6597   -68.6273          0  0.0112863  0.0178703  0.0178703    2596.41    1.6e+19      6.501    6.63969    6.57421    6.64643
     13100   0.428215    1709.69    175.598     244.17          2    2619.12    2471.06    5090.18    60.2669   -72.4845          0  0.0112863  0.0178703  0.0178703    2599.63    1.6e+19      6.501    6.61553    6.58362    6.62943
     13000   0.351398    1752.44    176.381    250.056          2    2648.31    2533.16    5181.47    62.1051   -76.0336          0  0.0112863  0.0178703  0.0178703    2603.57    1.6e+19      6.501    6.58542    6.57017    6.59163
     12900   0.501511    1787.73    176.805     256.45          2    2692.74    2595.06     5287.8    61.9025   -77.0321          0  0.0112863  0.0178703  0.0178703    2606.69    1.6e+19      6.501    6.54914    6.53866    6.54036
     12800   0.539898    1837.92    176.854    262.853          2    2745.45    2659.09    5404.55    64.0285   -80.4398          0 0.00378231          0          0    2611.64    1.6e+19      6.501    6.50967      6.501      6.501
     12700   0.453468    1891.82    176.662    264.643          2    2792.37    2725.03     5517.4      65.94   -83.6573          0          0          0          0    2617.05    1.6e+19      6.501      6.501      6.501      6.501
     12600    0.26955    1936.98    176.508    263.363          2    2819.94    2793.68    5613.61    68.6424   -84.5961          0          0          0          0    2621.44    1.6e+19      6.501      6.501      6.501      6.501
     12500   0.294261    1963.96    176.519    262.932          2    2849.74    2864.14    5713.88    70.4685   -82.0846          0          0          0          0    2623.67    1.6e+19      6.501      6.501      6.501      6.501
     12400   0.258387    1993.35    176.687    262.723          2    2877.23    2933.56    5810.79    69.4131    -80.798          0          0          0          0     2626.2    1.6e+19      6.501      6.501      6.501      6.501
     12300   0.355687    2019.29    176.951    261.129          2    2915.43    3003.39    5918.83    69.8349   -79.3795          0          0          0          0    2628.32    1.6e+19      6.501      6.501      6.501      6.501
     12200   0.514391    2055.02    177.227    258.444          2    2967.73    3075.47     6043.2    72.0754   -80.4919          0          0          0          0    2631.64    1.6e+19      6.501      6.501      6.501      6.501
     12100   0.613293    2106.55    177.365    257.348          2    3028.78    3150.54    6179.32    75.0766    -84.753          0          0          0          0    2636.87    1.6e+19      6.501      6.501      6.501      6.501
     12000   0.711668    2167.98    177.296    257.106          2    3098.36    3223.35    6321.71    72.8018   -90.2285          0          0          0          0     2643.3    1.6e+19      6.501      6.501      6.501      6.501
     11900   0.767514     2239.2    177.006    257.827          2     3172.6    3300.89    6473.49    77.5476   -96.5529          0          0          0          0    2650.92    1.6e+19      6.501      6.501      6.501      6.501
     11800    0.90794     2316.1    176.516    259.242          2    3252.74    3379.42    6632.15     78.524   -102.699          0          0          0          0    2659.23    1.6e+19      6.501      6.501      6.501      6.501
     11700   0.429791    2406.41      175.8    269.176          2    3346.16     3460.2    6806.36    80.7821    -109.92          0          0          0          0    2669.16    1.6e+19      6.501      6.501      6.501      6.501
     11600   0.349889    2449.31    165.041    242.825          2    3419.87    3552.52     6972.4    92.3231   -106.511          0          0          0          0    2670.68    1.6e+19      6.501      6.501      6.501      6.501
     11500   0.246056     2484.2    161.621    222.707          2    3483.14    3656.67    7139.81    104.145   -105.351          0          0          0          0    2670.99    1.6e+19      6.501      6.501      6.501      6.501
     11400    0.24702     2508.8    160.871    196.062          2    3532.25    3763.75       7296    107.081   -104.686          0          0          0          0    2669.87    1.6e+19      6.501      6.501      6.501      6.501
     11300   0.246226     2533.5     160.97    183.596          2    3573.74    3868.26       7442    104.508   -105.806          0          0          0          0    2668.61    1.6e+19      6.501      6.501      6.501      6.501
     11200   0.183945    2558.06    161.303    178.555          2    3609.66     3971.8    7581.46    103.547    -107.41          0          0          0          0    2667.23    1.6e+19      6.501      6.501      6.501      6.501
     11100   0.027302     2576.3    161.754    169.522          2    3623.98    4074.95    7698.93    103.146   -107.964          0          0          0          0    2664.98    1.6e+19      6.501      6.501      6.501      6.501
     11000          0       2579     162.42     159.04          2    3628.43    4177.33    7805.75     102.38   -106.156          0          0          0          0    2660.79    1.6e+19      6.501      6.501      6.501      6.501
     10900  0.0701394    2579.07    163.278    153.304          2    3641.86    4281.65    7923.51    104.322   -104.839          0          0          0          0    2656.22    1.6e+19      6.501      6.501      6.501      6.501
     10800   0.141891    2586.16    164.157    149.959          2    3666.73    4383.04    8049.78    101.393   -105.466          0          0          0          0    2652.44    1.6e+19      6.501      6.501      6.501      6.501
     10700   0.124649    2600.33    164.939    145.409          2    3689.49    4484.33    8173.82    101.286   -107.535          0          0          0          0    2649.48    1.6e+19      6.501      6.501      6.501      6.501
     10600   0.105411    2612.78    165.668    140.407          2    3707.47    4585.56    8293.04    101.232   -109.149          0          0          0          0    2646.28    1.6e+19      6.501      6.501      6.501      6.501
     10500   0.109546    2623.32    166.415     137.42          2    3724.94    4686.65    8411.59    101.085   -110.391          0          0          0          0    2642.82    1.6e+19      6.501      6.501      6.501      6.501
     10400    0.10845    2634.28    167.181    135.534          2    3741.58    4785.67    8527.24    99.0188   -111.706          0          0          0          0    2639.39    1.6e+19      6.501      6.501      6.501      6.501
     10300   0.153022    2645.17    167.956    134.319          2     3764.7    4882.61    8647.31    96.9437    -112.95          0          0          0          0    2635.94    1.6e+19      6.501      6.501      6.501      6.501
     10200   0.137698    2660.45    168.696    132.915          2    3786.74    4979.61    8766.36    97.0038   -114.937          0          0          0          0       2633    1.6e+19      6.501      6.501      6.501      6.501
     10100  0.0197766    2674.11    169.415    130.362          2    3792.29     5073.9    8866.19    94.2852   -116.416          0          0          0          0    2629.85    1.6e+19      6.501      6.501      6.501      6.501
     10000  0.0633133    2676.13    170.255    127.574          2    3804.16    5167.64    8971.81    93.7448   -115.715          0          0          0          0    2625.29    1.6e+19      6.501      6.501      6.501      6.501
      9900   0.137059    2682.53    171.175    124.597          2    3826.62    5260.77    9087.39    93.1255   -116.318          0          0          0          0    2621.26    1.6e+19      6.501      6.501      6.501      6.501
      9800   0.125741    2696.23    172.024    121.342          2     3847.6    5352.49    9200.08    91.7193   -118.458          0          0          0          0    2618.09    1.6e+19      6.501      6.501      6.501      6.501
      9700   0.173233    2708.85     172.82    117.916          2    3875.25    5442.86    9318.11    90.3677   -120.245          0          0          0          0    2614.79    1.6e+19      6.501      6.501      6.501      6.501
      9600   0.173767    2726.17    173.562    114.316          2    3902.99    5531.93    9434.91    89.0692   -122.845          0          0          0          0    2612.06    1.6e+19      6.501      6.501      6.501      6.501
      9500   0.144869    2743.52    174.258    110.594          2    3925.77    5619.74    9545.51    87.8172   -125.223          0          0          0          0    2609.32    1.6e+19      6.501      6.501      6.501      6.501
      9400  0.0246287    2757.89    174.969    107.786          2    3931.29    5709.97    9641.27    90.2307   -126.888          0          0          0          0    2606.23    1.6e+19      6.501      6.501      6.501      6.501
      9300  0.0313871    2760.36    175.829     105.64          2    3937.38    5797.94    9735.32    87.9712   -126.349          0          0          0  0.0178703    2601.72    1.6e+19      6.501      6.501      6.501    6.53809
      9200  0.0397057     2763.5    176.817     103.86          2     3944.4    5884.83    9829.23    86.8834   -126.396          0          0          0  0.0178703     2597.3    1.6e+19      6.501      6.501      6.501    6.59038
      9100  0.0985229    2767.53     177.84    102.282          2    3959.42    5968.99    9928.41    84.1595   -126.902          0          0          0  0.0178703    2592.99    1.6e+19      6.501      6.501      6.501    6.64717
      9000   0.113981     2777.4    178.818     100.78          2    3976.46    6049.47    10025.9     80.482   -128.649          0          0          0  0.0178703    2589.38    1.6e+19      6.501      6.501      6.501      6.704
      8900   0.036233    2788.72     179.73    99.3584          2    3982.65    6130.39      10113    80.9199    -130.52          0          0  0.0178703  0.0178703    2585.96    1.6e+19      6.501      6.501    6.54136    6.75818
      8800   0.120211    2792.43    180.693    98.1248          2     4000.3    6210.22    10210.5    79.8318   -130.819          0          0  0.0178703  0.0550425    2581.65    1.6e+19      6.501      6.501    6.58913     6.2122
      8700   0.174447     2804.5    181.645    96.9156          2    4025.33    6288.98    10314.3    78.7548   -132.847          0          0  0.0178703  0.0777592    2578.46    1.6e+19      6.501      6.501    6.63697    6.25522
      8600   0.211441    2821.98    182.479    95.6689          2    4055.33    6367.05    10422.4    78.0706    -135.63          0 0.00168788  0.0178703  0.0777592    2575.92    1.6e+19      6.501    6.50357    6.68303     6.2948
      8500   0.167813    2843.09    183.195    94.4019          2    4078.83    6444.55    10523.4    77.5045   -138.656          0  0.0112863  0.0178703  0.0777592    2573.83    1.6e+19      6.501     6.5454    6.72635    6.32904
      8400   0.194532    2859.89    183.887    93.7282          2    4105.59    6521.96    10627.6    77.4129   -140.427          0  0.0112863  0.0178703  0.0777592    2571.23    1.6e+19      6.501    6.58751    6.76656    6.36106
      8300    0.11131    2879.26    184.571    93.4008          2    4120.73    6595.69    10716.4    73.7294   -142.461          0  0.0112863  0.0283332  0.0777592    2568.94    1.6e+19      6.501    6.62973    6.20438    6.39219
      8200   0.144965    2890.43    185.316    93.4281          2    4140.22    6669.25    10809.5    73.5586   -142.729          0  0.0112863  0.0777592  0.0777592    2565.73    1.6e+19      6.501    6.67161    6.23329    6.42511
      8100   0.123237     2904.9      186.1    93.6928          2    4156.57     6742.6    10899.2    73.3496   -143.708          0  0.0112863  0.0777592  0.0777592    2562.94    1.6e+19      6.501     6.7128    6.26386    6.45964
      8000   0.182964    2917.29    186.895      94.16          2    4180.88    6815.43    10996.3    72.8298   -144.223          0  0.0112863  0.0777592  0.0777592     2559.9    1.6e+19      6.501     6.7535    6.29722    6.49564
      7900   0.116593    2935.52    187.648    94.8009          2    4195.96    6887.78    11083.7    72.3524   -145.791          0  0.0112863  0.0777592  0.0777592    2557.57    1.6e+19      6.501      6.794    6.33218    6.53097
      7800   0.134644    2947.19    188.414    95.6764          2    4213.35    6959.07    11172.4    71.2864   -145.895          0  0.0493614  0.0777592  0.0777592    2554.48    1.6e+19      6.501    6.22863    6.36756    6.56742
      7700   0.152276    2960.68     189.21    96.7362          2    4233.02    7030.26    11263.3    71.1897   -146.373          0  0.0493614  0.0777592   0.106742    2551.63    1.6e+19      6.501    6.26088      6.404     5.8056
      7600   0.137727    2975.89    189.984    97.9471          2    4250.58    7100.38      11351    70.1164   -147.092          0  0.0493614  0.0777592   0.177994    2549.17    1.6e+19      6.501    6.29461      6.439     5.8283
      7500  0.0916717    2989.62    190.747    99.3119          2    4262.84    7169.45    11432.3    69.0779   -147.385          0  0.0493614  0.0777592   0.177994    2546.56    1.6e+19      6.501     6.3293    6.47121    5.85194
      7400  0.0640047    2998.75    191.563    99.6708          2     4271.8    7237.44    11509.2     67.987    -146.79          0  0.0493614  0.0777592   0.177994     2543.4    1.6e+19      6.501    6.36457    6.50362     5.8812
      7300  0.0518853    3005.14     192.46    99.5155          2    4279.37    7306.26    11585.6     68.815   -145.883          0  0.0493614  0.0777592   0.177994    2539.91    1.6e+19      6.501    6.40038    6.53847    5.91712
      7200  0.0236603     3010.3    193.422    99.0732          2    4283.24    7375.83    11659.1    69.5784   -145.019          0  0.0493614  0.0777592   0.177994    2536.27    1.6e+19      6.501    6.43693    6.57696    5.95901
      7100   0.017453    3012.66    194.451    98.4524          2    4286.39    7443.68    11730.1    67.8491   -143.901          0  0.0493614   0.138759   0.177994    2532.32    1.6e+19      6.501    6.47456     5.8156    6.00667
      7000  0.0719213    3014.46    195.531    97.6904          2    4297.19    7505.75    11802.9    62.0686   -142.997          0  0.0493614   0.177994   0.177994    2528.42    1.6e+19      6.501    6.51337    5.84716    6.05726
      6900   0.070308    3021.65     196.57    96.7457          2    4307.87    7567.28    11875.2    61.5296   -143.345          0  0.0493614   0.177994   0.177994    2525.19    1.6e+19      6.501    6.55337    5.88615    6.10696
      6800  0.0818467     3028.7    197.559    95.6718          2     4320.2    7632.62    11952.8    65.3411   -143.635          0  0.0493614   0.177994   0.177994    2521.95    1.6e+19      6.501    6.59485    5.92873    6.15536
      6700  0.0835809    3036.88    198.521    94.5102          2    4332.78     7696.2      12029    63.5789   -144.125          0   0.113957   0.177994   0.196213    2518.89    1.6e+19      6.501    5.82839    5.97284    5.40286
      6600  0.0767549    3045.23    199.457    93.3081          2    4344.44    7756.15    12100.6    59.9433   -144.595          0   0.113957   0.177994   0.299483     2516.1    1.6e+19      6.501    5.85982    6.01467    5.42983
      6500  0.0987879    3052.93    200.379    92.0789          2    4358.77    7816.87    12175.6     60.721   -144.905          0   0.113957   0.177994   0.299483    2513.29    1.6e+19      6.501    5.89442    6.05231    5.45716
      6400   0.102895    3062.81    201.269    91.1499          2    4373.47     7876.8    12250.3    59.9314   -145.614          0   0.113957   0.177994   0.299483    2510.74    1.6e+19      6.501    5.93103    6.08901    5.48698
      6300  0.0965561     3073.1    202.119    90.3864          2    4387.17    7937.63    12324.8    60.8308   -146.289          0   0.113957   0.177994   0.299483    2508.23    1.6e+19      6.501    5.96897    6.12548    5.51746
      6200  0.0376744    3082.69    202.956    89.7456          2    4392.73    7998.47    12391.2    60.8438   -146.731          0   0.113957   0.177994   0.299483    2505.65    1.6e+19      6.501    6.00776    6.16193    5.54887
      6100  0.0318559    3086.46    203.859    89.2915          2    4397.38    8059.26    12456.6    60.7911   -146.048          0   0.113957   0.177994   0.299483    2502.36    1.6e+19      6.501    6.04709    6.19918    5.58449
      6000    0.11244    3089.72    204.838    88.9575          2    4412.92    8119.93    12532.8    60.6621   -145.481          0   0.113957    0.29684   0.299483    2499.12    1.6e+19      6.501    6.08684    5.42606    5.62441
      5900  0.0978348    3100.95    205.744    88.5914          2    4426.47    8177.88    12604.3    57.9559   -146.547          0   0.113957   0.299483   0.299483    2496.93    1.6e+19      6.501    6.12663    5.45228    5.66024
      5800  0.0516049    3110.69    206.569    88.2452          2    4433.68    8236.81    12670.5    58.9313   -147.105          0   0.113957   0.299483   0.299483    2494.56    1.6e+19      6.501    6.16643    5.48305    5.69234
      5700   0.123876    3115.92    207.428    87.9992          2    4450.63    8295.29    12745.9    58.4724   -146.728          0   0.137303   0.299483   0.299483    2491.65    1.6e+19      6.501    5.40546    5.51565    5.72646
      5600   0.136076    3128.32    208.249    87.7224          2    4469.21    8353.19    12822.4    57.9008   -147.785          0   0.209552   0.299483   0.299483    2489.71    1.6e+19      6.501     5.4292    5.54961     5.7603
      5500   0.056026    3141.85    208.969    87.4256          2    4477.73    8410.62    12888.3    57.4314   -148.812          0   0.209552   0.299483   0.299483    2487.94    1.6e+19      6.501    5.45274    5.58265    5.79058
      5400  0.0571779    3147.45    209.724    86.4375          2    4486.79    8467.32    12954.1    56.7008   -148.173          0   0.209552   0.299483   0.358842    2485.26    1.6e+19      6.501    5.47946    5.61425    5.01741
      5300   0.110949    3153.22    210.553    85.0436          2    4503.31    8523.21    13026.5    55.8967   -147.794          0   0.209552   0.299483    0.36527     2482.7    1.6e+19      6.501    5.50819    5.64436    5.04152
      5200  0.0169624    3164.22    211.342    83.3311          2    4507.35    8581.67      13089    58.4578   -148.561          0   0.209552   0.299483    0.36527    2480.77    1.6e+19      6.501    5.53832    5.67455    5.06769
      5100   0.112724    3166.02     212.18    81.5457          2    4524.31    8638.69      13163    57.0202   -147.556          0   0.209552   0.299483    0.36527    2477.72    1.6e+19      6.501    5.56944    5.70536    5.09818
      5000   0.158156    3177.33        213    79.5405          2    4547.39    8694.29    13241.7    55.6004   -148.675          0   0.209552   0.299483    0.36527    2475.83    1.6e+19      6.501    5.60141    5.73815    5.13023
      4900   0.430056    3193.42    213.679    77.3353          2    4571.63    8750.61    13322.2    56.3208   -150.546          0   0.209552   0.299483    0.36527    2474.51    1.6e+19      6.501    5.63412    5.77061    5.15705
      4800   0.128679    3236.13     213.94    74.6522          2       4591    8807.42    13398.4    56.8098   -156.971          0   0.209552   0.299483    0.36527     2476.4    1.6e+19      6.501    5.66715    5.79836    5.16449
      4700  0.0817627    3248.95    214.163    72.1298          2    4604.01    8864.76    13468.8    57.3373   -156.602          0   0.209552   0.331017    0.36527    2474.71    1.6e+19      6.501    5.69934    5.01315    5.16587
      4600   0.420959    3257.46    214.661    69.8101          2    4625.65     8919.9    13545.5    55.1388   -155.787          0   0.209552   0.353396    0.36527    2472.55    1.6e+19      6.501    5.72959    5.02369     5.1779
      4500   0.417294    3299.55    214.891    67.0754          2     4648.5    8974.11    13622.6    54.2093   -161.485          0   0.209552    0.36527    0.36527    2474.46    1.6e+19      6.501    5.75778    5.03343    5.17861
      4400   0.435193     3341.3    214.727    64.5399          2    4671.27    9030.48    13701.8    56.3727   -165.954          0   0.209552    0.36527    0.36527    2476.35    1.6e+19      6.501    5.78364    5.03727    5.15939
      4300    0.44212    3384.83     214.38    62.1712          2    4690.95     9087.6    13778.6    57.1202   -169.906          0   0.224186   0.363671    0.36527    2478.45    1.6e+19      6.501    5.00543    5.03282    5.12908
      4200   0.451913    3429.05    213.921    59.9175          2     4714.4    9145.88    13860.3     58.279   -173.304          0   0.254508   0.341279    0.36527    2480.65    1.6e+19      6.501    5.01681    5.02243     5.0921
      4100   0.453229    3474.24    213.383    57.7736          2    4741.23     9204.2    13945.4    58.3167    -176.35          0   0.267798   0.313879    0.36527    2482.97    1.6e+19      6.501    5.02154     5.0081    5.05178
      4000   0.470554    3519.58    212.792    55.7196          2    4767.85    9264.71    14032.6    60.5079   -179.001          0   0.269662   0.299483   0.336827    2485.26    1.6e+19      6.501     5.0225    5.78932    5.01094
      3900   0.488374    3566.66     212.15    53.7226          2    4796.66    9327.46    14124.1    62.7502   -181.637          0   0.267173   0.299483   0.299483    2487.64    1.6e+19      6.501    5.02071    5.76572     5.7774
      3800   0.483848    3615.49    211.448    51.7578          2    4823.43    9389.46    14212.9    62.0019    -184.27          0   0.257381   0.299483   0.299483    2490.21    1.6e+19      6.501    5.01698    5.73949    5.73895
      3700   0.489279    3663.88    210.713    49.1733          2    4853.73    9452.07    14305.8    62.6121   -186.538          0   0.243266   0.299483   0.299483    2492.71    1.6e+19      6.501    5.01183     5.7101    5.69734
      3600   0.494839    3712.81    209.962    44.9397          2    4880.92    9515.31    14396.2    63.2376   -188.775          0   0.225452   0.299483   0.299483    2495.25    1.6e+19      6.501    5.00552    5.67819    5.65429
      3500   0.514989    3762.32    209.197    39.9762          2    4906.56    9581.11    14487.7     65.803   -191.072          0   0.209552   0.299483   0.299483    2497.82    1.6e+19      6.501    5.79803    5.64444    5.61041
      3400   0.514569    3813.82    208.401    34.7326          2    4927.43    9646.71    14574.1    65.5992   -193.702          0   0.209552   0.299483   0.299483    2500.63    1.6e+19      6.501    5.78612    5.60921    5.56532
      3300  0.0504891    3864.81    207.577    29.2188          2    4938.16    9713.48    14651.6    66.7726    -196.19          0   0.209552   0.299483   0.299483    2503.38    1.6e+19      6.501    5.76963    5.57248    5.51938
      3200   0.524376    3870.33    207.272    24.6891          2    4949.96    9780.91    14730.9     67.428   -191.123          0   0.209552   0.299483   0.299483    2500.65    1.6e+19      6.501    5.74943     5.5384    5.49688
      3100     0.5295    3922.77    206.997    21.3177          2    4959.83    9848.56    14808.4    67.6526   -195.681          0   0.209552   0.299483   0.299483    2503.57    1.6e+19      6.501    5.72723    5.51431    5.48156
      3000   0.535887    3975.73    206.359    18.2429          2    4972.18     9916.8      14889    68.2413   -199.699          0   0.209552   0.272729   0.299483    2506.54    1.6e+19      6.501    5.70454    5.49292    5.45246
      2900   0.549963    4029.33    205.577    15.4997          2    4984.44    9986.73    14971.2    69.9233   -203.334          0   0.209552   0.249322   0.285798    2509.53    1.6e+19      6.501    5.68162    5.47053    5.41698
      2800   0.556234    4084.34    204.723    12.9946          2    4996.51    10057.3    15053.8    70.5767   -206.808          0   0.209552   0.268979   0.177994    2512.52    1.6e+19      6.501    5.65814    5.44304    6.19191
      2700  0.0190334    4139.42    203.828    10.4724          2    5001.04    10132.4    15133.4    75.0716   -209.938          0   0.209552   0.229519   0.177994    2515.43    1.6e+19      6.501    5.63362    5.41831    6.16229
      2600          0    4141.31    203.529    8.24023          2    5005.63    10202.7    15208.4    70.3715   -204.143          0   0.209552    0.18135   0.177994    2511.84    1.6e+19      6.501    5.60818    5.40101    6.15634
      2500   0.573681    4141.88    203.918    6.25824          2    5013.81    10276.7    15290.5    73.9821   -199.953          0   0.209552   0.177994   0.177994    2508.06    1.6e+19      6.501    5.58324    6.19693    6.18709
      2400   0.576176    4199.25    203.959     3.6221          2    5023.73    10350.4    15374.1     73.641   -206.636          0   0.209552   0.185828   0.210051    2511.15    1.6e+19      6.501    5.56098    5.40194    5.40504
      2300   0.579436    4256.87     203.43   0.605447          2    5031.07    10424.1    15455.2      73.72   -212.146          0   0.209552    0.18046   0.177994    2514.28    1.6e+19      6.501    5.54198    5.40057    6.19604
      2200          0    4314.24    202.686    -2.3434          2    5031.22    10498.1    15529.3    74.0139   -216.732          0   0.209552   0.177994   0.177994    2517.34    1.6e+19      6.501    5.52499    6.19109    6.17267
      2100   0.579479    4314.81    202.509   -4.18999          2    5038.54    10572.4    15610.9    74.2914   -211.502          0   0.209552   0.177994   0.177994    2513.56    1.6e+19      6.501    5.50859    6.17695    6.16952
      2000   0.585595    4372.77    202.349   -6.19112          2    5045.45    10646.9    15692.4    74.5513   -217.335          0   0.209552   0.177994   0.177994    2516.69    1.6e+19      6.501    5.49275    6.16927    6.16967
      1900   0.597302    4431.34    201.744    -8.3306          2       5051    10722.7    15773.7    75.7894   -222.265          0   0.209552   0.177994   0.177994     2519.9    1.6e+19      6.501    5.47771    6.15778     6.1476
      1800   0.606057    4491.08    200.957   -10.4196          2    5056.95    10799.4    15856.4    76.7093   -226.624          0   0.209552   0.177994   0.177994    2523.24    1.6e+19      6.501    5.46272    6.13824    6.11268
      1700   0.621508     4551.7    200.082    -12.555          2    5063.59      10878    15941.6    78.5448   -230.524          0   0.209552   0.177994   0.177994    2526.69    1.6e+19      6.501    5.44669    6.11091    6.06959
      1600  0.0128565    4613.24    199.146    -14.907          2     5066.8    10959.1    16025.9    81.1413    -234.09          0   0.209552   0.177994   0.177994    2530.26    1.6e+19      6.501    5.42873    6.07708    6.02081
      1500  0.0125836    4614.53    198.842   -16.6021          2    5069.64    11038.8    16108.5     79.703   -227.808          0   0.164403   0.169901   0.177994    2526.53    1.6e+19      6.501     5.4114    6.04354    5.99888
      1400   0.606901    4616.38    199.249   -17.9594          2    5073.43    11116.5      16190    77.7011   -223.512          0   0.120037   0.162675   0.177994    2522.77    1.6e+19      6.501    5.40135    6.02661    6.01537
      1300          0    4676.46     199.29   -19.9645          2    5073.61      11195    16268.6    78.4463   -229.957          0   0.113957   0.160568   0.177994    2525.99    1.6e+19      6.501    6.19313    6.02344    6.02394
      1200          0    4676.46    199.431   -21.2899          2    5085.33    11274.1    16359.4    79.0823   -225.614          0   0.113957   0.159224   0.177994    2521.96    1.6e+19      6.501    6.18384    6.02213    6.03664
      1100          0    4676.46     200.09   -21.5184          2    5093.42    11353.2    16446.6    79.1205   -222.602          0   0.113957     0.1615   0.177994    2517.93    1.6e+19      6.501    6.17525    6.03094    6.07592
      1000          0    4676.46    200.958   -21.3571          2    5098.78      11432    16530.8    78.8068   -220.543          0   0.113957   0.167949   0.177994    2513.91    1.6e+19      6.501    6.16937    6.05188    6.13038
       900          0    4676.46    201.926    -20.819          2     5103.9    11509.7    16613.6    77.7243   -219.157          0   0.113957   0.177737   0.177994     2509.9    1.6e+19      6.501    6.16789    6.08305    6.19411
       800          0    4676.46     202.95   -20.0311          2    5109.65    11590.1    16699.7    80.3705   -218.241          0   0.113957   0.177994   0.299483    2506.09    1.6e+19      6.501    6.17185    6.12066    5.44287
       700          0    4676.46    204.007   -18.9373          2    5112.56    11670.1    16782.7    80.0593   -217.645          0   0.113957   0.177994   0.299483    2502.35    1.6e+19      6.501    6.18158    6.16096    5.49362
       600          0    4676.46    205.087   -17.3809          2    5124.74    11746.2      16871    76.0878   -217.252          0   0.113957    0.20285   0.299483    2498.61    1.6e+19      6.501    6.19695    5.40477    5.54987
       500          0    4676.46    206.179   -15.5594          2    5136.81    11820.7    16957.5    74.4633   -216.973          0   0.167643   0.299483   0.299483    2495.06    1.6e+19      6.501    5.41152    5.43581    5.60756
       400          0    4676.46     207.26   -13.4337          2     5160.7    11896.2    17056.9    75.4672   -216.745          0   0.209552   0.299483   0.299483    2491.63    1.6e+19      6.501    5.42191     5.4727    5.66414
       300          0    4676.46    208.329   -11.0675          2     5173.3    11965.6    17138.9    69.3972   -216.519          0   0.209552   0.299483   0.299483    2488.23    1.6e+19      6.501    5.43593    5.51509    5.72129
       200          0    4676.46    209.396   -8.19311          2     5192.1    12033.5    17225.6    67.8962   -216.258          0   0.209552   0.299483   0.299483    2484.83    1.6e+19      6.501    5.45642    5.56059    5.77938
       100 0.00794353    4676.47    210.468   -4.36479          2    5195.39    12104.4    17299.8    70.9868   -215.904          0   0.209552   0.299483    0.36527     2481.5    1.6e+19      6.501    5.48213    5.60771    5.03019
         0     0.5306    4677.79    211.537  -0.036601          2    5205.78    12174.4    17380.1    69.9177   -215.647          0   0.209552   0.299483    0.36527     2478.4    1.6e+19      6.501    5.51206    5.65362    5.07547