      20000           0           0     179.437     415.631         1.1      17.399     14.2831      31.682     14.2831     51.8336    0.258968    0.460851    0.605054    0.634429     2456.76     1.6e+19     5.73044     4.59858     4.35318     4.39114
      19900           0           0     179.437      414.68         1.1     28.2793     29.7361     58.0154     15.4531     51.7019    0.258968    0.460851    0.605054    0.634429     2456.76     1.6e+19     5.73044     4.59858     4.35318     4.39114
      19800           0           0     179.437     414.027         1.1     44.2321     46.3592     90.5912     16.6231     51.5707    0.258968    0.460851    0.605054    0.634429     2456.76     1.6e+19     5.73044     4.59858     4.35318     4.39114
      19700           0           0     179.437     413.765         1.1     53.1471     60.5222     113.669     14.1631     51.4563    0.258968    0.460851    0.605054    0.634429     2456.76     1.6e+19     5.73044     4.59858     4.35318     4.39114
      19600   0.0414251   0.0414251     179.437     413.802         1.1     62.7691     72.5053     135.274     11.9831     51.3637    0.258968    0.460851    0.605054    0.634429     2456.77     1.6e+19     5.73044     4.59858     4.35318     4.39114
      19500           0     4.14251     179.444     411.943         1.1     64.9064     82.0115     146.918     9.50619     50.3287    0.258968    0.460851    0.605044    0.634429     2457.04     1.6e+19     5.73044     4.59858     4.35313      4.3908
      19400           0     4.14251     179.452     409.043         1.1     76.4032     94.0794     170.483      12.068     50.3987    0.258968    0.460849    0.605002    0.634429     2457.04     1.6e+19     5.73044     4.59858     4.35293     4.39033
      19300           0     4.14251     179.456     406.402         1.1     86.3016     106.173     192.475      12.094     50.3016    0.258968    0.460844    0.604956    0.634429     2457.04     1.6e+19     5.73043     4.59855      4.3527     4.39004
      19200           0     4.14251     179.458     403.776         1.1     87.7255     118.295     206.021      12.122     50.0735    0.258968    0.460833    0.604917    0.634429     2457.04     1.6e+19     5.73039     4.59851     4.35251     4.38985
      19100  0.00114479     4.14365     179.459     402.879         1.1     87.8045     129.926     217.731      11.631     49.7593    0.258968    0.460818    0.604886    0.634429     2457.04     1.6e+19     5.73035     4.59844     4.35236     4.38973
      19000           0     4.25699      179.46     403.019         1.1     88.5232     142.367      230.89     12.4404     49.4277    0.258968    0.460801    0.604863    0.634429     2457.04     1.6e+19     5.73029     4.59837     4.35225     4.38965
      18900           0     4.25699      179.46     401.344         1.1     90.2673     155.617     245.884       13.25     49.1423    0.258968    0.460782    0.604845    0.634429     2457.04     1.6e+19     5.73022     4.59828     4.35216     4.38959
      18800           0     4.25699      179.46     398.663         1.1     99.8438     166.127     265.971       10.51     48.7801    0.258968    0.460763    0.604832    0.634429     2457.04     1.6e+19     5.73016      4.5982     4.35209     4.38956
      18700           0     4.25699      179.46     396.812         1.1     121.012     177.937     298.949     11.8101     48.3312    0.258968    0.460744    0.604822    0.634429     2457.04     1.6e+19     5.73008     4.59812     4.35205     4.38956
      18600           0     4.25699      179.46     395.362         1.1      155.46     192.377     347.838     14.4403     47.8445    0.258968    0.460727    0.604816    0.634429     2457.04     1.6e+19     5.73002     4.59805     4.35202     4.38956
      18500           0     4.25699     179.459      393.97         1.1     197.431     201.038     398.468     8.66056     47.3358    0.258968    0.460711    0.604812    0.634429     2457.04     1.6e+19     5.72995     4.59798       4.352     4.38958
      18400           0     4.25699     179.459      392.64         1.1     206.141     209.249      415.39      8.2108     46.8087    0.258968    0.460696    0.604809    0.634429     2457.04     1.6e+19     5.72989     4.59792     4.35198      4.3896
      18300           0     4.25699     179.459     389.532         1.1     209.944      217.81     427.753     8.56103     46.2375    0.258968    0.460683    0.604808    0.634429     2457.04     1.6e+19     5.72983     4.59786     4.35198     4.38963
      18200           0     4.25699     179.459     385.327         1.1     234.916     226.371     461.287     8.56124     45.5394    0.258968    0.460672    0.604808    0.634429     2457.04     1.6e+19     5.72977     4.59782     4.35198     4.38965
      18100           0     4.25699     179.459     381.744         1.1     283.933     234.406     518.338     8.03475     44.6999    0.258968    0.460663    0.604808    0.634429     2457.04     1.6e+19     5.72972     4.59777     4.35198     4.38968
      18000           0     4.25699     179.458     378.394         1.1     328.399         243     571.399      8.5949     43.7617    0.258968    0.460654    0.604809    0.634429     2457.04     1.6e+19     5.72968     4.59774     4.35198     4.38971
      17900           0     4.25699     179.458     377.437         1.1     365.502     253.012     618.514     10.0117     42.7778    0.258968    0.460647    0.604811    0.634429     2457.04     1.6e+19     5.72964     4.59771     4.35199     4.38974
      17800           0     4.25699     179.458     377.955         1.1     400.687     263.884     664.571     10.8718     41.8664    0.258968    0.460641    0.604812    0.634429     2457.04     1.6e+19     5.72961     4.59768       4.352     4.38976
      17700           0     4.25699     179.458     376.054         1.1     435.423     274.146     709.569     10.2618     41.0279    0.258968    0.460636    0.604814    0.634429     2457.04     1.6e+19     5.72958     4.59766     4.35201     4.38979
      17600           0     4.25699     179.458     372.834         1.1     459.269     288.413     747.682     14.2669     40.1368    0.258968    0.460632    0.604816    0.634429     2457.04     1.6e+19     5.72955     4.59764     4.35202     4.38981
      17500    0.203858     4.46085     179.458     372.907         1.1     467.082      302.34     769.421     13.9269     39.1561    0.258968    0.460629    0.604818    0.634429     2457.05     1.6e+19     5.72953     4.59763     4.35203     4.38984
      17400    0.326968     24.9697     182.158      404.85         1.1     496.422     311.964     808.386     9.62483     32.6111    0.258968    0.459071    0.604625    0.634429     2459.41     1.6e+19     5.72017     4.59095     4.35108     4.39048
      17300    0.294489     57.6341      183.04     414.268         1.1      526.05     321.648     847.698     9.68328     25.7247    0.258968     0.45715    0.602386    0.634429     2462.54     1.6e+19     5.71698     4.58274     4.34015     4.37563
      17200    0.334487     87.1229     183.591     419.698         1.1     562.818     335.142      897.96     13.4942     21.3706    0.258968    0.454979    0.598637    0.634429     2465.42     1.6e+19     5.72024     4.57348     4.32195     4.34934
      17100    0.479709     120.717     184.157     422.757         1.1     618.425     349.615      968.04     14.4733     17.1385    0.258968    0.452427    0.593282    0.634429     2468.55     1.6e+19     5.72755     4.56198     4.29731     4.31506
      17000    0.394649     168.603     184.857      423.97         1.1     669.655     366.858     1036.51     17.2429     10.6051    0.258968    0.484658    0.580236    0.634429      2472.6     1.6e+19     5.73652     4.54563     4.26696     4.27384
      16900     0.29106     207.964     185.705     419.175         1.1       712.3     384.778     1097.08     17.9197     7.27153    0.258968    0.484658    0.564796    0.634429     2476.06     1.6e+19     5.74528     4.52471     4.23147     4.22778
      16800    0.270662      237.05     186.669      410.45         1.1      753.42     403.298     1156.72     18.5205     6.49923    0.258968    0.484552    0.549213    0.572861     2478.76     1.6e+19     5.75253      4.4998      4.5921     4.58285
      16700    0.270086     264.115     187.729     400.527         1.1     795.217      423.46     1218.68     20.1614     5.70827    0.258968    0.477581    0.539922    0.572861     2481.29     1.6e+19     5.75746     4.47126     4.54982     4.53717
      16600    0.335223     291.189     188.872      389.47         1.1     833.657     447.737     1281.39     24.2776     4.36471    0.258968    0.469786    0.530118    0.572861     2483.78     1.6e+19     5.75967     4.43969      4.5059     4.49009
      16500    0.429185     324.805     190.097     389.376         1.1     875.873     465.993     1341.87     18.2558     1.24657    0.258968    0.427031    0.510819    0.572861     2486.68     1.6e+19       5.759     4.40624     4.46108      4.4419
      16400    0.520181     367.815     191.406     396.469         1.1     931.652     488.555     1420.21     22.5613    -3.32219    0.258968    0.412886    0.497791    0.505823     2490.14     1.6e+19     5.75552     4.77139     4.41574     4.79435
      16300    0.582598     419.895     192.799     400.195         1.1     996.147     508.272     1504.42     19.7174    -8.70197    0.258968    0.412886    0.475248    0.505823     2494.11     1.6e+19     5.74941     4.73348     4.77006      4.7466
      16200    0.516112     478.089     194.269      402.12         1.1     1064.35     533.448      1597.8     25.1761    -14.1862    0.258968    0.411011    0.464166    0.505823     2498.48     1.6e+19     5.74088     4.69359     4.72286     4.69595
      16100    0.403079     529.587     195.795     391.866         1.1     1127.07     561.391     1688.46     27.9424    -17.2436    0.258968    0.412886    0.446551    0.505823     2502.37     1.6e+19     5.73015     4.65243     4.67474     4.64414
      16000      0.3728     569.864     197.347     373.521         1.1     1177.83     587.747     1765.58     26.3563    -18.0948    0.258968    0.364344    0.438115    0.434418     2505.47     1.6e+19     5.71737     4.61103     4.62669     4.99535
      15900     0.36204     607.134     198.911     363.603         1.1     1222.13     612.688     1834.82     24.9414    -19.1623    0.257926     0.33798    0.406907    0.434418     2508.27     1.6e+19      5.7028     4.97128     4.98051     4.95023
      15800    0.392041     643.368     200.488     358.793         1.1     1268.18      634.56     1902.74     21.8721     -20.422    0.252581     0.33798    0.396655    0.434418     2510.97     1.6e+19     5.68708     4.92982     4.93496     4.90596
      15700    0.399042     682.579      202.08      355.26         1.1     1313.74      655.99     1969.73     21.4296    -22.4958     0.24694     0.33798    0.383656    0.434418     2513.85     1.6e+19     5.67059     4.88767     4.89054      4.8626
      15600     0.39701     722.481     203.689     352.828         1.1     1359.61     675.061     2034.67     19.0711    -24.6568    0.241047     0.33798     0.36456    0.434418     2516.74     1.6e+19     5.65347     4.84536     4.84768     4.82022
      15500    0.384662      762.17      205.31     349.648         1.1     1404.32     693.281      2097.6     18.2203    -26.6535    0.234945    0.280339    0.350938     0.36527     2519.54     1.6e+19     5.63584     4.80466     4.80628     5.18267
      15400      0.4368     800.688     206.939     346.107         1.1     1452.78     710.347     2163.13     17.0656    -28.3538    0.228697    0.269662    0.335947     0.36527     2522.19     1.6e+19      5.6179     5.16574     5.16678     5.14593
      15300    0.515149     844.446     208.582     344.196         1.1      1508.3     729.081     2237.38     18.7342    -31.1321    0.222375    0.269662    0.327688     0.36527     2525.16     1.6e+19     5.59987     5.12639     5.12811     5.10935
      15200    0.572148     896.018     210.246     343.301         1.1     1563.71     746.908     2310.62      17.827    -35.1857     0.21601    0.269662    0.319488     0.36527     2528.64     1.6e+19     5.58184      5.0873     5.09026     5.07246
      15100    0.686458     953.347     211.934     348.793         1.1     1627.15     763.748      2390.9     16.8396    -39.6478    0.209617    0.269662     0.31128     0.36527     2532.48     1.6e+19     5.56383     5.04877     5.05286     5.03501
      15000    0.786159     1022.09     213.649     358.616         1.1     1703.72     779.401     2483.12     15.6532    -45.2016    0.203201    0.233721    0.311097    0.299483     2537.04     1.6e+19     5.54588     5.01162      5.0155     5.79828
      14900    0.864207     1100.79     215.399     365.724         1.1      1789.9     792.649     2582.55     13.2477    -51.1233    0.196771    0.209552    0.299483    0.299483     2542.17     1.6e+19     5.52801     5.77671     5.77809     5.76062
      14800    0.820576     1187.16     217.184     371.291         1.1     1886.13     804.743     2690.88     12.0945    -56.9497    0.190354    0.209552    0.299483    0.299483      2547.8     1.6e+19     5.51028     5.74115     5.73941     5.71996
      14700    0.100782      1268.5     218.934     360.692         1.1     1973.82     814.804     2788.62     10.0604    -60.4865    0.183955    0.209552    0.297302    0.299483     2553.09     1.6e+19     5.49272     5.70585     5.70008     5.67773
      14600    0.102902     1278.58     211.865     288.513         1.1      2017.3     838.779     2856.08      23.975    -49.8616   0.0366166    0.269662    0.336775    0.299483      2551.5     1.6e+19     6.34378     5.05957     5.01818     5.67913
      14500   0.0621799     1288.83     209.849     260.772         1.1     2043.52     868.277      2911.8      29.498     -46.236  0.00109128     0.33798     0.36527    0.299483     2549.74     1.6e+19     6.52544     4.85955     5.14486     5.73851
      14400   0.0271511     1295.01     210.153     243.914         1.1     2061.84     899.477     2961.32     31.2007      -44.84           0     0.33798    0.388869    0.363575     2547.64     1.6e+19       6.501     4.97911     4.80783     5.01881
      14300   0.0216209     1297.72     211.253     229.548         1.1      2077.1     927.374     3004.48     27.8971    -44.3271           0    0.412886    0.427593     0.36527     2545.42     1.6e+19       6.501     4.62046     4.82032     5.08583
      14200   0.0148062     1299.88     212.563     217.385         1.1     2085.63     953.364        3039     25.9899    -44.6819           0    0.382401    0.418756     0.36527     2543.15     1.6e+19       6.501     4.61193     4.81712     5.14502
      14100   0.0359605     1301.38     213.893         211         1.1     2093.76     977.804     3071.56     24.4399    -45.3886           0     0.33798     0.40752     0.36527     2540.67     1.6e+19       6.501     4.99163      4.8133     5.19629
      14000           0     1304.94     215.208     208.156         1.1      2094.7     999.582     3094.28     21.7773    -46.5891           0     0.33798    0.402539    0.434418     2538.34     1.6e+19       6.501     4.96311     4.81195     4.83203
      13900           0     1304.94     216.488     203.231         1.1     2100.79     1023.66     3124.45      24.082    -46.9351           0     0.33798    0.403398    0.434418     2535.76     1.6e+19       6.501     4.93309     4.81286     4.86304
      13800           0     1304.94     217.727     197.388         1.1     2103.47     1044.45     3147.93      20.788    -47.4576           0     0.33798    0.413722    0.434418     2533.16     1.6e+19       6.501     4.90661     4.81719     4.89424
      13700           0     1304.94     218.928     193.151         1.1     2116.64     1066.87     3183.52     22.4222    -48.1403           0     0.33798    0.431592    0.434418     2530.55     1.6e+19       6.501     4.88591     4.82477     4.92571
      13600           0     1304.94     220.093     189.796         1.1     2122.52     1087.99      3210.5     21.1115     -48.895           0     0.33798    0.434418    0.434418     2527.94     1.6e+19       6.501     4.87172     4.83659     4.95761
      13500  0.00989833     1304.95     221.229     193.245         1.1     2128.51     1102.59      3231.1     14.6009    -49.5824           0     0.33798    0.434418    0.434418     2525.32     1.6e+19       6.501     4.86406      4.8538     4.99067
      13400           0     1305.93     222.342     200.782         1.1     2132.83     1119.28     3252.11     16.6981    -50.0735           0     0.33798    0.434418    0.505321      2522.8     1.6e+19       6.501     4.86258     4.87475     4.61893
      13300    0.172195      1306.1     223.433     197.709         1.1     2137.85     1132.71     3270.56     13.4272    -50.0732           0     0.33798    0.434418    0.505823     2520.31     1.6e+19       6.501     4.86671     4.89637      4.6423
      13200    0.201692     1323.35     227.028     219.237         1.1     2150.74      1145.6     3296.34     12.8868    -53.7408           0     0.33798    0.434418    0.505823     2521.18     1.6e+19       6.501     4.86182     4.92138     4.66004
      13100    0.253388     1343.57     229.377      225.75         1.1     2169.54     1152.09     3321.62     6.48806    -56.2778  0.00996147     0.33798    0.434418    0.505823     2522.37     1.6e+19     6.74102     4.85484     4.93831     4.66873
      13000    0.169117     1368.83     231.326     231.312         1.1     2179.98     1159.25     3339.22     7.15996    -58.8365    0.036925     0.33798    0.434418    0.505823     2523.99     1.6e+19     6.34571      4.8363     4.93979     4.66773
      12900    0.322097     1385.89     232.936     237.266         1.1     2205.23     1165.02     3370.24     5.77158    -58.8516   0.0628168    0.293548    0.434418    0.505823     2525.14     1.6e+19     6.51276     4.81121     4.93061       4.658
      12800    0.358941     1418.14     234.217     243.152         1.1     2238.24     1171.68     3409.92     6.66533    -61.6748   0.0769041    0.269662    0.434418    0.505823     2527.31     1.6e+19     5.84755     5.18537     4.91558     4.64059
      12700    0.265088     1453.94     235.413     244.657         1.1     2265.17     1178.87     3444.04     7.18944    -64.4427    0.106644    0.269662    0.434418     0.49695     2529.77     1.6e+19     5.95212     5.15785     4.89642     4.61669
      12600   0.0691944     1480.25     236.721     243.165         1.1     2272.54      1187.3     3459.84     8.42939    -64.7991    0.129683    0.269662    0.434418    0.434418     2531.58     1.6e+19     6.03589     5.12833     4.87312     4.99315
      12500   0.0926492     1487.19     238.061     242.458         1.1     2281.87     1196.23      3478.1     8.92634    -61.3858    0.147442    0.269662    0.434418    0.434418     2532.11     1.6e+19     6.10218     5.09775     4.84811     4.96824
      12400   0.0536747     1496.42     239.414     242.033         1.1     2288.67     1202.91     3491.59     6.68567    -59.3401    0.149485    0.264527    0.398617    0.434418      2532.8     1.6e+19     6.15461     5.06723     4.82386     4.94226
      12300    0.154568     1501.89     240.781     240.356         1.1      2306.1     1208.92     3515.02      6.0045    -57.1699    0.149485    0.239831    0.366906    0.434418     2533.21     1.6e+19     6.19643     5.03872     4.80123     4.91647
      12200    0.318441     1517.51     242.173     237.629         1.1     2337.58     1216.05     3553.63     7.12918    -57.8258    0.159533    0.218958     0.36527    0.434418     2534.28     1.6e+19      5.4267     5.01258     5.17752     4.89074
      12100    0.418261     1549.45      243.61     236.254         1.1     2377.54     1224.88     3602.42     8.83222    -61.9821    0.167923    0.209552     0.36527    0.434418     2536.43     1.6e+19      5.4492     5.78737     5.15253     4.86328
      12000    0.515659     1591.38       245.1     235.602         1.1     2425.61     1229.88     3655.49     4.99714    -67.4948    0.174001    0.209552     0.36527    0.434418     2539.25     1.6e+19     5.46562     5.76178     5.12624     4.83323
      11900    0.566423     1642.99     246.646     235.689         1.1     2477.71     1237.78      3715.5     7.90762    -73.9479    0.178202    0.209552    0.365038     0.37313      2542.7     1.6e+19     5.47703     5.73638      5.0985     4.80217
      11800    0.699777     1699.77     248.246     236.282         1.1     2534.89     1244.58     3779.47     6.79421    -80.1816    0.180851    0.209552    0.344829     0.36527     2546.44     1.6e+19     5.48424     5.71103     5.07116     5.17138
      11700    0.282525     1769.33     249.904     244.364         1.1      2603.5     1251.26     3854.76     6.67818    -87.5418    0.204887    0.204998    0.326131     0.36527     2551.02     1.6e+19     5.48746     5.68574     5.04365     5.13681
      11600    0.201949      1797.5     238.257     216.517         1.1      2650.9     1270.36     3921.27     19.1073    -84.5808   0.0627505    0.269662     0.36527     0.36527      2550.8     1.6e+19     6.51232     5.05071      5.1654     5.13747
      11500   0.0997323     1817.59     234.436     197.647         1.1     2689.12     1301.69     3990.81     31.3303    -83.3727   0.0114948     0.33798    0.434418     0.36527      2549.9     1.6e+19     6.77994     4.86298     4.89777     5.19229
      11400    0.105555     1827.57     234.072     173.058         1.1     2715.22     1335.57     4050.79     33.8796    -82.4902  0.00386179     0.33798    0.434418    0.434418     2548.33     1.6e+19     6.59107     4.99811     4.96262     4.85727
      11300    0.108526     1838.13     234.958     161.421         1.1     2734.53     1366.09     4100.63     30.5197    -83.4465           0    0.412886    0.434418    0.434418     2546.81     1.6e+19       6.501     4.64988     4.98375     4.91985
      11200   0.0475849     1848.92      236.24     156.953         1.1     2748.85      1394.7     4143.55     28.6096    -84.8993           0    0.412886    0.434418    0.434418     2545.25     1.6e+19       6.501      4.6571     4.98604     4.97437
      11100           0     1853.63     237.609     149.016         1.1     2755.03     1421.99     4177.02     27.2905    -85.2367           0    0.412886    0.434418    0.497076     2543.25     1.6e+19       6.501     4.64151     4.98313     4.61672
      11000           0     1853.63     238.959      139.53         1.1      2770.1     1447.84     4217.93     25.8413    -85.1195           0    0.403886    0.434418    0.505823        2541     1.6e+19       6.501      4.6168     4.97902     4.64399
      10900           0     1853.63     240.264     134.188         1.1     2775.78     1475.17     4250.95     27.3358    -85.5388           0     0.33798    0.434418    0.505823     2538.65     1.6e+19       6.501     4.99996     4.97748     4.67018
      10800   0.0158617     1853.65     241.538     131.156         1.1     2781.85     1499.18     4281.03     24.0117    -86.1797           0     0.33798    0.434418    0.505823     2536.22     1.6e+19       6.501      4.9883     4.98084     4.69609
      10700 0.000783168     1855.22     242.789     127.145         1.1     2786.34     1522.62     4308.96     23.4355    -87.2374           0     0.33798    0.434418    0.505823     2533.87     1.6e+19       6.501     4.97878     4.98937     4.72247
      10600           0      1855.3     244.017     122.713         1.1     2786.63      1545.5     4332.13     22.8828    -88.0903           0     0.33798    0.440978    0.505823     2531.41     1.6e+19       6.501     4.97321     4.60238        4.75
      10500           0      1855.3      245.22     120.055         1.1     2786.73     1567.78     4354.51     22.2797    -89.0625           0     0.33798    0.474534    0.505823     2528.96     1.6e+19       6.501     4.97222     4.61534     4.77859
      10400           0      1855.3     246.396     118.424         1.1      2787.2     1587.59     4374.79     19.8042    -90.0667 0.000189991     0.33798    0.505737    0.528707     2526.56     1.6e+19     6.50441      4.9757     4.62874     4.40645
      10300    0.123244     1855.42     247.543      117.38         1.1     2793.39     1604.94     4398.33     17.3575    -91.0839  0.00143965     0.33798    0.505823    0.572861     2524.29     1.6e+19     6.53361     4.98324     4.64423     4.42456
      10200   0.0217121     1867.65     248.676     116.037         1.1     2798.55     1621.97     4420.52      17.024    -94.3906  0.00270437     0.33798    0.505823    0.572861     2522.84     1.6e+19     6.56347     4.99445     4.66189     4.44293
      10100           0     1869.79     249.789     113.685         1.1     2809.67     1635.88     4445.55     13.9114    -95.2235   0.0039675    0.361206    0.505823    0.572861     2520.74     1.6e+19     6.59361     4.60699     4.68166     4.46404
      10000   0.0915126     1869.89     250.867     111.089         1.1     2814.29     1649.01      4463.3     13.1335    -95.7708  0.00521573    0.389658    0.505823    0.572861     2518.54     1.6e+19      6.6237     4.61638     4.70362     4.48815
       9900   0.0858398     1879.03     251.921     108.206         1.1     2820.36     1661.39     4481.75     12.3789    -98.2497   0.0064457    0.412886    0.505823    0.572861     2516.98     1.6e+19     6.65365     4.62508     4.72741     4.51394
       9800    0.073901      1887.6     252.957     105.125         1.1     2825.12     1672.18     4497.29     10.7866     -100.37   0.0076518    0.412886    0.505823    0.572861      2515.4     1.6e+19     6.68333     4.63632     4.75242     4.54064
       9700   0.0621003     1894.98     253.974     101.941         1.1      2836.8     1681.39     4518.19     9.21381    -102.126  0.00882856    0.412886    0.505823    0.572861     2513.73     1.6e+19     6.71258     4.65163     4.77843     4.56831
       9600   0.0504317     1901.18     254.974     98.6941         1.1     2848.91     1689.05     4537.96     7.65726    -103.627  0.00997778    0.412886    0.517851    0.572861        2512     1.6e+19     6.74143        4.67     4.40494     4.59698
       9500   0.0389544     1906.21     255.959     95.4052         1.1     2856.51     1695.16     4551.67     6.11627    -104.951   0.0111028    0.412886    0.563773    0.634139     2510.31     1.6e+19     6.76994     4.69064     4.42513     4.21874
       9400   0.0553062     1910.12     256.919     92.9297         1.1     2865.84     1703.45     4569.29     8.28082    -106.144   0.0122024    0.412886    0.572861    0.634429     2508.65     1.6e+19     6.79808     4.71274     4.44221     4.23537
       9300   0.0378708     1915.64     257.856     90.8994         1.1      2874.5     1709.39     4583.89     5.94397    -107.713   0.0170363    0.412886    0.572861    0.634429     2507.12     1.6e+19      6.2237     4.73575     4.46172     4.25401
       9200   0.0303245     1919.42     258.773     89.1373         1.1      2882.2     1714.32     4596.51     4.92663    -108.918   0.0211357    0.412886    0.572861    0.634429     2505.47     1.6e+19     6.24842     4.75951     4.48298      4.2745
       9100   0.0109111     1922.43     259.673     87.5721         1.1     2882.51     1716.64     4599.15     2.32693    -110.015   0.0251133    0.412886    0.572861    0.634429     2503.78     1.6e+19     6.27262     4.78386     4.50558     4.29673
       9000           0     1923.51     260.557     86.1842         1.1     2884.95      1717.9     4602.85    -1.25669    -110.795   0.0289956    0.434968    0.572861    0.634429     2501.98     1.6e+19     6.29644     4.40748     4.52932     4.32054
       8900           0     1923.51     261.422     84.9647         1.1     2893.16     1718.67     4611.83   -0.772114    -111.481   0.0327978    0.476899    0.572861    0.634429     2500.17     1.6e+19     6.31996     4.42287     4.55398      4.3458
       8800           0     1923.51     262.263     83.8659         1.1     2896.54     1720.41     4616.95    -1.73796    -112.284   0.0365159    0.484658    0.572861    0.634429     2498.41     1.6e+19     6.34315     4.43607     4.57917     4.37217
       8700           0     1923.51     263.082     82.8585         1.1     2907.52     1723.09     4630.61     -2.6816    -113.162   0.0401501    0.484658    0.582453    0.634429     2496.66     1.6e+19       6.366     4.45232      4.2044      4.3993
       8600           0     1923.51     263.883     81.9282         1.1     2923.78     1726.42      4650.2    -3.33309    -114.085   0.0437073    0.484658    0.621559    0.690526     2495.03     1.6e+19     6.38855     4.47082     4.22359       4.019
       8500           0     1923.51     264.662     81.0653         1.1     2933.95     1730.39     4664.33    -3.96236     -115.03    0.047179    0.484658    0.634429    0.690526      2493.5     1.6e+19     6.41072     4.49062       4.239     4.03431
       8400           0     1923.51     265.418      80.707         1.1     2947.68      1734.5     4682.19    -4.11775    -115.975    0.050556    0.484658    0.634429    0.690526     2491.99     1.6e+19     6.43246     4.51116     4.25621     4.05097
       8300           0     1923.51     266.155      80.675         1.1      2950.1     1742.36     4692.46    -7.85498    -116.883   0.0538435    0.484658    0.634429    0.690526     2490.48     1.6e+19     6.45377     4.53221     4.27489     4.06896
       8200           0     1923.51     266.879     80.8641         1.1     2957.02     1750.36     4707.38    -8.00388     -117.74   0.0570516    0.484658    0.634429    0.690526     2488.98     1.6e+19     6.47472     4.55368     4.29458      4.0881
       8100           0     1923.51     267.593     81.2449         1.1     2960.93     1758.51     4719.43    -8.14259    -118.534   0.0601914    0.484658    0.634429    0.690526     2487.48     1.6e+19     6.49538     4.57548     4.31503     4.10819
       8000           0     1923.51     268.298     81.7825         1.1     2972.85     1767.08     4739.93    -8.57324    -119.258   0.0630091    0.484658    0.634429    0.690526     2485.99     1.6e+19     6.51579     4.59755     4.33608     4.12906
       7900           0     1923.51     268.997     82.5277         1.1     2975.66     1776.08     4751.74    -8.99683    -119.906   0.0630091    0.522741    0.634429    0.690526     2484.53     1.6e+19     6.53632     4.21509     4.35759     4.15058
       7800           0     1923.51     269.684     83.4414         1.1     2980.81     1786.06     4766.87    -9.98363    -120.472   0.0630091     0.54952    0.634429    0.690526     2483.12     1.6e+19     6.55699     4.22707     4.37932     4.17259
       7700           0     1923.51     270.355     84.5116         1.1     2988.26     1796.01     4784.27    -9.95452    -120.952   0.0630091    0.551677    0.636348    0.690526     2481.74     1.6e+19     6.57756     4.23897     4.00101     4.19493
       7600           0     1923.51     271.012     85.7479         1.1     2993.63     1806.93     4800.55    -10.9117    -121.341   0.0630091    0.551677    0.667482    0.726565     2480.42     1.6e+19     6.59794     4.25342     4.01837     3.81323
       7500           0     1923.51     271.653     87.1218         1.1     2993.69     1818.75     4812.44    -11.8283    -121.638   0.0677848    0.551677    0.688199    0.741151     2479.21     1.6e+19     5.81625     4.26946      4.0315     3.82481
       7400           0     1923.51     272.274     87.5536         1.1     2996.85     1831.48     4828.32    -12.7245     -121.86   0.0727905    0.551677    0.690526    0.741151     2478.03     1.6e+19     5.83338     4.28631     4.04407      3.8368
       7300           0     1923.51     272.876     87.4494         1.1     3001.34     1843.08     4844.42    -11.6013    -122.063   0.0775447    0.551677    0.690526    0.741151     2476.87     1.6e+19     5.84976     4.30357     4.05814     3.84981
       7200           0     1923.51     273.463     87.0672         1.1     3009.47     1853.54     4863.02    -10.4627    -122.268   0.0821027    0.551677    0.690526    0.741151     2475.71     1.6e+19     5.86555     4.32106      4.0731     3.86379
       7100           0     1923.51     274.037     86.4956         1.1     3018.28     1865.28     4883.56    -11.7371    -122.487   0.0865036    0.551677    0.690526    0.741151     2474.57     1.6e+19     5.88088     4.33869     4.08866     3.87858
       7000           0     1923.51     274.601     85.7837         1.1     3019.39     1882.28     4901.67    -17.0015    -122.722   0.0907764    0.551677    0.690526    0.741151     2473.43     1.6e+19     5.89584     4.35637     4.10467     3.89404
       6900           0     1923.51     275.158     84.9748         1.1     3020.47     1899.34     4919.81    -17.0575    -122.978   0.0949431    0.551677    0.690526    0.741151      2472.3     1.6e+19     5.91051     4.37406     4.12101     3.91003
       6800           0     1923.51     275.707     84.0891         1.1     3021.22     1912.14     4933.36    -12.8066    -123.254   0.0990204    0.551677    0.690526    0.741151     2471.18     1.6e+19     5.92494     4.39173     4.13761     3.92644
       6700           0     1923.51     276.249     83.1518         1.1     3022.44     1926.29     4948.74    -14.1495    -123.552    0.103021    0.569006    0.690526    0.741151     2470.07     1.6e+19     5.93917     4.00788      4.1544     3.94319
       6600           0     1923.51     276.784     82.1925         1.1     3022.98     1943.68     4966.66    -17.3838     -123.87    0.106945    0.591221    0.690526    0.741151        2469     1.6e+19     5.95321     4.01895     4.17126     3.96019
       6500           0     1923.51     277.305     81.2028         1.1     3026.44     1959.88     4986.32    -16.2045    -124.207    0.110777    0.606735    0.690526    0.741151     2467.98     1.6e+19     5.96697     4.02779     4.18799     3.97735
       6400           0     1923.51      277.81     80.4998         1.1     3030.49     1976.49     5006.98    -16.6099    -124.558    0.114503    0.613942    0.696801    0.741151     2466.97     1.6e+19     5.98042     4.03605     3.80415     3.99453
       6300           0     1923.51       278.3     79.9645         1.1     3033.77     1991.84     5025.61    -15.3503    -124.905    0.118121    0.613942    0.714988    0.763334     2466.03     1.6e+19     5.99354     4.04589     3.81705     3.60908
       6200           0     1923.51     278.775     79.5299         1.1     3038.43     2006.82     5045.25     -14.975    -125.242    0.121623    0.613942    0.727753    0.784739     2465.16     1.6e+19     6.00631     4.05697     3.82733     3.61788
       6100           0     1923.51     279.232     79.1859         1.1     3043.89      2021.4     5065.29    -14.5824    -125.565    0.125005    0.613942    0.737057    0.786217     2464.35     1.6e+19     6.01868     4.06871     3.83596     3.62521
       6000           0     1923.51     279.672     78.9034         1.1     3049.38     2035.57     5084.95    -14.1725    -125.871     0.12826    0.613942    0.741151    0.786217     2463.55     1.6e+19     6.03065     4.08075     3.84435     3.63331
       5900           0     1923.51     280.098     78.6698         1.1        3053     2051.97     5104.97    -16.3975    -126.161    0.131395    0.613942    0.741151    0.786217     2462.76     1.6e+19     6.04222     4.09289     3.85372     3.64204
       5800           0     1923.51     280.511     78.4753         1.1     3055.56     2066.98     5122.54    -15.0111    -126.435    0.134422    0.613942    0.741151    0.786217     2461.98     1.6e+19     6.05343     4.10509     3.86379      3.6514
       5700           0     1923.51     280.916     78.3135         1.1     3062.82        2082     5144.82    -15.0157    -126.693    0.137356    0.613942    0.741151    0.786217      2461.2     1.6e+19     6.06434     4.11731      3.8743     3.66132
       5600           0     1923.51     281.313     78.1805         1.1     3071.86     2097.16     5169.02    -15.1629    -126.935    0.140212    0.613942    0.741151    0.786217     2460.43     1.6e+19     6.07501      4.1295     3.88512      3.6717
       5500           0     1923.51     281.704     78.0726         1.1      3072.7     2112.46     5185.16    -15.3041    -127.162    0.143001    0.613942    0.741151    0.786217     2459.67     1.6e+19     6.08546     4.14166     3.89618     3.68244
       5400           0     1923.51      282.09     77.2529         1.1     3072.83     2128.13     5200.96     -15.665    -127.387    0.145732    0.613942    0.741151    0.786217     2458.91     1.6e+19     6.09573     4.15376     3.90741     3.69347
       5300           0     1923.51     282.471     75.9997         1.1     3080.31     2144.15     5224.46    -16.0213    -127.651    0.148414    0.613942    0.741151    0.786217     2458.15     1.6e+19     6.10585      4.1658     3.91877     3.70472
       5200           0     1923.51     282.849     74.5076         1.1     3085.09      2157.2     5242.29    -13.0487    -127.968    0.149485    0.613942    0.741151    0.786217      2457.4     1.6e+19     6.11594     4.17777     3.93021     3.71615
       5100           0     1923.51     283.223     72.8603         1.1     3093.37     2171.22      5264.6    -14.0231    -128.342    0.149485    0.613942    0.741151    0.786217     2456.65     1.6e+19      6.1263      4.1897     3.94174     3.72772
       5000           0     1923.51     283.596      71.074         1.1     3107.99     2186.22     5294.21     -14.996    -128.777    0.149485    0.616571    0.741151    0.786217      2455.9     1.6e+19     6.13683      3.8015     3.95336      3.7394
       4900           0     1923.51     283.968     69.2008         1.1     3124.09     2200.19     5324.28    -13.9677    -129.272    0.149485     0.63169    0.741151    0.786217     2455.16     1.6e+19     6.14746     3.81063     3.96505     3.75117
       4800           0     1923.51     284.335     67.2448         1.1     3136.05     2213.77     5349.83    -13.5853    -129.827    0.149485    0.642251    0.741151    0.786217     2454.45     1.6e+19      6.1581     3.81785     3.97672     3.76301
       4700           0     1923.51     284.697     65.2245         1.1     3142.16     2226.97     5369.12    -13.1967    -130.441    0.149485     0.65055    0.741151    0.786217     2453.74     1.6e+19     6.16867      3.8243     3.98829     3.77488
       4600           0     1923.51     285.052     63.1707         1.1     3157.16     2242.22     5399.37    -15.2515    -131.111    0.149485    0.657558    0.741151    0.786217     2453.05     1.6e+19     6.17913     3.83047     3.99977     3.78674
       4500           0     1923.51       285.4     61.0641         1.1     3173.99     2258.52     5432.51    -16.3001    -131.836    0.149485    0.663705    0.751177    0.786217     2452.38     1.6e+19     6.18947     3.83659     3.60975     3.79844
       4400           0     1923.51     285.741     59.2848         1.1     3191.52     2273.16     5464.68    -14.6411    -132.607    0.149485    0.669144    0.759155    0.802471     2451.75     1.6e+19     6.19964     3.84272     3.61844     3.40765
       4300           0     1923.51     286.073      57.688         1.1     3206.71     2287.73     5494.44    -14.5726    -133.403    0.152718    0.671454     0.76512     0.81515     2451.17     1.6e+19     5.40856     3.84902     3.62584     3.41363
       4200           0     1923.51     286.392      56.187         1.1     3226.43     2301.93     5528.36    -14.1925    -134.216    0.155827    0.671454    0.769522     0.82448     2450.63     1.6e+19     5.41681     3.85607     3.63219     3.41804
       4100           0     1923.51       286.7     54.7637         1.1     3250.25     2316.93     5567.17    -14.9996    -135.042    0.158749    0.671454    0.772902    0.825184     2450.11     1.6e+19     5.42459     3.86361     3.63792     3.42228
       4000           0     1923.51     286.994     53.3867         1.1     3274.53     2330.62     5605.15    -13.6943    -135.877    0.161517    0.671454    0.775791    0.825184      2449.6     1.6e+19     5.43199     3.87136     3.64354     3.42723
       3900           0     1923.51     287.278     52.0409         1.1     3301.67        2343     5644.67    -12.3781     -136.72    0.164155    0.671454     0.77839    0.825184     2449.11     1.6e+19     5.43906     3.87918     3.64925     3.43263
       3800           0     1923.51     287.552     50.7159         1.1     3327.39      2357.1     5684.49    -14.1023    -137.571    0.166681    0.671454    0.780742    0.825184     2448.62     1.6e+19     5.44584       3.887     3.65511     3.43835
       3700           0     1923.51     287.818     48.8219         1.1     3357.35     2371.59     5728.94    -14.4933    -138.435    0.169109    0.671454    0.782855    0.825184     2448.14     1.6e+19     5.45238     3.89477     3.66109      3.4443
       3600           0     1923.51     288.077     45.3686         1.1     3384.96     2386.47     5771.43    -14.8772    -139.381    0.171454    0.671454    0.784732    0.825184     2447.66     1.6e+19     5.45871     3.90245     3.66718     3.45042
       3500           0     1923.51      288.33     41.2394         1.1     3411.86      2399.8     5811.66    -13.3297    -140.466    0.173725    0.671454    0.786217    0.825184      2447.2     1.6e+19     5.46485     3.91004     3.67336     3.45668
       3400           0     1923.51     288.577      36.864         1.1     3434.87     2414.38     5849.25    -14.5768    -141.706    0.175932    0.671454    0.786217    0.825184     2446.74     1.6e+19     5.47083     3.91753     3.67977     3.46305
       3300           0     1923.51     288.819     32.2444         1.1     3448.62     2428.85     5877.46    -14.4691    -143.097    0.178083    0.671454    0.786217    0.825184     2446.28     1.6e+19     5.47668     3.92492     3.68638     3.46957
       3200           0     1923.51     289.058     27.9592         1.1     3463.69      2443.2     5906.89    -14.3576    -144.633    0.180186    0.671454    0.786217    0.825184     2445.83     1.6e+19     5.48241     3.93222     3.69311     3.47622
       3100           0     1923.51     289.293     25.0087         1.1     3477.25     2457.85      5935.1    -14.6425    -146.245    0.182249    0.671454    0.786217    0.825184     2445.38     1.6e+19     5.48804     3.93944      3.6999     3.48298
       3000           0     1923.51     289.524     22.5322         1.1      3493.9     2472.77     5966.67    -14.9245    -147.875    0.184275    0.671454    0.786217    0.825184     2444.94     1.6e+19     5.49358     3.94658     3.70672     3.48982
       2900           0     1923.51     289.754     20.3904         1.1     3511.04     2487.02     5998.06    -14.2536    -149.501    0.186269    0.671454    0.786217    0.825184      2444.5     1.6e+19     5.49904     3.95364     3.71357     3.49671
       2800           0     1923.51      289.98     18.4845         1.1     3528.61      2501.7     6030.31    -14.6801    -151.111    0.188234    0.671454    0.786217    0.825184     2444.06     1.6e+19     5.50444     3.96063     3.72042     3.50365
       2700           0     1923.51     290.204     16.5761         1.1     3539.23     2513.01     6052.24    -11.3043    -152.701    0.190173    0.671454    0.786217    0.825184     2443.63     1.6e+19     5.50977     3.96755     3.72726     3.51061
       2600           0     1923.51     290.426     14.3283         1.1     3540.73     2529.53     6070.26    -16.5262    -154.288    0.192087    0.671454    0.786217    0.825184      2443.2     1.6e+19     5.51504     3.97441      3.7341     3.51758
       2500           0     1923.51     290.646     11.9786         1.1     3554.63     2542.28     6096.91    -12.7461    -155.888    0.193979    0.671454    0.786217    0.825184     2442.77     1.6e+19     5.52026      3.9812     3.74091     3.52455
       2400           0     1923.51     290.864     9.60011         1.1     3570.52     2555.54     6126.07    -13.2639    -157.505    0.195848    0.671454    0.786217    0.825184     2442.35     1.6e+19     5.52544     3.98794     3.74771     3.53151
       2300           0     1923.51      291.08     7.19484         1.1     3584.45     2569.47     6153.93    -13.9299    -159.141    0.197698    0.671454    0.786217    0.825184     2441.93     1.6e+19     5.53056     3.99461     3.75447     3.53846
       2200           0     1923.51     291.294     4.92463         1.1     3591.87     2584.07     6175.94     -14.594    -160.793    0.199528    0.672927    0.786217    0.825184     2441.52     1.6e+19     5.53564     3.60115     3.76121     3.54539
       2100           0     1923.51     291.506      3.0667         1.1     3606.45     2598.77     6205.23     -14.706    -162.443    0.201338    0.679272    0.786217    0.825184     2441.11     1.6e+19     5.54068      3.6064      3.7679     3.55229
       2000           0     1923.51     291.715     1.37838         1.1     3620.93     2613.59     6234.52    -14.8145    -164.074    0.203123    0.683953    0.786217    0.825184     2440.72     1.6e+19     5.54565     3.61076     3.77451     3.55916
       1900           0     1923.51     291.918   -0.180572         1.1     3634.63     2627.97      6262.6    -14.3851     -165.68    0.204874     0.68769    0.786217    0.825184     2440.34     1.6e+19     5.55054     3.61471     3.78102     3.56597
       1800           0     1923.51     292.118    -1.63927         1.1     3649.36     2642.43     6291.78     -14.451    -167.258    0.206589    0.690828    0.786217    0.825184     2439.96     1.6e+19     5.55534     3.61847     3.78741     3.57271
       1700           0     1923.51     292.312     -3.1133         1.1     3665.44     2656.11     6321.55    -13.6857    -168.805    0.208267    0.693541    0.786217    0.825184     2439.59     1.6e+19     5.56004     3.62215      3.7937     3.57937
       1600           0     1923.51     292.503    -4.77903         1.1     3678.78     2668.33     6347.11    -12.2153    -170.333    0.209906    0.695927    0.786217    0.825184     2439.23     1.6e+19     5.56464     3.62582     3.79988     3.58594
       1500           0     1923.51     292.689    -6.49816         1.1     3691.73     2682.47      6374.2    -14.1442    -171.851    0.211509    0.698036    0.789134    0.825184     2438.88     1.6e+19     5.56914      3.6295     3.40544     3.59238
       1400           0     1923.51     292.872    -8.25685         1.1     3705.21     2698.39      6403.6    -15.9215    -173.362    0.213075    0.699894    0.791614    0.825184     2438.54     1.6e+19     5.57355      3.6332      3.4106      3.5986
       1300           0     1923.51     293.049    -10.0393         1.1     3714.96     2713.71     6428.66    -15.3134    -174.867    0.214602    0.701517    0.793711    0.832002     2438.22     1.6e+19     5.57785     3.63692     3.41547     3.20379
       1200           0     1923.51     293.223     -11.551         1.1     3716.95     2728.41     6445.36    -14.7093    -176.365    0.216091    0.702922    0.795351    0.838442     2437.91     1.6e+19     5.58206     3.64065     3.41983     3.20737
       1100           0     1923.51     293.391    -12.3018         1.1     3718.07      2742.6     6460.67    -14.1806    -177.823    0.217538    0.704114    0.796584     0.84338     2437.63     1.6e+19     5.58615     3.64438     3.42365     3.21012
       1000           0     1923.51     293.553    -12.7223         1.1     3721.35     2756.38     6477.74    -13.7877     -179.21    0.218939    0.705103    0.797509    0.847454     2437.36     1.6e+19     5.59012     3.64808     3.42706     3.21239
        900           0     1923.51     293.709    -12.7876         1.1     3724.26     2770.44      6494.7    -14.0588    -180.517    0.220293    0.705902    0.798208    0.850985     2437.11     1.6e+19     5.59395     3.65176     3.43018     3.21436
        800           0     1923.51     293.859    -12.5858         1.1     3725.96     2780.98     6506.94    -10.5387    -181.732    0.221597    0.706527     0.79874    0.854152     2436.87     1.6e+19     5.59766     3.65541     3.43308     3.21613
        700           0     1923.51     294.003    -12.0668         1.1     3729.91     2790.92     6520.83    -9.93604    -182.849    0.222852    0.706996    0.799144    0.857061     2436.64     1.6e+19     5.60123     3.65902     3.43582     3.21776
        600           0     1923.51     294.141    -11.0749         1.1     3735.79     2803.88     6539.67    -12.9661    -183.853    0.224059    0.707325    0.799451    0.857963     2436.41     1.6e+19     5.60466      3.6626     3.43845     3.21941
        500           0     1923.51     294.274    -9.79785         1.1      3742.1     2817.51     6559.61    -13.6317    -184.733    0.225219    0.707533    0.799714    0.857963     2436.19     1.6e+19     5.60797     3.66614     3.44108     3.22145
        400           0     1923.51     294.403     -8.2102         1.1     3760.76     2829.19     6589.95    -11.6751    -185.483    0.226335    0.707636    0.799962    0.857963     2435.97     1.6e+19     5.61115     3.66965     3.44379     3.22378
        300           0     1923.51     294.527    -6.36863         1.1     3768.66     2845.99     6614.65    -16.8004    -186.098    0.227411    0.707653    0.800199    0.857963     2435.76     1.6e+19     5.61423     3.67313     3.44658     3.22631
        200           0     1923.51     294.648    -4.04737         1.1     3783.31     2863.35     6646.66    -17.3557    -186.574    0.228453    0.707599    0.800424    0.857963     2435.55     1.6e+19      5.6172     3.67659     3.44945       3.229
        100           0     1923.51     294.766   -0.815667         1.1     3783.57     2876.66     6660.23    -13.3111    -186.876    0.229464    0.707488    0.800635    0.857963     2435.33     1.6e+19      5.6201     3.68004     3.45237      3.2318
          0           0     1923.51     294.882     2.90773         1.1      3796.9     2890.08     6686.99    -13.4269    -186.981    0.230449    0.707331    0.800833    0.857963     2435.13     1.6e+19     5.62292     3.68347     3.45534     3.23468