     20000          0          0    179.437    415.631        1.4     17.399    14.2831     31.682    14.2831    51.8336   0.258968   0.460851   0.605054   0.634429    2456.76    1.6e+19    5.73044    4.59858    4.35318    4.39114
     19900          0          0    179.437     414.68        1.4    28.2793    29.7361    58.0154    15.4531    51.7019   0.258968   0.460851   0.605054   0.634429    2456.76    1.6e+19    5.73044    4.59858    4.35318    4.39114
     19800          0          0    179.437    414.027        1.4    44.2321    46.3592    90.5912    16.6231    51.5707   0.258968   0.460851   0.605054   0.634429    2456.76    1.6e+19    5.73044    4.59858    4.35318    4.39114
     19700          0          0    179.437    413.765        1.4    53.1471    60.5222    113.669    14.1631    51.4563   0.258968   0.460851   0.605054   0.634429    2456.76    1.6e+19    5.73044    4.59858    4.35318    4.39114
     19600  0.0414251  0.0414251    179.437    413.802        1.4    62.7691    72.5053    135.274    11.9831    51.3637   0.258968   0.460851   0.605054   0.634429    2456.77    1.6e+19    5.73044    4.59858    4.35318    4.39114
     19500          0    4.14251    179.426    411.949        1.4    64.9002    82.0295     146.93    9.52425    50.3294   0.258968    0.46085   0.605021   0.634429    2457.11    1.6e+19    5.73044    4.59858    4.35302     4.3901
     19400          0    4.14251    179.412    409.057        1.4    76.3834    94.1371     170.52    12.1075    50.4013   0.258968   0.460842   0.604896   0.634429    2457.11    1.6e+19    5.73041    4.59855    4.35241    4.38873
     19300          0    4.14251    179.406    406.421        1.4    86.2629    106.281    192.544    12.1439    50.3054   0.258968   0.460817    0.60476   0.634429    2457.11    1.6e+19    5.73033    4.59844    4.35174    4.38794
     19200          0    4.14251    179.403    403.799        1.4    87.6636    118.458    206.122    12.1772    50.0776   0.258968   0.460776   0.604649   0.634429    2457.11    1.6e+19    5.73019    4.59826     4.3512    4.38748
     19100 0.00129478     4.1438    179.401    402.905        1.4    87.7688    130.147    217.916    11.6888    49.7632   0.258968   0.460722   0.604566   0.634429    2457.11    1.6e+19    5.73001    4.59803    4.35079    4.38721
     19000          0    4.27199      179.4    403.047        1.4    88.5157    142.647    231.162    12.4997    49.4277   0.258968   0.460663   0.604506   0.634429    2457.12    1.6e+19     5.7298    4.59777     4.3505    4.38703
     18900          0    4.27199      179.4    401.374        1.4    90.2894    155.957    246.246    13.3102    49.1427   0.258968   0.460602    0.60446   0.634429    2457.12    1.6e+19    5.72958    4.59752    4.35027    4.38693
     18800          0    4.27199      179.4    398.694        1.4    99.8354    166.527    266.362    10.5701    48.7805   0.258968   0.460544   0.604427   0.634429    2457.12    1.6e+19    5.72936    4.59726    4.35011     4.3869
     18700          0    4.27199      179.4    396.843        1.4    120.972    178.397    299.369    11.8698    48.3317   0.258968   0.460489   0.604405   0.634429    2457.12    1.6e+19    5.72915    4.59703       4.35    4.38691
     18600          0    4.27199    179.401    395.393        1.4    155.389    192.896    348.285    14.4992    47.8448   0.258968    0.46044    0.60439   0.634429    2457.12    1.6e+19    5.72895    4.59682    4.34993    4.38695
     18500          0    4.27199    179.401    394.002        1.4    197.328    201.615    398.942    8.71854    47.3359   0.258968   0.460396   0.604381   0.634429    2457.12    1.6e+19    5.72876    4.59663    4.34989    4.38701
     18400          0    4.27199    179.402    392.671        1.4    206.006    209.882    415.888    8.26785    46.8087   0.258968   0.460358   0.604376   0.634429    2457.11    1.6e+19    5.72858    4.59647    4.34987    4.38708
     18300          0    4.27199    179.403    389.564        1.4     209.84      218.5     428.34    8.61714    46.2373   0.258968   0.460325   0.604375   0.634429    2457.11    1.6e+19    5.72842    4.59632    4.34986    4.38715
     18200          0    4.27199    179.404    385.358        1.4    234.782    227.116    461.898    8.61643    45.5391   0.258968   0.460297   0.604375   0.634429    2457.11    1.6e+19    5.72828    4.59621    4.34986    4.38722
     18100          0    4.27199    179.404    381.775        1.4    283.767    235.205    518.972    8.08908    44.6995   0.258968   0.460274   0.604377   0.634429    2457.11    1.6e+19    5.72816    4.59611    4.34987    4.38729
     18000          0    4.27199    179.405    378.424        1.4    328.203    243.853    572.056    8.64841    43.7612   0.258968   0.460254    0.60438   0.634429    2457.11    1.6e+19    5.72805    4.59602    4.34988    4.38735
     17900          0    4.27199    179.406    377.467        1.4    365.276    253.918    619.194    10.0644    42.7771   0.258968   0.460238   0.604383   0.634429    2457.11    1.6e+19    5.72795    4.59595     4.3499    4.38742
     17800          0    4.27199    179.406    377.985        1.4     400.43    264.842    665.272    10.9238    41.8657   0.258968   0.460226   0.604387   0.634429    2457.11    1.6e+19    5.72787     4.5959    4.34992    4.38748
     17700          0    4.27199    179.407    376.084        1.4    435.137    275.155    710.291    10.3132    41.0271   0.258968   0.460216   0.604392   0.634429     2457.1    1.6e+19     5.7278    4.59586    4.34994    4.38753
     17600          0    4.27199    179.407    372.863        1.4    458.953    289.473    748.426    14.3177     40.136   0.258968   0.460208   0.604397   0.634429     2457.1    1.6e+19    5.72774    4.59582    4.34997    4.38759
     17500   0.204106    4.47609    179.408    372.937        1.4    466.736     303.45    770.186    13.9771    39.1552   0.258968   0.460202   0.604401   0.634429    2457.12    1.6e+19    5.72769     4.5958    4.34999    4.38764
     17400   0.327604    25.0102    182.051    404.897        1.4    496.123    313.182    809.305     9.7318    32.6074   0.258968   0.458633   0.604097   0.634429    2459.85    1.6e+19    5.71831    4.58908     4.3485    4.38483
     17300   0.295927    57.7389    182.765    414.367        1.4     525.85     323.14     848.99    9.95857    25.7237   0.258968   0.456676   0.601252   0.634429    2463.57    1.6e+19    5.71502    4.58072    4.33464    4.35981
     17200   0.336924    87.3726    183.065    419.885        1.4    562.805     337.16    899.966    14.0203    21.3738   0.258968   0.454374   0.596182   0.634429       2467    1.6e+19    5.71791    4.57091    4.31009     4.3186
     17100   0.483401    121.211    183.326    423.065        1.4     618.72    352.464    971.185    15.3038    17.1427   0.258968   0.484658   0.584277   0.634429    2470.75    1.6e+19    5.72431    4.55751    4.27632    4.26663
     17000        0.4    169.468     183.64    424.441        1.4    670.421    370.924    1041.35    18.4599    10.6055   0.258968   0.484658   0.573755    0.58669    2475.69    1.6e+19     5.7316    4.53822    4.23421    4.20422
     16900   0.298098    209.366    184.045    419.831        1.4    713.722    390.504    1104.23      19.58    7.25418   0.258968   0.484658   0.547518   0.572861    2479.83    1.6e+19    5.73768    4.51384    4.58434    4.53693
     16800   0.279264    239.157    184.578    411.293        1.4    755.685    411.116     1166.8    20.6121    6.44293   0.258968    0.48071   0.535078   0.572861    2483.09    1.6e+19    5.74111    4.48403    4.52803    4.46767
     16700   0.280153    267.084    185.238    401.546        1.4    798.501    433.769    1232.27    22.6524    5.59251   0.258968   0.484658   0.535518    0.50843    2486.15    1.6e+19    5.74104    4.44904    4.46869    4.40073
     16600   0.346887    295.166    186.002    390.653        1.4    838.124    460.916    1299.04    27.1476    4.17025   0.258968   0.435298   0.495443   0.505823    2489.14    1.6e+19    5.73708     4.4101    4.40917    4.73719
     16500   0.442561    329.951    186.843    390.768        1.4    881.732    482.427    1364.16    21.5107   0.958631   0.258968   0.412886   0.470612   0.505823    2492.63    1.6e+19    5.72926    4.76905    4.75022    4.67216
     16400   0.535392      374.3    187.725    398.102        1.4    939.143     508.67    1447.81    26.2429   -3.70802   0.258968   0.412886   0.475433    0.45084    2496.89    1.6e+19    5.71785    4.72359    4.68898    4.60437
     16300   0.599991    427.904     188.62    402.078        1.4    1005.52    532.566    1538.09    23.8964   -9.18226   0.258009   0.412886   0.448254   0.434418    2501.85    1.6e+19    5.70304    4.67494    4.62516    4.93388
     16200   0.535803    487.839    189.513    404.289        1.4    1075.89    562.498    1638.39    29.9322    -14.762   0.251975   0.393635   0.402567   0.434418     2507.3    1.6e+19    5.68531    4.62389    4.96114    4.85658
     16100   0.424945    541.308    190.419    394.251        1.4       1141    595.817    1736.82    33.3188   -17.9292   0.245029    0.33798   0.431734    0.36527    2512.12    1.6e+19    5.66503    4.97365    4.89125    5.17887
     16000   0.396769    583.774    191.367    376.072        1.4    1194.31    628.154    1822.47    32.3364   -18.9172   0.237212    0.33798   0.375964    0.36527    2515.94    1.6e+19    5.64237    4.92019    4.82122    5.10389
     15900    0.38795    623.442    192.365    366.374        1.4    1241.38    659.641    1901.02    31.4871   -20.1438   0.228598    0.33798   0.333461    0.36527    2519.46    1.6e+19    5.61762    4.86448    5.15509    5.03349
     15800   0.419734    662.269    193.404    361.776        1.4    1290.41    688.596    1979.01    28.9556    -21.577   0.219307   0.287611    0.36527   0.299483    2522.86    1.6e+19    5.59117    4.80839    5.08763    5.76918
     15700   0.428672    704.251    194.467    358.458        1.4    1339.17    717.639    2056.81    29.0429   -23.8265   0.209445   0.269662   0.331459   0.299483    2526.45    1.6e+19    5.56335    5.15307    5.02353    5.70567
     15600   0.428541    747.118    195.542    356.248        1.4    1388.46    744.857    2133.32    27.2175   -26.1691   0.199143   0.269662   0.299483   0.299483    2530.06    1.6e+19    5.53459    5.09635    5.76284    5.64334
     15500   0.418125    789.962    196.628    353.275        1.4     1436.8    771.759    2208.55    26.9024    -28.351   0.188515   0.269662   0.297661   0.299483    2533.64    1.6e+19    5.50523    5.03954    5.70103    5.58274
     15400   0.471945    831.828    197.721    349.937        1.4    1489.09    798.044    2287.14    26.2844   -30.2411   0.177623   0.209552   0.274871   0.299483     2537.1    1.6e+19    5.47545     5.7846    5.64115    5.52405
     15300   0.551911    879.103    198.811    348.251        1.4    1548.66     826.55    2375.21    28.5059   -33.1961   0.166537   0.209552   0.252558   0.299483    2540.96    1.6e+19    5.44548    5.72872    5.58373    5.46651
     15200   0.611329    934.353    199.878    347.597        1.4    1608.37    854.745    2463.12    28.1957    -37.406   0.155313   0.209552   0.297049   0.221452    2545.46    1.6e+19    5.41546    5.67299    5.52689    5.40911
     15100   0.728107    995.603    200.907    353.448        1.4    1676.47    882.612    2559.08    27.8667   -42.0247   0.149485   0.209552   0.299483   0.177994    2550.39    1.6e+19    6.18399     5.6177    5.46775    6.15255
     15000   0.830505    1068.52    201.881     363.71        1.4    1758.13    910.034    2668.16    27.4218   -47.7164   0.149485   0.209552   0.212985   0.171348    2556.27    1.6e+19    6.15007    5.56288    5.41235    6.08828
     14900   0.911826    1151.65    202.787    371.259        1.4    1849.85    935.894    2785.74    25.8598   -53.7568   0.149485   0.209552   0.177994   0.149855    2562.91    1.6e+19    6.11508    5.50876     6.1563    6.01943
     14800   0.871234    1242.79    203.623    377.322        1.4    1952.11    961.549    2913.66    25.6557   -59.6971   0.141399   0.209552   0.177994   0.177994    2570.23    1.6e+19    6.07945    5.45532    6.09307    5.94409
     14700   0.137999    1329.18    204.352    366.932        1.4    2046.04    986.191    3032.23     24.642   -63.3649   0.131756   0.126118   0.177994   0.172821    2577.14    1.6e+19    6.04355    5.40378    6.02473    5.86427
     14600   0.139789    1342.98    196.801    294.669        1.4    2095.67    1025.23     3120.9    39.0392   -52.8791  0.0061049   0.209552   0.177994   0.172676    2575.53    1.6e+19    6.64532    5.53349    6.11621    5.84502
     14500  0.0987485    1356.92    194.611    266.772        1.4    2127.89    1069.97    3197.86    44.7366   -49.4466          0   0.209552   0.297686   0.177994    2573.71    1.6e+19      6.501     5.7195    5.42634    5.89256
     14400  0.0630138    1366.76    194.714    249.704        1.4       2152    1116.61    3268.61    46.6402   -48.2521          0   0.269662   0.299483   0.177994    2571.54    1.6e+19      6.501    5.02652    5.46186    5.96822
     14300  0.0563325    1373.05    195.597    235.076        1.4    2172.79    1160.16    3332.95    43.5534   -47.9306          0   0.269662   0.299483   0.177994    2569.03    1.6e+19      6.501    5.04946    5.46807    6.04787
     14200   0.048766    1378.68    196.716    222.659        1.4     2186.6       1202    3388.59    41.8369   -48.4488          0   0.269662   0.299483   0.177994    2566.35    1.6e+19      6.501    5.02846    5.46475    6.12303
     14100  0.0689545    1383.58    197.893    216.122        1.4    2199.84    1242.44    3442.28    40.4406   -49.3018          0   0.209552   0.299483   0.177994     2563.5    1.6e+19      6.501    5.79206    5.46257    6.19208
     14000          0     1390.4    199.076    213.172        1.4    2203.92    1280.35    3484.26    37.9095   -50.6128          0   0.209552   0.299483   0.299483    2560.86    1.6e+19      6.501    5.75114    5.46414    5.43807
     13900          0     1390.4    200.264    208.129        1.4     2205.1    1320.65    3525.76    40.3059    -50.425          0   0.209552   0.299483   0.299483    2557.67    1.6e+19      6.501    5.71052    5.46825    5.47887
     13800  0.0216904    1390.42    201.454    202.189        1.4    2212.59    1357.71    3570.31    37.0612   -50.5599          0   0.209552   0.299483   0.299483    2554.44    1.6e+19      6.501    5.67539    5.47822    5.52234
     13700          0    1392.57    202.627    197.858        1.4    2221.05    1396.44    3617.49    38.7229   -51.3824          0   0.209552   0.299483   0.299483    2551.35    1.6e+19      6.501    5.64809    5.49454    5.56733
     13600  0.0150613    1392.59    203.788    194.429        1.4    2222.29    1433.85    3656.15    37.4172   -51.8246          0   0.209552   0.299483   0.299483    2548.06    1.6e+19      6.501    5.62934    5.51658    5.61395
     13500  0.0419623    1394.12    204.937    197.958        1.4    2223.58    1464.75    3688.32    30.8926   -52.5841          0   0.209552   0.299483   0.299483    2544.88    1.6e+19      6.501    5.61902     5.5437     5.6622
     13400          0    1398.27    206.067    205.596        1.4    2224.08    1497.72     3721.8    32.9727   -53.4664          0   0.209552   0.299483   0.299483     2541.9    1.6e+19      6.501    5.61655      5.575    5.71115
     13300   0.220068    1398.49    207.193    202.385        1.4    2224.43    1527.39    3751.82    29.6675   -53.1454          0   0.209552   0.299483   0.299483    2538.58    1.6e+19      6.501    5.62116    5.60969    5.76156
     13200   0.250101    1420.53    210.632    224.113        1.4    2242.19    1556.67    3798.86    29.2828   -57.4659          0   0.209552   0.299483   0.299483     2539.7    1.6e+19      6.501    5.60718    5.63979    5.78386
     13100    0.30162    1445.59    212.766    230.733        1.4    2265.97    1579.77    3845.74    23.0994   -60.4896          0   0.209552   0.299483   0.299483    2541.21    1.6e+19      6.501    5.59648    5.66088    5.79172
     13000   0.219171    1475.67    214.451    236.356        1.4    2281.45     1603.8    3885.26     24.035   -63.4103          0   0.209552   0.299483   0.299483    2543.24    1.6e+19      6.501    5.57646    5.66356    5.78541
     12900    0.37085    1497.74    215.791    242.395        1.4    2311.83    1626.72    3938.56     22.917   -63.7596 0.00572564   0.209552   0.299483   0.299483    2544.65    1.6e+19    6.63608    5.54939    5.65276    5.76811
     12800    0.40765    1534.86     216.78     248.38        1.4    2350.07    1650.82     4000.9    24.1017   -66.7848  0.0112374   0.209552   0.299483   0.299483    2547.39    1.6e+19    6.77337    5.51959      5.634    5.74021
     12700   0.315464    1575.54    217.622    249.916        1.4    2382.27     1675.8    4058.07    24.9803   -69.6987  0.0265063   0.209552   0.299483   0.299483    2550.46    1.6e+19    6.28114    5.48935    5.60854    5.70162
     12600   0.122541    1606.89    218.545    248.434        1.4     2394.9    1702.41    4097.31    26.6051   -70.2235  0.0402758   0.193498   0.299483   0.299483    2552.78    1.6e+19     6.3668    5.45792    5.57613    5.65765
     12500    0.14586    1619.17    219.553    247.755        1.4    2409.53    1729.84    4139.37    27.4341   -67.0564  0.0509459   0.150446   0.299483   0.299483    2553.49    1.6e+19    6.43498    5.42777    5.54019    5.61602
     12400   0.107236    1633.71    220.638    247.338        1.4    2421.64     1755.3    4176.94    25.4618   -65.2105  0.0591521   0.113957   0.299483   0.299483     2554.4    1.6e+19    6.48852    6.19921    5.50466    5.57839
     12300   0.206556    1644.54    221.778    245.632        1.4    2444.34    1780.31    4224.65    25.0077   -63.2316  0.0630091   0.113957   0.299483   0.299483    2554.99    1.6e+19    6.53008     6.1686    5.47088    5.54378
     12200   0.368397    1665.35    222.945    242.861        1.4    2481.06    1806.67    4287.73    26.3577   -63.9919  0.0630091   0.113957   0.261001   0.299483    2556.43    1.6e+19    6.56218    6.13784    5.43996    5.50999
     12100   0.467394    1702.29    224.088    241.505        1.4    2526.26    1835.02    4361.28    28.3542   -68.1501  0.0630091   0.113502   0.203441   0.299483    2559.19    1.6e+19    6.58654     6.1076    5.41281     5.4729
     12000   0.564509    1749.13    225.183    240.907        1.4    2579.64    1859.94    4439.58    24.9148   -73.6201  0.0662815   0.107701   0.177994   0.299483    2562.74    1.6e+19    5.80404    6.07837    6.18341     5.4305
     11900    0.61617    1805.63    226.222    241.106        1.4    2637.16    1888.27    4525.43    28.3317   -80.0008  0.0820525   0.101999   0.177994   0.177994    2567.05    1.6e+19    5.81439    6.04993    6.14765    6.18629
     11800   0.751029    1867.38    227.209    241.862        1.4    2699.92     1916.1    4616.02    27.8309   -86.1705  0.0956141  0.0962489   0.177994   0.177994    2571.76    1.6e+19    5.81884    6.02152    6.10837    6.13533
     11700   0.318387    1942.05    228.134    250.377        1.4    2774.54    1944.55    4719.09    28.4475    -93.452    0.10101  0.0903087   0.177994   0.177994    2577.57    1.6e+19    5.81839    5.99248    6.06417    6.07483
     11600   0.237291    1973.81    216.633    222.672        1.4     2828.1    1985.28    4813.38    40.7309   -90.3202 0.00528885   0.113957   0.177994   0.177994    2577.33    1.6e+19    6.62547    6.15434    6.17643    6.06293
     11500   0.133956    1997.44    212.937    203.378        1.4    2872.04    2038.11    4910.15    52.8298   -89.0719          0   0.209552   0.299483   0.177994    2576.36    1.6e+19      6.501    5.55347    5.48942    6.11076
     11400   0.138108    2010.84    212.521    178.187        1.4    2903.27    2093.54    4996.82    55.4308   -88.2019          0   0.209552   0.299483   0.177994    2574.45    1.6e+19      6.501    5.68082    5.54117    6.18411
     11300   0.139773    2024.65     213.26    166.289        1.4    2927.46    2145.76    5073.22    52.2171   -89.1657          0   0.209552   0.299483   0.299483     2572.6    1.6e+19      6.501    5.73872    5.55666    5.44356
     11200  0.0781097    2038.57    214.363    161.633        1.4    2946.45    2196.25     5142.7    50.4869   -90.6223          0   0.209552   0.299483   0.299483    2570.74    1.6e+19      6.501    5.74937    5.55478    5.49237
     11100          0     2046.3    215.574    153.377        1.4    2948.27    2245.57    5193.84    49.3258   -90.9769          0   0.209552   0.299483   0.299483     2568.3    1.6e+19      6.501    5.73445    5.55013    5.53765
     11000          0     2046.3    216.834    143.618        1.4    2959.25    2293.54    5252.79    47.9658   -90.3268          0   0.209552   0.299483   0.299483    2565.14    1.6e+19      6.501    5.70909    5.54948    5.58216
     10900          0     2046.3    218.113    138.158        1.4    2960.96    2343.02    5303.99    49.4866   -90.3491          0   0.209552   0.299483   0.299483    2561.93    1.6e+19      6.501    5.68247    5.55561    5.62733
     10800  0.0432424    2046.34    219.391     135.05        1.4    2970.93    2389.18    5360.11    46.1589   -90.6969          0   0.209552   0.299483   0.299483    2558.69    1.6e+19      6.501    5.65966    5.56879    5.67329
     10700  0.0274204    2050.65    220.649    130.896        1.4    2979.17    2434.76    5413.93    45.5757   -92.0466          0   0.209552   0.299483   0.299483    2555.78    1.6e+19      6.501    5.64308    5.58821    5.71937
     10600 0.00865272    2053.37    221.891    126.304        1.4    2983.05    2479.77    5462.82    45.0086   -93.1067          0   0.209552   0.299483   0.299483    2552.71    1.6e+19      6.501    5.63359    5.61267    5.76583
     10500  0.0143481    2054.24    223.133    123.563        1.4    2986.66    2524.13    5510.79    44.3667   -93.8992          0   0.209552   0.299483   0.340089    2549.48    1.6e+19      6.501    5.63117    5.64147     5.0119
     10400  0.0140752    2055.68    224.374    121.868        1.4    2989.63    2565.96    5555.59    41.8257   -94.8742          0   0.209552   0.299483    0.36527     2546.4    1.6e+19      6.501    5.63535    5.67211      5.048
     10300  0.0622418    2057.13    225.608    120.775        1.4    2999.21    2605.25    5604.47    39.2918   -95.8464          0   0.209552   0.299483    0.36527    2543.31    1.6e+19      6.501    5.64544     5.7044    5.08748
     10200  0.0470193    2063.34    226.819    119.497        1.4    3007.84    2644.13    5651.97    38.8815   -97.6975          0   0.209552   0.299483    0.36527    2540.61    1.6e+19      6.501    5.66073    5.73915    5.12855
     10100          0       2068     228.01    117.122        1.4    3015.53    2679.82    5695.35    35.6902   -99.0528          0   0.209552   0.299483    0.36527    2537.78    1.6e+19      6.501    5.68055    5.77592    5.17055
     10000          0       2068     229.21    114.467        1.4    3016.76    2714.61    5731.38    34.7904   -99.4876          0   0.209552   0.333022    0.41124    2534.57    1.6e+19      6.501     5.7043    5.01258    4.81274
      9900  0.0496657    2068.05    230.416    111.667        1.4    3026.29     2748.5    5774.79    33.8836   -100.141          0   0.209552    0.36527   0.434418    2531.57    1.6e+19      6.501    5.73128    5.04064    4.84468
      9800  0.0393782       2073    231.595    108.659        1.4    3034.58    2780.65    5815.23    32.1485   -101.901          0   0.209552    0.36527   0.434418    2528.99    1.6e+19      6.501    5.76072    5.07159    4.87812
      9700   0.091685    2076.99    232.748    105.516        1.4    3049.84    2811.08    5860.92    30.4398   -103.397          0   0.209552    0.36527   0.434418    2526.34    1.6e+19      6.501    5.79232    5.10512    4.91299
      9600   0.212342    2086.28     233.87    102.202        1.4    3065.46    2839.85    5905.31    28.7609    -105.91          0   0.261166    0.36527   0.434418    2524.16    1.6e+19      6.501    5.01998     5.1403    4.94835
      9500  0.0624612    2107.37    234.917    98.5849        1.4    3076.24       2867    5943.24    27.1577    -110.43          0   0.269662    0.36527   0.434418    2523.03    1.6e+19      6.501     5.0429    5.17557     4.9807
      9400          0    2113.55    235.943    95.8862        1.4    3082.62    2896.26    5978.88     29.257   -111.449          0   0.269662    0.38843   0.474794    2520.66    1.6e+19      6.501    5.06944    4.80862    4.61076
      9300          0    2113.55    237.006    93.8413        1.4    3088.33    2923.05    6011.38    26.7937    -111.43          0   0.269662   0.434418   0.505823    2517.98    1.6e+19      6.501     5.0984    4.83172    4.63291
      9200          0    2113.55    238.083    92.1373        1.4    3093.03    2948.67     6041.7    25.6173   -111.753          0   0.269662   0.434418   0.505823    2515.33    1.6e+19      6.501    5.12868    4.85608    4.65876
      9100  0.0157355    2113.57    239.156    90.6419        1.4    3096.41    2971.52    6067.92    22.8441   -112.313          0   0.269662   0.434418   0.505823    2512.68    1.6e+19      6.501    5.15999    4.88428    4.68834
      9000   0.137742    2115.26     240.22    89.2773        1.4    3101.95     2990.6    6092.54    19.0804   -113.351          0   0.269662   0.434418   0.505823    2510.18    1.6e+19      6.501    5.19235    4.91532    4.72052
      8900          0     2128.9    241.231    87.8531        1.4    3107.26    3010.01    6117.28    19.4186   -116.671          0   0.326249   0.434418   0.505823    2508.72    1.6e+19      6.501    4.81985    4.94795    4.75166
      8800   0.131752    2129.03    242.228    86.6373        1.4    3113.42    3028.31    6141.73    18.2966   -116.931 0.00033626    0.33798   0.434418   0.505823    2506.18    1.6e+19    6.50782    4.84112    4.98064    4.78372
      8700   0.123751     2142.2    243.196    85.3971        1.4    3126.93    3045.52    6172.45    17.2042   -119.858 0.00166606    0.33798   0.465675   0.550819    2504.78    1.6e+19    6.53894    4.86583     4.6117     4.4127
      8600   0.118125    2154.57     244.11    84.1595        1.4    3145.43    3061.95    6207.38    16.4398   -122.197 0.00294802    0.33798   0.505823   0.572861    2503.51    1.6e+19    6.56926    4.89288    4.63197    4.42882
      8500   0.112693    2166.37    244.987    82.9897        1.4    3157.52    3077.67    6235.18    15.7131   -124.139 0.00416709    0.33798   0.505823   0.572861    2502.23    1.6e+19     6.5984    4.92102    4.65157    4.44446
      8400   0.110762    2177.64     245.84    82.3506        1.4     3172.9    3093.13    6266.03    15.4605   -125.773 0.00532395    0.33798   0.505823   0.572861     2500.9    1.6e+19    6.62632    4.94961    4.67249    4.46122
      8300  0.0817802    2188.69    246.678    82.0576        1.4    3176.69    3104.75    6281.45    11.6223   -127.202 0.00642715    0.33798   0.505823   0.572861    2499.56    1.6e+19     6.6532    4.97839    4.69425    4.47935
      8200  0.0796815    2196.86    247.516    82.0459        1.4     3184.8    3116.11    6300.91    11.3592    -127.96 0.00748682   0.357944   0.505823   0.572861    2497.98    1.6e+19    6.67926    4.60634    4.71681    4.49942
      8100  0.0776868    2204.83    248.355    82.2676        1.4    3189.73     3127.2    6316.93    11.0949   -128.674 0.00851415    0.41044   0.505823   0.572861    2496.45    1.6e+19    6.70474    4.62427    4.74027    4.52158
      8000  0.0735449     2212.6    249.181    82.6713        1.4    3202.54    3137.75    6340.29    10.5437    -129.33 0.00951364   0.412886   0.505823   0.572861    2494.95    1.6e+19    6.72974    4.63994    4.76438    4.54527
      7900  0.0694573    2219.95    249.995    83.3059        1.4    3206.13    3147.75    6353.88    10.0052   -129.876  0.0104885   0.412886   0.505823   0.572861    2493.41    1.6e+19    6.75434    4.65855    4.78904    4.57018
      7800  0.0610934    2226.88    250.802    84.1259        1.4    3211.97    3156.65    6368.62    8.89779    -130.31   0.011444   0.412886    0.53372   0.572861    2491.86    1.6e+19    6.77865    4.67919    4.41224    4.59603
      7700  0.0603258    2232.99    251.605    85.1235        1.4    3220.03    3165.45    6385.47    8.79456   -130.556  0.0128107   0.412886   0.570257   0.624721    2490.35    1.6e+19    6.20255    4.70116    4.42983    4.21585
      7600  0.0521634    2239.02    252.397    86.3005        1.4    3225.95    3173.15    6399.09    7.70286   -130.768  0.0171515   0.412886   0.572861   0.634429    2488.95    1.6e+19     6.2244    4.72381    4.44589    4.22933
      7500  0.0442522    2244.22    253.176    87.6319        1.4    3226.52     3179.8    6406.32    6.64864   -130.792  0.0206875   0.412886   0.572861   0.634429    2487.49    1.6e+19    6.24571    4.74679    4.46364    4.24522
      7400  0.0363717    2248.64    253.949    88.0129        1.4    3229.21     3185.4    6414.61    5.60136   -130.672   0.024141   0.412886   0.572861   0.634429    2485.97    1.6e+19    6.26669    4.77001    4.48286    4.26346
      7300  0.0435146    2252.29    254.718    87.8671        1.4    3233.29    3191.96    6425.24    6.55668    -130.48  0.0275354   0.412886   0.572861   0.634429     2484.4    1.6e+19    6.28746    4.79344    4.50343     4.2838
      7200  0.0507555    2256.65    255.483    87.4302        1.4    3241.06    3199.47    6440.54    7.51742   -130.525    0.03089   0.451378   0.572861   0.634429    2482.91    1.6e+19    6.30813    4.41319    4.52518    4.30563
      7100  0.0400372    2261.71     256.23    86.7826        1.4    3249.58    3205.54    6455.12    6.06956   -130.757  0.0341991   0.484112   0.572861   0.634429    2481.55    1.6e+19    6.32868    4.42573    4.54761    4.32828
      7000          0    2265.67     256.96    86.0001        1.4    3250.47    3206.18    6456.66   0.640312   -130.802  0.0374385   0.484658   0.572861   0.634429    2480.12    1.6e+19    6.34894    4.43827    4.57028    4.35165
      6900          0    2265.67    257.691    85.1844        1.4    3251.35    3206.59    6457.94   0.408943   -130.176  0.0406093   0.484658   0.572861   0.634429    2478.37    1.6e+19     6.3689    4.45359    4.59338    4.37668
      6800  0.0279961     2265.7    258.431    84.3233        1.4    3252.33    3211.06    6463.39    4.46881   -129.786  0.0437481   0.484658   0.603323   0.643582    2476.65    1.6e+19    6.38881    4.47089     4.2146    4.00304
      6700   0.016747    2268.49    259.158    83.3768        1.4    3253.78       3214    6467.78    2.94192   -130.083  0.0468758   0.484658   0.633938   0.690526     2475.3    1.6e+19    6.40878    4.48951    4.23086    4.02021
      6600          0    2270.15    259.864    82.4054        1.4    3254.53    3214.47       6469  -0.463532   -130.177  0.0499663   0.484658   0.634429   0.690526    2473.92    1.6e+19    6.42865    4.50889    4.24609    4.03447
      6500          0    2270.15     260.56    81.4303        1.4    3258.21    3215.01    6473.22   0.540209   -130.022  0.0530017   0.484658   0.634429   0.690526    2472.41    1.6e+19     6.4483    4.52872    4.26299    4.05084
      6400          0    2270.15    261.252    80.7599        1.4    3262.52    3215.06    6477.58  -0.051527   -129.985  0.0559932   0.484658   0.634429   0.690526    2470.91    1.6e+19    6.46779    4.54893    4.28129    4.06913
      6300 0.00252161    2270.15    261.938    80.2595        1.4     3266.1    3216.07    6482.17    1.01223   -130.022  0.0589545   0.484658   0.634429   0.690526    2469.41    1.6e+19    6.48722     4.5695    4.30074    4.08885
      6200 0.00382431     2270.4    262.618    79.8557        1.4    3270.43    3217.25    6487.69    1.18203   -130.153  0.0618918   0.484658   0.634429   0.690526    2467.94    1.6e+19    6.50662    4.59042     4.3211    4.10958
      6100 0.00519288    2270.79    263.292     79.536        1.4    3275.54    3218.61    6494.15    1.35794   -130.328  0.0630091   0.509538   0.634429   0.690526     2466.5    1.6e+19    6.52611    4.20958    4.34214    4.13102
      6000 0.00667082    2271.31    263.957    79.2719        1.4     3281.4    3220.15    6501.55    1.54298   -130.531  0.0630091   0.539538   0.634429   0.690526    2465.12    1.6e+19    6.54593    4.22226    4.36358    4.15296
      5900          0    2271.97    264.607    79.0518        1.4    3285.41    3221.06    6506.47  -0.906905   -130.752  0.0630091   0.551677   0.634429   0.690526    2463.78    1.6e+19    6.56582    4.23287     4.3851    4.17519
      5800          0    2271.97    265.245    78.8787        1.4    3287.56    3221.32    6508.87   0.254988   -130.833  0.0630091   0.551677   0.645743   0.690526     2462.4    1.6e+19    6.58562    4.24576      4.006    4.19772
      5700          0    2271.97    265.875    78.7432        1.4    3295.25    3221.34    6516.59   0.024607   -130.928  0.0645039   0.551677   0.673923   0.731182     2461.1    1.6e+19    5.80483    4.26076    4.02209    3.81493
      5600          0    2271.97    266.493    78.6392        1.4    3304.75    3221.68    6526.43  -0.342533   -131.028  0.0697893   0.551677   0.690526   0.741151     2459.9    1.6e+19    5.82207    4.27699    4.03471    3.82642
      5500          0    2271.97    267.091    78.5636        1.4     3305.1    3222.37    6527.47   -0.69111   -131.127  0.0747511   0.551677   0.690526   0.741151    2458.73    1.6e+19     5.8385    4.29384    4.04782    3.83878
      5400          0    2271.97    267.673    77.7642        1.4    3305.48    3223.62     6529.1   -1.24785   -131.236  0.0794648   0.551677   0.690526   0.741151    2457.57    1.6e+19    5.85432    4.31101    4.06221    3.85226
      5300          0    2271.97    268.241    76.5283        1.4    3313.49    3225.41     6538.9   -1.79129   -131.392  0.0839831   0.551677   0.690526   0.741151    2456.42    1.6e+19    5.86967    4.32837     4.0774    3.86669
      5200  0.0033785    2271.97    268.799    75.0507        1.4    3317.73    3226.41    6544.15    1.00097   -131.608  0.0883441   0.551677   0.690526   0.741151    2455.28    1.6e+19    5.88464    4.34585    4.09316    3.88191
      5100          0    2272.31    269.347    73.4115        1.4    3326.57    3226.56    6553.13   -0.14665    -131.95  0.0925755   0.551677   0.690526   0.741151    2454.17    1.6e+19    5.89932    4.36339    4.10934    3.89766
      5000          0    2272.31    269.887    71.6348        1.4    3341.74    3227.85    6569.59   -1.28663   -132.278  0.0966958   0.551677   0.690526   0.741151    2453.05    1.6e+19    5.91375    4.38095    4.12579    3.91388
      4900          0    2272.31    270.421    69.7737        1.4    3358.42    3228.27    6586.68  -0.421149   -132.674   0.100722   0.551677   0.690526   0.741151    2451.93    1.6e+19    5.92797     4.3985    4.14249    3.93053
      4800          0    2272.31     270.95    67.8301        1.4    3370.97    3228.47    6599.43  -0.200038   -133.135    0.10467   0.578657   0.690526   0.741151    2450.83    1.6e+19    5.94202    4.01246    4.15936    3.94751
      4700          0    2272.31    271.469    65.8237        1.4    3377.67     3228.5    6606.17  0.0312413    -133.66   0.108532   0.597604   0.690526   0.741151    2449.79    1.6e+19    5.95587    4.02234    4.17623    3.96471
      4600          0    2272.31    271.973    63.7862        1.4    3393.28    3230.67    6623.95   -2.17322   -134.244   0.112293   0.611615   0.690526   0.741151    2448.77    1.6e+19    5.96945     4.0307    4.19295    3.98203
      4500          0    2272.31    272.463    61.6981        1.4    3410.75    3234.04    6644.79     -3.363   -134.885   0.115945   0.613942   0.703057   0.741151    2447.78    1.6e+19    5.98273    4.03935    3.80835     3.9993
      4400          0    2272.31    272.939     59.946        1.4    3428.94    3235.87    6664.81   -1.83855   -135.575   0.119488   0.613942    0.71963    0.77051    2446.86    1.6e+19    5.99568    4.04972    3.82043    3.61203
      4300          0    2272.31    273.398    58.3804        1.4    3444.82    3237.77     6682.6   -1.89849   -136.291   0.122914   0.613942   0.731261   0.786217    2446.01    1.6e+19    6.00828     4.0611    3.83011    3.61993
      4200          0    2272.31    273.841    56.9147        1.4    3465.28    3239.41    6704.69   -1.64147   -137.025   0.126217   0.613942   0.740043   0.786217    2445.21    1.6e+19     6.0205      4.073    3.83854    3.62759
      4100          0    2272.31    274.268    55.5297        1.4    3489.85    3241.98    6731.83   -2.56802   -137.771   0.129397   0.613942   0.741151   0.786217    2444.42    1.6e+19    6.03232    4.08511    3.84727    3.63593
      4000          0    2272.31    274.681    54.1929        1.4    3514.94    3243.36    6758.31   -1.38111   -138.528    0.13246   0.613942   0.741151   0.786217    2443.63    1.6e+19    6.04377    4.09731    3.85697    3.64493
      3900          0    2272.31    275.084    52.8883        1.4    3542.93    3243.55    6786.48  -0.183955   -139.294   0.135423   0.613942   0.741151   0.786217    2442.85    1.6e+19    6.05488    4.10954    3.86725    3.65455
      3800          0    2272.31    275.479    51.6049        1.4    3569.54    3245.58    6815.12   -2.02869   -140.069   0.138299   0.613942   0.741151   0.786217    2442.07    1.6e+19    6.06572    4.12179    3.87793     3.6647
      3700          0    2272.31    275.867    49.7407        1.4    3600.41    3248.12    6848.53   -2.54176   -140.856   0.141103   0.613942   0.741151   0.786217     2441.3    1.6e+19    6.07632    4.13401     3.8889    3.67527
      3600          0    2272.31    276.249    46.2986        1.4    3628.96    3251.17    6880.12   -3.04918   -141.727   0.143844   0.613942   0.741151   0.786217    2440.54    1.6e+19    6.08673    4.14618    3.90007    3.68618
      3500          0    2272.31    276.627    42.1706        1.4    3656.79    3252.79    6909.58   -1.62675   -142.739   0.146534   0.613942   0.741151   0.786217    2439.78    1.6e+19    6.09697    4.15831     3.9114    3.69736
      3400          0    2272.31        277    37.7923        1.4    3680.73    3255.79    6936.52    -3.0001   -143.907   0.149178   0.613942   0.741151   0.786217    2439.03    1.6e+19    6.10707    4.17037    3.92285    3.70875
      3300          0    2272.31     277.37    33.1655        1.4     3695.4    3258.81    6954.21   -3.01981   -145.227   0.149485   0.613942   0.741151   0.786217    2438.27    1.6e+19    6.11724    4.18237    3.93439    3.72029
      3200          0    2272.31    277.737    28.8813        1.4    3711.39    3261.85    6973.24    -3.0371   -146.695   0.149485   0.613942   0.741151   0.786217    2437.52    1.6e+19    6.12768    4.19432      3.946    3.73196
      3100          0    2272.31    278.103    25.9471        1.4    3725.89     3265.3    6991.19   -3.45325   -148.238   0.149485   0.623315   0.741151   0.786217    2436.78    1.6e+19    6.13827    3.80543    3.95771    3.74374
      3000          0    2272.31    278.467    23.4948        1.4     3743.5    3269.17    7012.67   -3.86729   -149.801   0.149485   0.636288   0.741151   0.786217    2436.05    1.6e+19    6.14892    3.81363    3.96945    3.75561
      2900          0    2272.31    278.826    21.3843        1.4    3761.63     3272.5    7034.13    -3.3262    -151.36   0.149485   0.645827   0.741151   0.786217    2435.34    1.6e+19    6.15955    3.82048    3.98113    3.76753
      2800          0    2272.31    279.179    19.5153        1.4    3780.23    3276.38    7056.61   -3.87871   -152.904   0.149485   0.653572   0.741151   0.786217    2434.64    1.6e+19     6.1701    3.82679    3.99272    3.77945
      2700          0    2272.31    279.525    17.6446        1.4    3791.93       3277    7068.93  -0.624917   -154.427   0.149485   0.660235   0.745275   0.786217    2433.96    1.6e+19    6.18053    3.83294    3.60387    3.79134
      2600          0    2272.31    279.865    15.4327        1.4    3794.53    3282.97    7077.49   -5.96458   -155.947   0.149485   0.666117   0.754623   0.791844     2433.3    1.6e+19    6.19082    3.83907     3.6133    3.40265
      2500          0    2272.31    280.196     13.119        1.4    3809.57    3285.26    7094.83   -2.29608   -157.481   0.149808   0.671316   0.761842   0.808106    2432.69    1.6e+19    5.40085    3.84522    3.62151    3.41031
      2400          0    2272.31    280.518    10.7775        1.4    3826.64    3288.18    7114.82   -2.91759   -159.032   0.153128   0.671454   0.767174    0.81923    2432.12    1.6e+19     5.4096    3.85186    3.62848    3.41556
      2300          0    2272.31    280.827    8.41023        1.4    3841.78    3291.86    7133.64   -3.67734   -160.601   0.156202   0.671454   0.771144   0.825184    2431.59    1.6e+19    5.41774    3.85921    3.63455    3.41968
      2200          0    2272.31    281.125    6.18223        1.4    3850.46    3296.28    7146.74   -4.42473   -162.186   0.159091   0.671454   0.774325   0.825184    2431.08    1.6e+19    5.42542    3.86692    3.64021    3.42428
      2100          0    2272.31     281.41    4.37231        1.4    3866.35    3300.89    7167.24   -4.61047   -163.769   0.161829   0.671454   0.777128   0.825184    2430.57    1.6e+19    5.43272    3.87478     3.6459    3.42947
      2000          0    2272.31    281.686    2.73526        1.4    3882.18    3305.68    7187.86   -4.78596   -165.333    0.16444   0.671454   0.779661   0.825184    2430.08    1.6e+19    5.43971    3.88268     3.6517    3.43505
      1900          0    2272.31    281.953    1.23008        1.4    3897.29     3310.1    7207.39   -4.41927   -166.872   0.166942   0.671454   0.781949   0.825184    2429.59    1.6e+19    5.44642    3.89054    3.65764    3.44091
      1800          0    2272.31    282.212  -0.173109        1.4    3913.49    3314.64    7228.13    -4.5449   -168.383   0.169349   0.671454   0.783995   0.825184    2429.12    1.6e+19     5.4529    3.89833     3.6637    3.44697
      1700          0    2272.31    282.464   -1.59212        1.4    3931.09    3318.48    7249.57   -3.83714   -169.865   0.171675   0.671454   0.785802   0.825184    2428.64    1.6e+19    5.45918    3.90603    3.66986    3.45318
      1600          0    2272.31     282.71   -3.20478        1.4       3946     3320.9    7266.91   -2.42264   -171.327    0.17393   0.671454   0.786217   0.825184    2428.18    1.6e+19    5.46528    3.91363    3.67619    3.45953
      1500          0    2272.31    282.951   -4.87195        1.4    3960.58    3325.31    7285.88   -4.40643    -172.78   0.176124   0.671454   0.786217   0.825184    2427.72    1.6e+19    5.47123    3.92113    3.68278    3.46602
      1400          0    2272.31    283.189   -6.57999        1.4    3975.74    3331.55    7307.29   -6.23852   -174.226   0.178265   0.671454   0.786217   0.825184    2427.27    1.6e+19    5.47705    3.92854    3.68952    3.47265
      1300          0    2272.31    283.422   -8.31297        1.4    3987.21    3337.23    7324.44   -5.68598   -175.668   0.180361   0.671454   0.786217   0.825184    2426.81    1.6e+19    5.48276    3.93586    3.69633    3.47941
      1200          0    2272.31    283.652   -9.77166        1.4    3987.42    3342.37    7329.79    -5.1389   -177.103   0.182417   0.671454   0.786217   0.825184    2426.37    1.6e+19    5.48838    3.94309     3.7032    3.48627
      1100          0    2272.31     283.88   -10.4628        1.4    3990.39    3347.04    7337.43   -4.66958   -178.499   0.184439   0.671454   0.786217   0.825184    2425.92    1.6e+19    5.49391    3.95025    3.71009    3.49319
      1000          0    2272.31    284.104   -10.8205        1.4    3995.57    3351.38    7346.95   -4.33929   -179.825    0.18643   0.671454   0.786217   0.825184    2425.48    1.6e+19    5.49937    3.95734    3.71699    3.50017
       900          0    2272.31    284.327   -10.8193        1.4    4000.44    3356.06     7356.5   -4.67655   -181.071   0.188394   0.671454   0.786217   0.825184    2425.05    1.6e+19    5.50477    3.96435    3.72389    3.50717
       800          0    2272.31    284.547   -10.5492        1.4    4004.18    3357.28    7361.46   -1.22654   -182.226   0.190331   0.671454   0.786217   0.825184    2424.61    1.6e+19     5.5101    3.97129    3.73079     3.5142
       700          0    2272.31    284.764   -9.95851        1.4    4010.24    3357.98    7368.22  -0.697736   -183.283   0.192244   0.671454   0.786217   0.825184    2424.18    1.6e+19    5.51538    3.97817    3.73767    3.52122
       600          0    2272.31     284.98   -8.89131        1.4    4013.94    3361.79    7375.72   -3.80525   -184.227   0.194136   0.671454   0.786217   0.825184    2423.76    1.6e+19    5.52061    3.98498    3.74453    3.52825
       500          0    2272.31    285.194   -7.53689        1.4    4017.98    3366.34    7384.32   -4.55167   -185.047   0.196006   0.671454   0.786217   0.825184    2423.34    1.6e+19    5.52579    3.99174    3.75136    3.53526
       400          0    2272.31    285.406   -5.86946        1.4     4034.3    3369.02    7403.32   -2.67876   -185.736   0.197856   0.671454   0.786217   0.825184    2422.92    1.6e+19    5.53092    3.99844    3.75817    3.54226
       300          0    2272.31    285.617   -3.94667        1.4    4039.78    3376.91    7416.69   -7.88984    -186.29   0.199687    0.67692   0.786217   0.825184    2422.51    1.6e+19    5.53601    3.60438    3.76494    3.54924
       200          0    2272.31    285.824    -1.5387        1.4    4051.92    3385.44    7437.36    -8.5314   -186.705   0.201494   0.682224   0.786217   0.825184    2422.11    1.6e+19    5.54104    3.60907    3.77165    3.55618
       100          0    2272.31    286.027    1.78793        1.4    4054.79    3390.01     7444.8   -4.57184   -186.946   0.203272   0.686333   0.786217   0.825184    2421.72    1.6e+19      5.546    3.61319    3.77825    3.56308
         0          0    2272.31    286.226    5.61126        1.4    4070.82    3394.78     7465.6   -4.77032   -186.987   0.205013   0.689721   0.786217   0.825184    2421.34    1.6e+19    5.55087    3.61703    3.78475    3.56991