      20000           0           0     179.437     415.631         0.5      17.399     14.2831      31.682     14.2831     51.8336    0.258968    0.460851    0.605054    0.634429     2456.76     1.6e+19     5.73044     4.59858     4.35318     4.39114
      19900           0           0     179.437      414.68         0.5     28.2793     29.7361     58.0154     15.4531     51.7019    0.258968    0.460851    0.605054    0.634429     2456.76     1.6e+19     5.73044     4.59858     4.35318     4.39114
      19800           0           0     179.437     414.027         0.5     44.2321     46.3592     90.5912     16.6231     51.5707    0.258968    0.460851    0.605054    0.634429     2456.76     1.6e+19     5.73044     4.59858     4.35318     4.39114
      19700           0           0     179.437     413.765         0.5     53.1471     60.5222     113.669     14.1631     51.4563    0.258968    0.460851    0.605054    0.634429     2456.76     1.6e+19     5.73044     4.59858     4.35318     4.39114
      19600   0.0414251   0.0414251     179.437     413.802         0.5     62.7691     72.5053     135.274     11.9831     51.3637    0.258968    0.460851    0.605054    0.634429     2456.76     1.6e+19     5.73044     4.59858     4.35318     4.39114
      19500           0     4.14251      179.48     411.931         0.5     64.9186     81.9754     146.894     9.47008     50.3272    0.258968    0.460852    0.605088    0.634429     2456.89     1.6e+19     5.73045     4.59859     4.35335     4.39219
      19400           0     4.14251     179.531     409.016         0.5     76.4427     93.9642     170.407     11.9888     50.3934    0.258968    0.460864    0.605214    0.634429     2456.89     1.6e+19     5.73049     4.59864     4.35397     4.39355
      19300           0     4.14251     179.556     406.364         0.5     86.3792     105.958     192.337     11.9941      50.294    0.258968    0.460897    0.605347    0.634429     2456.89     1.6e+19     5.73062     4.59878     4.35462     4.39425
      19200           0     4.14251     179.568      403.73         0.5      87.849      117.97     205.819     12.0116     50.0653    0.258968    0.460948    0.605452    0.634429     2456.89     1.6e+19      5.7308       4.599     4.35513     4.39461
      19100 0.000844608     4.14335     179.575     402.827         0.5     87.8759     129.485     217.361     11.5154     49.7515    0.258968     0.46101    0.605526    0.634429     2456.89     1.6e+19     5.73102     4.59927     4.35549     4.39478
      19000           0     4.22697     179.578     402.962         0.5     88.5383     141.807     230.345     12.3219     49.4276    0.258968    0.461076    0.605577    0.634429     2456.89     1.6e+19     5.73126     4.59955     4.35574     4.39486
      18900           0     4.22697      179.58     401.285         0.5     90.2234     154.938     245.161     13.1304     49.1415    0.258968     0.46114    0.605613    0.634429     2456.89     1.6e+19      5.7315     4.59982     4.35592     4.39488
      18800           0     4.22697     179.579     398.603         0.5     99.8607     165.328     265.189     10.3907     48.7791    0.258968    0.461433    0.605637    0.634429     2456.89     1.6e+19     5.73173     4.20007     4.35604     4.39485
      18700           0     4.22697     179.578      396.75         0.5     121.091      177.02     298.111      11.692     48.3304    0.258968       0.462    0.605651    0.634429      2456.9     1.6e+19     5.73195     4.20023     4.35611      4.3948
      18600           0     4.22697     179.576     395.299         0.5     155.602     191.344     346.946     14.3238      47.844    0.258968    0.462351    0.605659    0.634429      2456.9     1.6e+19     5.73215     4.20032     4.35615     4.39473
      18500           0     4.22697     179.574     393.907         0.5     197.635      199.89     397.525     8.54588     47.3356    0.258968    0.462577    0.605662    0.634429      2456.9     1.6e+19     5.73232     4.20038     4.35616     4.39466
      18400           0     4.22697     179.572     392.577         0.5     206.408     207.988     414.396     8.09809     46.8088    0.258968    0.462723    0.605661    0.634429      2456.9     1.6e+19     5.73247     4.20042     4.35615     4.39459
      18300           0     4.22697      179.57      389.47         0.5     210.149     216.438     426.587      8.4503     46.2379    0.258968    0.462813    0.605657    0.634429     2456.91     1.6e+19     5.73259     4.20045     4.35614     4.39452
      18200           0     4.22697     179.568     385.266         0.5     235.183     224.891     460.074     8.45246     45.5401    0.258968    0.462866    0.605652    0.634429     2456.91     1.6e+19     5.73269     4.20046     4.35611     4.39445
      18100           0     4.22697     179.565     381.683         0.5      284.26     232.819     517.079     7.92787     44.7009    0.258968    0.462891    0.605646    0.634429     2456.91     1.6e+19     5.73278     4.20047     4.35608     4.39438
      18000           0     4.22697     179.564     378.334         0.5     328.786     241.308     570.095     8.48983     43.7628    0.258968    0.462896    0.605638    0.634429     2456.91     1.6e+19     5.73284     4.20047     4.35604     4.39432
      17900           0     4.22697     179.562     377.377         0.5     365.949     251.217     617.166     9.90834      42.779    0.258968    0.462887    0.605631    0.634429     2456.92     1.6e+19     5.73289     4.20047     4.35601     4.39426
      17800           0     4.22697      179.56     377.896         0.5     401.193     261.987      663.18     10.7701     41.8678    0.258968    0.462867    0.605623    0.634429     2456.92     1.6e+19     5.73293     4.20046     4.35597      4.3942
      17700           0     4.22697     179.558     375.995         0.5     435.987     272.148     708.136     10.1617     41.0294    0.258968     0.46284    0.605615    0.634429     2456.92     1.6e+19     5.73295     4.20046     4.35593     4.39415
      17600           0     4.22697     179.557     372.776         0.5     459.891     286.317     746.208     14.1682     40.1384    0.258968    0.462807    0.605607    0.634429     2456.92     1.6e+19     5.73297     4.20045     4.35589      4.3941
      17500    0.203376     4.43035     179.555      372.85         0.5     467.761     300.146     767.907     13.8295     39.1579    0.258968     0.46277    0.605599    0.634429     2456.93     1.6e+19     5.73298     4.20044     4.35585     4.39405
      17400    0.325716     24.8903     182.368     404.759         0.5      497.01     309.561     806.571     9.41452      32.618    0.258968    0.459784    0.605626    0.638732     2458.55     1.6e+19     5.72364     4.59401     4.35598     4.00143
      17300    0.291648     57.4278     183.586     414.073         0.5     526.444     318.698     845.142     9.13737     25.7266    0.258968    0.457958     0.60455    0.651327     2460.51     1.6e+19     5.72063     4.58619     4.35072     4.00562
      17200    0.329682     86.6306     184.636     419.328         0.5     562.842     331.147     893.988     12.4487     21.3644    0.258968    0.456062    0.603301    0.657107     2462.34     1.6e+19     5.72463      4.5781     4.34462     4.00755
      17100    0.472455     119.742     185.807     422.149         0.5     617.841     343.969     961.811     12.8226     17.1306    0.258968    0.453974    0.601897     0.65756     2464.27     1.6e+19     5.73371     4.56921     4.33777      4.0077
      17000    0.384177     166.899     187.276     423.045         0.5     668.146     358.793     1026.94     14.8241     10.6046    0.258968     0.45155     0.60042    0.664298     2466.59     1.6e+19     5.74594     4.55894     4.33059     4.00995
      16900    0.277341      205.21     189.005     417.892         0.5     709.509     373.413     1082.92     14.6197     7.30289    0.258968    0.448756     0.59904    0.671286     2468.64     1.6e+19     5.75993     4.54713      4.3239     4.01228
      16800    0.253965      232.92     190.825      408.81         0.5     748.989     387.778     1136.77     14.3653     6.60251    0.258968    0.445633    0.597469    0.664523     2470.35     1.6e+19     5.77474       4.534      4.3163     4.01002
      16700    0.250647     258.314     192.671      398.55         0.5     788.808     402.998     1191.81     15.2192     5.92728    0.258968    0.442212    0.595393    0.644102     2471.95     1.6e+19     5.78969     4.51969      4.3063     4.00322
      16600    0.312812      283.44     194.553      387.19         0.5     824.968     421.595     1246.56     18.5972     4.73592    0.259791    0.442908    0.591752    0.634429     2473.51     1.6e+19     5.00392      4.5042     4.29373     4.39302
      16500     0.40361     314.812     196.523     386.708         0.5     864.516     433.425     1297.94     11.8306     1.79645    0.262429    0.465131    0.585469    0.634429     2475.24     1.6e+19     5.01654     4.48645     4.27909     4.38055
      16400    0.491264     355.261     198.659     393.356         0.5     917.182     448.734     1365.92     15.3082    -2.58712    0.264792    0.472428    0.578803    0.634429     2477.24     1.6e+19     5.02789     4.46678     4.26364     4.36996
      16300    0.549732     404.446      201.02     396.628         0.5      978.11      460.23     1438.34     11.4961    -7.78928     0.26689    0.462155    0.572565    0.634429     2479.48     1.6e+19       5.038     4.44689     4.24927     4.36419
      16200    0.479124     459.349     203.618     398.037         0.5     1042.23     476.057     1518.28     15.8268    -13.0967    0.268777    0.439997    0.567469    0.634429     2481.88     1.6e+19     5.04713     4.42809     4.23758     4.36418
      16100    0.362244     507.144     206.362     387.405         0.5     1100.49     493.432     1593.92     17.3754    -15.9535    0.270541    0.411492    0.563723    0.634429     2484.03     1.6e+19     5.05569     4.41128     4.22902     4.36672
      16000    0.328247     543.334     209.099     368.781         0.5     1146.51     508.037     1654.55     14.6047     -16.557    0.272263    0.387267    0.560652    0.634429     2485.81     1.6e+19     5.06407     4.79663     4.22202      4.3663
      15900    0.314116     576.145     211.766     358.485         0.5     1185.69     520.123     1705.81     12.0864    -17.3312     0.27398    0.383836    0.557327    0.634429     2487.47     1.6e+19     5.07246     4.78248     4.21447     4.36108
      15800    0.341112     607.584     214.379     353.314         0.5     1226.26     528.104     1754.37     7.98081     -18.269    0.275684     0.38049    0.553322    0.634429     2489.08     1.6e+19     5.08081     4.76875      4.2054     4.35221
      15700    0.344858     641.698      216.98     349.428         0.5     1265.99     534.634     1800.62     6.53028    -20.0193    0.277343    0.377203    0.549762    0.634429     2490.76     1.6e+19     5.08896     4.75533     4.59462     4.34176
      15600    0.339679     676.179     219.596     346.629         0.5     1305.66     537.798     1843.46     3.16387    -21.8482    0.278931    0.373947    0.547154    0.634429     2492.43     1.6e+19     5.09678     4.74209     4.58268     4.33114
      15500    0.324184     710.131     222.226     343.116         0.5     1343.83     539.102     1882.94     1.30378    -23.5066    0.280432    0.370712    0.544462    0.634429     2494.08     1.6e+19      5.1042     4.72901      4.5704      4.3205
      15400    0.373728     742.599     224.857      339.26         0.5     1385.45     539.954     1925.41   -0.851861    -24.8582    0.281842    0.367502    0.541739    0.634429     2495.68     1.6e+19     5.11118     4.71609     4.55804     4.30959
      15300    0.449679     780.048     227.519     337.003         0.5     1433.78     540.156     1973.93   -0.202462    -27.3136    0.283158    0.364325    0.539038    0.634429     2497.42     1.6e+19     5.11772     4.70335     4.54583     4.29973
      15200     0.50284     825.069     230.285      335.74         0.5     1481.63     542.368        2024    -2.21153    -31.0865    0.284389    0.358776    0.536589    0.634429     2499.37     1.6e+19     5.12384     4.69099     4.53481     4.29363
      15100    0.613301     875.464     233.197     340.663         0.5     1536.94     546.791     2083.73    -4.42366    -35.2754    0.285565    0.353245     0.53469    0.634429     2501.49     1.6e+19     5.12971      4.6793     4.52629     4.29276
      15000    0.708816     936.889     236.312     349.784         0.5     1604.67     553.801     2158.48    -7.00927    -40.6012    0.286734    0.348163    0.533607    0.634429     2503.92     1.6e+19     5.13555     4.66861     4.52144     4.29894
      14900    0.781678     1007.84     239.688     356.199         0.5     1681.33     564.842     2246.18    -11.0413    -46.3367    0.287965    0.343745    0.533657    0.634429     2506.64     1.6e+19     5.14172     4.65934     4.52167     4.31403
      14800    0.733434     1085.96     243.342     360.984         0.5     1767.26     578.905     2346.16    -14.0633    -51.9942    0.289345    0.340259    0.535074    0.634429     2509.57     1.6e+19     5.14864     4.65206     4.52801     4.33823
      14700   0.0375381     1158.61     247.131     350.118         0.5     1844.37     597.042     2441.41    -18.1364    -55.3399    0.290974    0.338029    0.537868    0.634429     2512.34     1.6e+19     5.15684     4.64741     4.54056     4.36821
      14600   0.0409297     1162.37     241.084     278.378         0.5     1877.71     602.285        2480    -5.24363     -44.513    0.143049    0.460922    0.591503    0.634429     2511.47     1.6e+19     6.08564     4.42083     4.29315     4.39772
      14500  0.00153067     1166.42     239.352     251.026         0.5     1894.19      602.29     2496.48 -0.00417828    -40.5825   0.0630091    0.551677    0.680624    0.690526     2510.58     1.6e+19     6.53656     4.24004     4.04807     4.04701
      14400           0     1166.57     239.855      234.65         0.5     1903.24     603.788     2507.03     1.49887     -38.867   0.0388573    0.551677    0.690526    0.690526     2509.59     1.6e+19     6.35785     4.38292     4.11577     4.09934
      14300           0     1166.57     241.121     220.793         0.5     1909.75      605.76     2515.51     -1.9713    -38.6902   0.0244285    0.613942    0.690526    0.690526     2508.56     1.6e+19     6.26844     4.04715     4.13254     4.13948
      14200           0     1166.57      242.57     209.059         0.5     1909.96     609.777     2519.73    -4.01756    -39.3523   0.0173693    0.613942    0.690526    0.690526     2507.48     1.6e+19      6.2257      4.0632     4.12395     4.16413
      14100           0     1166.57     243.993     202.889         0.5     1909.97     615.437     2525.41    -5.65994    -40.3768   0.0141958    0.613942    0.690526    0.690526     2506.35     1.6e+19     6.20916     4.05452     4.10552       4.176
      14000           0     1166.57     245.328     200.212         0.5     1918.86     623.781     2542.64    -8.34348    -41.3713   0.0139247    0.613942    0.688225    0.690526     2505.19     1.6e+19     6.20787     4.03428     4.08525     4.17942
      13900           0     1166.57     246.565     195.524         0.5     1932.65     629.776     2562.42    -5.99517    -42.2506   0.0155204    0.582629    0.684527    0.690526     2503.99     1.6e+19     6.21551     4.01272      4.0671     4.17836
      13800           0     1166.57     247.714     189.893         0.5     1937.46     638.975     2576.43    -9.19936    -43.1621   0.0178289    0.551677    0.681534    0.690526      2502.7     1.6e+19     6.22847     4.39926      4.0525     4.17579
      13700           0     1166.57     248.793     185.801         0.5     1957.98     646.419     2604.39    -7.44331     -44.131   0.0205226    0.551677    0.679371    0.690526     2501.38     1.6e+19     6.24471     4.38827       4.042     4.17365
      13600           0     1166.57     249.811      182.58         0.5     1971.07     655.024     2626.09    -8.60567    -45.0989   0.0235238    0.551677    0.678023    0.690526     2500.04     1.6e+19     6.26293     4.37886     4.03548     4.17308
      13500           0     1166.57     250.771     185.885         0.5     1984.42     669.966     2654.39    -14.9415    -45.9456   0.0266851    0.551677    0.677423    0.690526      2498.7     1.6e+19     6.28224     4.37202     4.03258     4.17465
      13400           0     1166.57     251.681     193.203         0.5     1996.31     682.607     2678.92     -12.641    -46.3642   0.0299126    0.551677    0.676492    0.690526     2497.35     1.6e+19     6.30209     4.36809     4.03301     4.17857
      13300    0.093161     1166.67     252.545      190.35         0.5      2008.7     698.291     2706.99    -15.6846    -46.4955   0.0331483    0.551677    0.678173    0.690526     2496.01     1.6e+19     6.32214     4.36705      4.0362     4.18482
      13200    0.122038     1176.01     256.295     211.458         0.5     2013.81     714.671     2728.48    -16.3797      -48.79   0.0742439    0.551677    0.682882     0.70048     2496.68     1.6e+19     5.83838     4.37502     4.05906     3.80365
      13100    0.174488     1188.27     258.833     217.821         0.5     2024.68     737.639     2762.32    -22.9678     -50.294    0.144134    0.551677    0.685397    0.728055     2497.62     1.6e+19     6.08972     4.37174     4.07136     3.81377
      13000   0.0876291     1205.63     261.034     223.322         0.5     2027.12     760.187     2787.31    -22.5479    -52.0825    0.183296    0.551677    0.685127     0.73737     2498.83     1.6e+19     5.49092     4.35263     4.07004      3.8172
      12900    0.243583     1214.55     262.893     229.192         0.5      2044.3     784.372     2828.67    -24.1852    -51.4221    0.238747    0.551677    0.683242    0.727936     2499.87     1.6e+19     5.64681     4.32352     4.06082     3.81373
      12800    0.281304     1238.94     264.459     234.984         0.5     2069.14     807.949     2877.09    -23.5774    -53.8224    0.258968    0.551677    0.680635    0.712469     2501.43     1.6e+19     5.77218     4.29066     4.04813     3.80805
      12700    0.185428     1266.98     266.077     236.513         0.5     2087.93     831.424     2919.36    -23.4747    -56.2948    0.273516    0.551677     0.66415    0.701798     2503.09     1.6e+19     5.07019     4.25749     4.03587     3.80413
      12600           0     1285.34     267.869     235.083         0.5     2088.65     854.143     2942.79    -22.7194    -56.3522    0.289026    0.551559    0.646057    0.690526     2504.46     1.6e+19     5.14704     4.22375     4.02372     4.19875
      12500  0.00949932     1285.35     269.579     234.392         0.5     2089.91     876.735     2966.64    -22.5919    -52.8302    0.305361    0.484658    0.627263    0.690526     2505.25     1.6e+19     4.80747     4.59345     4.00996     4.18438
      12400           0     1286.29     271.149     234.018         0.5     2091.12     901.784      2992.9    -25.0485    -50.4004    0.338498    0.484658    0.612974    0.690526     2506.06     1.6e+19     4.85162     4.56426     4.39223     4.16083
      12300   0.0745332     1286.36     272.635     232.432         0.5     2100.62     927.632     3028.25    -25.8485    -48.4833    0.360494    0.484658    0.608335    0.690526     2506.88     1.6e+19     4.88395     4.53537     4.36929     4.13183
      12200    0.242702     1293.98     274.118     229.833         0.5     2124.31     952.448     3076.76    -24.8156     -48.809    0.373898    0.484658    0.602951    0.690526     2507.93     1.6e+19     4.90709      4.5068     4.34291      4.1012
      12100    0.344757     1318.35     275.766     228.513         0.5     2156.52     975.772     3132.29    -23.3244    -52.8448    0.379133    0.479383    0.597356    0.690526     2509.49     1.6e+19     4.92321     4.47861     4.31576      4.0753
      12000    0.331604     1352.82     277.696     227.867         0.5     2196.86     1003.37     3200.23    -27.5986    -58.3251    0.381448    0.448348    0.590666    0.690526     2511.35     1.6e+19     4.93397      4.4522      4.2912     4.05788
      11900    0.317249     1385.96     279.868     228.008         0.5     2241.28     1028.69     3269.97    -25.3144    -62.5669     0.38182    0.426408    0.582088    0.690526     2513.15     1.6e+19     4.94075     4.42799     4.27124     4.04701
      11800    0.351455     1417.72     282.199     228.771         0.5     2290.95     1055.84     3346.79    -27.1587    -65.7984     0.38099    0.397982    0.575206    0.690526     2514.89     1.6e+19     4.94475     4.40605     4.25534     4.03946
      11700    0.243057     1452.76     284.671      236.88         0.5     2352.08     1083.93     3436.01    -28.0886    -69.0169    0.379468    0.384626    0.569597    0.690526      2516.7     1.6e+19     4.94689     4.78573     4.24245     4.03458
      11600    0.165319     1476.99     272.478      209.78         0.5     2392.74     1099.05     3491.79    -15.1142    -68.7708    0.217742    0.484658    0.609141    0.690526     2516.78     1.6e+19     5.58673     4.53768     4.37326     4.04128
      11500   0.0661653     1493.42     268.273     191.767         0.5     2425.07     1101.55     3526.63    -2.50596    -69.4703    0.140305    0.551677    0.690526    0.690526      2516.5     1.6e+19     6.07536     4.34645     4.11545     4.09619
      11400   0.0657122     1500.04     267.757     168.146         0.5     2446.26     1101.75     3548.01    0.195125    -69.9569   0.0943456    0.613942    0.690526    0.690526     2515.87     1.6e+19      5.9084     4.07691     4.18473     4.16337
      11300   0.0390068     1506.58     268.607     156.933         0.5     2461.09     1104.88     3565.97    -3.12973    -71.7754   0.0688379    0.613942    0.704684    0.739496     2515.17     1.6e+19     5.81985     4.13513     3.80526     3.81799
      11200           0     1510.44       269.9     152.809         0.5     2471.26     1109.93     3581.19    -5.05017    -73.2729   0.0630091    0.613942    0.692149    0.741151     2514.39     1.6e+19     6.57175     4.14835     3.80063     3.84941
      11100           0     1510.44     271.233      145.37         0.5     2481.09     1116.26     3597.35    -6.33275    -74.0203   0.0630091    0.613942    0.690526    0.741151     2513.44     1.6e+19     6.54825     4.13631      4.1874     3.86828
      11000           0     1510.44     272.482     136.279         0.5     2499.41     1123.94     3623.35    -7.68195    -75.0974   0.0630091    0.613942    0.690526    0.741151     2512.46     1.6e+19     6.54118     4.11274     4.17088     3.87757
      10900           0     1510.44     273.638     131.097         0.5     2508.18     1129.98     3638.16    -6.03808    -76.4152   0.0630091    0.613942    0.690526    0.741151     2511.46     1.6e+19     6.54445     4.08584      4.1549     3.88106
      10800           0     1510.44     274.708     128.166         0.5     2511.26     1139.14      3650.4    -9.15761    -77.7366   0.0630091    0.613942    0.690526    0.741151     2510.45     1.6e+19     6.55414     4.06007     4.14119     3.88165
      10700           0     1510.44     275.701     124.322         0.5     2512.93     1148.61     3661.54    -9.47625    -79.0194   0.0630091    0.613942    0.690526    0.741151     2509.41     1.6e+19     6.56777      4.0376     4.13045     3.88131
      10600           0     1510.44      276.63     120.041         0.5     2515.31     1158.34     3673.65    -9.73002    -80.3414   0.0630091     0.59177    0.685787    0.741151     2508.35     1.6e+19     6.58376     4.02137     4.12328     3.88136
      10500           0     1510.44     277.508     117.446         0.5     2517.82     1168.35     3686.17    -10.0082    -81.6974   0.0633262    0.577056    0.682264    0.741151     2507.23     1.6e+19     5.80108     4.01303      4.1198      3.8827
      10400           0     1510.44     278.348     115.853         0.5     2520.86      1180.5     3701.36     -12.148    -83.0087   0.0681385    0.570547    0.680174    0.741151      2506.1     1.6e+19     5.81746     4.00927     4.11948     3.88579
      10300           0     1510.44     279.154     114.822         0.5     2524.49     1194.75     3719.24    -14.2541    -84.2508   0.0728938    0.569307    0.679184    0.741151     2504.96     1.6e+19     5.83374     4.00831     4.12181     3.89072
      10200           0     1510.44     279.928       113.7         0.5     2527.31     1208.98     3736.29    -14.2278    -85.4184   0.0775852    0.571683    0.679025    0.741151     2503.82     1.6e+19      5.8499      4.0091     4.12637     3.89743
      10100           0     1510.44      280.67     111.548         0.5     2540.57     1225.95     3766.53      -16.97     -86.569   0.0821971    0.576599    0.679482    0.741151      2502.7     1.6e+19     5.86587     4.01101     4.13278     3.90576
      10000           0     1510.44     281.382     109.068         0.5     2547.21     1243.33     3790.55    -17.3819    -87.7498   0.0867133    0.583307    0.680391    0.741151     2501.59     1.6e+19     5.88161     4.01364     4.14073      3.9155
       9900           0     1510.44     282.065     106.416         0.5     2551.49      1261.1     3812.59    -17.7647    -88.9773   0.0911207    0.591263    0.681623    0.741151      2500.5     1.6e+19     5.89705     4.01678     4.14993     3.92645
       9800           0     1510.44      282.72     103.631         0.5     2554.75     1280.08     3834.83    -18.9761    -90.2579   0.0954096    0.600043    0.683079    0.741151     2499.43     1.6e+19     5.91216     4.02027     4.16015     3.93841
       9700           0     1510.44     283.349     100.738         0.5     2565.23     1300.24     3865.47    -20.1612    -91.5951   0.0995739    0.609295    0.684684    0.741151     2498.38     1.6e+19     5.92691     4.02404     4.17118     3.95118
       9600           0     1510.44     283.953     97.7572         0.5     2576.41     1321.56     3897.97    -21.3217    -92.9901    0.103611    0.613942    0.686383    0.741151     2497.35     1.6e+19     5.94128     4.02831     4.18284     3.96459
       9500           0     1510.44     284.535     94.7009         0.5      2583.3     1344.02     3927.32      -22.46     -94.443    0.107523    0.613942    0.688141    0.741151     2496.34     1.6e+19     5.95528     4.03446       4.195      3.9785
       9400           0     1510.44     285.099     92.3874         0.5     2593.18     1363.92     3957.09    -19.8986    -95.9377    0.111321    0.613942    0.696987    0.741151     2495.34     1.6e+19     5.96893     4.04221     3.80688     3.99276
       9300           0     1510.44     285.646     90.5123         0.5     2602.22     1385.76     3987.98    -21.8457    -97.4305    0.115013    0.613942    0.707808    0.755501     2494.37     1.6e+19     5.98227     4.05116      3.8175     3.60587
       9200           0     1510.44     286.176     88.8724         0.5     2610.18     1408.24     4018.42    -22.4761    -98.9042    0.118603    0.613942    0.715941    0.776202     2493.47     1.6e+19      5.9953     4.06093      3.8271     3.61437
       9100           0     1510.44     286.689     87.3936         0.5     2610.32     1432.93     4043.24    -24.6887    -100.351    0.122088    0.613942    0.722195    0.786217     2492.62     1.6e+19     6.00801     4.07125     3.83555     3.62065
       9000           0     1510.44     287.183     86.0443         0.5     2612.62     1460.81     4073.43    -27.8826    -101.766    0.125463    0.613942    0.727362    0.786217     2491.79     1.6e+19     6.02037     4.08191     3.84354     3.62772
       8900           0     1510.44     287.658     84.8191         0.5     2620.97     1487.82     4108.79    -27.0085    -103.149    0.128728    0.613942     0.73206    0.786217     2490.98     1.6e+19     6.03237     4.09275     3.85168     3.63575
       8800           0     1510.44     288.118     83.6925         0.5     2624.18     1515.41     4139.59    -27.5932    -104.496    0.131884    0.613942    0.736431    0.786217     2490.18     1.6e+19     6.04403     4.10372     3.86014     3.64442
       8700           0     1510.44     288.564     82.6479         0.5     2634.95     1543.57     4178.52    -28.1635    -105.807     0.13494    0.613942    0.740483    0.786217      2489.4     1.6e+19     6.05535     4.11475     3.86891     3.65356
       8600           0     1510.44     288.996     81.6764         0.5     2650.96     1572.02     4222.98    -28.4464    -107.081    0.137902    0.613942    0.741151    0.786217     2488.62     1.6e+19     6.06638     4.12582     3.87819     3.66307
       8500           0     1510.44     289.419      80.769         0.5     2660.83     1600.74     4261.57    -28.7187    -108.319    0.140782    0.613942    0.741151    0.786217     2487.85     1.6e+19     6.07714     4.13693     3.88815     3.67299
       8400           0     1510.44     289.832     80.3497         0.5     2674.21     1629.27     4303.48    -28.5325    -109.511    0.143591    0.613942    0.741151    0.786217     2487.09     1.6e+19     6.08767     4.14807     3.89854     3.68331
       8300           0     1510.44     290.239      80.251         0.5      2676.2     1661.21     4337.41     -31.939    -110.635    0.146338    0.613942    0.741151    0.786217     2486.33     1.6e+19     6.09801     4.15924     3.90922     3.69397
       8200           0     1510.44     290.639     80.3685         0.5     2682.63     1692.98      4375.6    -31.7643    -111.681    0.149031    0.613942    0.741151    0.786217     2485.57     1.6e+19     6.10818     4.17043     3.92011      3.7049
       8100           0     1510.44     291.034     80.6742         0.5     2685.96     1724.56     4410.52    -31.5842    -112.646    0.149485    0.613942    0.741151    0.786217     2484.82     1.6e+19     6.11839     4.18164     3.93115     3.71605
       8000           0     1510.44     291.425     81.1343         0.5     2697.24     1756.26      4453.5    -31.7001    -113.527    0.149485    0.613942    0.741151    0.786217     2484.07     1.6e+19     6.12886     4.19289     3.94234     3.72737
       7900           0     1510.44     291.814      81.798         0.5     2699.32     1788.07     4487.39    -31.8136     -114.32    0.149485    0.621068    0.741151    0.786217     2483.32     1.6e+19     6.13946      3.8037     3.95366     3.73883
       7800           0     1510.44     292.199     82.6268         0.5     2703.65     1820.57     4524.23    -32.4994    -115.023    0.149485    0.635156    0.741151    0.786217     2482.59     1.6e+19     6.15013      3.8116     3.96506     3.75042
       7700           0     1510.44     292.579     83.6085         0.5      2710.2     1852.75     4562.95    -32.1794    -115.634    0.149485    0.645196    0.741151    0.786217     2481.88     1.6e+19     6.16077     3.81799     3.97645     3.76209
       7600           0     1510.44     292.952     84.7533         0.5     2714.57      1885.6     4600.18    -32.8519     -116.15    0.149485    0.653257    0.741151    0.786217     2481.18     1.6e+19     6.17132     3.82382     3.98777     3.77379
       7500           0     1510.44     293.317     86.0327         0.5      2715.6      1919.1     4634.69    -33.4921    -116.571    0.149485    0.660188    0.741151    0.786217      2480.5     1.6e+19     6.18175     3.82948     3.99901     3.78549
       7400           0     1510.44     293.675     86.3968         0.5     2719.91     1953.22     4673.13    -34.1254    -116.916    0.149485    0.666352    0.750131    0.786217     2479.83     1.6e+19     6.19204     3.83517     3.60896     3.79706
       7300           0     1510.44     294.026     86.2321         0.5     2725.62     1985.97     4711.59    -32.7508     -117.24    0.150227    0.671454    0.757939    0.800335     2479.19     1.6e+19     5.40196     3.84091     3.61764     3.40664
       7200           0     1510.44     294.367     85.7974         0.5     2735.03     2017.34     4752.37    -31.3665    -117.565    0.153515    0.671454    0.763839    0.813471     2478.61     1.6e+19     5.41068     3.84732      3.6251     3.41284
       7100           0     1510.44     294.696     85.1796         0.5     2745.15     2049.74     4794.88    -32.3957    -117.899    0.156578    0.671454    0.768203    0.823042     2478.07     1.6e+19     5.41883     3.85449     3.63149     3.41736
       7000           0     1510.44     295.012     84.4264         0.5     2747.62     2087.15     4834.76    -37.4124    -118.249    0.159472    0.671454    0.771523    0.825184     2477.55     1.6e+19     5.42654     3.86206     3.63721     3.42144
       6900           0     1510.44     295.317     83.5799         0.5      2750.1     2124.36     4874.46    -37.2166    -118.617    0.162222    0.671454    0.774322    0.825184     2477.04     1.6e+19      5.4339     3.86981     3.64277     3.42624
       6800           0     1510.44     295.609     82.6593         0.5     2750.78     2157.07     4907.86    -32.7095    -119.003    0.164849    0.671454    0.776836    0.825184     2476.54     1.6e+19     5.44094      3.8776     3.64842     3.43152
       6700           0     1510.44     295.893     81.6885         0.5     2751.02     2190.87     4941.89    -33.7925     -119.41    0.167369    0.671454    0.779117    0.825184     2476.05     1.6e+19     5.44771     3.88536     3.65421     3.43715
       6600           0     1510.44     296.167     80.6958         0.5     2751.98     2227.63     4979.61    -36.7671    -119.836    0.169793    0.671454    0.781173    0.825184     2475.57     1.6e+19     5.45425     3.89307     3.66014     3.44303
       6500           0     1510.44     296.434     79.6713         0.5      2753.9     2262.97     5016.87    -35.3341     -120.28    0.172136    0.671454    0.783006    0.825184     2475.09     1.6e+19     5.46057     3.90069     3.66618     3.44909
       6400           0     1510.44     296.695     78.9236         0.5     2756.37     2298.46     5054.83    -35.4946    -120.736    0.174405    0.671454    0.784618    0.825184     2474.63     1.6e+19     5.46672     3.90821     3.67232      3.4553
       6300           0     1510.44     296.949     78.3384         0.5     2758.03     2332.46     5090.49    -33.9993     -121.19    0.176611    0.671454    0.786016    0.825184     2474.17     1.6e+19      5.4727     3.91564     3.67853     3.46161
       6200           0     1510.44     297.199     77.8484         0.5     2764.37     2365.86     5130.23    -33.3988    -121.633    0.178761    0.671454    0.786217    0.825184     2473.71     1.6e+19     5.47855     3.92296     3.68489     3.46801
       6100           0     1510.44     297.444     77.4435         0.5     2771.57     2398.65     5170.23    -32.7938    -122.063    0.180861    0.671454    0.786217    0.825184     2473.26     1.6e+19     5.48427     3.93018     3.69144     3.47453
       6000           0     1510.44     297.685     77.0955         0.5     2775.25     2430.84     5206.09     -32.185    -122.479    0.182918    0.671454    0.786217    0.825184     2472.81     1.6e+19     5.48988     3.93732      3.6981     3.48115
       5900           0     1510.44     297.923     76.7924         0.5        2777     2465.06     5242.06    -34.2229    -122.878    0.184937    0.671454    0.786217    0.825184     2472.37     1.6e+19     5.49541     3.94438      3.7048     3.48786
       5800           0     1510.44     298.158     76.5256         0.5     2781.51     2497.72     5279.23    -32.6578    -123.262    0.186923    0.671454    0.786217    0.825184     2471.93     1.6e+19     5.50085     3.95136     3.71154     3.49464
       5700           0     1510.44      298.39     76.2895         0.5     2786.75     2530.21     5316.95      -32.49     -123.63     0.18888    0.671454    0.786217    0.825184      2471.5     1.6e+19     5.50623     3.95827     3.71829     3.50146
       5600           0     1510.44      298.62     76.0805         0.5     2793.69     2562.68     5356.37    -32.4696    -123.982    0.190809    0.671454    0.786217    0.825184     2471.06     1.6e+19     5.51154     3.96512     3.72505     3.50832
       5500           0     1510.44     298.847     75.8956         0.5      2796.7     2595.13     5391.83    -32.4468    -124.318    0.192713    0.671454    0.786217    0.825184     2470.64     1.6e+19     5.51679      3.9719     3.73179     3.51519
       5400           0     1510.44     299.072     75.0151         0.5     2799.07     2627.77     5426.84    -32.6469    -124.653    0.194594    0.671454    0.786217    0.825184     2470.21     1.6e+19     5.52198     3.97862     3.73852     3.52207
       5300           0     1510.44     299.295      73.707         0.5     2804.25     2660.62     5464.87    -32.8448    -125.025    0.196454    0.671454    0.786217    0.825184     2469.79     1.6e+19     5.52713     3.98528     3.74523     3.52894
       5200           0     1510.44     299.516     72.1652         0.5     2811.38     2690.33     5501.72    -29.7158    -125.449    0.198293    0.671454    0.786217    0.825184     2469.37     1.6e+19     5.53223     3.99188     3.75192      3.5358
       5100           0     1510.44     299.735     70.4721         0.5     2817.27     2720.87     5538.14    -30.5348     -125.93    0.200112    0.671454    0.786217    0.825184     2468.96     1.6e+19     5.53728     3.99843     3.75858     3.54264
       5000           0     1510.44     299.952     68.6433         0.5     2829.46     2752.22     5581.68     -31.352    -126.469    0.201912    0.676871    0.786217    0.825184     2468.55     1.6e+19     5.54229     3.60424     3.76521     3.54947
       4900           0     1510.44     300.166     66.7296         0.5     2843.09     2782.39     5625.48    -30.1662    -127.068     0.20369    0.682159    0.786217    0.825184     2468.16     1.6e+19     5.54725     3.60882     3.77177     3.55626
       4800           0     1510.44     300.376     64.7346         0.5     2852.54     2812.01     5664.55    -29.6261    -127.725    0.205438    0.686247    0.786217    0.825184     2467.77     1.6e+19     5.55213     3.61282     3.77824     3.56301
       4700           0     1510.44     300.581     62.6759         0.5      2856.1     2841.09     5697.19    -29.0811     -128.44    0.207151    0.689615    0.786217    0.825184      2467.4     1.6e+19     5.55692     3.61655     3.78459     3.56969
       4600           0     1510.44     300.781     60.5839         0.5     2868.51     2872.07     5740.58    -30.9814     -129.21    0.208826    0.692497    0.786217    0.825184     2467.03     1.6e+19     5.56161     3.62018     3.79084     3.57629
       4500           0     1510.44     300.977     58.4391         0.5     2882.72     2903.95     5786.67    -31.8772    -130.034    0.210464    0.695018    0.786217    0.825184     2466.67     1.6e+19     5.56621     3.62377     3.79698     3.58281
       4400           0     1510.44     301.169     56.6132         0.5     2897.57     2934.02     5831.59    -30.0689    -130.903    0.212065    0.697246    0.787739    0.825184     2466.31     1.6e+19     5.57071     3.62737     3.40282     3.58923
       4300           0     1510.44     301.356     54.9661         0.5     2910.05     2963.88     5873.92    -29.8565    -131.797     0.21363    0.699217    0.790357    0.825184     2465.97     1.6e+19     5.57512       3.631     3.40806     3.59548
       4200           0     1510.44      301.54     53.4108         0.5     2926.99     2993.22     5920.21    -29.3396    -132.707    0.215157    0.700946    0.792577    0.827621     2465.64     1.6e+19     5.57943     3.63464     3.41302     3.20135
       4100           0     1510.44     301.718     51.9296         0.5     2947.97     3023.24      5971.2    -30.0183     -133.63    0.216647    0.702451    0.794399    0.835204     2465.33     1.6e+19     5.58363     3.63829     3.41761     3.20557
       4000           0     1510.44     301.892     50.4921         0.5     2969.36     3051.83     6021.19     -28.592    -134.562    0.218097    0.703744    0.795786    0.840741     2465.04     1.6e+19     5.58774     3.64196     3.42165     3.20865
       3900           0     1510.44      302.06      49.084         0.5     2993.54     3078.99     6072.53    -27.1601    -135.502    0.219505     0.70483    0.796825    0.845159     2464.76     1.6e+19     5.59172     3.64562     3.42521     3.21111
       3800           0     1510.44     302.222     47.6953         0.5     3016.25     3107.76     6124.01    -28.7721    -136.449    0.220866    0.705719    0.797609    0.848901      2464.5     1.6e+19     5.59559     3.64925     3.42844      3.2132
       3700           0     1510.44     302.378     45.7514         0.5     3043.13     3136.81     6179.94    -29.0529    -137.407     0.22218    0.706426    0.798203    0.852206     2464.26     1.6e+19     5.59932     3.65286     3.43141     3.21505
       3600           0     1510.44     302.528     42.2714         0.5     3067.64     3166.14     6233.78    -29.3277    -138.446    0.223446    0.706968    0.798656    0.855208     2464.02     1.6e+19     5.60292     3.65643      3.4342     3.21672
       3500           0     1510.44     302.672     38.1282         0.5     3091.43     3193.81     6285.25    -27.6716    -139.622    0.224663    0.707363    0.798999    0.857963      2463.8     1.6e+19     5.60639     3.65998     3.43684     3.21828
       3400           0     1510.44      302.81     33.7441         0.5     3111.32     3222.62     6333.94    -28.8099    -140.951    0.225834    0.707626    0.799266    0.857963     2463.58     1.6e+19     5.60972     3.66348     3.43941     3.22002
       3300           0     1510.44     302.943      29.122         0.5     3121.95     3251.21     6373.16    -28.5932    -142.428    0.226959    0.707775    0.799507    0.857963     2463.36     1.6e+19     5.61294     3.66696     3.44201     3.22213
       3200           0     1510.44     303.072      24.825         0.5     3133.89     3279.59     6413.47     -28.372    -144.048    0.228044    0.707865    0.799702    0.857963     2463.14     1.6e+19     5.61604     3.67041     3.44471     3.22449
       3100           0     1510.44     303.197     21.8438         0.5     3144.28     3308.13     6452.41    -28.5469    -145.742    0.229091    0.709124    0.799779    0.857963     2462.93     1.6e+19     5.61903     3.67371      3.4475     3.22703
       3000           0     1510.44     303.318     19.3273         0.5     3157.72     3336.85     6494.57    -28.7184    -147.453    0.230105    0.711538    0.799902    0.857963     2462.73     1.6e+19     5.62194     3.67661     3.45035     3.22972
       2900           0     1510.44     303.436     17.1377         0.5     3171.61     3364.79      6536.4    -27.9363    -149.159    0.231086    0.714409    0.800053    0.857963     2462.53     1.6e+19     5.62475     3.67903     3.45324     3.23251
       2800           0     1510.44      303.55     15.1788         0.5     3185.87     3393.04     6578.91    -28.2503    -150.849    0.232035    0.717238     0.80022    0.857963     2462.33     1.6e+19     5.62747     3.68106     3.45613     3.23536
       2700           0     1510.44      303.66     13.2176         0.5     3193.14      3417.8     6610.94    -24.7603    -152.519    0.232952     0.71971    0.800396    0.857963     2462.14     1.6e+19     5.63011      3.6828     3.45899     3.23826
       2600           0     1510.44     303.766     10.9211         0.5     3195.05     3447.67     6642.72    -29.8664    -154.185    0.233837    0.721622    0.800578    0.857963     2461.96     1.6e+19     5.63265     3.68443     3.46182     3.24117
       2500           0     1510.44     303.869     8.52491         0.5      3205.5     3473.63     6679.14    -25.9688    -155.863    0.234691    0.722828    0.800768    0.857963     2461.78     1.6e+19     5.63511     3.68607     3.46461     3.24407
       2400           0     1510.44     303.968     6.10095         0.5      3217.9        3500      6717.9    -26.3681    -157.558    0.235516    0.723173    0.800966    0.857963     2461.61     1.6e+19     5.63748     3.68785     3.46736     3.24696
       2300           0     1510.44     304.065     3.65151         0.5     3228.28     3526.92      6755.2    -26.9148     -159.27    0.236316    0.722446    0.801163    0.857963     2461.43     1.6e+19     5.63979     3.68994     3.47007     3.24982
       2200           0     1510.44      304.16      1.3346         0.5     3232.11     3554.38     6786.49    -27.4597    -160.998    0.237095    0.721333    0.801258    0.857963     2461.26     1.6e+19     5.64204     3.69239     3.47277     3.25266
       2100           0     1510.44     304.253   -0.575278         0.5     3243.05     3581.83     6824.88    -27.4534    -162.722    0.237859    0.720361    0.801356    0.857963     2461.09     1.6e+19     5.64424     3.69511     3.47546     3.25547
       2000           0     1510.44     304.346    -2.31847         0.5     3253.83     3609.28     6863.11    -27.4465    -164.428    0.238611    0.719468    0.801459    0.857963     2460.91     1.6e+19     5.64642     3.69798     3.47816     3.25827
       1900           0     1510.44     304.439    -3.93499         0.5     3263.77     3636.18     6899.96    -26.9058    -166.108    0.239355    0.718625    0.801568    0.857963     2460.74     1.6e+19     5.64857     3.70095     3.48084     3.26105
       1800           0     1510.44     304.532    -5.45335         0.5     3274.69     3663.05     6937.74    -26.8649    -167.759    0.240093    0.717815    0.801683    0.857963     2460.57     1.6e+19      5.6507     3.70398     3.48352     3.26382
       1700           0     1510.44     304.624    -6.98664         0.5      3286.9     3689.04     6975.95     -25.997    -169.379    0.240827    0.717031    0.801806    0.857963      2460.4     1.6e+19     5.65283     3.70705      3.4862     3.26657
       1600           0     1510.44     304.716    -8.70941         0.5     3296.31     3713.47     7009.78    -24.4281     -170.98    0.241558    0.716272    0.801936    0.857963     2460.23     1.6e+19     5.65495     3.71015     3.48886     3.26931
       1500           0     1510.44     304.807    -10.4846         0.5     3305.27     3739.73        7045    -26.2624    -172.571    0.242285    0.715537    0.802074    0.857963     2460.05     1.6e+19     5.65706     3.71325     3.49152     3.27204
       1400           0     1510.44     304.899    -12.2985         0.5     3314.71     3767.68      7082.4     -27.949    -174.153    0.243011    0.714828    0.802221    0.857963     2459.88     1.6e+19     5.65916     3.71636     3.49416     3.27476
       1300           0     1510.44      304.99    -14.1356         0.5     3320.36     3794.94      7115.3    -27.2543    -175.729    0.243734    0.714147    0.802375    0.857963     2459.71     1.6e+19     5.66126     3.71946      3.4968     3.27746
       1200           0     1510.44     305.081    -15.7075         0.5     3326.51     3821.51     7148.01    -26.5681    -177.299    0.244456    0.713498    0.802539    0.857963     2459.54     1.6e+19     5.66336     3.72255     3.49942     3.28016
       1100           0     1510.44     305.172    -16.5285         0.5      3329.6     3847.47     7177.07    -25.9623    -178.827    0.245175    0.712881     0.80271    0.857963     2459.38     1.6e+19     5.66545     3.72563     3.50204     3.28284
       1000           0     1510.44     305.263    -17.0248         0.5     3330.63     3872.97      7203.6    -25.4979    -180.286    0.245891      0.7123     0.80289    0.857963     2459.21     1.6e+19     5.66754     3.72868     3.50464     3.28551
        900           0     1510.44     305.353    -17.1725         0.5     3332.11     3898.67     7230.78    -25.7032    -181.665    0.246606    0.711755    0.803077    0.857963     2459.04     1.6e+19     5.66962     3.73171     3.50723     3.28817
        800           0     1510.44     305.443    -17.0579         0.5     3334.88     3920.79     7255.67    -22.1231    -182.952    0.247317    0.711249    0.803271    0.857963     2458.87     1.6e+19     5.67169     3.73471      3.5098     3.29082
        700           0     1510.44     305.533     -16.632         0.5     3335.49     3942.26     7277.75     -21.466    -184.142    0.248026    0.710781    0.803472    0.857963     2458.71     1.6e+19     5.67376     3.73768     3.51237     3.29346
        600           0     1510.44     305.622    -15.7402         0.5     3346.03     3966.71     7312.74    -24.4468     -185.22    0.248731    0.710353     0.80368    0.857963     2458.54     1.6e+19     5.67582     3.74062     3.51491     3.29608
        500           0     1510.44     305.711    -14.5677         0.5     3357.11     3991.77     7348.88     -25.068    -186.174    0.249433    0.709965    0.803895    0.857963     2458.38     1.6e+19     5.67787     3.74352     3.51744     3.29869
        400           0     1510.44     305.799    -13.0897         0.5     3380.65     4014.84     7395.49    -23.0712    -186.999    0.250131    0.709616    0.804114    0.857963     2458.22     1.6e+19     5.67991     3.74638     3.51996     3.30128
        300           0     1510.44     305.886    -11.3613         0.5     3393.54        4043     7436.55    -28.1598    -187.689    0.250824    0.709305    0.804339    0.857963     2458.06     1.6e+19     5.68194     3.74921     3.52246     3.30386
        200           0     1510.44     305.974    -9.16137         0.5     3413.31     4071.69     7484.99    -28.6811     -188.24    0.251514    0.709033    0.804569    0.857963      2457.9     1.6e+19     5.68396     3.75199     3.52494     3.30643
        100           0     1510.44      306.06    -6.06252         0.5      3418.3     4096.29     7514.59    -24.6049     -188.62    0.252199    0.708797    0.804803    0.857963     2457.74     1.6e+19     5.68596     3.75473      3.5274     3.30898
          0           0     1510.44     306.146    -2.47904         0.5     3426.24     4120.98     7547.22    -24.6908    -188.803    0.252878    0.708597     0.80504    0.857963     2457.58     1.6e+19     5.68796     3.75743     3.52984     3.31151