      20000           0           0     179.437     415.631         1.6      17.399     14.2831      31.682     14.2831     51.8336    0.258968    0.460851    0.605054    0.634429     2456.76     1.6e+19     5.73044     4.59858     4.35318     4.39114
      19900           0           0     179.437      414.68         1.6     28.2793     29.7361     58.0154     15.4531     51.7019    0.258968    0.460851    0.605054    0.634429     2456.76     1.6e+19     5.73044     4.59858     4.35318     4.39114
      19800           0           0     179.437     414.027         1.6     44.2321     46.3592     90.5912     16.6231     51.5707    0.258968    0.460851    0.605054    0.634429     2456.76     1.6e+19     5.73044     4.59858     4.35318     4.39114
      19700           0           0     179.437     413.765         1.6     53.1471     60.5222     113.669     14.1631     51.4563    0.258968    0.460851    0.605054    0.634429     2456.76     1.6e+19     5.73044     4.59858     4.35318     4.39114
      19600   0.0414251   0.0414251     179.437     413.802         1.6     62.7691     72.5053     135.274     11.9831     51.3637    0.258968    0.460851    0.605054    0.634429     2456.77     1.6e+19     5.73044     4.59858     4.35318     4.39114
      19500           0     4.14251     179.414     411.953         1.6     64.8962     82.0416     146.938     9.53628     50.3299    0.258968     0.46085    0.605007    0.634429     2457.16     1.6e+19     5.73044     4.59858     4.35295     4.38964
      19400           0     4.14251     179.386     409.066         1.6     76.3702     94.1755     170.546     12.1339     50.4031    0.258968    0.460837    0.604826    0.634429     2457.16     1.6e+19      5.7304     4.59852     4.35206     4.38766
      19300           0     4.14251     179.373     406.433         1.6      86.237     106.353      192.59     12.1772     50.3079    0.258968      0.4608     0.60463    0.634429     2457.16     1.6e+19     5.73027     4.59836     4.35111     4.38654
      19200           0     4.14251     179.366     403.815         1.6     87.6224     118.567     206.189     12.2139     50.0803    0.258968    0.460737    0.604471    0.634429     2457.16     1.6e+19     5.73006     4.59809     4.35033     4.38589
      19100  0.00139489      4.1439     179.363     402.923         1.6      87.745     130.294     218.039     11.7273     49.7658    0.258968    0.460658    0.604353    0.634429     2457.16     1.6e+19     5.72978     4.59775     4.34975     4.38553
      19000           0       4.282     179.361     403.066         1.6     88.5107     142.833     231.344     12.5394     49.4277    0.258968    0.460571    0.604267    0.634429     2457.17     1.6e+19     5.72948     4.59738     4.34933     4.38529
      18900           0       4.282     179.359     401.394         1.6     90.3043     156.184     246.488     13.3505     49.1429    0.258968    0.460483    0.604203    0.634429     2457.17     1.6e+19     5.72916       4.597     4.34902     4.38515
      18800           0       4.282      179.36     398.715         1.6     99.8298     166.794     266.624     10.6104     48.7809    0.258968    0.460398    0.604156    0.634429     2457.17     1.6e+19     5.72884     4.59664     4.34879     4.38511
      18700           0       4.282      179.36     396.864         1.6     120.946     178.704      299.65     11.9097      48.332    0.258968    0.460319    0.604125    0.634429     2457.17     1.6e+19     5.72853      4.5963     4.34864     4.38514
      18600           0       4.282     179.361     395.415         1.6     155.341     193.243     348.584     14.5387      47.845    0.258968    0.460248    0.604105    0.634429     2457.17     1.6e+19     5.72823       4.596     4.34854      4.3852
      18500           0       4.282     179.363     394.023         1.6     197.259         202     399.259     8.75742     47.3361    0.258968    0.460186    0.604093    0.634429     2457.16     1.6e+19     5.72796     4.59573     4.34848     4.38529
      18400           0       4.282     179.364     392.693         1.6     205.916     210.306     416.222      8.3061     46.8087    0.258968    0.460131    0.604086    0.634429     2457.16     1.6e+19     5.72771     4.59549     4.34845     4.38538
      18300           0       4.282     179.365     389.585         1.6     209.771     218.961     428.732     8.65476     46.2372    0.258968    0.460085    0.604084    0.634429     2457.16     1.6e+19     5.72748      4.5953     4.34844     4.38548
      18200           0       4.282     179.367     385.379         1.6     234.692     227.614     462.306     8.65345     45.5389    0.258968    0.460046    0.604084    0.634429     2457.16     1.6e+19     5.72728     4.59513     4.34844     4.38558
      18100           0       4.282     179.368     381.795         1.6     283.656      235.74     519.396     8.12552     44.6992    0.258968    0.460013    0.604087    0.634429     2457.16     1.6e+19     5.72711     4.59499     4.34845     4.38568
      18000           0       4.282     179.369     378.445         1.6     328.072     244.424     572.496      8.6843     43.7608    0.258968    0.459986    0.604091    0.634429     2457.15     1.6e+19     5.72696     4.59487     4.34847     4.38577
      17900           0       4.282      179.37     377.488         1.6     365.124     254.524     619.648     10.0998     42.7767    0.258968    0.459965    0.604097    0.634429     2457.15     1.6e+19     5.72682     4.59478      4.3485     4.38586
      17800           0       4.282     179.371     378.006         1.6     400.258     265.483     665.741     10.9587     41.8652    0.258968    0.459947    0.604102    0.634429     2457.15     1.6e+19     5.72671     4.59471     4.34853     4.38594
      17700           0       4.282     179.372     376.104         1.6     434.945      275.83     710.775     10.3477     41.0266    0.258968    0.459934    0.604109    0.634429     2457.15     1.6e+19     5.72661     4.59465     4.34856     4.38602
      17600           0       4.282     179.373     372.883         1.6     458.742     290.182     748.924     14.3517     40.1355    0.258968    0.459923    0.604115    0.634429     2457.15     1.6e+19     5.72653      4.5946     4.34859     4.38609
      17500    0.204272     4.48627     179.374     372.957         1.6     466.505     304.193     770.698     14.0108     39.1546    0.258968    0.459915    0.604122    0.634429     2457.16     1.6e+19     5.72646     4.59457     4.34862     4.38616
      17400    0.328029     25.0373     181.979     404.928         1.6     495.923     313.996     809.919     9.80337      32.605    0.258968    0.458339    0.603742    0.634429     2460.14     1.6e+19     5.71707     4.58782     4.34677     4.38106
      17300     0.29689     57.8091     182.581     414.433         1.6     525.716     324.139     849.854     10.1425     25.7229    0.258968    0.456359    0.600493    0.634429     2464.27     1.6e+19     5.71371     4.57936     4.33095     4.34927
      17200    0.338559     87.5397     182.713     420.011         1.6     562.796     338.511     901.307     14.3718     21.3758    0.258968    0.453968    0.594538    0.634429     2468.06     1.6e+19     5.71634     4.56919     4.30219     4.29817
      17100    0.485882     121.543     182.771     423.272         1.6     618.918     354.369     973.288     15.8586     17.1453    0.258968    0.484658    0.578268    0.634429     2472.23     1.6e+19     5.72214     4.55431      4.2624     4.23457
      17000    0.403603     170.049     182.827     424.757         1.6     670.936     373.642     1044.58      19.273     10.6048    0.258968    0.484658    0.564593    0.572861     2477.74     1.6e+19      5.7283     4.53357     4.21248     4.55959
      16900    0.302851     210.309     182.936     420.273         1.6     714.679     394.331     1109.01      20.689     7.24118    0.258968    0.484658    0.540512    0.572861     2482.39     1.6e+19     5.73261     4.50682     4.55249      4.4747
      16800    0.285093     240.576      183.18     411.862         1.6      757.21     416.341     1173.55     22.0097     6.40426    0.258968    0.484658    0.553693    0.505823     2486.03     1.6e+19     5.73351     4.47368     4.48434     4.79085
      16700    0.286992     269.087     183.571     402.238         1.6     800.718      440.66     1241.38     24.3191     5.51235    0.258968     0.48236    0.503145    0.505823     2489.43     1.6e+19     5.73005     4.43407     4.41418     4.71107
      16600    0.354831     297.854      184.08     391.457         1.6     841.145      469.73     1310.88     29.0703     4.03645    0.258968    0.412886    0.469403    0.505823     2492.78     1.6e+19     5.72195     4.79139     4.74507     4.63323
      16500    0.451711     333.434      184.66     391.717         1.6     885.703     493.424     1379.13     23.6936    0.761852    0.258968    0.412886    0.499229    0.434418     2496.72     1.6e+19      5.7094     4.74361     4.67265     4.95781
      16400    0.545833     378.699     185.251      399.22         1.6     944.233      522.14     1466.37     28.7166    -3.97209    0.254517    0.412886    0.415666    0.434418     2501.53     1.6e+19     5.69277     4.69119     4.60254     4.87665
      16300    0.611965     433.349     185.809     403.372         1.6      1011.9     548.848     1560.75     26.7072    -9.51124    0.247665    0.412886    0.434418     0.36527     2507.18     1.6e+19     5.67271      4.6354     4.92868     5.18947
      16200    0.549406     494.483     186.314     405.786         1.6     1083.77     581.979     1665.75      33.131    -15.1576    0.239657     0.33798    0.413972     0.36527     2513.36     1.6e+19     5.64944     4.97936     4.84839     5.09489
      16100    0.440098     549.314     186.804     395.904         1.6     1150.53     618.912     1769.45     36.9338     -18.402    0.230507     0.33798     0.36527    0.299483     2518.86     1.6e+19     5.62309     4.91963     5.16743     5.79708
      16000    0.413435     593.297     187.347     377.845         1.6     1205.62     655.269     1860.89     36.3566    -19.4848    0.220258     0.33798     0.36527    0.299483     2523.23     1.6e+19     5.59386     4.85671     5.08168     5.70264
      15900    0.406027     634.633     187.963     368.308         1.6     1254.62     691.159     1945.78     35.8899    -20.8227    0.208964    0.269662    0.299483    0.299483     2527.29     1.6e+19       5.562     5.19291      5.7992     5.61395
      15800    0.439116     675.269     188.635     363.866         1.6     1305.74     724.884     2030.63     33.7247    -22.3769    0.196769    0.269662    0.299483    0.299483     2531.21     1.6e+19       5.528     5.12726     5.71675     5.53145
      15700    0.449488     719.191     189.337     360.705         1.6     1356.75     759.057     2115.81     34.1733    -24.7472    0.183847    0.269662    0.273293    0.299483     2535.42     1.6e+19     5.49242     5.05999     5.63705     5.45284
      15600    0.450799     764.141     190.045     358.663         1.6     1408.45     791.772     2200.22     32.7147    -27.2146    0.170324    0.209552    0.299483    0.177994     2539.64     1.6e+19     5.45568     5.79328     5.55934     6.17999
      15500    0.441857     809.212     190.757      355.85         1.6     1459.36     824.545     2283.91     32.7732    -29.5272    0.156309    0.209552    0.299483    0.177286     2543.78     1.6e+19     5.41811     5.72477     5.48536     6.10759
      15400    0.496982     853.453     191.474      352.67         1.6     1514.39     857.076     2371.47     32.5312    -31.5546    0.149485    0.209552    0.226356    0.155293     2547.79     1.6e+19      6.1781     5.65593     5.41586      6.0367
      15300    0.578202     903.232     192.178     351.158         1.6     1576.87     892.214     2469.09     35.1383    -34.6407    0.149485    0.209552    0.177994    0.133654     2552.23     1.6e+19     6.13511     5.58774     6.15083     5.96861
      15200    0.639423     961.114     192.834      350.69         1.6     1639.67     927.454     2567.12     35.2392    -38.9704    0.144518    0.209552    0.177994    0.131971     2557.42     1.6e+19     6.09116     5.52088     6.08259     5.89955
      15100    0.758039     1025.17     193.417     356.811         1.6     1711.13      962.81     2673.94     35.3565    -43.7079    0.132758    0.209552    0.177994    0.110582      2563.2     1.6e+19     6.04726     5.45531     6.01209     5.82524
      15000    0.862455     1101.08     193.896       367.4         1.6     1796.48     998.217      2794.7     35.4068    -49.5044    0.120832    0.113957    0.177994   0.0777592     2570.04     1.6e+19     6.00342     6.19264     5.93932      6.5433
      14900    0.946226     1187.41     194.244     375.281         1.6     1892.22     1032.62     2924.84     34.4026    -55.6377    0.108682    0.113957    0.177994   0.0660389     2577.83     1.6e+19     5.95944      6.1287     5.86316     6.44982
      14800    0.907939        1282     194.458      381.72         1.6     1998.88     1067.44     3066.32     34.8212    -61.6683    0.100579    0.113957   0.0777592   0.0470157     2586.35     1.6e+19     5.91473     6.06332     6.58426     6.34853
      14700    0.165072     1372.05     194.527     371.497         1.6     2097.38     1101.91     3199.28     34.4675    -65.4407   0.0856621    0.113957   0.0777592   0.0269266     2594.36     1.6e+19     5.86938     5.99682     6.49738     6.24532
      14600    0.166713     1388.56     186.701     299.235         1.6     2151.58     1151.05     3302.62     49.1385    -55.0649           0    0.113957   0.0777592   0.0303578     2592.68     1.6e+19       6.501      6.1237     6.57487     6.21514
      14500    0.125569     1405.19     184.415     271.244         1.6     2188.27     1205.98     3394.25     54.9323    -51.7796           0    0.209552    0.177994   0.0777592     2590.94     1.6e+19       6.501     5.49014     5.86272     6.25637
      14400   0.0894375     1417.71     184.374     254.045         1.6     2216.72     1262.96     3479.68     56.9796    -50.7356           0    0.209552    0.177994   0.0777592     2588.78     1.6e+19       6.501     5.57078     5.89282     6.32729
      14300   0.0820376     1426.64     185.097     239.243         1.6     2241.68     1317.01     3558.69     54.0531    -50.5559           0    0.209552    0.177994   0.0777592     2586.15     1.6e+19       6.501     5.58021     5.89371     6.40716
      14200   0.0740253     1434.84     186.065     226.657         1.6     2259.48      1369.5     3628.98      52.487    -51.1953           0    0.209552    0.177994   0.0777592     2583.33     1.6e+19       6.501     5.54567     5.88716     6.48564
      14100    0.093635     1442.26     187.107     220.026         1.6     2276.63     1420.73     3697.36     51.2267    -52.1571           0    0.209552    0.177994   0.0777592     2580.36     1.6e+19       6.501     5.49144     5.88375     6.55996
      14000   0.0188318     1451.55     188.156     217.019         1.6     2284.55     1469.55      3754.1     48.8289    -53.5579           0    0.209552    0.177994    0.177994     2577.55     1.6e+19       6.501     5.43323     5.88687     5.82374
      13900           0     1453.41     189.235     211.877         1.6     2287.11     1520.89        3808     51.3349    -53.3518           0    0.113957    0.177994    0.177994     2574.03     1.6e+19       6.501     6.18884     5.89418     5.87286
      13800   0.0455438     1453.46     190.367     205.859         1.6     2298.27     1569.04     3867.31     48.1483    -53.1228           0    0.113957    0.177994    0.177994     2570.22     1.6e+19       6.501     6.15472      5.9081     5.92642
      13700           0     1457.97     191.504     201.449         1.6     2303.14     1618.88     3922.03     49.8463    -54.1397           0    0.113957    0.177994    0.177994     2566.81     1.6e+19       6.501     6.12743     5.92961     5.98193
      13600   0.0387315     1458.01      192.65     197.959         1.6     2305.43     1667.44     3972.87     48.5547    -54.2775           0    0.113957    0.177994    0.177994     2562.94     1.6e+19       6.501     6.10856     5.95761     6.03949
      13500   0.0655104     1461.91     193.796     201.527         1.6     2307.72     1709.47     4017.19     42.0337    -55.2785           0    0.113957    0.177994    0.177994     2559.42     1.6e+19       6.501     6.09841     5.99139     6.09875
      13400  0.00593999      1468.4     194.914     209.234         1.6     2311.86      1753.6     4065.46     44.1264    -56.3433           0    0.113957    0.177994    0.177994     2556.12     1.6e+19       6.501     6.09664     6.02954     6.15773
      13300    0.255157     1469.24     196.043     205.916         1.6     2315.04     1794.42     4109.45     40.8167    -55.8318           0    0.113957    0.177994    0.266601      2552.3     1.6e+19       6.501     6.10252       6.071     5.41435
      13200    0.285656     1494.79     199.352      227.76         1.6     2336.45     1834.98     4171.43     40.5634    -60.5423           0    0.113957    0.177994    0.299483     2553.83     1.6e+19       6.501     6.08249     6.09812     5.42252
      13100    0.337197     1523.41     201.298     234.468         1.6     2363.97     1869.55     4233.51     34.5666    -63.8504           0    0.113957    0.177994    0.282393     2555.82     1.6e+19       6.501     6.06907     6.11465     5.41682
      13000    0.256255     1557.04     202.756     240.149         1.6     2383.24     1905.28     4288.52     35.7301    -66.9804           0    0.113957    0.177994    0.194765     2558.32     1.6e+19       6.501     6.04718      6.1115     5.40269
      12900    0.407246     1582.82     203.857     246.271         1.6      2417.5     1940.13     4357.62     34.8506    -67.5347           0    0.113957    0.177994    0.177994     2560.05     1.6e+19       6.501     6.01822     6.09547       6.181
      12800    0.444285     1623.58     204.593     252.355         1.6     2459.71     1976.41     4436.13     36.2886    -70.6805           0    0.113957    0.177994    0.177994     2563.28     1.6e+19       6.501     5.98629     6.07142     6.14552
      12700    0.353576     1667.92     205.145     253.941         1.6     2495.93     2013.87      4509.8     37.4579     -73.685  0.00137248    0.113957    0.177994    0.177994     2566.88     1.6e+19     6.53204     5.95361     6.03946     6.09636
      12600    0.163077     1703.09      205.76     252.493         1.6     2512.63     2053.26     4565.89     39.3903    -74.3259  0.00495241    0.113957    0.177994    0.177994     2569.63     1.6e+19     6.61732     5.91919     5.99933     6.04088
      12500    0.186568     1719.42     206.493     251.861         1.6     2531.36     2093.76     4625.12      40.495    -71.3398   0.0077301   0.0993472    0.177994    0.177994     2570.59     1.6e+19     6.68527      5.8837     5.95533     5.98962
      12400    0.148491     1738.04     207.336      251.48         1.6     2547.61     2132.52     4680.13     38.7638    -69.6451  0.00985846   0.0773997    0.177994    0.177994     2571.76     1.6e+19     6.73842     5.84892     5.91242     5.94457
      12300    0.246947     1752.98     208.256      249.78         1.6     2574.46     2171.05     4745.51     38.5304    -67.8155   0.0114664   0.0577697    0.177994    0.177994     2572.59     1.6e+19     6.77922     5.81528     5.87215     5.90403
      12200    0.407582     1777.84     209.201     247.006         1.6     2615.32     2211.15     4826.47     40.1016    -68.6639   0.0141879   0.0493614    0.141878    0.177994     2574.36     1.6e+19     6.20912     6.58135     5.83541     5.86471
      12100    0.506256      1818.7     210.083     245.694         1.6     2664.71     2253.51     4918.23     42.3591    -72.8375   0.0180109   0.0493614   0.0822093    0.177994     2577.64     1.6e+19     6.22956     6.54675     5.80257     5.82051
      12000    0.603444     1869.42     210.856     245.166         1.6     2722.35     2292.75     5015.11     39.2411    -78.2933   0.0203207   0.0492271   0.0777592   0.0777592     2581.77     1.6e+19     6.24334     6.51286     6.56506     6.57234
      11900    0.656036     1929.82      211.51     245.481         1.6     2784.25      2335.8     5120.04     43.0435    -84.6413   0.0364086   0.0453634   0.0777592   0.0777592     2586.82     1.6e+19     6.25082     6.47941     6.52183     6.51225
      11800    0.792257     1995.56     212.052     246.391         1.6     2851.53     2378.79     5230.32     42.9884    -90.7843    0.052398   0.0414154   0.0777592   0.0777592      2592.4     1.6e+19     6.25166     6.44561      6.4716     6.44154
      11700    0.347463     2074.34     212.463     255.269         1.6     2931.05      2422.9     5353.96     44.1193    -98.0275   0.0598119   0.0372652   0.0777592   0.0777592     2599.26     1.6e+19     6.24676      6.4105     6.41392     6.36014
      11600    0.266318        2109     201.121     227.789         1.6     2989.73     2479.15     5468.87     56.2428    -94.7897           0   0.0493614   0.0777592   0.0777592     2599.26     1.6e+19       6.501     6.56498      6.5095     6.33365
      11500     0.16243     2135.53     197.507     208.212         1.6      3038.5     2547.41     5585.91     68.2592    -93.5358           0    0.113957     0.15369   0.0777592     2598.31     1.6e+19       6.501     5.95594     5.82063     6.37033
      11400    0.165459     2151.78      197.03     182.579         1.6     3074.13     2618.33     5692.45     70.9215    -92.6966           0    0.113957    0.177994   0.0777592     2596.34     1.6e+19       6.501     6.07584      5.8579     6.43585
      11300    0.166248     2168.32     197.627     170.496         1.6     3102.52     2686.18      5788.7     67.8508    -93.6831           0    0.113957    0.177994   0.0777592     2594.28     1.6e+19       6.501     6.12587     5.86616     6.50642
      11200    0.104167     2184.89     198.554     165.708         1.6     3125.59     2752.48     5878.06     66.2961     -95.163           0    0.113957    0.177994   0.0777592     2592.11     1.6e+19       6.501     6.12924     5.86478     6.57244
      11100           0      2195.2     199.606     157.214         1.6     3127.61     2817.77     5945.37     65.2944    -95.5526           0    0.113957    0.177994    0.177994     2589.32     1.6e+19       6.501     6.10817     5.86349     5.82559
      11000           0      2195.2     200.767     147.247         1.6     3134.96      2881.8     6016.76     64.0331    -94.4714           0    0.113957    0.177994    0.177994      2585.6     1.6e+19       6.501     6.07787     5.86455     5.86983
      10900           0      2195.2     201.998     141.698         1.6     3136.79      2947.4     6084.19     65.6022    -94.1696           0    0.113957    0.177994    0.177994     2581.82     1.6e+19       6.501     6.04736     5.87257     5.91922
      10800   0.0670466     2195.27     203.251     138.534         1.6     3150.23      3009.7     6159.94     62.2995    -94.2772           0    0.113957    0.177994    0.177994        2578     1.6e+19       6.501     6.02164     5.88884     5.97189
      10700   0.0506859     2201.95     204.474     134.267         1.6     3161.85     3071.46      6233.3     61.7512    -95.8837           0    0.113957    0.177994    0.177994     2574.79     1.6e+19       6.501     6.00313     5.91239     6.02507
      10600   0.0316348        2207      205.67     129.548         1.6     3168.97     3132.69     6301.66     61.2299    -97.1314           0    0.113957    0.177994    0.177994      2571.4     1.6e+19       6.501     5.99262     5.94132     6.07814
      10500   0.0367399     2210.17     206.874     126.722         1.6     3175.74     3193.31     6369.05     60.6257    -98.0662           0    0.113957    0.177994    0.177994      2567.8     1.6e+19       6.501     5.98996     5.97473     6.13279
      10400   0.0360633     2213.85     208.088     124.954         1.6      3181.8     3251.42     6433.22     58.1125    -99.1422           0    0.113957    0.177994    0.177994     2564.23     1.6e+19       6.501      5.9946     6.01224     6.18923
      10300   0.0830733      2217.5     209.304     123.803         1.6     3194.41     3307.02     6501.43     55.5955    -100.188           0    0.113957    0.177994    0.299483     2560.79     1.6e+19       6.501     6.00584     6.05174     5.43076
      10200   0.0676524     2225.79     210.493     122.466         1.6        3206     3362.23     6568.23     55.2068    -102.067           0    0.113957    0.177994    0.299483     2557.89     1.6e+19       6.501     6.02284     6.08937     5.46688
      10100           0     2232.49     211.654     120.022         1.6     3210.79     3414.27     6625.06     52.0457    -103.439           0    0.113957    0.177994    0.299483     2554.82     1.6e+19       6.501     6.04464      6.1273     5.50575
      10000           0     2232.49     212.846     117.321         1.6      3212.4     3465.43     6677.83     51.1543    -103.507           0    0.113957    0.177994    0.299483     2551.11     1.6e+19       6.501     6.07046     6.16701     5.54911
       9900   0.0693554     2232.56     214.074     114.483         1.6     3224.75     3515.65      6740.4     50.2257    -103.885           0    0.113957    0.219458    0.299483      2547.4     1.6e+19       6.501     6.09979     5.40821     5.59719
       9800   0.0587298     2239.48     215.271     111.409         1.6     3235.79     3564.12     6799.92     48.4732    -105.797           0    0.113957    0.299483    0.299483     2544.51     1.6e+19       6.501     6.13212     5.43635     5.64396
       9700    0.109706     2245.41     216.416     108.188         1.6     3253.72      3610.9     6864.61     46.7717    -107.401           0    0.113957    0.299483    0.299483     2541.55     1.6e+19       6.501      6.1666     5.46954      5.6873
       9600      0.1115     2256.38     217.511     104.795         1.6     3271.93     3656.02     6927.95       45.12    -109.936           0    0.125814    0.299483    0.299483     2539.08     1.6e+19       6.501      5.4027     5.50664     5.72875
       9500   0.0821736      2267.5     218.561     101.282         1.6      3285.4     3699.53     6984.93     43.5137     -112.27           0    0.209552    0.299483    0.299483     2536.71     1.6e+19       6.501      5.4259     5.54487     5.76858
       9400           0     2275.63     219.594      98.626         1.6     3289.04     3745.14     7034.18     45.6056    -113.868           0    0.209552    0.299483    0.325933     2534.11     1.6e+19       6.501      5.4484     5.58303     5.00775
       9300           0     2275.63     220.673     96.5827         1.6     3292.02     3788.26     7080.28     43.1273    -113.907           0    0.209552    0.299483     0.36527     2530.84     1.6e+19       6.501     5.47531     5.62003     5.03902
       9200           0     2275.63     221.798      94.879         1.6     3293.97     3830.16     7124.14     41.9017    -114.262           0    0.209552    0.299483     0.36527     2527.59     1.6e+19       6.501     5.50536     5.65719     5.07608
       9100   0.0360754     2275.67      222.94     93.3801         1.6     3300.09     3869.23     7169.32     39.0601    -114.839           0    0.209552    0.299483     0.36527     2524.33     1.6e+19       6.501     5.53787     5.69649     5.11765
       9000   0.0529801      2279.3     224.066      91.981         1.6     3308.33     3904.46     7212.79     35.2339    -116.238           0    0.209552    0.299483     0.36527     2521.43     1.6e+19       6.501     5.57249     5.73804     5.16113
       8900           0     2284.54     225.162     90.6657         1.6     3310.84     3939.95     7250.78     35.4884    -117.877           0    0.209552    0.299483    0.380893     2518.68     1.6e+19       6.501       5.609     5.78095     4.80432
       8800   0.0606633      2284.6     226.272     89.5109         1.6     3319.87      3974.2     7294.07     34.2533     -118.41           0    0.209552    0.348385    0.434418     2515.57     1.6e+19       6.501     5.64711     5.01912     4.83702
       8700    0.246754     2290.85     227.364     88.3906         1.6     3336.37     4007.24     7343.61     33.0363    -120.241           0    0.209552     0.36527    0.434418     2513.17     1.6e+19       6.501     5.68627     5.04928     4.86921
       8600    0.241768     2315.52     228.293     87.0403         1.6     3357.75     4039.49     7397.24     32.2568    -125.327           0    0.209552     0.36527    0.434418     2512.54     1.6e+19       6.501       5.726     5.08142     4.89488
       8500    0.237287      2339.7     229.072      85.616         1.6     3372.46     4071.12     7443.59     31.6281    -129.335           0    0.209552     0.36527    0.434418     2511.87     1.6e+19       6.501     5.76593     5.11126     4.91301
       8400    0.236459     2363.42     229.787     84.6983         1.6     3390.19     4102.63     7492.83     31.5128    -132.559           0    0.222215     0.36527    0.434418     2511.15     1.6e+19       6.501     5.00493      5.1378     4.92756
       8300   0.0447993     2386.88     230.469     84.1221         1.6     3396.06     4130.47     7526.52     27.8312    -135.202           0    0.269662     0.36527    0.434418     2510.48     1.6e+19       6.501     5.03238     5.16144      4.9404
       8200    0.205904     2391.52      231.24      84.072         1.6     3406.19      4158.1     7564.29     27.6347    -134.004           0    0.269662     0.36527    0.434418     2508.01     1.6e+19       6.501     5.05825     5.18368     4.95894
       8100   0.0556076     2411.96     232.023     84.1603         1.6     3413.01     4185.53     7598.54     27.4271    -136.193           0    0.269662    0.381354    0.434418     2507.07     1.6e+19       6.501     5.08504     4.80653     4.98036
       8000    0.199808     2417.66     232.828     84.5613         1.6     3427.71     4212.42     7640.14     26.8972     -135.33           0    0.269662    0.422031    0.447033     2504.77     1.6e+19       6.501     5.11223     4.82432     4.60336
       7900   0.0476248     2437.49     233.608     85.0859         1.6     3433.08     4238.82      7671.9     26.3923      -137.4           0    0.269662    0.434418     0.49803     2503.97     1.6e+19       6.501     5.13941     4.84087     4.61698
       7800    0.187333      2442.4       234.4     85.9244         1.6     3440.71     4264.12     7704.83     25.2998     -136.35           0    0.269662    0.434418    0.505823     2501.79     1.6e+19       6.501     5.16641     4.85799     4.62901
       7700    0.187189     2461.13     235.171     86.8257         1.6     3450.47     4289.35     7739.82     25.2293     -138.17           0    0.269662    0.434418    0.505823     2500.95     1.6e+19       6.501     5.19326     4.87682      4.6439
       7600    0.179845     2479.84     235.863     87.8147         1.6     3457.91     4313.58     7771.49     24.2367    -139.603           0    0.314737    0.434418    0.505823     2500.13     1.6e+19       6.501     4.81542     4.89595     4.65745
       7500   0.0171779     2497.66     236.516     88.9389         1.6     3459.79     4336.89     7796.68     23.3087    -140.566           0     0.33798    0.434418    0.505823     2499.29     1.6e+19       6.501     4.82995     4.91453     4.67095
       7400           0     2499.36     237.247     89.3062         1.6     3461.19     4359.19     7820.39     22.3032    -138.397 0.000135557     0.33798    0.434418    0.505823     2496.91     1.6e+19     6.50315     4.84591     4.93337     4.69035
       7300           0     2499.36      238.09     89.2717         1.6     3463.86     4382.38     7846.24     23.1848    -136.497  0.00104234     0.33798    0.434418    0.505823     2494.37     1.6e+19      6.5243     4.86389     4.95538     4.71815
       7200           0     2499.36      238.99     88.9856         1.6     3470.08     4406.39     7876.47     24.0102    -135.109  0.00198442     0.33798    0.434418    0.505823     2491.82     1.6e+19     6.54644     4.88364     4.98147     4.75151
       7100           0     2499.36     239.917      88.507         1.6     3476.87     4428.77     7905.65     22.3831    -134.104  0.00297862     0.33798    0.459211    0.505823     2489.29     1.6e+19     6.56999     4.90515      4.6099     4.78847
       7000  0.00185298     2499.36     240.856     87.8749         1.6     3477.85     4445.52     7923.37     16.7437     -133.39  0.00402319     0.33798    0.505823    0.572861     2486.89     1.6e+19     6.59494     4.92838     4.63291     4.42006
       6900  0.00182824     2499.55     241.791     87.1288         1.6     3478.92     4461.83     7940.75     16.3088     -132.93  0.00510518     0.33798    0.505823    0.572861     2484.63     1.6e+19     6.62102     4.95296     4.65632     4.44504
       6800   0.0156002     2499.75     242.718     86.2894         1.6     3481.87     4482.01     7963.87      20.182    -132.635  0.00621191     0.33798    0.505823    0.572861     2482.37     1.6e+19     6.64794     4.97876     4.68254     4.47296
       6700    0.133169     2501.42     243.631     85.3644         1.6      3485.3     4500.48     7985.78     18.4693    -132.747  0.00733397    0.355145    0.505823    0.572861     2480.26     1.6e+19     6.67548     4.60516     4.71087     4.50264
       6600    0.107444     2514.71     244.449     84.2256         1.6     3487.88     4515.43      8003.3     14.9515    -135.062  0.00845641    0.409948    0.505823    0.572861     2479.34     1.6e+19      6.7033     4.62281     4.73988      4.5293
       6500    0.114961     2525.47     245.173     82.9953         1.6     3493.12     4531.36     8024.48     15.9271    -136.424  0.00953871    0.412886    0.505823    0.572861     2478.22     1.6e+19     6.73037     4.63869     4.76714      4.5522
       6400    0.110716     2536.96     245.853      82.049         1.6     3498.72      4546.7     8045.42      15.347     -137.69   0.0105569    0.412886    0.505823    0.572861     2477.17     1.6e+19     6.75607     4.65794     4.79247     4.57342
       6300    0.118966     2548.04     246.507     81.2734         1.6     3503.31     4563.14     8066.46     16.4427    -138.665   0.0115109    0.412886    0.538973    0.572861     2476.11     1.6e+19     6.78036     4.67919      4.4134     4.59339
       6200    0.120711     2559.94     247.137     80.5985         1.6     3506.91     4579.81     8086.71     16.6629    -139.646   0.0129537    0.412886    0.571541    0.601015     2475.21     1.6e+19     6.20307     4.70139       4.428     4.20859
       6100    0.122657     2572.01     247.738     80.0188         1.6     3511.53     4596.72     8108.25     16.9122    -140.509    0.017118    0.412886    0.572861    0.625029     2474.42     1.6e+19     6.22286     4.72371     4.44087     4.21594
       6000    0.124777     2584.28     248.312      79.508         1.6     3517.62     4613.91     8131.53     17.1876    -141.281   0.0203092    0.412886    0.572861    0.634429      2473.7     1.6e+19     6.24123     4.74571     4.45341     4.22092
       5900    0.107256     2596.74     248.864      79.053         1.6     3521.63     4628.74     8150.38     14.8362    -141.983   0.0232535    0.412886    0.572861    0.634429     2473.01     1.6e+19     6.25846     4.76715     4.46548     4.22703
       5800    0.116556     2607.47     249.408     78.6716         1.6     3523.99     4644.84     8168.83     16.0921    -142.276   0.0259924    0.412886    0.572861    0.634429     2472.16     1.6e+19     6.27472     4.78793     4.47762     4.23501
       5700    0.115565     2619.13     249.945     78.3326         1.6     3531.27     4660.79     8192.06     15.9554    -142.741   0.0285751    0.432647    0.572861    0.634429     2471.41     1.6e+19     6.29025     4.40679     4.49022      4.2445
       5600    0.113598     2630.68     250.466     78.0293         1.6     3540.16     4676.48     8216.64      15.684    -143.144   0.0310301    0.463487    0.572861    0.634429      2470.7     1.6e+19      6.3052     4.41831     4.50315     4.25492
       5500    0.111763     2642.04     250.969     77.7639         1.6     3541.31     4691.91     8233.21     15.4306    -143.479   0.0333593    0.482532    0.572861    0.634429     2470.01     1.6e+19     6.31953     4.42654     4.51615     4.26616
       5400    0.108346     2653.21     251.456     76.7689         1.6     3541.92     4706.88     8248.79     14.9692    -143.774   0.0355683    0.484658    0.572861    0.634429     2469.33     1.6e+19     6.33325     4.43476     4.52916     4.27809
       5300    0.104964     2664.04     251.931     75.3437         1.6     3548.74     4721.39     8270.14     14.5189    -144.048   0.0376735    0.484658    0.572861    0.634429     2468.62     1.6e+19     6.34645     4.44481     4.54228     4.29067
       5200     0.12631     2674.56     252.402     73.6829         1.6     3554.36     4738.79     8293.15     17.3978    -144.336   0.0396986    0.484658    0.572861    0.634429     2467.88     1.6e+19     6.35925     4.45606     4.55564      4.3039
       5100    0.118553     2687.18     252.856      71.837         1.6     3561.61     4755.14     8316.75     16.3436    -145.093    0.041664    0.484658    0.572861    0.634429     2467.34     1.6e+19     6.37176     4.46813     4.56919      4.3169
       5000    0.110788     2699.03     253.296     69.8462         1.6        3575     4770.44     8345.44     15.3038    -145.696   0.0435674    0.484658    0.572861    0.634429     2466.74     1.6e+19     6.38395     4.48073      4.5826     4.32955
       4900    0.117813     2710.12     253.737     67.7822         1.6     3589.68      4786.7     8376.39     16.2627      -146.2   0.0454113    0.484658    0.572861    0.634429     2466.07     1.6e+19     6.39583     4.49365     4.59595     4.34253
       4800      0.1201      2721.9     254.177     65.6309         1.6     3600.03     4803.28     8403.31     16.5734     -146.91   0.0472129    0.484658    0.586644    0.634429     2465.47     1.6e+19      6.4075     4.50674     4.20804     4.35562
       4700    0.122476     2733.91     254.606     63.4098         1.6     3604.32     4820.17     8424.49     16.8935    -147.704   0.0489758    0.484658    0.601844    0.634429     2464.93     1.6e+19     6.41897     4.51986     4.21782     4.36793
       4600    0.106797     2746.15     255.024      61.152         1.6      3617.3     4834.94     8452.25     14.7757     -148.57   0.0506916    0.484658    0.614113    0.634429     2464.44     1.6e+19     6.43019     4.53283      4.2267      4.3792
       4500   0.0984168     2756.82     255.442     58.8635         1.6     3631.94      4848.6     8480.54     13.6583     -149.18   0.0523561    0.484658     0.62454    0.634429     2463.82     1.6e+19     6.44113     4.54558     4.23522     4.39018
       4400    0.109973     2766.67     255.868     56.9424         1.6     3647.12     4863.83     8510.95     15.2316    -149.735   0.0539835    0.484658    0.633915    0.638832     2463.14     1.6e+19     6.45186     4.55808     4.24382     4.00146
       4300    0.109809     2777.67     256.292     55.2025         1.6     3659.83     4879.04     8538.87      15.208    -150.593   0.0555941    0.484658    0.634429     0.66175     2462.61     1.6e+19     6.46252     4.57038     4.25284      4.0091
       4200    0.111928     2788.65     256.705     53.5585         1.6     3676.92     4894.54     8571.46     15.4947    -151.465   0.0571889    0.484658    0.634429    0.676684     2462.13     1.6e+19     6.47311     4.58252     4.26166     4.01408
       4100    0.105267     2799.84     257.108     51.9921         1.6     3697.96     4909.13     8607.09     14.5917    -152.387   0.0587587    0.484658    0.634429    0.688377     2461.69     1.6e+19     6.48356     4.59452     4.26984     4.01799
       4000    0.114144     2810.37     257.505     50.4823         1.6     3719.34     4924.92     8644.27     15.7946    -153.192   0.0602959    0.499037    0.634429    0.690526     2461.22     1.6e+19     6.49384     4.20515     4.27754     4.02225
       3900    0.123197      2821.8      257.89     48.9985         1.6     3743.44     4941.93     8685.37     17.0104    -154.189   0.0617951    0.515765    0.634429    0.690526     2460.87     1.6e+19     6.50389     4.21174     4.28525     4.02781
       3800    0.109985      2834.1     258.248     47.5205         1.6     3765.97     4957.14      8723.1     15.2022    -155.331   0.0630091    0.526715    0.634429    0.690526     2460.62     1.6e+19     6.51362      4.2167     4.29296     4.03372
       3700    0.106521      2845.1     258.591     45.4589         1.6     3792.56     4971.87     8764.43     14.7339    -156.193   0.0630091    0.535158    0.634429    0.690526     2460.26     1.6e+19     6.52304     4.22109     4.30057     4.04015
       3600    0.103072     2855.75     258.931     41.8136         1.6     3816.61     4986.14     8802.75     14.2691    -157.093   0.0630091    0.542276    0.634429    0.690526     2459.88     1.6e+19     6.53219     4.22532     4.30829     4.04742
       3500    0.113822     2866.06     259.269     37.4824         1.6     3839.76     5001.87     8841.63     15.7313      -158.1   0.0630091    0.548571    0.634429    0.690526     2459.48     1.6e+19      6.5411     4.22955     4.31627     4.05543
       3400     0.10408     2877.44     259.596     32.8889         1.6     3858.79     5016.27     8875.07     14.4036    -159.485   0.0630091    0.551677    0.634429    0.690526     2459.19     1.6e+19     6.54983     4.23401      4.3245     4.06364
       3300     0.10423     2887.84     259.918     28.0508         1.6     3868.35     5030.71     8899.05     14.4316    -160.827   0.0630091    0.551677    0.634429    0.690526     2458.81     1.6e+19     6.55837     4.23951     4.33282     4.07204
       3200     0.10438     2898.27     260.242     23.5761         1.6     3879.04     5045.16      8924.2     14.4584    -162.344   0.0630091    0.551677    0.634429    0.690526     2458.43     1.6e+19     6.56675     4.24587     4.34133     4.08085
       3100    0.101587      2908.7     260.565     20.4729         1.6     3888.06     5059.25     8947.31     14.0853    -163.955   0.0630091    0.551677    0.634429    0.690526     2458.05     1.6e+19     6.57507     4.25285     4.35005      4.0899
       3000   0.0987632     2918.86      260.89     17.8671         1.6     3900.04     5072.96        8973     13.7105    -165.546   0.0630091    0.551677    0.634429    0.690526     2457.64     1.6e+19     6.58335     4.26029     4.35897     4.09921
       2900    0.102893     2928.74     261.219     15.6179         1.6     3912.41     5087.24     8999.65     14.2814    -167.103   0.0630091    0.551677    0.634429    0.690526     2457.21     1.6e+19     6.59165     4.26809     4.36811     4.10886
       2800   0.0989607     2939.02     261.548     13.6127         1.6     3925.11     5100.99      9026.1     13.7517    -168.744   0.0630128    0.551677    0.634429    0.690526     2456.82     1.6e+19     5.80001     4.27617     4.37748     4.11866
       2700     0.12291     2948.94     261.879     11.6078         1.6     3930.77     5118.01     9048.78     17.0207      -170.3   0.0652538    0.551677    0.634429    0.690526     2456.39     1.6e+19     5.80758      4.2845     4.38698     4.12858
       2600   0.0839411      2961.2     262.196     9.22731         1.6     3934.37     5129.72     9064.09     11.7045    -172.284   0.0674188    0.551677    0.634429    0.690526     2456.19     1.6e+19     5.81491       4.293     4.39648     4.13783
       2500     0.11077     2969.62     262.519     6.77942         1.6     3943.07      5145.1     9088.17     15.3807    -173.515   0.0695118    0.551677    0.641158    0.690526     2455.63     1.6e+19     5.82203     4.30159     4.00512      4.1474
       2400    0.106249     2980.69     262.845     4.29018         1.6     3953.66     5159.85     9113.51     14.7547    -175.332   0.0715698    0.551677    0.650073    0.690526     2455.34     1.6e+19     5.82906     4.31019     4.01254     4.15695
       2300    0.100652     2991.31     263.158     1.76668         1.6     3962.16     5173.85        9136     13.9916    -177.046   0.0735963    0.551677    0.657373    0.690526     2455.03     1.6e+19     5.83599     4.31872     4.01935     4.16558
       2200   0.0950343     3001.37     263.469   -0.605496         1.6     3964.05     5187.08     9151.12     13.2311    -178.668   0.0755739    0.551677    0.663568    0.690526     2454.68     1.6e+19     5.84279     4.32714     4.02587     4.17386
       2100   0.0934137     3010.87     263.782    -2.54293         1.6     3973.02     5200.09     9173.11     13.0178    -180.205   0.0775107    0.551677    0.669028    0.690526     2454.29     1.6e+19     5.84946     4.33542     4.03233      4.1822
       2000   0.0917863     3020.21     264.098    -4.29739         1.6     3981.82      5212.9     9194.72     12.8016    -181.729    0.079425    0.551677    0.673978    0.690526     2453.89     1.6e+19     5.85608     4.34358      4.0389      4.1907
       1900   0.0940705     3029.39     264.416    -5.91286         1.6     3989.79     5226.01      9215.8     13.1177    -183.231   0.0813303    0.551677    0.678502    0.690526      2453.5     1.6e+19     5.86268     4.35166     4.04563     4.19934
       1800   0.0927347      3038.8      264.73    -7.42594         1.6     3998.73     5238.95     9237.68     12.9362    -184.774   0.0832325    0.551677    0.682445    0.706776     2453.15     1.6e+19     5.86929     4.35967     4.05232     3.80596
       1700   0.0974903     3048.08     265.041     -8.9557         1.6     4008.97     5252.54     9261.51     13.5855    -186.276   0.0851261    0.551677    0.685316    0.718332     2452.82     1.6e+19     5.87589     4.36763     4.05836      3.8102
       1600    0.107474     3057.83     265.344    -10.6871         1.6      4016.4     5267.48     9283.88      14.944    -187.858       0.087    0.551677     0.68726    0.726768     2452.58     1.6e+19     5.88243     4.37551     4.06375      3.8133
       1500   0.0927304     3068.57     265.628    -12.4903         1.6     4023.36      5280.4     9303.75     12.9171    -189.588   0.0888341    0.551677    0.688472    0.732696     2452.44     1.6e+19     5.88885     4.38325     4.06861     3.81548
       1400   0.0789708     3077.83     265.905    -14.3227         1.6     4030.78     5291.44     9322.22     11.0449    -191.007   0.0906006    0.551677    0.689135    0.738277     2452.18     1.6e+19     5.89505     4.39083     4.07305     3.81754
       1300   0.0825394     3085.73     266.192    -16.1528         1.6     4034.41     5302.98     9337.39     11.5439    -192.211   0.0923071    0.551677    0.689586    0.741151     2451.81     1.6e+19     5.90106     4.39821     4.07746      3.8204
       1200   0.0860924     3093.98     266.484    -17.6934         1.6     4042.54     5315.01     9357.55      12.029    -193.547   0.0939916    0.562823    0.690143    0.741151     2451.48     1.6e+19       5.907      4.0042     4.08229     3.82475
       1100   0.0891499      3102.6      266.77    -18.4599         1.6     4047.57     5327.45     9375.02     12.4405    -194.942    0.095666    0.571843    0.690526    0.741151     2451.21     1.6e+19     5.91291     4.00799     4.08757     3.82991
       1000   0.0912753     3111.51     267.042    -18.8928         1.6     4050.46     5340.18     9390.64     12.7232    -196.337   0.0973135     0.57815    0.690526    0.741151     2450.98     1.6e+19     5.91875     4.01103      4.0932     3.83541
        900   0.0885953     3120.64       267.3    -18.9656         1.6     4053.73     5352.53     9406.26     12.3495    -197.684   0.0989148    0.583285    0.690526    0.741151     2450.78     1.6e+19     5.92443     4.01385     4.09896     3.84102
        800    0.113587     3129.52      267.55    -18.7641         1.6     4058.21      5368.3     9426.51     15.7702     -198.89    0.100458    0.587765    0.690526    0.741151     2450.58     1.6e+19     5.92992     4.01663     4.10475     3.84676
        700    0.117563     3140.89     267.775    -18.2681         1.6     4060.46     5384.59     9445.04     16.2919    -200.428    0.101935    0.591776    0.690526    0.741151     2450.61     1.6e+19     5.93518     4.01944     4.11041     3.85177
        600   0.0951729     3152.62     267.969     -17.312         1.6     4072.57     5397.79     9470.36     13.2056    -201.817    0.103312    0.595343    0.690526    0.741151      2450.7     1.6e+19      5.9401     4.02226      4.1155     3.85555
        500   0.0898089     3162.13     268.161    -16.0419         1.6     4085.12     5410.28     9495.39     12.4815    -202.615    0.104559    0.598423    0.690526    0.741151     2450.57     1.6e+19     5.94456     4.02507     4.12001      3.8593
        400    0.103485     3171.13     268.363    -14.4331         1.6     4110.01     5424.64     9534.65     14.3641    -203.222     0.10571     0.60104    0.690526    0.741151     2450.41     1.6e+19     5.94868     4.02785      4.1244      3.8638
        300   0.0655449     3181.44     268.561    -12.5769         1.6     4124.12     5433.81     9557.92     9.16519     -203.96    0.106812    0.603286    0.690526    0.741151     2450.37     1.6e+19     5.95264     4.03062     4.12889     3.86835
        200   0.0605792     3187.99     268.776    -10.1834         1.6      4144.9     5442.32     9587.22     8.51655     -203.89    0.107882    0.605394    0.690239    0.741151     2449.98     1.6e+19     5.95648     4.03343     4.13351     3.87391
        100   0.0890965     3194.07      269.02     -6.8307         1.6     4150.66     5454.76     9605.41     12.4352    -203.702    0.108974    0.607925    0.689972    0.741151     2449.55     1.6e+19     5.96041     4.03622     4.13888     3.88127
          0   0.0874551     3202.98     269.259    -3.00639         1.6     4158.08     5466.95     9625.03     12.1961    -203.917    0.110142    0.610577    0.689947    0.741151     2449.39     1.6e+19     5.96461     4.03902     4.14495     3.88875