      20000           0           0     179.437     415.631         1.7      17.399     14.2831      31.682     14.2831     51.8336    0.258968    0.460851    0.605054    0.634429     2456.76     1.6e+19     5.73044     4.59858     4.35318     4.39114
      19900           0           0     179.437      414.68         1.7     28.2793     29.7361     58.0154     15.4531     51.7019    0.258968    0.460851    0.605054    0.634429     2456.76     1.6e+19     5.73044     4.59858     4.35318     4.39114
      19800           0           0     179.437     414.027         1.7     44.2321     46.3592     90.5912     16.6231     51.5707    0.258968    0.460851    0.605054    0.634429     2456.76     1.6e+19     5.73044     4.59858     4.35318     4.39114
      19700           0           0     179.437     413.765         1.7     53.1471     60.5222     113.669     14.1631     51.4563    0.258968    0.460851    0.605054    0.634429     2456.76     1.6e+19     5.73044     4.59858     4.35318     4.39114
      19600   0.0414251   0.0414251     179.437     413.802         1.7     62.7691     72.5053     135.274     11.9831     51.3637    0.258968    0.460851    0.605054    0.634429     2456.77     1.6e+19     5.73044     4.59858     4.35318     4.39114
      19500           0     4.14251     179.408     411.955         1.7     64.8941     82.0476     146.942      9.5423     50.3301    0.258968     0.46085    0.604999    0.634429     2457.19     1.6e+19     5.73044     4.59858     4.35291     4.38941
      19400           0     4.14251     179.373      409.07         1.7     76.3637     94.1947     170.558     12.1471     50.4039    0.258968    0.460835     0.60479    0.634429     2457.19     1.6e+19     5.73039     4.59851     4.35189     4.38712
      19300           0     4.14251     179.356      406.44         1.7     86.2241     106.389     192.613     12.1938     50.3091    0.258968    0.460791    0.604565    0.634429     2457.19     1.6e+19     5.73024     4.59832     4.35079     4.38584
      19200           0     4.14251     179.348     403.822         1.7     87.6018     118.621     206.223     12.2323     50.0817    0.258968    0.460718    0.604382    0.634429     2457.19     1.6e+19     5.72999     4.59801     4.34989      4.3851
      19100  0.00144489     4.14395     179.343     402.931         1.7     87.7331     130.367       218.1     11.7465     49.7671    0.258968    0.460626    0.604246    0.634429     2457.18     1.6e+19     5.72967     4.59762     4.34923     4.38469
      19000           0       4.287     179.341     403.075         1.7     88.5083     142.927     231.435     12.5592     49.4277    0.258968    0.460525    0.604148    0.634429      2457.2     1.6e+19     5.72932     4.59718     4.34875     4.38442
      18900           0       4.287     179.339     401.403         1.7     90.3117     156.297     246.609     13.3707     49.1431    0.258968    0.460423    0.604074    0.634429      2457.2     1.6e+19     5.72895     4.59675     4.34839     4.38426
      18800           0       4.287     179.339     398.725         1.7      99.827     166.928     266.755     10.6306     48.7811    0.258968    0.460325    0.604021    0.634429     2457.19     1.6e+19     5.72857     4.59633     4.34813     4.38422
      18700           0       4.287      179.34     396.874         1.7     120.933     178.858      299.79     11.9298     48.3321    0.258968    0.460234    0.603985    0.634429     2457.19     1.6e+19     5.72821     4.59594     4.34795     4.38425
      18600           0       4.287     179.342     395.425         1.7     155.317     193.416     348.734     14.5585     47.8452    0.258968    0.460152    0.603962    0.634429     2457.19     1.6e+19     5.72787     4.59559     4.34784     4.38433
      18500           0       4.287     179.343     394.034         1.7     197.224     202.193     399.417     8.77693     47.3361    0.258968     0.46008    0.603948    0.634429     2457.19     1.6e+19     5.72756     4.59528     4.34777     4.38442
      18400           0       4.287     179.345     392.704         1.7      205.87     210.518     416.389     8.32529     46.8087    0.258968    0.460018    0.603941    0.634429     2457.19     1.6e+19     5.72727     4.59501     4.34774     4.38453
      18300           0       4.287     179.346     389.596         1.7     209.736     219.192     428.928     8.67365     46.2372    0.258968    0.459965    0.603938    0.634429     2457.18     1.6e+19     5.72701     4.59478     4.34772     4.38465
      18200           0       4.287     179.348      385.39         1.7     234.646     227.864      462.51     8.67203     45.5388    0.258968     0.45992    0.603939    0.634429     2457.18     1.6e+19     5.72679     4.59459     4.34773     4.38476
      18100           0       4.287      179.35     381.806         1.7     283.601     236.008     519.609      8.1438     44.6991    0.258968    0.459883    0.603942    0.634429     2457.18     1.6e+19     5.72658     4.59443     4.34774     4.38487
      18000           0       4.287     179.351     378.455         1.7     328.006      244.71     572.716     8.70231     43.7606    0.258968    0.459852    0.603947    0.634429     2457.18     1.6e+19     5.72641      4.5943     4.34777     4.38498
      17900           0       4.287     179.352     377.498         1.7     365.048     254.828     619.876     10.1176     42.7765    0.258968    0.459827    0.603953    0.634429     2457.17     1.6e+19     5.72626     4.59419      4.3478     4.38508
      17800           0       4.287     179.354     378.016         1.7     400.172     265.804     665.976     10.9762      41.865    0.258968    0.459808    0.603959    0.634429     2457.17     1.6e+19     5.72613     4.59411     4.34783     4.38517
      17700           0       4.287     179.355     376.114         1.7     434.848     276.169     711.017      10.365     41.0264    0.258968    0.459792    0.603967    0.634429     2457.17     1.6e+19     5.72602     4.59404     4.34786     4.38526
      17600           0       4.287     179.356     372.893         1.7     458.635     290.538     749.173     14.3688     40.1352    0.258968     0.45978    0.603974    0.634429     2457.17     1.6e+19     5.72592     4.59399      4.3479     4.38535
      17500    0.204356     4.49135     179.357     372.966         1.7     466.389     304.566     770.954     14.0277     39.1543    0.258968    0.459771    0.603982    0.634429     2457.19     1.6e+19     5.72585     4.59395     4.34794     4.38542
      17400    0.328243     25.0508     181.943     404.943         1.7     495.822     314.405     810.227     9.83923     32.6038    0.258968    0.458192    0.603564    0.634429     2460.29     1.6e+19     5.71645     4.58719      4.3459     4.37917
      17300    0.297373     57.8442     182.489     414.466         1.7     525.648     324.639     850.288     10.2346     25.7225    0.258968    0.456199    0.600113    0.634429     2464.61     1.6e+19     5.71306     4.57868      4.3291     4.34401
      17200     0.33938     87.6235     182.537     420.074         1.7     562.792     339.187     901.979     14.5477     21.3768    0.258968    0.453765    0.593676    0.634429     2468.59     1.6e+19     5.71556     4.56833     4.29823     4.28798
      17100    0.487129     121.709     182.494     423.376         1.7     619.018     355.323     974.341     16.1364     17.1465    0.258968    0.484658    0.575256    0.633676     2472.98     1.6e+19     5.72105     4.55278     4.25546      4.2186
      17000    0.405416      170.34      182.42     424.916         1.7     671.194     375.004      1046.2       19.68     10.6042    0.258968    0.484658    0.553261    0.572861     2478.77     1.6e+19     5.72665     4.53128     4.20191     4.53678
      16900    0.305247     210.782     182.381     420.495         1.7     715.159     396.248     1111.41     21.2441     7.23446    0.258968    0.484658    0.536959    0.572861     2483.68     1.6e+19     5.73008     4.50334     4.53647     4.44348
      16800    0.288036     241.289      182.48     412.148         1.7     757.978     418.957     1176.94     22.7095     6.38416    0.258968    0.484658    0.553435    0.505823     2487.51     1.6e+19     5.72969     4.46845     4.46192     4.75274
      16700     0.29045     270.095     182.736     402.587         1.7     801.835     444.111     1245.95     25.1542     5.47149    0.258968     0.46788    0.479384    0.505823     2491.09     1.6e+19     5.72454     4.42675     4.78789     4.66518
      16600     0.35886     299.209     183.116     391.864         1.7     842.669     474.145     1316.81     30.0341     3.96867    0.258968    0.412886    0.505823    0.434418     2494.62     1.6e+19     5.71439     4.78177     4.71127     4.98251
      16500    0.456356     335.192     183.564     392.199         1.7     887.708     498.935     1386.64     24.7893    0.661468    0.256795    0.412886    0.465846    0.434418      2498.8     1.6e+19     5.69946     4.73069     4.63444     4.89973
      16400    0.551143     380.923     184.009     399.789         1.7     946.807     528.894      1475.7     29.9588    -4.10603    0.250317    0.412886    0.415969    0.406351     2503.89     1.6e+19     5.68045     4.67488     4.96012     4.81138
      16300    0.618067     436.104     184.397     404.031         1.7     1015.14     557.013     1572.15     28.1189    -9.67876    0.242545    0.372676    0.428969     0.36527     2509.88     1.6e+19     5.65781      4.6161     4.87822     5.11718
      16200    0.556348     497.849     184.707      406.55         1.7     1087.77      591.75     1679.52     34.7379    -15.3591    0.233506     0.33798    0.352796    0.341736     2516.46     1.6e+19      5.6317     4.95635     5.19457     5.01238
      16100    0.447852     553.375     184.989     396.748         1.7     1155.38     630.499     1785.88     38.7488    -18.6433    0.223227     0.33798     0.36527    0.299483     2522.29     1.6e+19      5.6023     4.89218     5.10362     5.70396
      16000    0.421978     598.135     185.328     378.754         1.7     1211.37     668.874     1880.24     38.3752    -19.7749    0.211713    0.318802    0.315945    0.299483     2526.99     1.6e+19     5.56972     4.82478     5.01125      5.5988
      15900    0.415312     640.326     185.751     369.301         1.7     1261.36     706.975     1968.34      38.101     -21.169    0.199028    0.269662    0.299483    0.299483     2531.33     1.6e+19     5.53427     5.15675     5.71862     5.50194
      15800    0.449101     681.891      186.24     364.942         1.7     1313.56     743.096     2056.66     36.1205    -22.7845    0.185337    0.269662    0.299483    0.228843     2535.57     1.6e+19     5.49651     5.08546     5.62777     5.41287
      15700     0.46024     726.812     186.756     361.866         1.7     1365.73      779.85     2145.58     36.7538    -25.2186    0.170793    0.232863    0.299483    0.177994     2540.02     1.6e+19     5.45695     5.01301      5.5411     6.13057
      15600    0.462317     772.838     187.277     359.915         1.7     1418.68     815.332     2234.02     35.4826    -27.7539    0.155549    0.209552    0.299483    0.158785     2544.53     1.6e+19     5.41609      5.7396     5.45903     6.04784
      15500    0.454144     819.062       187.8     357.187         1.7     1470.93     851.062     2321.99     35.7299    -30.1354    0.149485    0.209552    0.177994    0.133543     2548.97     1.6e+19     6.17188     5.66473     6.18357     5.96826
      15400     0.50995     864.532      188.33     354.091         1.7     1527.38     886.737     2414.12     35.6747    -32.2343    0.149485    0.209552    0.177994     0.10926     2553.24     1.6e+19     6.12451     5.59036     6.10729     5.89377
      15300    0.591854     915.609     188.844     352.671         1.7     1591.37     925.209     2516.58     38.4727    -35.3885    0.140506    0.209552    0.177994   0.0943206     2558.06     1.6e+19     6.07611     5.51717     6.03127     5.82096
      15200    0.654051     974.856     189.293     352.304         1.7     1655.79      963.99     2619.78     38.7807    -39.7798    0.127481    0.209552    0.177994   0.0777592     2563.69     1.6e+19     6.02778     5.44527     5.95549     6.54138
      15100    0.773662     1040.38     189.648     358.571         1.7     1729.01     1003.12     2732.12     39.1254    -44.5794    0.114258    0.113957    0.177994   0.0668772      2569.9     1.6e+19     5.97954     6.17637     5.87851     6.45437
      15000    0.879169     1117.85     189.877     369.337         1.7     1816.29     1042.54     2858.84      39.426     -50.431     0.10081    0.113957   0.0802086   0.0493041     2577.27     1.6e+19      5.9313     6.10578      5.8007     6.36053
      14900    0.964238     1205.85     189.948     377.396         1.7     1914.15     1081.24     2995.39     38.6991    -56.6136   0.0870852    0.113957   0.0777592   0.0296937     2585.61     1.6e+19     5.88291     6.03453     6.51651     6.25931
      14800     0.92721     1302.24     189.856     384.035         1.7     2023.13     1120.66     3143.79     39.4223    -62.6933   0.0729821    0.113957   0.0777592   0.0139319     2594.78     1.6e+19     5.83404     5.96272     6.42408      6.7468
      14700    0.179385     1394.21     189.602     373.909         1.7     2124.03     1160.06     3284.08     39.3921    -66.5228   0.0630091    0.113957   0.0777592  0.00722987     2603.48     1.6e+19      6.5828     5.88995      6.3255     6.62546
      14600    0.181055     1412.15     181.639     301.679         1.7     2180.67     1214.26     3394.93      54.201    -56.2059           0    0.113957   0.0777592   0.0167026     2602.01     1.6e+19       6.501     6.00493     6.38568     6.58179
      14500    0.139908     1430.22     179.286     273.658         1.7     2219.78     1274.32      3494.1     60.0613    -52.9982           0    0.113957   0.0777592   0.0178703     2600.29     1.6e+19       6.501     6.17305     6.47133     6.61851
      14400    0.103614     1444.17     179.168     256.398         1.7     2250.58      1336.5     3587.09     62.1858    -52.0344           0    0.209552   0.0777592   0.0178703     2598.06     1.6e+19       6.501     5.44537     6.50213     6.69308
      14300   0.0958813     1454.53     179.808      241.51         1.7     2277.81     1395.85     3673.65     59.3419    -51.9317           0    0.209552   0.0777592   0.0178703     2595.36     1.6e+19       6.501     5.44148     6.50261     6.77857
      14200   0.0876484     1464.11     180.694     228.842         1.7      2297.8      1453.7      3751.5     57.8588     -52.638           0    0.118915   0.0777592   0.0777592      2592.5     1.6e+19       6.501     5.40114     6.49539     6.25455
      14100     0.10693     1472.89     181.663     222.163         1.7     2317.08     1510.37     3827.46     56.6704    -53.6588           0    0.113957   0.0777592   0.0777592     2589.42     1.6e+19       6.501     6.15019     6.49032     6.32299
      14000   0.0322092     1483.51     182.654     219.122         1.7     2327.11     1564.71     3891.81     54.3309    -55.1075           0    0.113957   0.0777592   0.0777592     2586.45     1.6e+19       6.501     6.09204     6.49263     6.38864
      13900           0      1486.7     183.692     213.917         1.7     2331.71     1621.58     3953.29      56.878    -54.9557           0    0.113957   0.0777592   0.0777592     2582.66     1.6e+19       6.501     6.03715     6.50332     6.45425
      13800   0.0582903     1486.76     184.802     207.852         1.7     2344.86      1675.3     4020.16     53.7134    -54.5216           0    0.113957   0.0777592   0.0777592      2578.5     1.6e+19       6.501     5.99058      6.5231     6.52305
      13700           0     1492.53     185.916       203.4         1.7     2347.78     1730.73     4078.51     55.4338    -55.6332           0    0.113957   0.0777592   0.0777592     2574.89     1.6e+19       6.501     5.95447     6.55146      6.5928
      13600   0.0514121     1492.58     187.048     199.879         1.7     2351.99     1784.89     4136.88     54.1571     -55.605           0    0.113957   0.0777592    0.177994      2570.8     1.6e+19       6.501     5.92927     6.58499     5.84752
      13500   0.0782017     1497.75     188.178     203.473         1.7     2356.22     1832.54     4188.76     47.6524    -56.7288           0    0.113957    0.148492    0.177994      2567.3     1.6e+19       6.501     5.91442     5.81599     5.90092
      13400   0.0187715     1505.51     189.255      211.23         1.7     2362.36     1882.33     4244.68     49.7854    -57.8881           0    0.113957    0.177994    0.177994     2564.17     1.6e+19       6.501     5.90859     5.84113      5.9525
      13300    0.274191     1507.64     190.328     207.862         1.7     2367.48     1928.86     4296.34     46.5318     -57.459           0    0.113957    0.177994    0.177994     2560.46     1.6e+19       6.501     5.91043     5.87326     6.00447
      13200    0.305068     1535.09     193.533     229.761         1.7      2390.9     1975.24     4366.13     46.3815    -62.3358           0    0.113957    0.177994    0.177994      2562.2     1.6e+19       6.501     5.88878     5.89655     6.01748
      13100    0.356759     1565.65     195.342      236.53         1.7     2420.48     2015.76     4436.24     40.5226     -65.768           0    0.113957    0.177994    0.177994     2564.41     1.6e+19       6.501     5.87418     5.91155       6.012
      13000    0.276761     1601.24     196.645     242.257         1.7     2441.86      2057.6     4499.46      41.841    -68.9922           0    0.113957    0.177994    0.177994     2567.24     1.6e+19       6.501     5.85182     5.90664     5.98979
      12900    0.427541     1629.07     197.589     248.439         1.7     2478.28     2098.72        4577      41.118    -69.6436           0    0.099737    0.177994    0.177994     2569.34     1.6e+19       6.501     5.82288     5.88649     5.95596
      12800    0.464875     1671.86     198.164     254.594         1.7     2522.74     2141.44     4664.18     42.7184    -72.8443           0   0.0493614    0.177994    0.177994     2572.99     1.6e+19       6.501     6.59319     5.85706     5.91045
      12700    0.375125     1718.26     198.535     256.224         1.7     2561.24     2185.51     4746.74     44.0673     -75.891           0   0.0493614    0.137237    0.177994     2577.04     1.6e+19       6.501     6.56052     5.82007     5.85228
      12600     0.18608     1755.58     198.963     254.811         1.7     2580.25     2231.69     4811.95     46.1868    -76.5918           0   0.0493614   0.0777592   0.0777592     2580.07     1.6e+19       6.501     6.52469     6.57867      6.5921
      12500    0.209781     1774.22     199.527      254.22         1.7     2601.34     2279.15      4880.5     47.4603    -73.7062           0   0.0462226   0.0777592   0.0777592     2581.13     1.6e+19       6.501     6.48681     6.53178     6.53941
      12400    0.172105     1795.16     200.222      253.87         1.7     2619.98     2325.03     4945.01     45.8782    -72.0991  0.00165573   0.0417274   0.0777592   0.0777592     2582.43     1.6e+19     6.53869     6.44827     6.48603     6.49283
      12300    0.270179     1812.46     201.005     252.184         1.7     2649.24     2370.81     5020.05     45.7814    -70.3582  0.00321891   0.0372066   0.0777592   0.0777592     2583.38     1.6e+19     6.57571     6.41001     6.44302     6.45071
      12200    0.430244     1839.64     201.815     249.417         1.7     2692.51      2418.3     5110.81      47.488    -71.2627  0.00435265   0.0327371   0.0777592   0.0777592     2585.34     1.6e+19     6.60286     6.37267     6.40276     6.40933
      12100    0.528836     1882.77     202.543     248.139         1.7     2744.35      2468.2     5212.55     49.8992    -75.4528  0.00513961   0.0283515   0.0777592   0.0777592     2588.94     1.6e+19     6.62185      6.3365     6.36259     6.36089
      12000    0.626167     1935.75     203.133      247.66         1.7     2804.48     2515.16     5319.65     46.9643    -80.9081  0.00563652   0.0240192   0.0777592   0.0777592     2593.56     1.6e+19     6.63391     6.30122      6.3188     6.30162
      11900    0.679381     1998.42     203.572     248.051         1.7     2868.94     2566.15     5435.09     50.9819     -87.243  0.00587707   0.0259405   0.0672269   0.0777592     2599.18     1.6e+19     6.63977     6.26606     6.26911     6.23121
      11800    0.816443     2066.49     203.869     249.058         1.7      2938.9     2617.32     5556.21     51.1711     -93.377  0.00587853   0.0285762   0.0334552   0.0178703     2605.29     1.6e+19      6.6398     6.22944     6.21429     6.75135
      11700    0.364567     2147.68     204.006     258.153         1.7      3021.3     2669.89     5691.19     52.5755    -100.606   0.0124469   0.0103116   0.0178703   0.0178703     2612.71     1.6e+19     6.63405     6.79141     6.75078     6.65904
      11600    0.283517     2184.06     192.776     230.845         1.7     3083.03     2734.48     5817.51     64.5881    -97.3179           0   0.0493614   0.0776073   0.0178703      2612.9     1.6e+19       6.501     6.33171     6.23677     6.62605
      11500    0.179448     2212.31     189.206     211.125         1.7     3134.72     2811.04     5945.76     76.5608    -96.0713           0   0.0493614   0.0777592   0.0178703      2612.1     1.6e+19       6.501     6.52321     6.33087     6.65685
      11400    0.181899     2230.25     188.681     185.253         1.7     3173.02     2890.31     6063.33     79.2711    -95.2584           0    0.113957   0.0777592   0.0178703     2610.09     1.6e+19       6.501     5.83724     6.37058     6.71933
      11300    0.182242     2248.44     189.188     173.071         1.7     3203.98      2966.6     6170.59     76.2897    -96.2651           0    0.113957   0.0777592   0.0178703     2608.04     1.6e+19       6.501     5.87279     6.37875     6.78979
      11200    0.120006     2266.61     190.003     168.214         1.7     3229.56     3041.45     6271.01     74.8472    -97.7633           0    0.113957   0.0777592   0.0777592     2605.94     1.6e+19       6.501     5.86634     6.37591     6.24708
      11100           0     2278.49     190.939     159.593         1.7     3233.96     3115.41     6349.37     73.9609     -98.177           0    0.113957   0.0777592   0.0777592     2603.15     1.6e+19       6.501     5.83849     6.37194     6.29935
      11000           0     2278.49     192.012     149.515         1.7     3239.04      3188.2     6427.24     72.7882    -96.8424           0   0.0666172   0.0777592   0.0777592     2599.06     1.6e+19       6.501     5.80549     6.37388     6.35509
      10900  0.00622697     2278.49      193.19     143.921         1.7     3243.09     3262.61      6505.7     74.4103    -96.3533           0   0.0493614   0.0777592   0.0777592     2594.83     1.6e+19       6.501     6.57962     6.38551     6.41571
      10800   0.0816221     2279.19     194.413     140.715         1.7     3258.72     3333.75     6592.47     71.1369    -96.4389           0   0.0493614   0.0777592   0.0777592     2590.62     1.6e+19       6.501     6.55675     6.40704     6.47942
      10700   0.0649113     2287.34     195.608     136.375         1.7     3272.44     3404.36     6676.81     70.6172    -98.1805           0   0.0493614   0.0777592   0.0777592     2587.14     1.6e+19       6.501     6.54042     6.43668      6.5428
      10600   0.0456436     2293.81     196.775     131.576         1.7      3281.6     3474.49     6756.09     70.1247    -99.5288           0   0.0493614   0.0777592    0.101583     2583.46     1.6e+19       6.501     6.53192     6.47184     5.80462
      10500    0.050366     2298.38     197.958     128.692         1.7     3290.33     3544.03     6834.36     69.5419     -100.54           0   0.0493614   0.0777592    0.177994     2579.74     1.6e+19       6.501     6.53133     6.50903     5.84911
      10400   0.0494332     2303.41     199.152     126.875         1.7     3298.31     3611.08     6909.39     67.0483    -101.668           0   0.0493614   0.0777592    0.177994     2576.07     1.6e+19       6.501     6.53807     6.54722     5.89652
      10300    0.095776      2308.4     200.346     125.687         1.7     3312.81     3675.63     6988.44     64.5544    -102.751           0   0.0493614   0.0777592    0.177994     2572.38     1.6e+19       6.501     6.55135     6.58824     5.94709
      10200   0.0802375     2317.97     201.507     124.314         1.7     3326.24     3739.83     7066.07      64.193    -104.647           0   0.0493614    0.174732    0.177994     2569.21     1.6e+19       6.501     6.57045     5.82372     5.99781
      10100           0     2325.91     202.634     121.828         1.7     3329.23     3800.89     7130.12      61.066    -106.032           0   0.0493614    0.177994    0.177994     2565.97     1.6e+19       6.501     6.59423     5.85527      6.0457
      10000  0.00412167     2325.91     203.804       119.1         1.7     3332.62     3861.09     7193.71     60.1961    -105.884           0   0.0973574    0.177994    0.177994     2561.93     1.6e+19       6.501     5.81644     5.89283     6.09611
       9900    0.081385      2326.4      205.02     116.237         1.7     3346.72     3920.37     7267.09     59.2795    -106.177           0    0.113957    0.177994    0.177994        2558     1.6e+19       6.501     5.83539     5.93495     6.15113
       9800   0.0705558     2334.53     206.193     113.126         1.7     3359.48     3977.92      7337.4      57.551    -108.167           0    0.113957    0.177994     0.21338     2554.86     1.6e+19       6.501      5.8596     5.98029     5.40557
       9700    0.120757     2341.64     207.318     109.856         1.7     3379.07     4033.79     7412.86     55.8696    -109.826           0    0.113957    0.177994    0.299483     2551.83     1.6e+19       6.501     5.88848     6.02397     5.43755
       9600     0.12225     2353.71     208.389     106.416         1.7     3398.91     4088.03     7486.94     54.2424    -112.382           0    0.113957    0.177994    0.299483     2549.33     1.6e+19       6.501     5.92089     6.06431     5.46966
       9500   0.0929637     2365.91     209.405     102.855         1.7     3413.96      4140.7     7554.66     52.6696    -114.726           0    0.113957    0.177994    0.299483     2546.85     1.6e+19       6.501     5.95585     6.10334     5.50236
       9400           0     2375.11     210.416     100.163         1.7     3416.06     4195.48     7611.54     54.7843    -116.331           0    0.113957    0.177994    0.299483     2544.06     1.6e+19       6.501     5.99262     6.14202     5.53672
       9300           0     2375.11     211.503     98.0986         1.7     3417.51     4247.78      7665.3     52.2973    -116.182           0    0.113957    0.177994    0.299483     2540.32     1.6e+19       6.501     6.03071     6.18184     5.57665
       9200           0     2375.11     212.666     96.3818         1.7     3417.97     4298.82     7716.78     51.0344    -116.394           0    0.113957    0.265719    0.299483     2536.63     1.6e+19       6.501     6.06998     5.41841     5.62258
       9100   0.0469119     2375.16     213.849     94.8755         1.7     3425.58     4346.97     7772.55     48.1511    -116.862           0    0.113957    0.299483    0.299483     2533.08     1.6e+19       6.501     6.11017     5.44699     5.66927
       9000   0.0635299     2379.87     214.995     93.4599         1.7      3435.3     4391.27     7826.57     44.3046    -118.375           0    0.113957    0.299483    0.299483     2530.03     1.6e+19       6.501     6.15112     5.48345     5.71492
       8900           0     2386.16     216.093     92.1245         1.7     3436.35     4435.83     7872.18     44.5569    -120.088           0    0.113957    0.299483    0.299483     2527.13     1.6e+19       6.501     6.19315     5.52359     5.75938
       8800   0.0710508     2386.23     217.212     90.9641         1.7     3446.83     4479.14     7925.97      43.313    -120.484           0    0.209552    0.299483    0.317994     2523.67     1.6e+19       6.501     5.42454     5.56556     5.00542
       8700    0.127883     2393.39     218.307     89.8338         1.7     3464.78     4521.23     7986.01     42.0928    -122.371           0    0.209552    0.299483     0.36527     2521.13     1.6e+19       6.501      5.4506     5.60721      5.0397
       8600    0.313235     2406.36       219.3     88.6599         1.7     3487.78     4562.48     8050.26       41.25     -125.14           0    0.209552    0.299483     0.36527      2519.2     1.6e+19       6.501     5.48117     5.64642     5.07159
       8500    0.119246     2437.49     220.075     87.2435         1.7     3504.12     4603.11     8107.23     40.6253    -130.851           0    0.209552    0.299483     0.36527     2519.13     1.6e+19       6.501     5.51463     5.68243     5.09464
       8400    0.307754     2449.61     220.805     86.4931         1.7     3523.64      4643.6     8167.25     40.4954     -131.92           0    0.209552    0.299483     0.36527     2517.11     1.6e+19       6.501     5.54959     5.71359     5.11474
       8300   0.0580043     2480.13     221.469     85.9333         1.7     3531.32     4680.44     8211.75     36.8314    -136.352           0    0.209552    0.299483     0.36527     2516.98     1.6e+19       6.501     5.58495     5.74213     5.13174
       8200   0.0930117     2485.97     222.189     85.8592         1.7     3543.23     4717.12     8260.36     36.6858    -135.413           0    0.209552    0.299483     0.36527     2514.32     1.6e+19       6.501     5.61993     5.76792     5.15105
       8100   0.0705623     2495.25     223.034     86.1176         1.7     3552.01     4753.54     8305.55     36.4156    -135.528           0    0.209552    0.299483     0.36527     2512.01     1.6e+19       6.501      5.6542     5.79517     5.17796
       8000    0.269929      2502.5     223.926     86.5992         1.7     3568.76     4789.34     8358.09     35.7985    -135.407           0    0.209552    0.345906    0.393313     2509.54     1.6e+19       6.501     5.68794     5.02005     4.80776
       7900   0.0618028     2529.29      224.69     87.0556         1.7     3576.09     4824.65     8400.74       35.31    -139.014           0    0.209552     0.36527    0.434418     2509.25     1.6e+19       6.501     5.72123     5.04001     4.82142
       7800   0.0806362     2535.48     225.443     87.8482         1.7     3585.65      4858.9     8444.55     34.2569    -138.087           0    0.209552     0.36527    0.434418     2506.88     1.6e+19       6.501     5.75384      5.0592     4.83457
       7700   0.0991021     2543.57     226.283     88.9027         1.7     3597.49     4893.02     8490.51     34.1173    -137.809           0    0.209552     0.36527    0.434418      2504.7     1.6e+19       6.501     5.78578     5.08065     4.85513
       7600   0.0840956     2553.46      227.13     90.1162         1.7     3607.22     4925.99     8533.22     32.9704    -137.977           0    0.245927     0.36527    0.434418     2502.72     1.6e+19       6.501     5.01412      5.1048     4.87914
       7500   0.0367873     2561.82     227.975     91.4861         1.7     3611.65     4957.84     8569.49     31.8502    -137.837           0    0.269662     0.36527    0.434418     2500.66     1.6e+19       6.501     5.03393     5.13094     4.90573
       7400  0.00884101     2565.48     228.855     91.9247         1.7     3612.87     4988.54      8601.4     30.6948    -136.871           0    0.269662     0.36527    0.434418     2498.12     1.6e+19       6.501     5.05556     5.15894     4.93651
       7300           0     2566.35     229.796     91.8781         1.7     3612.93     5020.01     8632.94     31.4786    -135.659           0    0.269662     0.36527    0.434418     2495.29     1.6e+19       6.501     5.07956     5.18966     4.97255
       7200           0     2566.35     230.787     91.5667         1.7     3616.57     5052.23     8668.79     32.2127    -134.616           0    0.269662    0.413674    0.475795     2492.42     1.6e+19       6.501     5.10561     4.81957     4.61103
       7100           0     2566.35       231.8     91.0574         1.7     3620.81     5082.73     8703.54     30.5002    -133.862           0    0.269662    0.434418    0.505823     2489.76     1.6e+19       6.501     5.13338     4.84429     4.63882
       7000   0.0204845     2566.37     232.813      90.393         1.7     3624.31     5107.51     8731.82     24.7871    -133.333           0    0.269662    0.434418    0.505823     2487.11     1.6e+19       6.501     5.16251      4.8725     4.66964
       6900   0.0199347     2568.42     233.808     89.5868         1.7     3627.83     5131.81     8759.64     24.2917    -133.352           0    0.269662    0.434418    0.505823     2484.67     1.6e+19       6.501     5.19303     4.90376     4.70273
       6800   0.0330826     2570.43     234.785     88.6746         1.7     3633.16     5159.92     8793.08     28.1148    -133.409           0    0.325678    0.434418    0.505823     2482.26     1.6e+19       6.501     4.81905     4.93696     4.73714
       6700   0.0360272     2573.74     235.736     87.6797         1.7     3638.91     5186.28      8825.2     26.3641    -133.752 0.000388897     0.33798    0.434418    0.505823     2480.05     1.6e+19     6.50889     4.83928      4.9712     4.77222
       6600    0.030056     2577.33     236.657     86.6421         1.7      3643.9     5209.03     8852.93     22.7431    -134.129   0.0017142     0.33798    0.449273    0.529153     2477.88     1.6e+19     6.53945     4.86328      4.6053     4.40658
       6500    0.172408     2580.48     237.562     85.5732         1.7     3651.73     5232.57     8884.29     23.5375    -134.405  0.00300501     0.33798    0.505823    0.572861     2475.86     1.6e+19     6.56962     4.89006     4.62913     4.42893
       6400    0.168368     2597.72     238.332     84.6103         1.7     3659.89     5255.43     8915.32     22.8675    -137.313  0.00425125     0.33798    0.505823    0.572861     2475.35     1.6e+19     6.59913     4.91835     4.65063     4.44491
       6300    0.177241     2614.56     238.954     83.7272         1.7     3666.94     5279.43     8946.36     23.9958    -139.508  0.00541307     0.33798    0.505823    0.572861      2474.8     1.6e+19     6.62698     4.94728     4.67103     4.45518
       6200           0     2632.11     239.499     82.9242         1.7      3668.2     5303.73     8971.93     24.3009    -141.378  0.00646318     0.33798    0.505823    0.572861     2474.32     1.6e+19     6.65244     4.97615     4.68908     4.46253
       6100           0     2632.11     240.142      82.464         1.7     3670.38     5328.24     8998.62     24.5084    -139.644  0.00740891    0.350579    0.505823    0.572861     2472.04     1.6e+19     6.67561     4.60397     4.70593     4.47525
       6000    0.180003     2632.29     240.919     82.2072         1.7     3679.17     5352.82     9031.99     24.5808    -138.439  0.00831023    0.403736    0.505823    0.572861     2469.85     1.6e+19      6.6979     4.62186     4.72523     4.49668
       5900    0.162568     2650.27     241.593     81.7896         1.7     3685.92     5374.93     9060.84     22.1068    -140.881  0.00920856    0.412886    0.505823    0.572861     2469.54     1.6e+19     6.72031     4.63565     4.74657     4.51611
       5800  0.00071861     2666.37     242.123     81.3279         1.7     3686.22      5398.3     9084.52     23.3773    -142.428   0.0100698    0.412886    0.505823    0.572861     2469.03     1.6e+19     6.74198     4.65199     4.76633     4.52985
       5700    0.169721     2666.61     242.728     81.1222         1.7     3696.29     5421.47     9117.76     23.1719    -140.741   0.0108691    0.412886    0.505823    0.572861      2466.9     1.6e+19     6.76225     4.66996      4.7849     4.54765
       5600    0.167895     2683.58     243.318     80.8243         1.7     3707.97     5444.31     9152.28     22.8323    -142.608   0.0116428    0.412886    0.514916    0.572861     2466.49     1.6e+19     6.78202     4.68891     4.40415     4.56597
       5500    0.166478     2700.37     243.799     80.4639         1.7     3709.53     5466.91     9176.43     22.6006    -144.039   0.0125847    0.412886    0.543308    0.572861     2466.09     1.6e+19     6.20109     4.70842     4.41802     4.57886
       5400    0.163623     2717.01     244.228      79.345         1.7     3711.49      5489.1      9200.6     22.1971    -145.169   0.0161985    0.412886    0.561841    0.572861     2465.73     1.6e+19     6.21741     4.72785     4.42837       4.588
       5300    0.160906     2733.37     244.626     77.7874         1.7     3720.76     5510.93     9231.69     21.8238    -146.092   0.0187936    0.412886    0.572861    0.572861     2465.37     1.6e+19     6.23207     4.74669     4.43692     4.59486
       5200    0.183022     2749.48     245.007     75.9937         1.7     3724.06     5535.72     9259.78     24.7935    -146.895   0.0210929    0.412886    0.572861    0.574966     2464.99     1.6e+19     6.24533     4.76466     4.44558     4.20064
       5100    0.176117     2767.78     245.357     74.0187         1.7      3733.5     5559.57     9293.07     23.8434    -148.072   0.0231573    0.412886    0.572861    0.585035     2464.86     1.6e+19     6.25744     4.78168     4.45408     4.20371
       5000    0.169267     2785.39     245.681     71.9044         1.7     3748.94     5582.48     9331.43     22.9188    -149.024   0.0250116    0.412886    0.572861    0.590002     2464.68     1.6e+19     6.26847     4.79773      4.4615     4.20523
       4900    0.177316     2802.32     245.998     69.7229         1.7     3765.57     5606.49     9372.06     24.0016    -149.829   0.0266808    0.440914    0.572861    0.594747     2464.46     1.6e+19     6.27854     4.40943     4.46804     4.20668
       4800    0.180762     2820.05     246.299      67.461         1.7     3777.75     5630.94     9408.69     24.4506    -150.804   0.0281926    0.458403    0.572861    0.598961     2464.37     1.6e+19     6.28778     4.41613     4.47385     4.20797
       4700    0.184397     2838.13     246.574     65.1357         1.7     3783.76     5655.86     9439.63     24.9259    -151.838   0.0295562    0.469246    0.572861    0.602087     2464.35     1.6e+19      6.2962     4.42101      4.4789     4.20892
       4600     0.17004     2856.56     246.823     62.7786         1.7     3798.37     5678.84     9477.21     22.9773    -152.929   0.0307752    0.477002    0.572861    0.604305     2464.39     1.6e+19     6.30381     4.42515     4.48323      4.2096
       4500    0.163017     2873.56     247.062     60.3937         1.7     3814.54     5700.88     9515.42      22.038    -153.755   0.0318587     0.48296    0.572861    0.607572      2464.3     1.6e+19     6.31064     4.42892     4.48703      4.2106
       4400       0.176     2889.87     247.305     58.3823         1.7     3831.16     5724.67     9555.83     23.7947    -154.521   0.0328365    0.484658    0.572861    0.612673     2464.15     1.6e+19     6.31686     4.43271     4.49066     4.21216
       4300    0.177296     2907.47     247.539     56.5546         1.7     3845.22     5748.63     9593.85     23.9611    -155.584   0.0337438    0.484658    0.572861    0.617145     2464.15     1.6e+19     6.32266     4.43713     4.49424     4.21353
       4200     0.18091     2925.21     247.756     54.8244         1.7     3863.58     5773.08     9636.66     24.4438     -156.66   0.0345909    0.484658    0.572861    0.620392     2464.17     1.6e+19     6.32811     4.44194     4.49758     4.21452
       4100    0.175734     2943.29      247.96     53.1724         1.7      3885.8     5796.82     9682.62     23.7405    -157.786   0.0353771    0.484658    0.572861    0.622841     2464.24     1.6e+19     6.33319     4.44694     4.50066     4.21527
       4000    0.186106     2960.88     248.156     51.5761         1.7     3908.27     5821.96     9730.24     25.1439    -158.797   0.0361038    0.484658    0.572861    0.625416     2464.26     1.6e+19     6.33791     4.45195      4.5035     4.21606
       3900    0.196632      2979.5     248.342     50.0038         1.7     3933.38     5848.52      9781.9     26.5584    -159.999   0.0367783    0.484658    0.572861    0.627274     2464.39     1.6e+19     6.34231      4.4569     4.50616     4.21663
       3800    0.184806     2999.15     248.505     48.4344         1.7     3956.82     5873.47     9830.28     24.9452    -161.344   0.0373984    0.484658    0.572861    0.627265     2464.64     1.6e+19     6.34637      4.4617     4.50848     4.21663
       3700    0.182692     3017.63      248.66     46.2677         1.7     3984.22     5898.13     9882.35     24.6653    -162.412   0.0379528    0.484658    0.572861     0.62753     2464.76     1.6e+19     6.35002     4.46629     4.51044     4.21671
       3600    0.180556     3035.89     248.818      42.499         1.7     4008.96     5922.51     9931.47     24.3824    -163.518   0.0384505    0.484658    0.572861    0.628966     2464.86     1.6e+19      6.3533     4.47062     4.51227     4.21715
       3500     0.19264     3053.96     248.978     38.0319         1.7     4032.65     5948.54     9981.19     26.0219    -164.731   0.0389103    0.484658    0.572861    0.631104     2464.95     1.6e+19     6.35635     4.47468      4.5141     4.21781
       3400    0.184192     3073.22     249.129     33.2962         1.7     4052.09     5973.41     10025.5     24.8705    -166.319   0.0393445    0.484658    0.572861    0.632298     2465.17     1.6e+19     6.35923     4.47851     4.51589     4.21817
       3300    0.185661     3091.64     249.275     28.3092         1.7     4061.91     5998.48     10060.4     25.0747    -167.866   0.0397499    0.484658    0.572861    0.633428      2465.3     1.6e+19     6.36192      4.4821     4.51751     4.21852
       3200    0.187154     3110.21     249.421     23.6913         1.7     4072.71     6023.76     10096.5     25.2789    -169.588   0.0401289    0.484658    0.572861    0.634429     2465.45     1.6e+19     6.36444     4.48547     4.51907     4.21901
       3100    0.185728     3128.92     249.564     20.4564         1.7     4081.72     6048.85     10130.6     25.0864    -171.404   0.0404878    0.484658    0.572861    0.634429     2465.62     1.6e+19     6.36682     4.48865     4.52061     4.21968
       3000    0.184299     3147.49     249.704     17.7249         1.7     4093.56     6073.74     10167.3     24.8962    -173.203   0.0408285    0.484658    0.572861    0.634429     2465.77     1.6e+19     6.36908     4.49164     4.52216     4.22055
       2900    0.189879     3165.93     249.844      15.355         1.7     4105.67      6099.4     10205.1     25.6557     -174.97    0.041154    0.484658    0.572861    0.634429     2465.91     1.6e+19     6.37124     4.49447     4.52378     4.22169
       2800    0.187413     3184.91      249.98     13.2326         1.7     4117.98     6124.72     10242.7     25.3197     -176.82   0.0414684    0.484658    0.572861    0.634429     2466.11     1.6e+19     6.37332     4.49716     4.52546     4.22285
       2700    0.212965     3203.68     250.113      11.109         1.7     4123.14      6153.5     10276.6     28.7874    -178.589   0.0417694    0.484658     0.57128    0.634429     2466.29     1.6e+19     6.37531     4.49973     4.52722     4.22399
       2600    0.175425     3224.94     250.223     8.60666         1.7     4127.37     6177.18     10304.5     23.6771    -180.782   0.0420531    0.484658    0.569334    0.634429     2466.71     1.6e+19     6.37719     4.50219     4.52905     4.22428
       2500    0.203882     3242.51      250.34     6.03345         1.7     4135.32     6204.74     10340.1     27.5604    -182.237   0.0423015    0.484658    0.567385    0.634429     2466.76     1.6e+19     6.37884     4.50453     4.53065     4.22489
       2400    0.200908     3262.89     250.457     3.41654         1.7     4145.03     6231.88     10376.9     27.1425    -184.272   0.0425315    0.484658    0.565619    0.634429     2467.09     1.6e+19     6.38037     4.50673     4.53239     4.22576
       2300    0.196842     3282.98     250.561     0.76241         1.7     4152.53     6258.47       10411     26.5887    -186.207   0.0427451    0.484658    0.563893    0.634429     2467.39     1.6e+19     6.38179     4.50882     4.53396     4.22607
       2200    0.192732     3302.66     250.664    -1.73996         1.7     4153.28     6284.51     10437.8      26.036    -188.055   0.0429326    0.484658    0.562201    0.634429     2467.65     1.6e+19     6.38303     4.51077     4.53534     4.22636
       2100    0.192614     3321.93     250.772    -3.80589         1.7     4160.99     6310.54     10471.5      26.028    -189.821   0.0430998    0.484658    0.560605    0.634429     2467.86     1.6e+19     6.38415     4.51258     4.53666     4.22697
       2000    0.192477     3341.19     250.885    -5.68888         1.7      4168.4     6336.55       10505      26.015    -191.575   0.0432585    0.484658    0.559154    0.634429     2468.07     1.6e+19     6.38521     4.51426     4.53805     4.22793
       1900     0.19626     3360.45         251    -7.43322         1.7     4174.85     6363.09     10537.9     26.5329     -193.31   0.0434174    0.484658     0.55785    0.634429     2468.27     1.6e+19     6.38626     4.51584     4.53955     4.22911
       1800    0.196402     3380.07     251.114    -9.07592         1.7     4182.14     6389.64     10571.8     26.5523    -195.084   0.0435795    0.484658    0.556675    0.634429     2468.51     1.6e+19     6.38733     4.51736     4.54111     4.23031
       1700    0.202644     3399.72     251.225    -10.7388         1.7      4190.6     6417.04     10607.6     27.4013    -196.819    0.043742    0.484658    0.555591    0.634429     2468.75     1.6e+19      6.3884     4.51883     4.54266     4.23143
       1600    0.214127     3419.99      251.33    -12.6079         1.7     4196.11        6446     10642.1     28.9574    -198.632   0.0439005    0.484658    0.554572    0.634429     2469.06     1.6e+19     6.38944     4.52026     4.54411     4.23226
       1500    0.200747     3441.39     251.419    -14.5521         1.7        4201     6473.12     10674.1     27.1262    -200.593   0.0440456    0.484658    0.553558    0.634429     2469.48     1.6e+19      6.3904     4.52163      4.5453     4.23231
       1400    0.188291     3461.46     251.505    -16.5295         1.7     4206.22     6498.57     10704.8     25.4454    -202.249   0.0441618    0.484658    0.552515    0.634429     2469.76     1.6e+19     6.39116     4.52291     4.54609     4.23211
       1300    0.193192     3480.29     251.608    -18.5084         1.7     4207.49      6524.7     10732.2     26.1285    -203.696   0.0442558    0.484658    0.551548    0.634429     2469.91     1.6e+19     6.39179     4.52407     4.54683     4.23269
       1200    0.198041     3499.61     251.721    -20.1938         1.7     4218.12     6551.49     10769.6     26.7921     -205.27   0.0443529    0.484658    0.550746    0.634429     2470.11     1.6e+19     6.39243     4.52513     4.54783     4.23389
       1100    0.202349     3519.42     251.833    -21.0989         1.7     4225.79     6578.87     10804.7     27.3768    -206.902   0.0444645    0.484658    0.550079    0.634429     2470.36     1.6e+19     6.39316     4.52614     4.54902     4.23511
       1000    0.205683     3539.66     251.938     -21.668         1.7     4231.46     6606.69     10838.2     27.8269    -208.529   0.0445847    0.484658    0.549486    0.634429     2470.66     1.6e+19     6.39395     4.52714     4.55022     4.23605
        900    0.204152     3560.23     252.035     -21.873         1.7     4237.64     6634.31     10871.9     27.6151    -210.107   0.0447025    0.484658     0.54892    0.634429     2470.98     1.6e+19     6.39472     4.52813     4.55128     4.23658
        800    0.230426     3580.67     252.127    -21.8025         1.7     4245.15      6665.5     10910.7     31.1926    -211.543   0.0448082    0.484658    0.548359    0.634429      2471.3     1.6e+19     6.39541     4.52908     4.55212     4.23685
        700    0.235595     3603.72     252.197     -21.433         1.7     4250.56     6697.37     10947.9     31.8699    -213.299   0.0448947    0.484658    0.547768    0.634429     2471.88     1.6e+19     6.39597     4.52998     4.55262     4.23597
        600    0.214234     3627.26     252.235    -20.5987         1.7     4265.96     6726.31     10992.3     28.9397    -214.907   0.0449344    0.484658    0.547028    0.634429      2472.5     1.6e+19     6.39624     4.53076     4.55233     4.23344
        500    0.209941     3648.67     252.274    -19.4488         1.7     4281.92     6754.68     11036.6      28.368    -215.936   0.0449047    0.484658     0.54615    0.634429     2472.92     1.6e+19     6.39606     4.53131     4.55127      4.2307
        400    0.224781     3669.68     252.329    -17.9578         1.7     4310.33     6785.08     11095.4     30.3982    -216.777   0.0448245    0.484658     0.54528    0.634429     2473.28     1.6e+19     6.39556     4.53159        4.55     4.22866
        300    0.187691     3692.12     252.381    -16.2181         1.7     4328.08     6810.42     11138.5     25.3458     -217.74    0.044722    0.484658     0.54447    0.634429     2473.79     1.6e+19     6.39492      4.5316     4.54874     4.22656
        200    0.183698     3710.89     252.453    -13.9345         1.7     4352.62     6835.26     11187.9     24.8395    -217.916   0.0446042    0.484658    0.543723    0.634429     2473.93     1.6e+19     6.39417     4.53139     4.54753     4.22548
        100    0.213389     3729.29      252.56    -10.6835         1.7     4362.23     6864.16     11226.4     28.8952    -217.974    0.044506    0.484658    0.543195    0.634429     2474.02     1.6e+19     6.39356     4.53102     4.54702      4.2263
          0    0.212783     3750.63     252.661    -6.95567         1.7      4365.7     6892.95     11258.7     28.7945    -218.417     0.04446    0.484658    0.542876    0.634429     2474.42     1.6e+19     6.39327     4.53064      4.5472     4.22714