      20000           0           0     179.437     415.631         0.4      17.399     14.2831      31.682     14.2831     51.8336    0.258968    0.460851    0.605054    0.634429     2456.76     1.6e+19     5.73044     4.59858     4.35318     4.39114
      19900           0           0     179.437      414.68         0.4     28.2793     29.7361     58.0154     15.4531     51.7019    0.258968    0.460851    0.605054    0.634429     2456.76     1.6e+19     5.73044     4.59858     4.35318     4.39114
      19800           0           0     179.437     414.027         0.4     44.2321     46.3592     90.5912     16.6231     51.5707    0.258968    0.460851    0.605054    0.634429     2456.76     1.6e+19     5.73044     4.59858     4.35318     4.39114
      19700           0           0     179.437     413.765         0.4     53.1471     60.5222     113.669     14.1631     51.4563    0.258968    0.460851    0.605054    0.634429     2456.76     1.6e+19     5.73044     4.59858     4.35318     4.39114
      19600   0.0414251   0.0414251     179.437     413.802         0.4     62.7691     72.5053     135.274      11.983     51.3637    0.258968    0.460851    0.605054    0.634429     2456.76     1.6e+19     5.73044     4.59858     4.35318     4.39114
      19500           0     4.14251     179.486     411.928         0.4     64.9206     81.9693      146.89     9.46406      50.327    0.258968    0.460852    0.605095    0.634429     2456.86     1.6e+19     5.73045     4.59859     4.35338     4.39242
      19400           0     4.14251     179.544     409.011         0.4     76.4492      93.945     170.394     11.9756     50.3925    0.258968    0.460866     0.60525    0.634429     2456.86     1.6e+19      5.7305     4.59865     4.35414     4.39408
      19300           0     4.14251     179.573     406.357         0.4     86.3921     105.922     192.314     11.9775     50.2928    0.258968    0.460906    0.605413    0.634429     2456.86     1.6e+19     5.73065     4.59882     4.35494     4.39495
      19200           0     4.14251     179.587     403.722         0.4     87.8696     117.916     205.785     11.9932     50.0639    0.258968    0.460967    0.605541    0.634429     2456.86     1.6e+19     5.73087     4.59908     4.35557     4.39541
      19100 0.000794683      4.1433     179.594     402.818         0.4     87.8878     129.412     217.299     11.4961     49.7502    0.258968    0.461042    0.605633    0.634429     2456.86     1.6e+19     5.73114      4.5994     4.35602     4.39562
      19000           0     4.22198     179.598     402.953         0.4     88.5408     141.714     230.255     12.3022     49.4276    0.258968    0.461122    0.605696    0.634429     2456.87     1.6e+19     5.73143     4.59975     4.35633     4.39573
      18900           0     4.22198     179.599     401.275         0.4     90.2161     154.824     245.041     13.1105     49.1414    0.258968    0.461443    0.605741    0.634429     2456.87     1.6e+19     5.73172     4.20007     4.35654     4.39576
      18800           0     4.22198     179.599     398.593         0.4     99.8635     165.195     265.059     10.3709      48.779    0.258968    0.462242     0.60577    0.634429     2456.87     1.6e+19       5.732     4.20029     4.35669     4.39573
      18700           0     4.22198     179.598     396.739         0.4     121.104     176.868     297.972     11.6724     48.3303    0.258968    0.462758    0.605788    0.634429     2456.87     1.6e+19     5.73226     4.20043     4.35678     4.39566
      18600           0     4.22198     179.595     395.289         0.4     155.625     191.172     346.798     14.3046     47.8439    0.258968    0.463104    0.605797    0.634429     2456.88     1.6e+19     5.73249     4.20053     4.35682     4.39558
      18500           0     4.22198     179.593     393.896         0.4     197.669     199.699     397.368     8.52704     47.3356    0.258968    0.463337    0.605799    0.634429     2456.88     1.6e+19      5.7327     4.20059     4.35683      4.3955
      18400           0     4.22198      179.59     392.566         0.4     206.453     207.779     414.232     8.07964     46.8089    0.258968    0.463492    0.605797    0.634429     2456.88     1.6e+19     5.73288     4.20064     4.35682      4.3954
      18300           0     4.22198     179.588      389.46         0.4     210.182     216.211     426.394     8.43225      46.238    0.258968    0.463589    0.605791    0.634429     2456.89     1.6e+19     5.73302     4.20066     4.35679     4.39531
      18200           0     4.22198     179.585     385.256         0.4     235.227     224.646     459.873     8.43481     45.5402    0.258968    0.463644    0.605783    0.634429     2456.89     1.6e+19     5.73315     4.20068     4.35675     4.39522
      18100           0     4.22198     179.583     381.673         0.4     284.314     232.557      516.87      7.9106      44.701    0.258968    0.463668    0.605775    0.634429     2456.89     1.6e+19     5.73324     4.20069     4.35671     4.39513
      18000           0     4.22198      179.58     378.324         0.4      328.85      241.03     569.879     8.47294      43.763    0.258968     0.46367    0.605765    0.634429      2456.9     1.6e+19     5.73332     4.20069     4.35666     4.39505
      17900           0     4.22198     179.578     377.368         0.4     366.022     250.921     616.943     9.89181     42.7793    0.258968    0.463654    0.605754    0.634429      2456.9     1.6e+19     5.73338     4.20068     4.35661     4.39497
      17800           0     4.22198     179.576     377.887         0.4     401.275     261.675     662.951     10.7539     41.8681    0.258968    0.463627    0.605744    0.634429      2456.9     1.6e+19     5.73342     4.20067     4.35656     4.39489
      17700           0     4.22198     179.574     375.986         0.4     436.079     271.821       707.9     10.1458     41.0297    0.258968    0.463589    0.605733    0.634429     2456.91     1.6e+19     5.73345     4.20066     4.35651     4.39482
      17600           0     4.22198     179.572     372.767         0.4     459.992     285.974     745.966     14.1526     40.1388    0.258968    0.463546    0.605723    0.634429     2456.91     1.6e+19     5.73347     4.20065     4.35646     4.39475
      17500      0.2033     4.42528     179.571     372.841         0.4     467.871     299.788     767.659     13.8143     39.1583    0.258968    0.463497    0.605712    0.634429     2456.92     1.6e+19     5.73347     4.20064      4.3564     4.39468
      17400    0.325513     24.8775     182.402     404.745         0.4     497.106     309.169     806.275     9.38058     32.6192    0.258968    0.459852    0.605772    0.643362     2458.41     1.6e+19     5.72413      4.5943      4.3567     4.00297
      17300    0.291182     57.3944     183.676     414.042         0.4     526.507     318.216     844.724      9.0477     25.7269    0.258968    0.458048    0.604861    0.663342     2460.18     1.6e+19     5.72115     4.58658     4.35224     4.00963
      17200    0.328894     86.5503     184.809     419.267         0.4     562.845     330.493     893.337     12.2761     21.3637    0.258968      0.4562    0.603954    0.679099     2461.86     1.6e+19     5.72526     4.57869      4.3478     4.01489
      17100     0.47127     119.582      186.08      422.05         0.4     617.745     343.043     960.787       12.55     17.1303    0.258968    0.454209    0.603026    0.690456     2463.62     1.6e+19     5.73462     4.57021     4.34327     4.01869
      17000    0.382475      166.62     187.675     422.894         0.4     667.899     357.467     1025.37     14.4248     10.6068    0.258968     0.45195    0.602169    0.690526     2465.69     1.6e+19     5.74734     4.56063     4.33909     4.02635
      16900    0.275122      204.76     189.549     417.684         0.4     709.053     371.543      1080.6     14.0759     7.31135    0.258968    0.449406    0.601659    0.690526     2467.53     1.6e+19     5.76211     4.54987     4.33662     4.03629
      16800     0.25128     232.249     191.508     408.545         0.4     748.267     385.225     1133.49     13.6821     6.62335    0.258968    0.446637    0.601137    0.690526     2469.09     1.6e+19     5.77805     4.53822     4.33408     4.04126
      16700    0.247539     257.373     193.481     398.232         0.4     787.769     399.635      1187.4     14.4094     5.96739    0.258968    0.443682    0.600094    0.690526     2470.57     1.6e+19     5.79451     4.52583     4.32901     4.03939
      16600    0.309253     282.189      195.48     386.826         0.4     823.565     417.305     1240.87     17.6701     4.80172    0.261095    0.440527    0.598349    0.690526     2472.03     1.6e+19     5.01015     4.51267     4.32056     4.03232
      16500    0.399575     313.204     197.566     386.285         0.4      862.69     428.092     1290.78     10.7869     1.89263    0.264126    0.436758    0.596012    0.690526     2473.62     1.6e+19     5.02468     4.49864     4.30927      4.0235
      16400     0.48673     353.249     199.832     392.865         0.4     914.865     442.227     1357.09      14.135    -2.45947    0.266927    0.429939    0.593184    0.686958     2475.42     1.6e+19     5.03818     4.48391     4.29708     4.01752
      16300    0.544605      401.98     202.346     396.069         0.4     975.234     452.397     1427.63     10.1702    -7.63188    0.269507    0.440126    0.588701    0.688172     2477.41     1.6e+19     5.05067     4.46826     4.28661     4.01792
      16200    0.473385     456.369     205.124     397.401         0.4     1038.72     466.718     1505.43     14.3211    -12.9102     0.27192    0.444363    0.585714    0.690526     2479.53     1.6e+19      5.0624     4.45187     4.27966     4.02492
      16100    0.355947      503.59     208.062     386.714         0.4     1096.29     482.394     1578.68     15.6757    -15.7347    0.274248    0.437074    0.584361    0.690526     2481.46     1.6e+19     5.07377     4.43637     4.27652     4.03512
      16000    0.321424      539.15     210.985     368.052         0.4     1141.58     495.113     1636.69     12.7188    -16.2991    0.276568    0.423544    0.583779    0.690526      2483.1     1.6e+19     5.08515     4.42281     4.27517     4.04186
      15900    0.306831     571.278     213.821     357.704         0.4     1179.98     505.144     1685.12     10.0312    -17.0278    0.278911    0.407739    0.582819    0.690526     2484.64     1.6e+19     5.09669     4.41138     4.27294     4.04281
      15800    0.333431     601.988      216.59     352.485         0.4     1219.72     510.914     1730.64     5.77046    -17.9163    0.281264    0.391339    0.580977    0.690526     2486.13     1.6e+19     5.10831     4.40173     4.26867      4.0392
      15700    0.336747     635.334     219.338     348.553         0.4     1258.57     515.086     1773.66      4.1716    -19.6176    0.283591    0.386325    0.578294    0.690526     2487.67     1.6e+19     5.11987     4.79274     4.26247     4.03346
      15600     0.33116     669.003     222.102     345.706         0.4     1297.32     515.744     1813.06    0.658277    -21.3968    0.285861    0.384136    0.575142    0.690526     2489.21     1.6e+19     5.13119     4.78371      4.2552      4.0273
      15500    0.315262     702.103     224.878     342.152         0.4     1334.53     517.092     1851.62    -1.34782    -23.0052    0.288053    0.381942    0.571781    0.690526     2490.73     1.6e+19     5.14216      4.7747     4.24747     4.02092
      15400    0.364488     733.679     227.652     338.257         0.4     1375.15     520.739     1895.89    -3.64723    -24.3061    0.290156     0.37975    0.568324    0.677744     2492.19     1.6e+19     5.15272     4.76572     4.23954     4.01444
      15300     0.44015     770.203     230.461     335.958         0.4     1422.43     523.884     1946.31    -3.14462    -26.7157    0.292164     0.37757    0.565009     0.66529     2493.75     1.6e+19     5.16285     4.75682     4.23195     4.01028
      15200    0.492796     814.271     233.389     334.648         0.4     1469.19     529.199     1998.38    -5.31543    -30.4503    0.294085    0.375433    0.562363    0.666115     2495.48     1.6e+19     5.17257     4.74813     4.22592     4.01055
      15100    0.602738     863.661     236.485     339.494         0.4     1523.33     536.911     2060.24    -7.71187    -34.6027    0.295951    0.373412    0.560913     0.68177     2497.34     1.6e+19     5.18204     4.73993     4.22262     4.01578
      15000    0.697683     924.029     239.816      348.52         0.4      1589.8     547.424     2137.22    -10.5135    -39.8991    0.297815    0.371613    0.561065    0.690526     2499.48     1.6e+19     5.19154     4.73265     4.22296     4.02791
      14900     0.76982      993.87     243.449      354.84         0.4      1665.1     562.227     2227.33    -14.8027    -45.6119    0.300066    0.370171    0.563596    0.690526     2501.85     1.6e+19     4.80138     4.72683     4.22873     4.05083
      14800    0.720941      1070.8     247.405     359.516         0.4     1749.56     580.353     2329.91    -18.1262    -51.2499    0.304447    0.369256    0.569127    0.690526     2504.39     1.6e+19     4.81159     4.72314     4.24138     4.08484
      14700   0.0285192      1142.2     251.527     348.617         0.4     1825.17     602.886     2428.05    -22.5326    -54.5735    0.309329    0.369068    0.577678    0.690526      2506.8     1.6e+19     4.82302     4.72238     4.26104     4.12584
      14600   0.0321552     1145.06     245.657     276.968         0.4      1857.1     612.703      2469.8    -9.81733    -43.7235    0.149485    0.483264     0.64696    0.690526     2506.12     1.6e+19     6.16554     4.49451     4.01921     4.15843
      14500           0     1148.24     243.963     249.682         0.4     1872.23     617.319     2489.55    -4.61573    -39.7553   0.0702631    0.551677    0.690526    0.724711     2505.37     1.6e+19     5.82472     4.31826     4.17683     3.81254
      14400           0     1148.24     244.489     233.367         0.4        1880     620.454     2500.46    -3.13532    -38.1392   0.0537585    0.613942    0.741151    0.741151     2504.57     1.6e+19     6.45322     4.06486     3.84765     3.85946
      14300           0     1148.24     245.777     219.574         0.4     1885.29     627.081     2512.38    -6.62694    -38.0589    0.040303    0.613942    0.741151    0.741151     2503.76     1.6e+19     6.36697     4.13659     3.86275     3.89259
      14200           0     1148.24     247.244     207.893         0.4     1886.26     635.773     2522.03     -8.6912    -38.7871   0.0338532    0.613942    0.741151    0.741151     2502.88     1.6e+19     6.32652     4.16195     3.85175     3.90952
      14100           0     1148.24     248.679     201.745         0.4     1887.39     646.118     2533.51    -10.3459    -39.8568   0.0314426    0.613942    0.741151    0.741151     2501.96     1.6e+19     6.31155     4.15998     3.83034      3.9135
      14000           0     1148.24     250.018     199.079         0.4     1897.41     659.152     2556.56    -13.0333    -40.8821   0.0313899    0.613942    0.708905    0.741151     2500.99     1.6e+19     6.31123     4.14442     3.80863      3.9093
      13900           0     1148.24     251.253     194.416         0.4     1912.31     669.835     2582.14    -10.6834     -41.783   0.0327171    0.613942    0.690526    0.741151     2499.94     1.6e+19     6.31946     4.12391     4.19193     3.90216
      13800           0     1148.24     252.394      188.81         0.4      1918.2     683.714     2601.91    -13.8793    -42.7099   0.0348471    0.613942    0.690526    0.741151     2498.87     1.6e+19     6.33272     4.10336     4.17577     3.89464
      13700           0     1148.24     253.449     184.739         0.4     1939.78     695.813     2635.59    -12.0987    -43.6902    0.037423    0.613942    0.690526    0.741151     2497.79     1.6e+19     6.34884     4.08507     4.16205     3.88776
      13600           0     1148.24     254.425      181.54         0.4     1953.91     709.033     2662.94    -13.2203    -44.6668   0.0402246    0.613942    0.690526    0.741151     2496.71     1.6e+19     6.36647     4.07003     4.15159     3.88237
      13500           0     1148.24     255.333     184.829         0.4     1968.32     728.537     2696.86    -19.5034    -45.5204   0.0431186    0.613942    0.690526    0.741151     2495.61     1.6e+19      6.3848     4.05852     4.14451     3.87899
      13400           0     1148.24     256.182     192.119         0.4      1981.3     745.678     2726.97    -17.1416    -45.9449   0.0460252    0.613942    0.690526    0.741151     2494.52     1.6e+19     6.40333     4.05047     4.14067     3.87786
      13300     0.08152     1148.32     256.977     189.303         0.4     1994.73     765.796     2760.52    -20.1175     -46.079   0.0488984    0.613942    0.690526    0.741151     2493.42     1.6e+19     6.42177     4.04563      4.1398     3.87902
      13200    0.110373     1156.51     260.731     210.344         0.4     1998.72     786.612     2785.33    -20.8165    -48.1565    0.102259    0.613942    0.690526    0.741151     2494.13     1.6e+19     5.93646     4.05648     4.16062      3.8972
      13100    0.163018      1167.6     263.264     216.691         0.4     2008.46     814.011     2822.47    -27.3991    -49.4968    0.149485    0.613942    0.690526    0.741151     2495.07     1.6e+19     6.19187     4.05461     4.17181     3.90969
      13000   0.0758623     1183.81     265.464     222.191         0.4     2009.78      840.99     2850.77    -26.9783    -51.1641    0.217941    0.606285    0.690526    0.741151     2496.22     1.6e+19      5.5873     4.03653      4.1704     3.91681
      12900    0.232346     1191.55     267.321     228.057         0.4     2025.82     869.603     2895.42     -28.613    -50.4004    0.258968    0.566613    0.690526    0.741151     2497.24     1.6e+19     5.74417     4.01045     4.16158      3.9159
      12800    0.270271     1214.83     268.895     233.844         0.4     2049.52     897.615     2947.14    -28.0126    -52.7359    0.273058    0.551677    0.690526    0.741151     2498.66     1.6e+19     5.06796     4.38148     4.14908     3.91111
      12700    0.174158     1241.76      270.55     235.383         0.4     2067.18     925.563     2992.74    -27.9476    -55.1637     0.29268    0.551677    0.690526    0.741151      2500.2     1.6e+19     5.16546     4.35065     4.13647     3.90804
      12600           0        1259     272.395     233.967         0.4     2069.01     952.808     3021.82     -27.245    -55.1798    0.317014    0.551677    0.690526    0.741151     2501.53     1.6e+19      4.8411     4.31833     4.12297     3.90272
      12500           0        1259     274.146     233.272         0.4     2069.15     979.966     3049.12    -27.1584    -51.8438    0.341067    0.551677    0.689357    0.741151     2502.47     1.6e+19     4.89847     4.28584     4.10688     3.88736
      12400           0        1259     275.727       232.9         0.4     2071.48     1009.59     3081.07    -29.6274    -49.3663    0.351708    0.549662    0.674993    0.741151     2503.43     1.6e+19      4.9426     4.25409     4.08655      3.8616
      12300    0.062956     1259.06     277.206     231.318         0.4     2079.87     1040.01     3119.88    -30.4199    -47.6016    0.358931    0.517948    0.656943    0.741151     2504.37     1.6e+19     4.97642     4.22457     4.06243     3.82998
      12200    0.231785     1265.53     278.675     228.735         0.4     2102.46     1069.39     3171.85    -29.3726    -47.8086    0.365741    0.484658    0.638229    0.690526     2505.42     1.6e+19     4.60159     4.59772     4.03581     4.19891
      12100    0.297019     1288.77     280.327     227.425         0.4     2133.58     1097.27     3230.86    -27.8852    -51.7625    0.383738    0.484658    0.621109    0.690526     2506.83     1.6e+19     4.61806     4.57054     4.01019     4.17533
      12000     0.28144     1318.46     282.273     226.831         0.4     2172.89     1129.45     3302.34    -32.1754    -56.4325    0.393596    0.484658    0.612039    0.690526      2508.4     1.6e+19     4.62818     4.54323     4.38759     4.16061
      11900    0.267995     1346.59     284.452     227.056         0.4     2216.36     1159.35      3375.7    -29.8981    -59.9914    0.398232    0.484658    0.608212    0.690526     2509.94     1.6e+19     4.63391     4.51652     4.36868     4.15202
      11800    0.304085     1373.42     286.779      227.92         0.4     2265.17     1191.08     3456.26    -31.7393    -62.6991    0.400969    0.470516    0.605081    0.690526     2511.44     1.6e+19     4.63669     4.49127     4.35331     4.14617
      11700     0.22752     1403.75     289.245     236.098         0.4     2325.52     1223.75     3549.27    -32.6627     -65.546    0.410145    0.448428    0.602471    0.690526     2513.02     1.6e+19     4.63697     4.46884     4.34057     4.14273
      11600     0.16278     1426.44     276.862     209.205         0.4     2365.61     1243.25     3608.85    -19.4982    -65.6792     0.24863    0.537008    0.654009    0.690526     2513.04     1.6e+19     5.67552     4.22104     4.07085     4.15119
      11500   0.0641579     1442.62     272.548     191.337         0.4     2397.51     1250.03     3647.54     -6.7813    -66.8885    0.149485    0.613942    0.723704    0.714117     2512.76     1.6e+19     6.16446     4.03009       3.816     3.80865
      11400   0.0330273        1449     271.983     167.847         0.4      2418.4     1254.06     3672.46    -4.03085    -67.7438    0.118074    0.613942    0.741151    0.741151     2512.32     1.6e+19     5.99337     4.16122     3.87959     3.86777
      11300  0.00703199     1452.28     272.766     156.744         0.4     2433.04     1261.35     3694.39    -7.28843    -69.2337   0.0925567    0.669804    0.741151    0.741151     2511.71     1.6e+19      5.9021     3.82019     3.89618      3.9163
      11200           0     1452.98     273.948     152.745         0.4     2443.15     1270.44     3713.59    -9.09766    -70.4903   0.0789559    0.671454    0.741151    0.741151     2511.01     1.6e+19     5.85464     3.82521     3.88919     3.94844
      11100           0     1452.98     275.173     145.401         0.4     2452.94     1280.72     3733.66    -10.2732    -71.6654   0.0725425    0.638282    0.741151    0.741151     2510.23     1.6e+19     5.83253      3.8097      3.8725     3.96589
      11000           0     1452.98     276.346     136.368         0.4     2471.17     1292.26     3763.44    -11.5461    -73.0611   0.0705072    0.613942    0.741151    0.741151     2509.36     1.6e+19     5.82556     4.19067     3.85339     3.97305
      10900           0     1452.98     277.449      131.21         0.4     2479.83     1302.11     3781.94    -9.84934    -74.6187   0.0711523    0.613942    0.741151    0.741151     2508.45     1.6e+19     5.82776     4.16716     3.83542     3.97415
      10800           0     1452.98      278.48     128.289         0.4     2483.04     1315.04     3798.08    -12.9296    -76.1225   0.0734146    0.613942    0.722269    0.741151     2507.52     1.6e+19     5.83553     4.14327     3.82153     3.97246
      10700           0     1452.98     279.443     124.454         0.4     2484.84     1328.26      3813.1    -13.2176    -77.5457   0.0766344    0.613942    0.707138    0.741151     2506.55     1.6e+19     5.84662     4.12175     3.81269      3.9707
      10600           0     1452.98     280.347     120.178         0.4     2487.08     1341.71     3828.78    -13.4469    -78.9771   0.0804066    0.613942    0.696704    0.741151     2505.55     1.6e+19     5.85966     4.10386     3.80747     3.97023
      10500           0     1452.98     281.199      117.58         0.4     2489.45     1355.41     3844.86    -13.6995    -80.4198   0.0844781    0.613942    0.691237    0.741151     2504.53     1.6e+19     5.87381     4.08992     3.80494     3.97151
      10400           0     1452.98     282.006     115.983         0.4     2492.36     1371.21     3863.58    -15.8056    -81.8004   0.0886884    0.613942    0.689372    0.741151     2503.51     1.6e+19     5.88852      4.0798     3.80457     3.97459
      10300           0     1452.98      282.77     114.947         0.4     2496.12     1389.08      3885.2    -17.8697    -83.0988   0.0929358    0.613942    0.690177    0.741151      2502.5     1.6e+19     5.90343     4.07315     3.80602     3.97932
      10200           0     1452.98     283.496     113.824         0.4     2499.07     1406.88     3905.94    -17.7957    -84.3128   0.0971566    0.613942    0.692938    0.741151     2501.48     1.6e+19     5.91834     4.06955     3.80901      3.9855
      10100           0     1452.98     284.187     111.673         0.4      2512.2     1427.36     3939.57    -20.4873    -85.5021    0.101311    0.613942    0.697093    0.741151     2500.48     1.6e+19     5.93308     4.06858      3.8133     3.99294
      10000           0     1452.98     284.848     109.197         0.4     2518.71     1448.21     3966.92    -20.8477    -86.7155    0.105377    0.613942    0.702197    0.744333     2499.49     1.6e+19     5.94759     4.06983     3.81868      3.6013
       9900           0     1452.98      285.48     106.549         0.4     2523.12     1469.39     3992.52    -21.1796    -87.9708     0.10934    0.613942     0.70754    0.760501     2498.54     1.6e+19      5.9618     4.07295     3.82467     3.60792
       9800           0     1452.98     286.085     103.769         0.4     2526.52     1491.73     4018.26     -22.341     -89.275    0.113193    0.613942    0.712378     0.77312     2497.63     1.6e+19     5.97569     4.07761     3.83065      3.6131
       9700           0     1452.98     286.664     100.881         0.4     2537.14     1515.21     4052.35    -23.4761    -90.6323    0.116929    0.613942    0.716693    0.784095     2496.76     1.6e+19     5.98921      4.0835     3.83656     3.61761
       9600           0     1452.98     287.217     97.9052         0.4     2548.47     1539.79     4088.26    -24.5857    -92.0446    0.120541    0.613942    0.720649    0.786217     2495.92     1.6e+19     6.00236     4.09035     3.84252     3.62243
       9500           0     1452.98     287.746     94.8545         0.4     2555.51     1565.47     4120.98    -25.6713    -93.5126    0.124028    0.613942    0.724649    0.786217     2495.09     1.6e+19      6.0151     4.09795     3.84891      3.6287
       9400           0     1452.98     288.254     92.5436         0.4     2565.23     1588.52     4153.75    -23.0537     -95.021    0.127391    0.613942      0.7288    0.786217     2494.27     1.6e+19     6.02745     4.10616     3.85587     3.63601
       9300           0     1452.98     288.742     90.6704         0.4     2574.12     1613.46     4187.58    -24.9417    -96.5267    0.130638    0.613942    0.733026    0.786217     2493.46     1.6e+19     6.03942     4.11485     3.86336      3.6441
       9200           0     1452.98     289.213     89.0313         0.4     2581.92     1638.97      4220.9    -25.5125     -98.013    0.133775    0.613942    0.737233    0.786217     2492.67     1.6e+19     6.05103     4.12394     3.87129     3.65277
       9100           0     1452.98     289.668     87.5519         0.4     2582.22     1666.64     4248.86     -27.668    -99.4728    0.136813    0.613942    0.740249    0.786217     2491.89     1.6e+19     6.06232     4.13334     3.87968     3.66188
       9000           0     1452.98      290.11     86.2004         0.4     2584.68     1697.45     4282.13      -30.81    -100.902     0.13976    0.613942    0.741151    0.786217     2491.12     1.6e+19     6.07332       4.143     3.88863     3.67137
       8900           0     1452.98     290.541     84.9712         0.4     2592.87     1727.34     4320.22    -29.8906    -102.299    0.142626    0.613942    0.741151    0.786217     2490.35     1.6e+19     6.08405     4.15287     3.89827     3.68127
       8800           0     1452.98     290.962      83.839         0.4     2596.23     1757.78     4354.01    -30.4366     -103.66    0.145422    0.613942    0.741151    0.786217     2489.59     1.6e+19     6.09456     4.16294     3.90837     3.69157
       8700           0     1452.98     291.375     82.7872         0.4     2607.14     1788.75     4395.89    -30.9746    -104.986    0.148158    0.613942    0.741151    0.786217     2488.83     1.6e+19     6.10488     4.17318     3.91878      3.7022
       8600           0     1452.98      291.78      81.807         0.4     2623.28     1819.98     4443.26    -31.2304    -106.275    0.149485    0.613942    0.741151    0.786217     2488.08     1.6e+19     6.11511     4.18356     3.92944      3.7131
       8500           0     1452.98     292.181     80.8899         0.4     2633.27     1851.46     4484.73    -31.4806    -107.528    0.149485    0.613942    0.741151    0.786217     2487.33     1.6e+19     6.12558     4.19407     3.94029     3.72422
       8400           0     1452.98     292.577     80.4582         0.4     2646.76     1882.74      4529.5    -31.2769    -108.735    0.149485    0.621626    0.741151    0.786217     2486.58     1.6e+19     6.13621     3.80412     3.95132     3.73552
       8300           0     1452.98     292.969     80.3458         0.4     2648.84     1917.41     4566.25    -34.6693    -109.874    0.149485    0.634383    0.741151    0.786217     2485.85     1.6e+19     6.14691     3.81155     3.96249     3.74697
       8200           0     1452.98     293.355      80.449         0.4     2655.35     1951.89     4607.24    -34.4801    -110.936    0.149485    0.643716    0.741151    0.786217     2485.14     1.6e+19     6.15758      3.8177     3.97367     3.75853
       8100           0     1452.98     293.733     80.7404         0.4     2658.75     1986.17     4644.92    -34.2831    -111.915    0.149485    0.651342    0.741151    0.786217     2484.44     1.6e+19     6.16817      3.8234     3.98483     3.77014
       8000           0     1452.98     294.104     81.1865         0.4     2670.08     2020.55     4690.63    -34.3787    -112.811    0.149485    0.657971    0.741151    0.786217     2483.75     1.6e+19     6.17863       3.829     3.99593     3.78177
       7900           0     1452.98     294.467     81.8368         0.4      2672.2     2055.02     4727.22    -34.4673    -113.619    0.149485    0.663916    0.747276    0.786217     2483.07     1.6e+19     6.18896     3.83464     3.60631     3.79334
       7800           0     1452.98     294.823     82.6529         0.4     2676.56     2090.14     4766.71    -35.1235    -114.337    0.149485    0.669282    0.755239    0.794677     2482.42     1.6e+19     6.19913     3.84037     3.61528     3.40398
       7700           0     1452.98     295.171     83.6224         0.4     2683.12     2124.91     4808.03    -34.7707    -114.961    0.152557    0.671454    0.761428     0.80962     2481.82     1.6e+19     5.40814     3.84634     3.62316     3.41102
       7600           0     1452.98     295.507     84.7558         0.4      2687.5     2160.32     4847.82    -35.4069     -115.49    0.155686    0.671454    0.766016     0.82014     2481.27     1.6e+19     5.41645     3.85315      3.6299     3.41599
       7500           0     1452.98     295.831     86.0247         0.4     2688.53     2196.33     4884.86    -36.0056    -115.923    0.158632    0.671454    0.769455    0.825184     2480.74     1.6e+19      5.4243     3.86048     3.63582     3.42003
       7400           0     1452.98     296.141     86.3829         0.4     2692.86     2232.92     4925.78    -36.5915    -116.279    0.161431    0.671454    0.772251    0.825184     2480.23     1.6e+19     5.43178     3.86806     3.64141     3.42465
       7300           0     1452.98     296.441     86.2141         0.4     2698.58     2268.08     4966.67    -35.1655    -116.615    0.164101    0.671454    0.774733    0.825184     2479.72     1.6e+19     5.43893     3.87574     3.64706     3.42984
       7200           0     1452.98     296.729     85.7764         0.4     2708.01     2301.81     5009.82    -33.7292    -116.951    0.166659    0.671454    0.776987    0.825184     2479.23     1.6e+19      5.4458     3.88343     3.65284     3.43542
       7100           0     1452.98     297.009     85.1559         0.4     2718.16     2336.52     5054.68    -34.7088    -117.297    0.169119    0.671454    0.779026    0.825184     2478.74     1.6e+19     5.45243     3.89109     3.65877     3.44128
       7000           0     1452.98     297.281     84.3997         0.4     2720.65      2376.2     5096.85    -39.6805     -117.66    0.171494    0.671454    0.780853    0.825184     2478.26     1.6e+19     5.45884     3.89868     3.66482     3.44734
       6900           0     1452.98     297.545     83.5493         0.4     2723.16     2415.65     5138.81    -39.4454     -118.04    0.173794    0.671454    0.782469    0.825184     2477.79     1.6e+19     5.46506     3.90619     3.67098     3.45356
       6800           0     1452.98     297.804      82.624         0.4     2723.88     2450.55     5174.43    -34.9042     -118.44    0.176027    0.671454    0.783881    0.825184     2477.32     1.6e+19     5.47112     3.91362     3.67722      3.4599
       6700           0     1452.98     298.058     81.6477         0.4     2724.17     2486.51     5210.67    -35.9576    -118.861    0.178203    0.671454    0.785096    0.825184     2476.87     1.6e+19     5.47703     3.92094     3.68353     3.46633
       6600           0     1452.98     298.306     80.6488         0.4     2725.17     2525.42     5250.58    -38.9061      -119.3    0.180326    0.671454    0.786127    0.825184     2476.41     1.6e+19     5.48281     3.92818     3.68989     3.47283
       6500           0     1452.98      298.55     79.6173         0.4     2727.03     2562.87      5289.9    -37.4503    -119.758    0.182403    0.671454    0.786217    0.825184     2475.97     1.6e+19     5.48848     3.93532     3.69637     3.47939
       6400           0     1452.98     298.791     78.8612         0.4     2729.45     2600.46      5329.9    -37.5906    -120.229    0.184439    0.671454    0.786217    0.825184     2475.52     1.6e+19     5.49405     3.94237     3.70298     3.48603
       6300           0     1452.98     299.028     78.2668         0.4     2731.03     2636.53     5367.57    -36.0776    -120.696     0.18644    0.671454    0.786217    0.825184     2475.08     1.6e+19     5.49953     3.94935     3.70965     3.49274
       6200           0     1452.98     299.262     77.7668         0.4     2737.46        2672     5409.45    -35.4617    -121.153    0.188408    0.671454    0.786217    0.825184     2474.64     1.6e+19     5.50493     3.95626     3.71636     3.49951
       6100           0     1452.98     299.493     77.3512         0.4     2744.75     2706.84     5451.59     -34.843    -121.598    0.190347    0.671454    0.786217    0.825184     2474.21     1.6e+19     5.51026      3.9631     3.72308     3.50632
       6000           0     1452.98     299.722     76.9921         0.4     2748.33     2741.06     5489.39    -34.2219    -122.027     0.19226    0.671454    0.786217    0.825184     2473.78     1.6e+19     5.51553     3.96988      3.7298     3.51316
       5900           0     1452.98     299.948     76.6777         0.4     2749.96     2777.31     5527.27    -36.2484     -122.44    0.194148    0.671454    0.786217    0.825184     2473.36     1.6e+19     5.52075      3.9766     3.73651     3.52001
       5800           0     1452.98     300.173     76.3993         0.4     2754.59     2811.98     5566.57    -34.6728    -122.838    0.196014    0.671454    0.786217    0.825184     2472.94     1.6e+19     5.52591     3.98326     3.74321     3.52686
       5700           0     1452.98     300.395     76.1514         0.4     2759.69     2846.48     5606.17    -34.4951    -123.219    0.197859    0.671454    0.786217    0.825184     2472.52     1.6e+19     5.53102     3.98986     3.74988      3.5337
       5600           0     1452.98     300.615     75.9306         0.4     2766.48     2880.94     5647.42    -34.4654    -123.585    0.199683    0.671454    0.786217    0.825184      2472.1     1.6e+19     5.53609     3.99641     3.75653     3.54053
       5500           0     1452.98     300.834     75.7338         0.4     2769.66     2915.38     5685.03    -34.4338    -123.935    0.201489    0.675007    0.786217    0.825184     2471.69     1.6e+19     5.54111      3.6026     3.76315     3.54734
       5400           0     1452.98      301.05     74.8435         0.4     2772.19        2950     5722.19    -34.6247    -124.283    0.203273    0.681059    0.786217    0.825184     2471.29     1.6e+19     5.54608     3.60739     3.76973     3.55413
       5300           0     1452.98     301.261     73.5267         0.4      2777.2     2984.81     5762.01    -34.8115    -124.668    0.205029    0.685584    0.786217    0.825184     2470.91     1.6e+19     5.55099     3.61144     3.77621     3.56088
       5200           0     1452.98     301.468     71.9776         0.4     2784.52     3016.48        5801    -31.6683    -125.105    0.206751    0.689238    0.786217    0.825184     2470.53     1.6e+19      5.5558     3.61514     3.78258     3.56757
       5100           0     1452.98      301.67     70.2782         0.4     2790.22     3048.95     5839.17    -32.4702    -125.599    0.208435    0.692333    0.786217    0.825184     2470.16     1.6e+19     5.56052      3.6187     3.78884     3.57418
       5000           0     1452.98     301.867     68.4441         0.4      2802.2     3082.22     5884.42    -33.2674    -126.151     0.21008    0.695028    0.786217    0.825184      2469.8     1.6e+19     5.56513     3.62221     3.79499     3.58071
       4900           0     1452.98      302.06     66.5256         0.4     2815.63     3114.28     5929.91    -32.0603    -126.762    0.211688    0.697407    0.786759    0.825184     2469.45     1.6e+19     5.56965     3.62573     3.40099     3.58714
       4800           0     1452.98     302.249      64.526         0.4     2824.87     3145.78     5970.65    -31.4991    -127.431    0.213259    0.699516    0.789532    0.825184      2469.1     1.6e+19     5.57407     3.62926     3.40634     3.59344
       4700           0     1452.98     302.433     62.4629         0.4     2828.21     3176.71     6004.93    -30.9335    -128.158    0.214792    0.701374    0.791859    0.825184     2468.77     1.6e+19      5.5784     3.63282     3.41136      3.5995
       4600           0     1452.98     302.613     60.3663         0.4     2840.41     3209.52     6049.93    -32.8133     -128.94    0.216287    0.702999    0.793816    0.832934     2468.45     1.6e+19     5.58262      3.6364     3.41609     3.20431
       4500           0     1452.98     302.788     58.2172         0.4      2854.4     3243.21     6097.61    -33.6883    -129.774    0.217743    0.704403    0.795332    0.838988     2468.15     1.6e+19     5.58673        3.64     3.42028     3.20768
       4400           0     1452.98     302.958     56.3864         0.4     2869.02     3275.07     6144.09    -31.8579    -130.654    0.219157    0.705593    0.796469    0.843694     2467.88     1.6e+19     5.59074     3.64359     3.42397      3.2103
       4300           0     1452.98     303.122     54.7343         0.4     2881.27     3306.69     6187.96    -31.6215    -131.558    0.220527    0.706577    0.797323     0.84761     2467.61     1.6e+19     5.59462     3.64717     3.42728     3.21248
       4200           0     1452.98     303.279     53.1741         0.4     2897.98     3337.77     6235.75     -31.079    -132.479    0.221849    0.707368    0.797969    0.851025     2467.37     1.6e+19     5.59838     3.65073     3.43031     3.21439
       4100           0     1452.98      303.43      51.688         0.4     2918.71      3369.5     6288.21    -31.7302    -133.411    0.223123    0.707984     0.79846      0.8541     2467.13     1.6e+19       5.602     3.65426     3.43313      3.2161
       4000           0     1452.98     303.576     50.2456         0.4     2939.86     3399.78     6339.63    -30.2755    -134.353    0.224348     0.70844    0.798833    0.856931      2466.9     1.6e+19     5.60549     3.65776      3.4358     3.21769
       3900           0     1452.98     303.715     48.8324         0.4     2963.79     3428.59     6392.38    -28.8151    -135.303    0.225525    0.709508    0.798885    0.857963     2466.68     1.6e+19     5.60884     3.66118     3.43837     3.21928
       3800           0     1452.98     303.849     47.4386         0.4     2986.23     3458.99     6445.22    -30.3993     -136.26    0.226657    0.712374    0.798899    0.857963     2466.47     1.6e+19     5.61207     3.66421     3.44098     3.22126
       3700           0     1452.98     303.978     45.4909         0.4     3012.85     3489.64      6502.5    -30.6531    -137.228    0.227743    0.716286    0.798957    0.857963     2466.26     1.6e+19     5.61518     3.66662     3.44365     3.22352
       3600           0     1452.98     304.101     42.0095         0.4     3037.11     3520.55     6557.65    -30.9013    -138.278    0.228783    0.720559    0.799047    0.857963     2466.06     1.6e+19     5.61815     3.66841     3.44636     3.22599
       3500           0     1452.98     304.219     37.8662         0.4     3060.64     3549.76      6610.4    -29.2186    -139.464    0.229777    0.724011    0.799156    0.857963     2465.87     1.6e+19       5.621     3.66972     3.44908      3.2286
       3400           0     1452.98      304.33     33.4825         0.4     3080.26     3580.09     6660.36    -30.3304    -140.803    0.230724    0.724011    0.799276    0.857963     2465.69     1.6e+19     5.62371     3.67124      3.4518     3.23129
       3300           0     1452.98     304.438     28.8613         0.4     3090.63     3610.18     6700.81    -30.0876     -142.29     0.23163    0.724011    0.799411    0.857963      2465.5     1.6e+19     5.62631     3.67316     3.45452     3.23403
       3200           0     1452.98     304.542      24.564         0.4     3102.31     3640.02     6742.33    -29.8416    -143.921    0.232501    0.724011    0.799564    0.857963     2465.32     1.6e+19     5.62881     3.67534     3.45723     3.23679
       3100           0     1452.98     304.643     21.5802         0.4     3112.44     3670.02     6782.45     -29.993    -145.625    0.233343    0.724011    0.799736    0.857963     2465.14     1.6e+19     5.63123     3.67769     3.45994     3.23957
       3000           0     1452.98     304.742     19.0598         0.4     3125.61     3700.16     6825.77    -30.1425    -147.346    0.234162    0.724011    0.799925    0.857963     2464.96     1.6e+19     5.63359     3.68014     3.46264     3.24236
       2900           0     1452.98      304.84     16.8652         0.4     3139.23      3729.5     6868.73    -29.3402    -149.063    0.234961    0.724011    0.800132    0.857963     2464.79     1.6e+19     5.63589     3.68265     3.46533     3.24514
       2800           0     1452.98     304.936     14.9003         0.4     3153.21     3759.14     6912.35    -29.6364    -150.763    0.235744    0.724011    0.800356    0.857963     2464.61     1.6e+19     5.63814     3.68521       3.468     3.24792
       2700           0     1452.98     305.031     12.9326         0.4     3160.19     3785.27     6945.46    -26.1314    -152.442    0.236512    0.724011    0.800595    0.857963     2464.44     1.6e+19     5.64036     3.68778     3.47065     3.25068
       2600           0     1452.98     305.125     10.6296         0.4      3162.4     3816.49     6978.89    -31.2251    -154.118    0.237268    0.724011     0.80085    0.857963     2464.27     1.6e+19     5.64254     3.69036     3.47328     3.25342
       2500           0     1452.98     305.218     8.22652         0.4     3172.55     3843.81     7016.36    -27.3176    -155.806    0.238013    0.724011    0.801121    0.857963      2464.1     1.6e+19     5.64469     3.69293     3.47588     3.25614
       2400           0     1452.98     305.309     5.79547         0.4     3184.64     3871.52     7056.15    -27.7091     -157.51    0.238747    0.724011     0.80125    0.857963     2463.93     1.6e+19     5.64681     3.69549     3.47846     3.25884
       2300           0     1452.98       305.4     3.33882         0.4     3194.71     3899.77     7094.48    -28.2495    -159.232    0.239472    0.724011    0.801352    0.857963     2463.77     1.6e+19     5.64891     3.69803     3.48105     3.26152
       2200           0     1452.98     305.489     1.01428         0.4     3198.22     3928.56     7126.77     -28.789    -160.969    0.240189    0.724011     0.80146    0.857963      2463.6     1.6e+19     5.65098     3.70056     3.48362     3.26418
       2100           0     1452.98     305.578   -0.903798         0.4     3208.83     3957.34     7166.16    -28.7776    -162.703    0.240897    0.724011    0.801575    0.857963     2463.44     1.6e+19     5.65303     3.70307     3.48617     3.26683
       2000           0     1452.98     305.665     -2.6554         0.4     3219.27      3986.1     7205.37    -28.7653    -164.418    0.241597    0.724011    0.801696    0.857963     2463.28     1.6e+19     5.65506     3.70556     3.48871     3.26946
       1900           0     1452.98     305.752    -4.28045         0.4     3228.87     4014.32     7243.19    -28.2188    -166.108     0.24229    0.724011    0.801823    0.857963     2463.12     1.6e+19     5.65707     3.70803     3.49122     3.27207
       1800           0     1452.98     305.838    -5.80737         0.4     3239.43     4042.49     7281.92    -28.1715    -167.768    0.242976    0.724011    0.801958    0.857963     2462.96     1.6e+19     5.65906     3.71047     3.49371     3.27466
       1700           0     1452.98     305.923    -7.34897         0.4     3251.28     4069.79     7321.07    -27.2967    -169.398    0.243655    0.724011    0.802098    0.857963     2462.81     1.6e+19     5.66103      3.7129     3.49618     3.27723
       1600           0     1452.98     306.008     -9.0796         0.4     3260.32     4095.51     7355.83    -25.7203    -171.008    0.244328    0.724011    0.802246    0.857963     2462.65     1.6e+19     5.66299     3.71531     3.49862     3.27977
       1500           0     1452.98     306.091    -10.8624         0.4      3268.9     4123.05     7391.95    -27.5464    -172.607    0.244993    0.724011      0.8024    0.857963      2462.5     1.6e+19     5.66492      3.7177     3.50105      3.2823
       1400           0     1452.98     306.174    -12.6836         0.4     3277.96     4152.28     7430.24    -29.2242    -174.198    0.245652    0.724011     0.80256    0.857963     2462.35     1.6e+19     5.66684     3.72006     3.50344      3.2848
       1300           0     1452.98     306.256    -14.5276         0.4     3283.22      4180.8     7464.01    -28.5203    -175.783    0.246304    0.724011    0.802727    0.857963      2462.2     1.6e+19     5.66874     3.72241     3.50582     3.28728
       1200           0     1452.98     306.338    -16.1069         0.4     3289.76     4208.62     7498.38    -27.8242    -177.361     0.24695    0.724011    0.802899    0.857963     2462.05     1.6e+19     5.67062     3.72473     3.50817     3.28973
       1100           0     1452.98     306.418     -16.936         0.4     3293.27     4235.83      7529.1     -27.208    -178.898    0.247589    0.724011    0.803077    0.857963      2461.9     1.6e+19     5.67249     3.72703     3.51049     3.29216
       1000           0     1452.98     306.498    -17.4409         0.4     3294.71     4262.56     7557.27    -26.7327    -180.366    0.248222    0.724011    0.803259    0.857963     2461.76     1.6e+19     5.67433     3.72931     3.51279     3.29457
        900           0     1452.98     306.577    -17.5977         0.4     3296.61     4289.49      7586.1    -26.9267    -181.753    0.248849    0.724011    0.803447    0.857963     2461.61     1.6e+19     5.67616     3.73157     3.51507     3.29695
        800           0     1452.98     306.655    -17.4924         0.4     3299.82     4312.83     7612.64    -23.3348    -183.048    0.249469    0.723131    0.803639    0.857963     2461.47     1.6e+19     5.67797     3.73387     3.51732     3.29931
        700           0     1452.98     306.732    -17.0763         0.4     3300.87     4335.49     7636.36    -22.6658    -184.247    0.250083    0.721889    0.803835    0.857963     2461.33     1.6e+19     5.67977      3.7364     3.51955     3.30165
        600           0     1452.98      306.81    -16.1949         0.4     3311.87     4361.13     7672.99    -25.6348    -185.333    0.250694    0.720768    0.804037    0.857963     2461.18     1.6e+19     5.68156     3.73907     3.52178     3.30396
        500           0     1452.98     306.887    -15.0333         0.4     3323.41     4387.37     7710.78    -26.2447    -186.296    0.251302    0.719741    0.804245    0.857963     2461.04     1.6e+19     5.68334     3.74183     3.52399     3.30625
        400           0     1452.98     306.965    -13.5667         0.4     3347.43     4411.61     7759.04    -24.2371    -187.129    0.251909    0.718795    0.804458    0.857963     2460.89     1.6e+19     5.68511     3.74464      3.5262     3.30854
        300           0     1452.98     307.042      -11.85         0.4     3360.81     4440.92     7801.73    -29.3154    -187.828    0.252515    0.717919    0.804676    0.857963     2460.75     1.6e+19     5.68689     3.74745      3.5284      3.3108
        200           0     1452.98      307.12    -9.66266         0.4     3381.08     4470.75     7851.83     -29.827    -188.389    0.253121     0.71711    0.804899    0.857963     2460.61     1.6e+19     5.68867     3.75027     3.53059     3.31306
        100           0     1452.98     307.197    -6.57764         0.4     3386.58     4496.49     7883.07    -25.7418    -188.777    0.253726    0.716362    0.805125    0.857963     2460.46     1.6e+19     5.69044     3.75307     3.53278     3.31531
          0           0     1452.98     307.274    -3.00878         0.4        3394     4522.31     7916.31    -25.8192    -188.969    0.254331    0.715674    0.805356    0.857963     2460.32     1.6e+19     5.69222     3.75585     3.53496     3.31755