      20000           0           0     179.437     415.631         0.6      17.399     14.2831      31.682     14.2831     51.8336    0.258968    0.460851    0.605054    0.634429     2456.76     1.6e+19     5.73044     4.59858     4.35318     4.39114
      19900           0           0     179.437      414.68         0.6     28.2793     29.7361     58.0154     15.4531     51.7019    0.258968    0.460851    0.605054    0.634429     2456.76     1.6e+19     5.73044     4.59858     4.35318     4.39114
      19800           0           0     179.437     414.027         0.6     44.2321     46.3592     90.5912     16.6231     51.5707    0.258968    0.460851    0.605054    0.634429     2456.76     1.6e+19     5.73044     4.59858     4.35318     4.39114
      19700           0           0     179.437     413.765         0.6     53.1471     60.5222     113.669     14.1631     51.4563    0.258968    0.460851    0.605054    0.634429     2456.76     1.6e+19     5.73044     4.59858     4.35318     4.39114
      19600   0.0414251   0.0414251     179.437     413.802         0.6     62.7691     72.5053     135.274     11.9831     51.3637    0.258968    0.460851    0.605054    0.634429     2456.76     1.6e+19     5.73044     4.59858     4.35318     4.39114
      19500           0     4.14251     179.474     411.933         0.6     64.9165     81.9814     146.898      9.4761     50.3275    0.258968    0.460852     0.60508    0.634429     2456.91     1.6e+19     5.73045     4.59859     4.35331     4.39196
      19400           0     4.14251     179.518      409.02         0.6     76.4361     93.9834     170.419      12.002     50.3943    0.258968    0.460861    0.605179    0.634429     2456.91     1.6e+19     5.73049     4.59863     4.35379     4.39301
      19300           0     4.14251     179.539      406.37         0.6     86.3662     105.994      192.36     12.0108     50.2953    0.258968    0.460888    0.605282    0.634429     2456.91     1.6e+19     5.73059     4.59874      4.3543     4.39355
      19200           0     4.14251      179.55     403.738         0.6     87.8284     118.024     205.853       12.03     50.0666    0.258968    0.460929    0.605363    0.634429     2456.91     1.6e+19     5.73073     4.59892     4.35469     4.39382
      19100 0.000894696      4.1434     179.555     402.836         0.6      87.864     129.559     217.423     11.5347     49.7528    0.258968    0.460978     0.60542    0.634429     2456.91     1.6e+19     5.73091     4.59913     4.35497     4.39394
      19000           0     4.23198     179.558     402.972         0.6     88.5358       141.9     230.436     12.3416     49.4276    0.258968     0.46103    0.605458    0.634429     2456.92     1.6e+19      5.7311     4.59935     4.35516     4.39399
      18900           0     4.23198      179.56     401.295         0.6     90.2306     155.051     245.281     13.1502     49.1416    0.258968     0.46108    0.605485    0.634429     2456.92     1.6e+19     5.73129     4.59957     4.35529       4.394
      18800           0     4.23198      179.56     398.613         0.6     99.8579     165.461     265.319     10.4105     48.7793    0.258968    0.461126    0.605503    0.634429     2456.92     1.6e+19     5.73147     4.59977     4.35538     4.39397
      18700           0     4.23198     179.558      396.76         0.6     121.078     177.173     298.251     11.7115     48.3306    0.258968    0.461168    0.605514    0.634429     2456.92     1.6e+19     5.73164     4.59994     4.35543     4.39393
      18600           0     4.23198     179.557     395.309         0.6     155.578     191.516     347.094     14.3431     47.8441    0.258968    0.461466     0.60552    0.634429     2456.92     1.6e+19     5.73179     4.20008     4.35546     4.39388
      18500           0     4.23198     179.555     393.917         0.6     197.601     200.081     397.682     8.56482     47.3356    0.258968    0.461747    0.605523    0.634429     2456.92     1.6e+19     5.73193     4.20016     4.35548     4.39382
      18400           0     4.23198     179.553     392.587         0.6     206.364     208.197     414.561     8.11665     46.8088    0.258968    0.461912    0.605523    0.634429     2456.92     1.6e+19     5.73205      4.2002     4.35548     4.39377
      18300           0     4.23198     179.552      389.48         0.6     210.115     216.666      426.78     8.46847     46.2379    0.258968    0.462011    0.605522    0.634429     2456.93     1.6e+19     5.73215     4.20023     4.35547     4.39372
      18200           0     4.23198      179.55     385.276         0.6     235.139     225.136     460.275     8.47024     45.5399    0.258968    0.462068    0.605519    0.634429     2456.93     1.6e+19     5.73223     4.20024     4.35546     4.39367
      18100           0     4.23198     179.548     381.693         0.6     284.206     233.081     517.287     7.94526     44.7007    0.258968    0.462097    0.605515    0.634429     2456.93     1.6e+19      5.7323     4.20025     4.35544     4.39363
      18000           0     4.23198     179.546     378.343         0.6     328.722     241.588      570.31     8.50685     43.7626    0.258968    0.462109     0.60551    0.634429     2456.93     1.6e+19     5.73236     4.20026     4.35542     4.39358
      17900           0     4.23198     179.545     377.387         0.6     365.875     251.513     617.388     9.92499     42.7788    0.258968    0.462107    0.605506    0.634429     2456.93     1.6e+19      5.7324     4.20026     4.35539     4.39354
      17800           0     4.23198     179.544     377.906         0.6      401.11     262.299     663.409     10.7864     41.8676    0.258968    0.462097    0.605501    0.634429     2456.93     1.6e+19     5.73243     4.20025     4.35537     4.39351
      17700           0     4.23198     179.542     376.005         0.6     435.895     272.477     708.372     10.1776     41.0291    0.258968     0.46208    0.605496    0.634429     2456.94     1.6e+19     5.73245     4.20025     4.35534     4.39347
      17600           0     4.23198     179.541     372.785         0.6      459.79     286.661      746.45     14.1838     40.1381    0.258968    0.462059    0.605491    0.634429     2456.94     1.6e+19     5.73247     4.20024     4.35532     4.39344
      17500    0.203452     4.43543      179.54     372.859         0.6      467.65     300.506     768.156     13.8449     39.1576    0.258968    0.462035    0.605485    0.634429     2456.95     1.6e+19     5.73247     4.20024     4.35529     4.39341
      17400     0.32592     24.9031     182.334     404.774         0.6     496.914     309.954     806.869     9.44858     32.6169    0.258968    0.459716    0.605478    0.634429     2458.69     1.6e+19     5.72314     4.59371     4.35526     4.39979
      17300    0.292115     57.4613     183.496     414.105         0.6     526.379     319.182     845.561     9.22721     25.7263    0.258968    0.457866    0.604233    0.639147     2460.83     1.6e+19     5.72011      4.5858     4.34917     4.00157
      17200    0.330472     86.7111     184.464     419.389         0.6     562.838     331.803     894.641     12.6215     21.3651    0.258968    0.455922    0.602642    0.634982     2462.82     1.6e+19     5.72399      4.5775      4.3414     4.00018
      17100    0.473644     119.901     185.534     422.249         0.6     617.938     344.899     962.836     13.0956     17.1308    0.258968    0.453737    0.600751    0.634429     2464.93     1.6e+19      5.7328      4.5682      4.3322     4.39607
      17000    0.385889     167.178     186.876     423.197         0.6     668.394     360.122     1028.52     15.2239     10.6027    0.258968    0.451146    0.598605    0.634429     2467.51     1.6e+19     5.74453     4.55723      4.3218     4.39242
      16900    0.279573     205.661      188.46     418.102         0.6     709.966     375.287     1085.25     15.1645     7.29456    0.258968    0.448096    0.596371    0.634429     2469.76     1.6e+19     5.75772     4.54436     4.31101     4.38839
      16800    0.256669     233.595      190.14     409.077         0.6     749.713     390.337     1140.05     15.0497     6.58114    0.258968    0.444614    0.593845    0.634429      2471.6     1.6e+19      5.7714     4.52974     4.29886     4.37966
      16700     0.25378     259.259     191.859      398.87         0.6     789.853     406.367     1196.22     16.0307     5.88618    0.258968    0.469075    0.587635    0.634429     2473.34     1.6e+19     5.78484      4.5128     4.28413     4.36546
      16600    0.316412       284.7     193.623     387.557         0.6      826.38     425.894     1252.27     19.5268     4.66999    0.258968    0.482795     0.58007    0.634429     2475.07     1.6e+19     5.79746     4.49258     4.26657     4.34724
      16500    0.407707     316.432     195.474     387.136         0.6     866.357     438.774     1305.13     12.8797     1.70201    0.260689    0.477607    0.571444    0.634429     2477.01     1.6e+19     5.00821     4.47136     4.24669     4.32755
      16400    0.495886     357.291     197.476     393.854         0.6     919.521     455.265     1374.79     16.4912    -2.71069     0.26258    0.472198    0.562361    0.634429     2479.25     1.6e+19     5.01726     4.44942     4.22591     4.30953
      16300    0.554976     406.939     199.679     397.198         0.6     981.018     468.102     1449.12     12.8369    -7.94012    0.264157    0.444628    0.553565    0.634429     2481.79     1.6e+19     5.02483     4.42754     4.20595     4.29539
      16200    0.485014     462.366     202.092     398.688         0.6     1045.79     485.455     1531.24     17.3527    -13.2741    0.265482    0.404918    0.548224    0.634429     2484.51     1.6e+19     5.03121     4.40739     4.58757     4.28583
      16100     0.36873     510.752     204.636     388.114         0.6     1104.76     504.556     1609.32     19.1014    -16.1609    0.266642    0.385274     0.54469    0.634429     2486.93     1.6e+19      5.0368      4.7884     4.57144     4.27834
      16000     0.33531     547.591     207.179     369.532         0.6     1151.53     521.081     1672.61     16.5248    -16.8016    0.267712    0.380586    0.541439    0.634429     2488.93     1.6e+19     5.04198     4.76914     4.55668     4.26875
      15900    0.321702     581.109     209.666     359.293         0.6     1191.52     535.267     1726.78     14.1865    -17.6203    0.268724    0.375938    0.538092    0.634429     2490.79     1.6e+19     5.04687     4.75018     4.54157     4.25572
      15800    0.349163     613.306      212.11     354.178         0.6     1232.95     545.517     1778.47       10.25     -18.607    0.269671    0.371348    0.534476    0.634429     2492.59     1.6e+19     5.05146     4.73158     4.52534     4.24015
      15700    0.353413     648.227     214.546     350.345         0.6      1273.6     554.481     1828.08     8.96415    -20.4066    0.270534    0.366799    0.530609    0.634429     2494.47     1.6e+19     5.05566     4.71326     4.50808     4.22366
      15600    0.348721     683.563     216.997     347.602         0.6     1314.24     560.244     1874.48     5.76288    -22.2863      0.2713    0.372663    0.524422    0.600743     2496.35     1.6e+19     5.05938       4.695     4.49058     4.20851
      15500    0.333713     718.421     219.462      344.14         0.6     1353.44     564.313     1917.75      4.0684    -23.9975    0.271963    0.392771    0.516899    0.572861     2498.16     1.6e+19     5.06261      4.6755     4.47422     4.59671
      15400    0.383653     751.842     221.928     340.331         0.6     1396.13      566.39     1962.52     2.07702    -25.4047    0.272525    0.393352    0.509829    0.572861     2499.91     1.6e+19     5.06536     4.65581     4.45894      4.5844
      15300    0.459964     790.283     224.423     338.127         0.6     1445.58     569.284     2014.86     2.89373    -27.9121    0.272996    0.379172    0.502977    0.572861     2501.83     1.6e+19     5.06765     4.63737     4.44422     4.57247
      15200    0.513708     836.333     227.008      336.92         0.6     1494.61     570.349     2064.96     1.06548    -31.7306    0.273392    0.356314     0.49662    0.572861        2504     1.6e+19     5.06959     4.62081     4.43063     4.56331
      15100    0.624739     887.815     229.719     341.928         0.6     1551.19     571.295     2122.48   -0.946142    -35.9638    0.273752    0.329197    0.491231    0.572861     2506.34     1.6e+19     5.07135     4.60638     4.41916     4.55821
      15000    0.720861     950.385     232.606     351.154         0.6     1620.29     574.599     2194.89     -3.3034    -41.3263    0.274128    0.313701    0.487243    0.572861     2509.06     1.6e+19     5.07319     4.99371      4.4107      4.5587
      14900     0.79448     1022.55     235.717     357.671         0.6     1698.42     581.669     2280.09    -7.07003    -47.0908    0.274583    0.311056    0.485162    0.572861     2512.12     1.6e+19     5.07541     4.98168      4.4063     4.56622
      14800    0.746884     1101.95     239.064     362.569         0.6     1785.93     591.454     2377.38    -9.78563    -52.7736    0.275187    0.308709    0.485325    0.572861     2515.44     1.6e+19     5.07837     4.97106     4.40664     4.58091
      14700   0.0472261     1175.93     242.517     351.735         0.6     1864.66     604.977     2469.64    -13.5227     -56.147    0.276021    0.306826    0.487732    0.573188     2518.56     1.6e+19     5.08246     4.96256     4.41174      4.2001
      14600   0.0503744     1180.66     236.299     279.903         0.6     1899.53     605.436     2504.96   -0.459124    -45.3484    0.119626    0.412886    0.541714    0.634429      2517.6     1.6e+19     5.99902     4.72883     4.55793     4.22121
      14500   0.0107281     1185.66     234.522     252.484         0.6     1917.46     610.261     2527.72     4.82528    -41.4616   0.0515267    0.484658    0.634429    0.634429     2516.59     1.6e+19     6.43873     4.54648     4.30426     4.27064
      14400           0     1186.72     235.001     236.026         0.6     1927.89     616.615     2544.51     6.35333    -39.7919   0.0223941    0.551677    0.634429    0.634429      2515.4     1.6e+19     6.25606     4.28385     4.37332     4.32841
      14300           0     1186.72     236.248     222.093         0.6      1935.7     619.517     2555.22     2.90246    -39.4785     0.01074    0.551677    0.634429    0.634429     2514.09     1.6e+19     6.76072     4.34873     4.39239     4.37604
      14200           0     1186.72     237.687     210.296         0.6     1937.14     620.382     2557.53    0.865225    -40.0453  0.00878306    0.551677    0.634429    0.658205     2512.72     1.6e+19     6.71145     4.36775     4.38706     4.00791
      14100           0     1186.72     239.116     204.094         0.6     1938.36     621.165     2559.53   -0.782437    -41.0027  0.00796509    0.551677    0.634429    0.690526     2511.38     1.6e+19     6.69109      4.3606     4.37133     4.02008
      14000           0     1186.72     240.466     201.399         0.6     1946.06     624.646     2570.71    -3.48149     -41.949   0.0078458    0.551677    0.634429    0.690526     2510.03     1.6e+19     6.68813     4.34117     4.35246     4.02424
      13900           0     1186.72     241.725     196.677         0.6      1958.7     625.801      2584.5    -1.15515    -42.7933  0.00815432    0.551677    0.634429    0.690526     2508.65     1.6e+19     6.69579     4.31791     4.33519     4.02528
      13800           0     1186.72     242.897     191.012         0.6     1962.39     630.183     2592.57    -4.38157    -43.6789  0.00872209    0.551677    0.634429    0.690526     2507.25     1.6e+19     6.70992     4.29548     4.32142     4.02534
      13700           0     1186.72     243.991       186.9         0.6     1981.81     632.824     2614.63    -2.64069    -44.6285   0.0094437    0.551677    0.634429    0.690526     2505.84     1.6e+19     6.72799     4.27624     4.31174     4.02594
      13600           0     1186.72     245.018     183.663         0.6     1993.82     636.636     2630.45    -3.81269    -45.5815   0.0102532    0.551677    0.634429    0.690526     2504.41     1.6e+19     6.74838     4.26114     4.30615     4.02802
      13500           0     1186.72     245.987     186.995         0.6     2006.06     646.793     2652.85    -10.1567    -46.4161   0.0111094    0.551677    0.634429    0.690526     2502.97     1.6e+19     6.77011     4.25041     4.30442     4.03207
      13400           0     1186.72     246.905     194.356         0.6      2016.8     654.658     2671.46    -7.86547    -46.8245   0.0119867    0.551677    0.634429    0.690526     2501.52     1.6e+19     6.79254     4.24389     4.30621     4.03831
      13300     0.10565     1186.83     247.781     191.478         0.6     2028.06     665.579     2693.64    -10.9209    -46.9495   0.0152247    0.551677    0.634429    0.690526     2500.07     1.6e+19     6.21409     4.24122     4.31115     4.04674
      13200    0.134672     1197.42     251.498     212.663         0.6     2034.37     677.162     2711.53    -11.5827    -49.4725   0.0630091    0.551677    0.634429    0.690526     2500.78     1.6e+19     6.52455     4.24813     4.33355     4.06682
      13100    0.187028     1210.94     253.999     219.053         0.6     2046.47     695.296     2741.77    -18.1344    -51.1512    0.113309    0.551677    0.634429    0.690526     2501.74     1.6e+19     5.97611     4.24466     4.34686      4.0806
      13000    0.100582     1229.56     256.159     224.566         0.6     2050.16     712.969     2763.13     -17.673    -53.0725    0.149485    0.528038    0.634429    0.690526     2502.98     1.6e+19     6.17966     4.22685      4.3472     4.08789
      12900    0.256032     1239.77     257.982      230.45         0.6      2068.6     732.244     2800.84    -19.2749    -52.5292    0.199325    0.488043    0.634429    0.690526     2503.97     1.6e+19     5.53509     4.20219     4.33959     4.08704
      12800    0.293558     1265.41     259.514     236.254         0.6     2094.71     750.877     2845.59    -18.6324    -55.0049    0.242784    0.484658    0.634429    0.690526     2505.57     1.6e+19      5.6585      4.5737     4.32796     4.08121
      12700    0.197938     1294.67     261.079     237.775         0.6     2114.76     769.353     2884.12    -18.4764    -57.5302    0.258968    0.484658    0.634429    0.690526     2507.35     1.6e+19     5.75756      4.5437     4.31511     4.07455
      12600           0     1314.27     262.808     236.329         0.6      2115.3     787.012     2902.31    -17.6584    -57.6364    0.266386    0.484658    0.634429    0.690526      2508.8     1.6e+19     5.03557      4.5122     4.30016     4.06499
      12500   0.0227154     1314.29     264.468     235.643         0.6     2117.81     804.492      2922.3    -17.4805    -53.9123    0.278669    0.484658     0.63095    0.690526     2509.55     1.6e+19     5.09549     4.48042     4.28255     4.04748
      12400           0     1316.54     266.008     235.267         0.6     2117.85       824.4     2942.25    -19.9079    -51.5915    0.288131    0.484658    0.617397    0.690526      2510.4     1.6e+19     5.14255     4.44928     4.26142     4.02249
      12300   0.0874667     1316.63     267.475     233.679         0.6      2128.6     845.089     2973.68    -20.6895    -49.4952    0.295353    0.447886    0.591324    0.634429     2511.11     1.6e+19       5.179     4.42033     4.23865     4.39599
      12200    0.254938     1325.54     268.947     231.068         0.6     2153.52     864.733     3018.25     -19.644    -49.9451    0.305325    0.412886    0.566707    0.634429     2512.09     1.6e+19     4.80637     4.79464     4.21562     4.36936
      12100    0.356628     1351.13     270.574     229.738         0.6     2186.96     882.865     3069.82    -18.1316    -54.0571    0.321518    0.412886    0.549371    0.634429     2513.65     1.6e+19     4.82499     4.76887     4.59283     4.34623
      12000    0.389368     1386.83     272.452     229.085         0.6     2228.52      905.22     3133.74    -22.3549    -59.5942    0.331158    0.412886    0.544573    0.634429     2515.59     1.6e+19     4.83735     4.74317      4.5709     4.32973
      11900    0.373824     1425.75     274.573     229.171         0.6      2274.1     925.239     3199.34     -20.019    -64.8021    0.336393    0.412886    0.540413    0.634429     2517.65     1.6e+19     4.84519     4.71806     4.55204     4.31906
      11800    0.406873     1463.17     276.872      229.84         0.6     2324.83     947.071      3271.9    -21.8315    -68.7673    0.340376    0.396724    0.536953    0.634429     2519.65     1.6e+19     4.84985     4.69442     4.53644     4.31186
      11700    0.247742      1503.7     279.317     237.885         0.6     2386.97     969.806     3356.77    -22.7351    -72.5292    0.354813     0.37661     0.53406    0.634429     2521.76     1.6e+19     4.85157     4.67334     4.52347     4.30707
      11600    0.169344     1528.39     267.318     210.589         0.6     2428.44      979.76      3408.2    -9.95432     -71.689    0.182673    0.484658    0.596012    0.634429     2521.77     1.6e+19     5.48921      4.4304     4.25601     4.31729
      11500   0.0695805     1545.23     263.229     192.419         0.6     2461.43     982.298     3443.72     2.53779    -71.9613    0.112525    0.551677    0.635707    0.634429     2521.38     1.6e+19     5.97328     4.24153     4.00053     4.37527
      11400    0.077809     1552.19     262.773     168.644         0.6     2483.11     987.477     3470.59     5.17919    -72.1364   0.0657184    0.551677    0.690526    0.690526     2520.64     1.6e+19     5.80921     4.37533      4.0648     4.03907
      11300    0.077703     1559.97     263.663     157.348         0.6     2498.36     989.291     3487.65     1.81429    -73.8992   0.0629665    0.613942    0.690526    0.690526     2519.93     1.6e+19     6.51375     4.03273     4.08236     4.08921
      11200   0.0225041     1567.69     265.006     153.111         0.6     2508.83     989.447     3498.27    -0.15553    -75.8754   0.0551619    0.613942    0.690526    0.690526     2519.19     1.6e+19     6.46236     4.04054     4.07784     4.12675
      11100           0     1569.92     266.397     145.539         0.6     2518.48     990.944     3509.43    -1.49737    -76.6831    0.051539    0.613942    0.690526    0.690526     2518.21     1.6e+19     6.43881     4.02501     4.06524     4.15152
      11000           0     1569.92     267.689     136.366         0.6     2536.72     993.833     3530.55     -2.8889     -77.381   0.0505216     0.56336    0.690526    0.690526     2517.08     1.6e+19     6.43223     4.00445     4.05098     4.16599
      10900           0     1569.92      268.88     131.153         0.6     2545.43     995.113     3540.55    -1.28002    -78.4166   0.0511201    0.551677    0.690526    0.690526     2515.87     1.6e+19      6.4361     4.38664     4.03806     4.17401
      10800           0     1569.92     269.995     128.204         0.6     2548.55     999.558     3548.11    -4.44462    -79.5256   0.0527182    0.551677    0.684435    0.690526     2514.63     1.6e+19     6.44646     4.36781     4.02806     4.17886
      10700           0     1569.92     271.044     124.339         0.6     2550.24     1004.38     3554.61    -4.81895     -80.647   0.0549215    0.551677    0.673187    0.690526     2513.36     1.6e+19     6.46079     4.35086     4.02284     4.18304
      10600           0     1569.92     272.038     120.039         0.6     2552.62     1009.51     3562.13    -5.13781    -81.8451   0.0574831    0.551677    0.668398    0.690526     2512.08     1.6e+19     6.47755      4.3372     4.02104     4.18808
      10500           0     1569.92     272.983     117.437         0.6     2555.14        1015     3570.13    -5.48312    -83.1051   0.0602469    0.551677    0.667848    0.690526     2510.78     1.6e+19     6.49574     4.32731     4.02176      4.1945
      10400           0     1569.92     273.885      115.84         0.6     2558.19     1022.68     3580.87    -7.68485     -84.341   0.0630091    0.551677    0.670305    0.696312     2509.48     1.6e+19     6.51472     4.32111     4.02457     3.80212
      10300           0     1569.92     274.747     114.809         0.6     2561.81     1032.53     3594.34    -9.84705    -85.5228   0.0630091    0.551677    0.674359    0.713137     2508.22     1.6e+19     6.53435     4.31833     4.02878     3.80829
      10200           0     1569.92     275.573     113.688         0.6     2564.62      1042.4     3607.02    -9.87316     -86.641   0.0630091    0.551677      0.6789    0.727401     2506.98     1.6e+19     6.55445     4.31859     4.03372     3.81353
      10100           0     1569.92     276.366     111.532         0.6      2577.9     1055.07     3632.96    -12.6657      -87.75   0.0630091    0.551677    0.683657    0.740719     2505.78     1.6e+19     6.57469     4.32147     4.03929     3.81844
      10000           0     1569.92     277.127     109.047         0.6     2584.55      1068.2     3652.75    -13.1267    -88.8951   0.0630091    0.551677    0.688648    0.741151      2504.6     1.6e+19     6.59485     4.32658     4.04554     3.82442
       9900           0     1569.92     277.859     106.389         0.6     2588.81     1081.75     3670.56    -13.5586    -90.0913   0.0669383    0.551677    0.690526    0.741151     2503.42     1.6e+19     5.81336     4.33356      4.0531     3.83244
       9800           0     1569.92     278.564     103.597         0.6     2592.04     1096.57     3688.61      -14.82    -91.3444    0.071957    0.551677    0.690526    0.741151     2502.25     1.6e+19     5.83052     4.34209     4.06252     3.84218
       9700           0     1569.92     279.245     100.697         0.6     2602.47     1112.63      3715.1    -16.0571     -92.657   0.0767431    0.551677    0.690526    0.741151     2501.09     1.6e+19     5.84699     4.35192     4.07342     3.85339
       9600           0     1569.92     279.904     97.7073         0.6      2613.6      1129.9      3743.5    -17.2725    -94.0298   0.0813481    0.551677    0.690526    0.741151     2499.94     1.6e+19     5.86293     4.36282     4.08549     3.86585
       9500           0     1569.92     280.544     94.6419         0.6     2620.43     1148.37      3768.8    -18.4688    -95.4624   0.0858052    0.551677    0.690526    0.741151     2498.79     1.6e+19     5.87844     4.37461     4.09851     3.87935
       9400           0     1569.92     281.167      92.323         0.6     2630.37     1164.34     3794.71    -15.9673    -96.9385   0.0901374    0.551677    0.690526    0.741151     2497.66     1.6e+19      5.8936     4.38714     4.11232     3.89371
       9300           0     1569.92     281.776     90.4434         0.6     2639.49     1182.32      3821.8    -17.9764    -98.4142   0.0943625    0.552228    0.690526    0.741151     2496.53     1.6e+19     5.90846     4.00029     4.12677     3.90876
       9200           0     1569.92     282.372     88.7997         0.6     2647.52     1200.99     3848.51    -18.6725    -99.8723   0.0984927    0.571499    0.690526    0.741151     2495.42     1.6e+19     5.92307      4.0111     4.14174     3.92439
       9100           0     1569.92     282.953     87.3177         0.6     2647.58     1221.94     3869.52    -20.9532    -101.305    0.102526    0.585126    0.690526    0.741151     2494.35     1.6e+19     5.93741     4.01972     4.15702     3.94045
       9000           0     1569.92     283.517     85.9659         0.6      2649.8     1246.16     3895.96    -24.2169    -102.708    0.106456    0.596044    0.690526    0.741151      2493.3     1.6e+19     5.95145     4.02755     4.17246     3.95683
       8900           0     1569.92     284.064     84.7388         0.6     2658.24     1269.57     3927.81    -23.4139    -104.079    0.110279    0.605444    0.690526    0.741151     2492.27     1.6e+19     5.96518     4.03514     4.18798     3.97342
       8800           0     1569.92     284.595     83.6108         0.6     2661.37     1293.64     3955.01    -24.0703    -105.415    0.113996    0.613837    0.695056    0.741151     2491.27     1.6e+19     5.97859     4.04278     3.80327      3.9901
       8700           0     1569.92     285.112     82.5656         0.6     2672.05     1318.35      3990.4    -24.7118    -106.716    0.117611    0.613942    0.711475    0.754848      2490.3     1.6e+19     5.99169     4.05134     3.81595      3.6056
       8600           0     1569.92     285.612     81.5945         0.6     2687.98     1343.42     4031.39    -25.0624    -107.979    0.121118    0.613942    0.723542    0.778679     2489.42     1.6e+19     6.00446     4.06124     3.82648     3.61538
       8500           0     1569.92     286.096     80.6894         0.6     2697.77     1368.81     4066.58    -25.3955    -109.205    0.124513    0.613942    0.732298    0.786217     2488.59     1.6e+19     6.01688     4.07192     3.83528     3.62247
       8400           0     1569.92     286.561     80.2763         0.6     2711.07     1394.07     4105.15    -25.2606    -110.384    0.127791    0.613942    0.739372    0.786217     2487.79     1.6e+19     6.02892     4.08302     3.84344     3.63027
       8300           0     1569.92     287.009     80.1866         0.6        2713     1422.78     4135.78    -28.7087    -111.493    0.130952    0.613942    0.741151    0.786217        2487     1.6e+19     6.04058     4.09432     3.85193      3.6387
       8200           0     1569.92     287.443     80.3153         0.6     2719.37     1451.35     4170.72    -28.5676    -112.525    0.134003    0.613942    0.741151    0.786217     2486.21     1.6e+19     6.05188     4.10573     3.86137     3.64773
       8100           0     1569.92     287.865     80.6342         0.6     2722.67     1479.76     4202.43    -28.4154    -113.475    0.136959    0.613942    0.741151    0.786217     2485.43     1.6e+19     6.06286     4.11722     3.87141     3.65734
       8000           0     1569.92     288.279      81.109         0.6     2733.92     1508.32     4242.24    -28.5544     -114.34    0.139831    0.613942    0.741151    0.786217     2484.66     1.6e+19     6.07358     4.12876     3.88185     3.66745
       7900           0     1569.92     288.686     81.7891         0.6     2735.99     1537.01        4273    -28.6859    -115.118    0.142634    0.613942    0.741151    0.786217      2483.9     1.6e+19     6.08408     4.14033     3.89259     3.67796
       7800           0     1569.92     289.086     82.6354         0.6     2740.34     1566.39     4306.73    -29.3861    -115.805    0.145376    0.613942    0.741151    0.786217     2483.13     1.6e+19     6.09439      4.1519     3.90354     3.68879
       7700           0     1569.92     289.481     83.6349         0.6     2746.91     1595.47     4342.38    -29.0808    -116.399    0.148066    0.613942    0.741151    0.786217     2482.38     1.6e+19     6.10453     4.16347     3.91465     3.69987
       7600           0     1569.92     289.871     84.7973         0.6     2751.32     1625.24     4376.57    -29.7707    -116.899    0.149485    0.613942    0.741151    0.786217     2481.63     1.6e+19      6.1146     4.17502     3.92589     3.71115
       7500           0     1569.92     290.257     86.0938         0.6     2752.29     1655.67     4407.97    -30.4318    -117.304    0.149485    0.613942    0.741151    0.786217     2480.87     1.6e+19     6.12493     4.18656     3.93723     3.72259
       7400           0     1569.92     290.641     86.4698         0.6     2756.53     1686.77      4443.3    -31.0907    -117.633    0.149485    0.613942    0.741151    0.786217     2480.12     1.6e+19     6.13543     4.19812     3.94867     3.73414
       7300           0     1569.92     291.023     86.3144         0.6     2762.16     1716.51     4478.67    -29.7483    -117.942    0.149485    0.627652    0.741151    0.786217     2479.38     1.6e+19     6.14604     3.80797     3.96021     3.74581
       7200           0     1569.92     291.403     85.8863         0.6     2771.48     1744.92     4516.39    -28.4025    -118.252    0.149485    0.639082    0.741151    0.786217     2478.66     1.6e+19     6.15667     3.81538     3.97177     3.75755
       7100           0     1569.92     291.776      85.273         0.6      2781.5     1774.39     4555.89    -29.4756    -118.573    0.149485     0.64782    0.741151    0.786217     2477.95     1.6e+19     6.16726     3.82182     3.98326     3.76934
       7000           0     1569.92     292.142     84.5225         0.6     2783.87     1808.93     4592.81    -34.5419     -118.91    0.149485    0.655094    0.741151    0.786217     2477.26     1.6e+19     6.17774     3.82789     3.99466     3.78113
       6900           0     1569.92     292.502     83.6769         0.6     2786.26     1843.34     4629.59    -34.4017    -119.265    0.149485    0.661443    0.746816    0.786217     2476.58     1.6e+19      6.1881     3.83389     3.60541     3.79287
       6800           0     1569.92     292.854     82.7562         0.6     2786.85     1873.29     4660.14    -29.9545    -119.641    0.149485    0.667085    0.755616    0.794145     2475.92     1.6e+19     6.19832      3.8399     3.61456     3.40373
       6700           0     1569.92     293.199     81.7851         0.6     2786.99     1904.39     4691.38    -31.0985    -120.036    0.152303    0.671454    0.762397    0.809407     2475.32     1.6e+19     5.40746     3.84596     3.62251     3.41092
       6600           0     1569.92     293.531     80.7925         0.6     2787.85     1938.52     4726.37    -34.1313    -120.449    0.155454    0.671454    0.767394    0.820037     2474.77     1.6e+19     5.41583     3.85262     3.62927     3.41594
       6500           0     1569.92     293.851     79.7692         0.6     2789.87     1971.27     4761.14    -32.7512     -120.88    0.158414    0.671454    0.771118    0.825184     2474.24     1.6e+19     5.42372     3.85989     3.63518     3.41998
       6400           0     1569.92     294.158      79.025         0.6     2792.44     2004.23     4796.67    -32.9581    -121.323     0.16122    0.671454     0.77413    0.825184     2473.73     1.6e+19     5.43121     3.86747     3.64075     3.42456
       6300           0     1569.92     294.453      78.445         0.6     2794.21     2035.73     4829.94     -31.503    -121.762    0.163892    0.671454    0.776797    0.825184     2473.23     1.6e+19     5.43837     3.87518     3.64635     3.42971
       6200           0     1569.92     294.738     77.9616         0.6     2800.44     2066.67     4867.11    -30.9375    -122.191    0.166448    0.671454    0.779212    0.825184     2472.74     1.6e+19     5.44524     3.88292     3.65208     3.43523
       6100           0     1569.92     295.013     77.5647         0.6     2807.52     2097.03     4904.55     -30.363    -122.607    0.168903    0.671454    0.781393    0.825184     2472.25     1.6e+19     5.45185     3.89062     3.65795     3.44102
       6000           0     1569.92     295.281     77.2258         0.6     2811.33     2126.81     4938.14    -29.7807    -123.007    0.171271    0.671454    0.783344    0.825184     2471.78     1.6e+19     5.45824     3.89825     3.66393     3.44701
       5900           0     1569.92     295.542     76.9328         0.6     2813.22     2158.65     4971.87    -31.8416    -123.391    0.173561    0.671454    0.785066    0.825184     2471.31     1.6e+19     5.46443      3.9058     3.67002     3.45316
       5800           0     1569.92     295.796     76.6769         0.6     2817.57     2188.95     5006.52    -30.2964     -123.76    0.175784    0.671454    0.786217    0.825184     2470.85     1.6e+19     5.47046     3.91325      3.6762     3.45942
       5700           0     1569.92     296.046     76.4523         0.6     2822.97      2219.1     5042.07     -30.146    -124.112    0.177948    0.671454    0.786217    0.825184     2470.39     1.6e+19     5.47633     3.92061     3.68261     3.46579
       5600           0     1569.92     296.291     76.2554         0.6     2830.09     2249.24     5079.32     -30.141    -124.449     0.18006    0.671454    0.786217    0.825184     2469.94     1.6e+19     5.48209     3.92787     3.68919      3.4723
       5500           0     1569.92     296.532     76.0829         0.6     2832.91     2279.37     5112.28    -30.1323     -124.77    0.182129    0.671454    0.786217    0.825184     2469.49     1.6e+19     5.48773     3.93504     3.69587     3.47892
       5400           0     1569.92      296.77     75.2128         0.6     2835.08     2309.72      5144.8    -30.3452     -125.09    0.184159    0.671454    0.786217    0.825184     2469.05     1.6e+19     5.49328     3.94214      3.7026     3.48564
       5300           0     1569.92     297.005     73.9144         0.6     2840.48     2340.27     5180.75     -30.555    -125.447    0.186155    0.671454    0.786217    0.825184     2468.61     1.6e+19     5.49875     3.94916     3.70936     3.49243
       5200           0     1569.92     297.237     72.3818         0.6     2847.39     2367.71      5215.1    -27.4371    -125.856    0.188121    0.671454    0.786217    0.825184     2468.17     1.6e+19     5.50414     3.95611     3.71613     3.49927
       5100           0     1569.92     297.467     70.6974         0.6     2853.51     2395.97     5249.48    -28.2667    -126.321    0.190059    0.671454    0.786217    0.825184     2467.74     1.6e+19     5.50947     3.96299     3.72291     3.50614
       5000           0     1569.92     297.694     68.8769         0.6     2865.92     2425.07     5290.99    -29.0939    -126.846    0.191972    0.671454    0.786217    0.825184     2467.31     1.6e+19     5.51474     3.96981     3.72968     3.51303
       4900           0     1569.92     297.919     66.9711         0.6      2879.8     2452.99     5332.78    -27.9189    -127.431    0.193861    0.671454    0.786217    0.825184     2466.88     1.6e+19     5.51996     3.97656     3.73643     3.51993
       4800           0     1569.92     298.142     64.9833         0.6      2889.5     2480.38     5369.88    -27.3918    -128.074    0.195728    0.671454    0.786217    0.825184     2466.46     1.6e+19     5.52512     3.98326     3.74316     3.52682
       4700           0     1569.92     298.363     62.9311         0.6     2893.31     2507.24     5400.55    -26.8627    -128.775    0.197575    0.671454    0.786217    0.825184     2466.04     1.6e+19     5.53024     3.98989     3.74988      3.5337
       4600           0     1569.92     298.582     60.8449         0.6     2905.98     2536.02        5442    -28.7817    -129.532    0.199401    0.671454    0.786217    0.825184     2465.63     1.6e+19     5.53531     3.99647     3.75656     3.54057
       4500           0     1569.92     298.799     58.7053         0.6     2920.46     2565.72     5486.18    -29.6988    -130.342    0.201209    0.674859    0.786217    0.825184     2465.21     1.6e+19     5.54033     3.60269     3.76321     3.54742
       4400           0     1569.92     299.014     56.8853         0.6     2935.58     2593.64     5529.22    -27.9135    -131.198    0.202997    0.680577    0.786217    0.825184     2464.82     1.6e+19     5.54531     3.60757     3.76981     3.55423
       4300           0     1569.92     299.224     55.2442         0.6     2948.33     2621.36     5569.69    -27.7243    -132.079    0.204756    0.684904    0.786217    0.825184     2464.43     1.6e+19     5.55022     3.61174     3.77632     3.56101
       4200           0     1569.92      299.43     53.6954         0.6     2965.57     2648.59     5614.16    -27.2303    -132.977    0.206482    0.688416    0.786217    0.825184     2464.05     1.6e+19     5.55505     3.61558     3.78273     3.56773
       4100           0     1569.92     299.632     52.2209         0.6     2986.83     2676.52     5663.35    -27.9316    -133.887    0.208172    0.691395    0.786217    0.825184     2463.68     1.6e+19     5.55978     3.61927     3.78902     3.57437
       4000           0     1569.92     299.828     50.7901         0.6     3008.52     2703.05     5711.57    -26.5284    -134.807    0.209824    0.693987    0.786217    0.825184     2463.31     1.6e+19     5.56441     3.62291     3.79521     3.58093
       3900           0     1569.92     300.021     49.3886         0.6     3033.01     2728.17     5761.18     -25.121    -135.736    0.211439    0.696271    0.786892    0.825184     2462.96     1.6e+19     5.56895     3.62655     3.40123      3.5874
       3800           0     1569.92      300.21     48.0063         0.6     3056.02     2754.93     5810.95    -26.7596    -136.671    0.213019    0.698292    0.789669    0.825184     2462.61     1.6e+19      5.5734      3.6302      3.4066     3.59372
       3700           0     1569.92     300.394     46.0666         0.6     3083.22        2782     5865.22    -27.0689    -137.619    0.214561    0.700069    0.792005    0.825184     2462.27     1.6e+19     5.57774     3.63387     3.41165     3.59982
       3600           0     1569.92     300.574     42.5875         0.6     3108.05     2809.37     5917.42    -27.3737    -138.647    0.216066    0.701619    0.793963    0.833356     2461.95     1.6e+19     5.58199     3.63756     3.41639     3.20454
       3500           0     1569.92     300.749     38.4436         0.6     3132.16     2835.12     5967.28    -25.7488    -139.813    0.217532    0.702955    0.795475    0.839359     2461.66     1.6e+19     5.58614     3.64126     3.42059     3.20788
       3400           0     1569.92     300.919     34.0581         0.6     3152.36     2862.04      6014.4    -26.9185    -141.131    0.218956    0.704085     0.79661    0.844046     2461.38     1.6e+19     5.59017     3.64495     3.42429     3.21049
       3300           0     1569.92     301.082     29.4341         0.6      3163.3     2888.77     6052.07    -26.7322    -142.598    0.220336    0.705017    0.797464    0.847959     2461.12     1.6e+19     5.59408     3.64862     3.42761     3.21268
       3200           0     1569.92      301.24     25.1369         0.6     3175.55     2915.31     6090.86    -26.5397    -144.208    0.221668    0.705765    0.798111     0.85138     2460.87     1.6e+19     5.59786     3.65227     3.43065     3.21459
       3100           0     1569.92     301.391     22.1583         0.6     3186.26     2942.05     6128.31    -26.7412    -145.891    0.222952    0.706345    0.798603    0.854466     2460.63     1.6e+19     5.60151     3.65588      3.4335     3.21631
       3000           0     1569.92     301.537      19.646         0.6     3200.02     2968.99     6169.01    -26.9367    -147.591    0.224187    0.706775    0.798977    0.857312      2460.4     1.6e+19     5.60503     3.65945     3.43619      3.2179
       2900           0     1569.92     301.677      17.462         0.6     3214.23     2995.17      6209.4    -26.1765    -149.286    0.225375    0.707072    0.799262    0.857963     2460.17     1.6e+19     5.60841       3.663     3.43878     3.21956
       2800           0     1569.92     301.811     15.5096         0.6     3228.82     3021.68      6250.5    -26.5112    -150.965    0.226517    0.707251    0.799511    0.857963     2459.96     1.6e+19     5.61167      3.6665     3.44138      3.2216
       2700           0     1569.92     301.941      13.555         0.6     3236.43     3044.72     6281.15    -23.0411    -152.623    0.227617    0.707331    0.799748    0.857963     2459.74     1.6e+19     5.61481     3.66998     3.44406     3.22391
       2600           0     1569.92     302.067     11.2648         0.6        3238     3072.89     6310.89    -28.1672    -154.278    0.228678    0.707329    0.799975    0.857963     2459.53     1.6e+19     5.61785     3.67343     3.44683     3.22643
       2500           0     1569.92      302.19     8.87449         0.6      3248.8     3097.18     6345.97    -24.2898    -155.945    0.229706     0.70726    0.800191    0.857963     2459.31     1.6e+19     5.62079     3.67686     3.44967     3.22909
       2400           0     1569.92      302.31     6.45635         0.6     3261.55     3121.89     6383.43    -24.7096    -157.629    0.230704    0.707137    0.800396    0.857963      2459.1     1.6e+19     5.62365     3.68027     3.45256     3.23186
       2300           0     1569.92     302.427      4.0126         0.6     3272.29     3147.16     6419.46     -25.277     -159.33    0.231676    0.707047    0.800573    0.857963      2458.9     1.6e+19     5.62644     3.68366     3.45549     3.23471
       2200           0     1569.92     302.542     1.70175         0.6     3276.49     3173.01     6449.49    -25.8422    -161.047    0.232626    0.707086    0.800761    0.857963     2458.69     1.6e+19     5.62917       3.687     3.45846     3.23763
       2100           0     1569.92     302.655   -0.201309         0.6      3287.8     3198.86     6486.66    -25.8555    -162.761    0.233557     0.70686     0.80094    0.857963     2458.49     1.6e+19     5.63184      3.6903     3.46144      3.2406
       2000           0     1569.92     302.767    -1.93722         0.6     3298.96     3224.73     6523.69    -25.8671    -164.456     0.23447    0.706599    0.801102    0.857963     2458.29     1.6e+19     5.63447     3.69361     3.46444      3.2436
       1900           0     1569.92     302.877    -3.54602         0.6     3309.29     3250.07     6559.37    -25.3439    -166.126    0.235368    0.706333    0.801257    0.857963     2458.09     1.6e+19     5.63706     3.69691     3.46744     3.24662
       1800           0     1569.92     302.986    -5.05635         0.6     3320.61     3275.39        6596    -25.3193    -167.766    0.236253    0.706067    0.801408    0.857963     2457.89     1.6e+19     5.63961      3.7002     3.47045     3.24966
       1700           0     1569.92     303.094    -6.58157         0.6     3333.23     3299.86     6633.08    -24.4669    -169.376    0.237125    0.705805    0.801556    0.857963     2457.69     1.6e+19     5.64212     3.70347     3.47345      3.2527
       1600           0     1569.92       303.2    -8.29649         0.6     3343.05     3322.77     6665.82    -22.9126    -170.967    0.237987    0.705552    0.801702    0.857963      2457.5     1.6e+19     5.64461     3.70671     3.47644     3.25575
       1500           0     1569.92     303.306    -10.0639         0.6     3352.43     3347.53     6699.96    -24.7606    -172.547    0.238839    0.705311     0.80185    0.857963      2457.3     1.6e+19     5.64708     3.70993     3.47943      3.2588
       1400           0     1569.92      303.41    -11.8701         0.6      3362.3     3373.99     6736.29    -26.4602    -174.119    0.239682    0.705085    0.801999    0.857963     2457.11     1.6e+19     5.64951     3.71313     3.48241     3.26185
       1300           0     1569.92     303.514    -13.6996         0.6     3368.38     3399.77     6768.15    -25.7778    -175.686    0.240517    0.704878    0.802151    0.857963     2456.92     1.6e+19     5.65193     3.71629     3.48537     3.26489
       1200           0     1569.92     303.617    -15.2631         0.6     3374.08     3424.87     6798.96    -25.1033    -177.246    0.241343     0.70469    0.802308    0.857963     2456.73     1.6e+19     5.65432     3.71942     3.48832     3.26791
       1100           0     1569.92     303.719    -16.0745         0.6     3376.73     3449.38     6826.11    -24.5085    -178.764    0.242162    0.704524    0.802469    0.857963     2456.54     1.6e+19      5.6567     3.72252     3.49125     3.27093
       1000           0     1569.92      303.82    -16.5605         0.6     3377.29     3473.44     6850.72    -24.0546    -180.213    0.242973    0.704382    0.802635    0.857963     2456.36     1.6e+19     5.65905     3.72558     3.49416     3.27393
        900           0     1569.92      303.92    -16.6973         0.6     3378.29     3497.71        6876    -24.2698    -181.582    0.243776    0.704263    0.802807    0.857963     2456.17     1.6e+19     5.66138      3.7286     3.49705     3.27692
        800           0     1569.92     304.019    -16.5711         0.6     3380.58      3518.4     6898.98    -20.6991    -182.859    0.244572    0.704168    0.802985    0.857963     2455.99     1.6e+19      5.6637     3.73159     3.49992     3.27988
        700           0     1569.92     304.118     -16.133         0.6     3380.69     3538.46     6919.14    -20.0509     -184.04    0.245361    0.704098    0.803169    0.857963     2455.81     1.6e+19     5.66599     3.73454     3.50277     3.28283
        600           0     1569.92     304.215    -15.2281         0.6     3390.72      3561.5     6952.21    -23.0402    -185.107    0.246142    0.704052     0.80336    0.857963     2455.63     1.6e+19     5.66827     3.73745      3.5056     3.28576
        500           0     1569.92     304.312    -14.0421         0.6     3401.27     3585.17     6986.43    -23.6695    -186.051    0.246916    0.704029    0.803556    0.857963     2455.45     1.6e+19     5.67052     3.74031      3.5084     3.28866
        400           0     1569.92     304.408      -12.55         0.6     3424.27     3606.85     7031.12    -21.6803    -186.866    0.247683     0.70403    0.803759    0.857963     2455.27     1.6e+19     5.67276     3.74314     3.51117     3.29155
        300           0     1569.92     304.503    -10.8071         0.6     3436.61     3633.62     7070.23    -26.7761    -187.546    0.248442    0.704053    0.803967    0.857963      2455.1     1.6e+19     5.67497     3.74592     3.51392     3.29441
        200           0     1569.92     304.597    -8.59162         0.6      3455.8     3660.93     7116.73    -27.3044    -188.088    0.249194    0.704097     0.80418    0.857963     2454.93     1.6e+19     5.67717     3.74866     3.51664     3.29724
        100           0     1569.92      304.69    -5.47586         0.6     3460.21     3684.16     7144.37    -23.2348    -188.457    0.249937    0.704161    0.804398    0.857963     2454.76     1.6e+19     5.67934     3.75136     3.51934     3.30006
          0           0     1569.92     304.782    -1.87461         0.6     3468.76     3707.49     7176.24     -23.327    -188.629    0.250673    0.704245    0.804622    0.857963     2454.59     1.6e+19      5.6815     3.75402     3.52201     3.30284