     20000          0          0    179.437    415.631        0.2     17.399    14.2831     31.682    14.2831    51.8336   0.258968   0.460851   0.605054   0.634429    2456.76    1.6e+19    5.73044    4.59858    4.35318    4.39114
     19900          0          0    179.437     414.68        0.2    28.2793    29.7361    58.0154    15.4531    51.7019   0.258968   0.460851   0.605054   0.634429    2456.76    1.6e+19    5.73044    4.59858    4.35318    4.39114
     19800          0          0    179.437    414.027        0.2    44.2321    46.3592    90.5912    16.6231    51.5707   0.258968   0.460851   0.605054   0.634429    2456.76    1.6e+19    5.73044    4.59858    4.35318    4.39114
     19700          0          0    179.437    413.765        0.2    53.1471    60.5222    113.669    14.1631    51.4563   0.258968   0.460851   0.605054   0.634429    2456.76    1.6e+19    5.73044    4.59858    4.35318    4.39114
     19600  0.0414251  0.0414251    179.437    413.802        0.2    62.7691    72.5053    135.274     11.983    51.3637   0.258968   0.460851   0.605054   0.634429    2456.76    1.6e+19    5.73044    4.59858    4.35318    4.39114
     19500          0    4.14251    179.498    411.924        0.2    64.9247    81.9573    146.882    9.45202    50.3265   0.258968   0.460852    0.60511   0.634429    2456.81    1.6e+19    5.73045    4.59859    4.35346    4.39288
     19400          0    4.14251    179.571    409.002        0.2    76.4624    93.9065    170.369    11.9492    50.3908   0.258968   0.460871    0.60532   0.634429    2456.81    1.6e+19    5.73052    4.59867    4.35449    4.39516
     19300          0    4.14251    179.606    406.344        0.2    86.4179    105.851    192.269    11.9442    50.2903   0.258968   0.460923   0.605543   0.634429    2456.81    1.6e+19    5.73071    4.59889    4.35558    4.39636
     19200          0    4.14251    179.624    403.707        0.2    87.9108    117.807    205.718    11.9564    50.0612   0.258968   0.461006    0.60572   0.634429    2456.81    1.6e+19    5.73101    4.59925    4.35644      4.397
     19100 0.00069464     4.1432    179.632    402.801        0.2    87.9116    129.265    217.176    11.4575    49.7476   0.258968   0.461106   0.605846   0.634429    2456.82    1.6e+19    5.73136    4.59968    4.35706    4.39731
     19000          0    4.21197    179.637    402.934        0.2    88.5459    141.527    230.073    12.2628    49.4276   0.258968   0.461636   0.605934   0.634429    2456.82    1.6e+19    5.73175    4.20013    4.35749    4.39746
     18900          0    4.21197    179.639    401.256        0.2    90.2016    154.598      244.8     13.071    49.1412   0.258968   0.462781   0.605996   0.634429    2456.82    1.6e+19    5.73214    4.20044    4.35779    4.39751
     18800          0    4.21197    179.638    398.573        0.2    99.8691     164.93    264.799    10.3316    48.7787   0.258968    0.46357   0.606035   0.634429    2456.82    1.6e+19    5.73252    4.20066    4.35799    4.39747
     18700          0    4.21197    179.636    396.719        0.2     121.13    176.564    297.694    11.6336    48.3301   0.258968   0.464132   0.606058   0.634429    2456.83    1.6e+19    5.73287    4.20081     4.3581    4.39739
     18600          0    4.21197    179.634    395.268        0.2    155.672     190.83    346.502    14.2664    47.8438   0.258968   0.464531   0.606068   0.634429    2456.83    1.6e+19    5.73318    4.20092    4.35815    4.39728
     18500          0    4.21197     179.63    393.876        0.2    197.736     199.32    397.056    8.48959    47.3355   0.258968   0.464809    0.60607   0.634429    2456.84    1.6e+19    5.73345      4.201    4.35816    4.39715
     18400          0    4.21197    179.627    392.546        0.2     206.54    207.363    413.903    8.04297     46.809   0.258968   0.464997   0.606065   0.634429    2456.84    1.6e+19    5.73369    4.20105    4.35813    4.39702
     18300          0    4.21197    179.624     389.44        0.2     210.25    215.759    426.009    8.39638    46.2382   0.258968   0.465114   0.606056   0.634429    2456.85    1.6e+19    5.73388    4.20108    4.35809    4.39688
     18200          0    4.21197     179.62    385.236        0.2    235.314    224.159    459.473    8.39973    45.5405   0.258968    0.46518   0.606044   0.634429    2456.85    1.6e+19    5.73404     4.2011    4.35803    4.39675
     18100          0    4.21197    179.617    381.653        0.2    284.421    232.035    516.456    7.87629    44.7014   0.258968   0.465205    0.60603   0.634429    2456.86    1.6e+19    5.73417    4.20111    4.35796    4.39662
     18000          0    4.21197    179.614    378.305        0.2    328.976    240.474     569.45    8.43938    43.7634   0.258968   0.465201   0.606015   0.634429    2456.86    1.6e+19    5.73427    4.20111    4.35789     4.3965
     17900          0    4.21197    179.611    377.349        0.2    366.167    250.333      616.5    9.85897    42.7798   0.258968   0.465174   0.605999   0.634429    2456.87    1.6e+19    5.73434     4.2011    4.35781    4.39637
     17800          0    4.21197    179.608    377.868        0.2    401.439    261.055    662.494    10.7217    41.8686   0.258968    0.46513   0.605983   0.634429    2456.87    1.6e+19     5.7344    4.20109    4.35773    4.39626
     17700          0    4.21197    179.606    375.968        0.2    436.262    271.169    707.431    10.1143    41.0303   0.258968   0.465074   0.605967   0.634429    2456.88    1.6e+19    5.73443    4.20107    4.35766    4.39615
     17600          0    4.21197    179.603    372.749        0.2    460.193    285.291    745.484    14.1218    40.1394   0.258968   0.465008   0.605951   0.634429    2456.88    1.6e+19    5.73445    4.20106    4.35758    4.39604
     17500   0.203149    4.41512    179.601    372.823        0.2     468.09    299.075    767.165    13.7841     39.159   0.258968   0.464936   0.605935   0.634429    2456.89    1.6e+19    5.73445    4.20104     4.3575    4.39594
     17400   0.325107     24.852     182.47    404.716        0.2    497.296    308.388    805.684    9.31295    32.6214   0.258968   0.459985   0.606058   0.652308    2458.14    1.6e+19    5.72511    4.59487     4.3581    4.00595
     17300   0.290253    57.3278    183.855    413.978        0.2    526.634    317.257    843.891    8.86869    25.7276   0.258968   0.458226   0.605475   0.687164    2459.54    1.6e+19    5.72218    4.58734    4.35524    4.01759
     17200   0.327325    86.3902    185.154    419.147        0.2     562.85    329.188    892.039    11.9315    21.3621   0.258968   0.456473   0.605291   0.690526    2460.89    1.6e+19    5.72652    4.57985    4.35434    4.03121
     17100   0.468907    119.264    186.625    421.852        0.2    617.552    341.194    958.746    12.0053    17.1282   0.258968   0.454682   0.605543   0.690526    2462.25    1.6e+19    5.73643    4.57222    4.35558    4.04693
     17000   0.379075    166.065    188.474    422.593        0.2    667.405     354.82    1022.22    13.6262    10.6066   0.258968   0.452778    0.60634   0.690526    2463.75    1.6e+19    5.75019    4.56414    4.35948    4.07003
     16900   0.270687    203.864    190.639    417.267        0.2    708.142    367.806    1075.95    12.9859    7.32043   0.258968   0.450793   0.607944   0.690526    2465.13    1.6e+19    5.76663    4.55573    4.36737    4.09731
     16800   0.245907    230.908     192.88    408.015        0.2    746.827    380.116    1126.94    12.3104     6.6541   0.258968   0.448823   0.609783   0.690526    2466.36    1.6e+19    5.78504    4.54742    4.37643    4.11859
     16700   0.241315    255.494    195.109    397.597        0.2    785.694    392.897    1178.59    12.7806     6.0335   0.259908   0.446904   0.611109   0.690526    2467.55    1.6e+19    5.00448    4.53934    4.38298    4.13099
     16600   0.302111    279.687    197.348    386.097        0.2    820.761    408.699    1229.46    15.8023    4.91498   0.263866   0.444991   0.611633   0.690526    2468.71    1.6e+19    5.02343    4.53132    4.38557    4.13647
     16500   0.391466    309.987    199.674    385.437        0.2    859.038    417.379    1276.42     8.6798     2.0616   0.267758   0.443012   0.611458   0.690526    2469.94    1.6e+19     5.0422    4.52304    4.38471    4.13968
     16400   0.477609     349.22    202.206    391.882        0.2    910.229    429.141    1339.37    11.7617   -2.23303   0.271517   0.440932   0.611078   0.690526    2471.26    1.6e+19    5.06044    4.51436    4.38283    4.14679
     16300   0.534286    397.037    205.033    394.949        0.2    969.478    436.623     1406.1    7.48285   -7.35147   0.275139   0.438802   0.611144   0.690526    2472.68    1.6e+19    5.07814     4.5055    4.38315    4.16235
     16200   0.461825    450.394    208.181    396.126        0.2    1031.68    447.888    1479.57    11.2642   -12.5772   0.278682   0.435999   0.612187   0.690526    2474.15    1.6e+19    5.09555    4.49707    4.38832    4.18787
     16100   0.343246    496.458    211.521    385.328        0.2    1087.87    460.104    1547.98    12.2169   -15.3425   0.282239   0.432536   0.614297   0.733429    2475.54    1.6e+19    5.11315    4.48994     4.3988    3.81575
     16000   0.307627    530.746    214.834    366.587        0.2     1131.7    468.974    1600.67    8.86978   -15.8318   0.285893   0.429965   0.631677   0.741151    2476.83    1.6e+19    5.13134    4.48466    4.00972    3.83521
     15900   0.292064    561.494    218.029     356.13        0.2    1168.52    474.797    1643.32    5.82311   -16.4702   0.289655    0.42825   0.644777   0.741151    2478.08    1.6e+19     5.1502    4.48114    4.01795     3.8471
     15800   0.317833    590.726    221.128    350.812        0.2    1206.59    476.029    1682.62    1.23156   -17.2591   0.293479   0.427141   0.651521   0.741151    2479.31    1.6e+19     5.1695    4.47887    4.02295     3.8526
     15700   0.320266    622.511    224.192    346.783        0.2    1243.67    476.711    1720.38  -0.682447   -18.8604   0.297296   0.426358   0.653333   0.741151    2480.57    1.6e+19    5.18889    4.47726    4.02515    3.85487
     15600   0.313856    654.532    227.265     343.84        0.2    1280.55    481.216    1761.77   -4.50504   -20.5373   0.302792   0.425695   0.652578   0.741151    2481.82    1.6e+19    4.80773     4.4759    4.02575    3.85621
     15500   0.297155    685.901    230.345    340.203        0.2    1315.82    488.032    1803.85   -6.81547   -22.0427   0.310364   0.425053   0.650659   0.741151    2483.07    1.6e+19    4.82545    4.47459    4.02552    3.85689
     15400   0.345766    715.665    233.417    336.233        0.2    1354.41    497.443    1851.85   -9.41154   -23.2388   0.317563   0.424387   0.648044   0.741151     2484.3    1.6e+19     4.8424    4.47323     4.0247    3.85647
     15300   0.420894    750.316    236.525    333.851        0.2    1399.58    506.652    1906.23   -9.20834    -25.553   0.324394   0.423678   0.645204   0.741151    2485.58    1.6e+19    4.85857    4.47178    4.02357    3.85715
     15200   0.472573    792.458    239.778    332.455        0.2    1444.14    518.356     1962.5   -11.7047   -29.2068   0.330887   0.422958   0.644092   0.741151    2486.95    1.6e+19    4.87404    4.47031    4.02369    3.86351
     15100   0.581567    839.824    243.241    337.156        0.2    1495.95    532.824    2028.77   -14.4679   -33.2823   0.337131   0.422374   0.646871   0.741151    2488.39    1.6e+19      4.889    4.46912    4.02703    3.87802
     15000   0.675485    898.075    246.999    346.001        0.2     1559.9    550.521    2110.42   -17.6964   -38.5183   0.343276   0.422173   0.654998   0.741151    2489.96    1.6e+19     4.9038    4.46871    4.03529    3.90384
     14900     0.7463    965.694    251.141    352.147        0.2    1632.51    573.015    2205.52   -22.4941   -44.1869   0.346631   0.422697   0.670123   0.741151    2491.66    1.6e+19    4.91908    4.46978    4.05065    3.94419
     14800   0.696303    1040.27    255.695    356.625        0.2    1714.07    599.431     2313.5   -26.4158   -49.7888   0.350203   0.424363   0.686102   0.741151    2493.46    1.6e+19    4.93561    4.47318    4.07481    3.99961
     14700  0.0108776    1109.22    260.481    345.677        0.2    1786.75    630.917    2417.66   -31.4863   -53.0717   0.354171   0.427655   0.690526   0.786217    2495.24    1.6e+19    4.95409    4.47992    4.10859     3.6584
     14600  0.0150546    1110.31    254.957    274.234        0.2    1815.95    650.034    2465.98    -19.117   -42.1756   0.193363    0.54192   0.741151   0.786217    2494.93    1.6e+19    5.51858    4.25707    3.87423    3.69434
     14500          0     1111.8    253.336    247.088        0.2    1828.48    664.023    2492.51   -13.9887   -38.1327   0.118851   0.613942   0.786217   0.786217     2494.5    1.6e+19     5.9962    4.08673    3.64267     3.7437
     14400          0     1111.8    253.907    230.901        0.2    1833.79    676.576    2510.36   -12.5532   -36.7712  0.0762408   0.671454   0.786217   0.786217    2494.01    1.6e+19    5.84526    3.84199    3.72054    3.79035
     14300          0     1111.8    255.254     217.23        0.2    1836.73     692.68    2529.41   -16.1037   -36.8668  0.0630091   0.671454   0.786217   0.820664    2493.48    1.6e+19    6.57248    3.92011    3.74058    3.41624
     14200          0     1111.8     256.78    205.649        0.2    1839.94    710.907    2550.85   -18.2278   -37.7154  0.0630091   0.671454   0.786217   0.825184    2492.96    1.6e+19    6.53795    3.95218    3.72886    3.42042
     14100          0     1111.8    258.259    199.544        0.2    1843.27    730.833     2574.1   -19.9253    -38.867  0.0630091   0.671454   0.786217   0.812731     2492.4    1.6e+19    6.52665    3.95615    3.70334    3.41249
     14000          0     1111.8    259.616    196.898        0.2    1855.47    753.464    2608.94   -22.6313   -39.9487  0.0630091   0.671454   0.786217   0.786594    2491.77    1.6e+19    6.52871    3.94521    3.67436    3.40018
     13900          0     1111.8    260.843    192.289        0.2     1872.5    773.738    2646.24   -20.2734    -40.889  0.0630091   0.671454   0.786217   0.786217     2491.1    1.6e+19    6.53841    3.92781      3.647    3.78449
     13800          0     1111.8    261.951    186.741        0.2    1880.46    797.173    2677.63   -23.4357   -41.8434  0.0630091   0.671454    0.77543   0.786217    2490.41    1.6e+19    6.55239    3.90885    3.62289    3.76656
     13700          0     1111.8    262.955     182.71        0.2    1904.07    818.778    2722.85   -21.6048   -42.8431  0.0630091   0.671454   0.749389   0.786217    2489.67    1.6e+19    6.56865    3.89102    3.60576    3.74952
     13600          0     1111.8    263.874    179.549        0.2    1920.19    841.447    2761.64   -22.6695   -43.8338  0.0630091   0.671454   0.741151   0.786217    2488.89    1.6e+19    6.58605    3.87572    3.99282    3.73539
     13500          0     1111.8    264.722    182.795        0.2    1936.63     870.34    2806.97   -28.8925   -44.6986  0.0640634   0.671454   0.741151   0.786217     2488.1    1.6e+19    5.80358    3.86347    3.98151    3.72424
     13400          0     1111.8    265.506    190.016        0.2    1951.71    896.806    2848.52   -26.4662   -45.1332  0.0687321   0.671454   0.741151   0.786217    2487.31    1.6e+19    5.81948    3.85421    3.97274    3.71581
     13300  0.0583752    1111.86    266.231    187.259        0.2    1967.19    926.178    2893.37   -29.3714   -45.2716  0.0731592   0.671454   0.741151   0.786217    2486.52    1.6e+19    5.83465    3.84768    3.96665    3.70997
     13200  0.0870863    1117.73    270.015    208.153        0.2    1968.99    956.277    2925.27   -30.0996   -46.9172   0.149485   0.671454   0.741151   0.786217    2487.29    1.6e+19    6.14845    3.86263    3.98604    3.72582
     13100   0.140063    1126.49    272.556     214.46        0.2     1976.5    992.969    2969.47   -36.6914    -47.928   0.221503   0.671454   0.741151   0.786217    2488.24    1.6e+19    5.59739    3.86247    3.99485    3.73595
     13000  0.0522852    1140.41    274.767    219.951        0.2    1977.42    1029.25    3006.67   -36.2813   -49.3474   0.258968   0.671454   0.741151   0.786217    2489.37    1.6e+19    5.79774    3.84471    3.99108    3.74152
     12900   0.209862    1145.79    276.621    225.807        0.2    1991.22    1067.16    3058.38   -37.9131   -48.3681    0.29002   0.636579   0.741151   0.786217    2490.43    1.6e+19    5.15203     3.8173     3.9802    3.73893
     12800   0.248278    1166.82      278.2    231.585        0.2    2012.66    1104.48    3117.14   -37.3179   -50.5672   0.330424   0.613942   0.741151   0.786217    2491.71    1.6e+19    4.87293     4.1874    3.96585     3.7335
     12700   0.151802    1191.55    279.909    233.153        0.2    2028.09    1141.79    3169.88   -37.3067    -52.901   0.356916   0.613942   0.741151   0.786217    2493.08    1.6e+19    4.96695    4.15543    3.95237    3.73242
     12600          0    1206.58     281.83    231.775        0.2    2032.11    1178.47    3210.58   -36.6797   -52.8312   0.402064   0.613942   0.741151   0.786217    2494.36    1.6e+19    4.63848    4.12178    3.93905    3.72977
     12500          0    1206.58    283.637    231.081        0.2    2034.16    1215.12    3249.27   -36.6495   -49.8672   0.448476   0.613942   0.741151   0.786217    2495.52    1.6e+19    4.68943    4.08789     3.9233    3.71538
     12400          0    1206.58    285.246    230.697        0.2    2038.69    1254.26    3292.95   -39.1465   -47.6827   0.454698   0.602524   0.734218   0.786217     2496.7    1.6e+19    4.72687    4.05482    3.90213    3.68864
     12300  0.0396747    1206.62    286.731    229.109        0.2    2044.87    1294.21    3339.08   -39.9452   -46.1435   0.454698   0.573238    0.72178   0.786217    2497.85    1.6e+19    4.75547     4.0243    3.87609    3.65474
     12200   0.208335    1210.75    288.181    226.551        0.2    2065.28    1333.09    3398.36   -38.8781    -46.047   0.454698   0.551677   0.708893   0.786109    2499.04    1.6e+19    4.77656    4.39552    3.84651    3.61844
     12100   0.191167    1231.57    289.825    225.266        0.2    2094.24    1370.47    3464.71   -37.3828   -49.7506   0.454698   0.551677   0.696915   0.741151    2500.37    1.6e+19    4.79124    4.36576    3.81681    3.99208
     12000   0.178378    1250.67     291.73    224.802        0.2    2131.52     1412.1    3543.62   -41.6323   -52.5365   0.455239   0.551677   0.683801   0.741151    2501.67    1.6e+19     4.4006    4.33584    4.19125    3.97445
     11900   0.168371     1268.5    293.791    225.236        0.2    2173.16    1451.34     3624.5   -39.2371    -54.664   0.459271   0.551677   0.677218   0.741151    2502.94    1.6e+19    4.40531     4.3065    4.16899    3.96035
     11800   0.210256    1285.38    295.952    226.345        0.2     2220.4    1492.25    3712.65   -40.9116   -56.2925   0.460974   0.534879   0.671571   0.741151     2504.2    1.6e+19    4.40676    4.27858    4.14942     3.9476
     11700   0.170047    1306.36    298.232    234.711        0.2    2279.36     1533.9    3813.27   -41.6499   -58.3968   0.461522   0.509826    0.66662   0.741151    2505.49    1.6e+19    4.40582    4.25351    4.13176     3.9372
     11600    0.12187    1323.32    285.206    208.365        0.2    2318.61    1561.74    3880.36   -27.8423   -58.7723   0.268511   0.551677   0.707371   0.741151    2505.49    1.6e+19    5.04584    4.39903    3.85458    3.93607
     11500  0.0227911    1335.41    280.427    190.932        0.2    2350.11     1576.4    3926.51   -14.6603   -60.4224   0.196143   0.624083   0.741151   0.741151    2505.28    1.6e+19    5.52627    3.80426     3.9957     3.9865
     11400          0    1337.67    279.522    167.851        0.2    2371.01    1587.97    3958.98   -11.5696   -61.5471   0.149485   0.671454   0.786217   0.786217    2504.94    1.6e+19    6.16002    3.92926    3.65546    3.64205
     11300          0    1337.67    280.022    157.001        0.2     2385.9    1602.52    3988.42   -14.5447   -63.3797   0.136452   0.671454   0.786217   0.786217    2504.53    1.6e+19    6.06098    3.98614     3.6659    3.68238
     11200          0    1337.67    280.985    153.155        0.2    2396.42    1618.65    4015.07   -16.1349   -65.3863   0.121804   0.671454   0.786217   0.786217    2504.05    1.6e+19    6.00697    3.99549    3.65237    3.70654
     11100          0    1337.67    282.056    145.934        0.2    2405.68    1635.81    4041.49   -17.1565   -67.2566   0.114271   0.671454   0.786087   0.786217    2503.52    1.6e+19    5.97958    3.97795    3.62949    3.71702
     11000          0    1337.67    283.106    136.989        0.2    2423.29    1654.11     4077.4   -18.3057   -69.1761   0.111121   0.671454    0.75229   0.786217    2502.93    1.6e+19    5.96821    3.94809    3.60765    3.71838
     10900          0    1337.67    284.094    131.871        0.2    2431.29    1670.61     4101.9   -16.4943   -71.1321   0.110676   0.671454   0.736211   0.786217    2502.27    1.6e+19    5.96661    3.91482    3.98927    3.71545
     10800          0    1337.67    285.015    128.971        0.2    2435.18    1690.07    4125.25   -19.4655   -72.9419   0.111895   0.671454   0.731159   0.786217    2501.59    1.6e+19      5.971    3.88292     3.9721    3.71074
     10700          0    1337.67    285.869    125.163        0.2    2437.68    1709.72     4147.4   -19.6442   -74.6025    0.11411   0.671454   0.726951   0.786217    2500.89    1.6e+19      5.979    3.85459    3.95756    3.70561
     10600          0    1337.67     286.66     120.91        0.2    2439.19    1729.48    4168.67   -19.7603   -76.2199   0.116897   0.671454   0.723615   0.786217    2500.17    1.6e+19     5.9891    3.83062    3.94603    3.70105
     10500          0    1337.67    287.396    118.321        0.2    2440.83    1749.37     4190.2   -19.8955   -77.8095    0.11999   0.644057   0.721085   0.786217    2499.43    1.6e+19    6.00035     3.8139    3.93748    3.69766
     10400          0    1337.67    288.087    116.729        0.2    2442.99    1771.26    4214.25   -21.8866   -79.3077   0.123241   0.626335   0.719292   0.786217    2498.65    1.6e+19    6.01222    3.80551     3.9318    3.69578
     10300          0    1337.67    288.744    115.693        0.2    2447.49     1795.1     4242.6   -23.8442   -80.7015   0.126572    0.61753   0.718154   0.786217    2497.85    1.6e+19    6.02443    3.80154    3.92881    3.69555
     10200          0    1337.67    289.373    114.569        0.2    2451.18    1818.78    4269.96   -23.6732    -81.994    0.12993   0.614068   0.717569   0.786217    2497.04    1.6e+19     6.0368    3.80005     3.9282    3.69698
     10100          0    1337.67    289.976    112.421        0.2    2463.57    1845.05    4308.63   -26.2758   -83.2488    0.13328   0.613942   0.717436   0.786217    2496.22    1.6e+19    6.04919        4.2    3.92959    3.70001
     10000          0    1337.67    290.553    109.947        0.2    2469.33    1871.61    4340.94   -26.5531   -84.5182   0.136592   0.616217   0.717668   0.786217    2495.42    1.6e+19     6.0615    3.80091    3.93267    3.70446
      9900          0    1337.67    291.106    107.303        0.2     2474.5    1898.41    4372.91   -26.8059   -85.8221   0.139848   0.620077   0.718191   0.786217    2494.62    1.6e+19    6.07364    3.80241    3.93713    3.71018
      9800          0    1337.67    291.635    104.526        0.2    2478.65     1926.3    4404.96   -27.8916   -87.1697   0.143031   0.625089   0.718943   0.786217    2493.83    1.6e+19    6.08557    3.80432    3.94273    3.71697
      9700          0    1337.67    292.143     101.64        0.2    2490.03    1955.26    4445.29    -28.955   -88.5667   0.146133   0.630948   0.719874   0.786217    2493.06    1.6e+19    6.09724    3.80651    3.94925    3.72466
      9600          0    1337.67    292.628    98.6666        0.2    2502.12    1985.26    4487.38   -29.9972   -90.0158   0.149146   0.637423   0.720943   0.786217    2492.31    1.6e+19    6.10862    3.80889     3.9565    3.73308
      9500          0    1337.67    293.094     95.617        0.2    2509.93    2016.28     4526.2   -31.0195   -91.5185   0.149485   0.644346   0.722117   0.786217    2491.57    1.6e+19    6.11991    3.81142    3.96432    3.74209
      9400          0    1337.67    293.543    93.3009        0.2    2518.89    2044.62    4563.51   -28.3426   -93.0597   0.149485   0.651631   0.723373   0.786217    2490.84    1.6e+19     6.1313    3.81406     3.9726    3.75155
      9300          0    1337.67    293.975      91.42        0.2    2527.03    2074.79    4601.82   -30.1751   -94.5966   0.149485    0.65922   0.724693   0.786217    2490.13    1.6e+19    6.14262    3.81681    3.98125    3.76136
      9200          0    1337.67    294.393    89.7708        0.2    2534.09    2105.49    4639.58   -30.6934    -96.113   0.149485   0.667026    0.72606   0.786217    2489.42    1.6e+19     6.1538    3.81964    3.99019    3.77144
      9100          0    1337.67    294.799    88.2796        0.2    2535.11    2138.29     4673.4   -32.7986   -97.6018   0.149485   0.671454   0.727461   0.786217    2488.74    1.6e+19    6.16478    3.82272    3.99933    3.78172
      9000          0    1337.67    295.192     86.915        0.2    2538.29    2174.18    4712.46   -35.8921   -99.0594   0.149485   0.671454   0.733063   0.786217    2488.05    1.6e+19    6.17556    3.82721    3.60791    3.79208
      8900          0    1337.67    295.576    85.6715        0.2    2545.78     2209.1    4754.89   -34.9259   -100.483   0.149485   0.671454   0.738327   0.790727    2487.38    1.6e+19    6.18613    3.83294    3.61611    3.40212
      8800          0    1337.67    295.951    84.5243        0.2    2549.83    2244.53    4794.36   -35.4262   -101.872   0.149485   0.671454   0.742884   0.805872    2486.74    1.6e+19    6.19651    3.83956    3.62385    3.40925
      8700          0    1337.67    296.318    83.4571        0.2     2561.4    2280.45    4841.85   -35.9181   -103.223   0.151765   0.671454   0.746574   0.816757    2486.14    1.6e+19    5.40604     3.8468    3.63076    3.41439
      8600          0    1337.67    296.675    82.4619        0.2     2578.2    2316.57    4894.77   -36.1248   -104.537   0.155008   0.671454   0.749566   0.825184    2485.57    1.6e+19    5.41465    3.85443    3.63698    3.41852
      8500          0    1337.67    297.019    81.5307        0.2    2588.83    2352.89    4941.72   -36.3193   -105.812   0.158062   0.671454   0.752104   0.825184    2485.02    1.6e+19    5.42278    3.86225    3.64279    3.42292
      8400          0    1337.67    297.351    81.0837        0.2    2602.94    2388.94    4991.89   -36.0512   -107.042   0.160968   0.671454   0.754475   0.825184    2484.47    1.6e+19    5.43054    3.87013    3.64862    3.42813
      8300          0    1337.67    297.671    80.9567        0.2    2605.64    2428.31    5033.95   -39.3713   -108.203    0.16375   0.671454   0.756774   0.825184    2483.94    1.6e+19    5.43799    3.87801    3.65461    3.43386
      8200          0    1337.67    297.981    81.0452        0.2    2612.74    2467.42    5080.16   -39.1059   -109.286   0.166425   0.671454   0.759013   0.825184    2483.41    1.6e+19    5.44518    3.88586    3.66076    3.43997
      8100          0    1337.67    298.281    81.3217        0.2    2616.73    2506.25    5122.98   -38.8312   -110.287   0.169007   0.671454   0.761187   0.825184     2482.9    1.6e+19    5.45213    3.89365    3.66705    3.44634
      8000          0    1337.67    298.573    81.7529        0.2    2628.62     2545.1    5173.72   -38.8482   -111.204   0.171506   0.671454   0.763289   0.825184    2482.39    1.6e+19    5.45887    3.90137    3.67343     3.4529
      7900          0    1337.67    298.858    82.3877        0.2    2631.29    2583.96    5215.25   -38.8578   -112.034   0.173931   0.671454   0.765315   0.825184    2481.89    1.6e+19    5.46543    3.90903    3.67989    3.45959
      7800          0    1337.67    299.136    83.1881        0.2    2636.19    2623.39    5259.58   -39.4357   -112.772    0.17629   0.671454   0.767266   0.825184     2481.4    1.6e+19    5.47183     3.9166    3.68639    3.46638
      7700          0    1337.67    299.408    84.1409        0.2    2643.27     2662.4    5305.67   -39.0075   -113.419   0.178589   0.671454   0.768321   0.825184    2480.91    1.6e+19    5.47808    3.92409    3.69298    3.47322
      7600          0    1337.67    299.674    85.2563        0.2    2648.14    2701.98    5350.12   -39.5739    -113.97   0.180835   0.671454   0.769151   0.825184    2480.43    1.6e+19     5.4842    3.93151    3.69972    3.48014
      7500          0    1337.67    299.935    86.5057        0.2     2648.7    2742.09    5390.78   -40.1104   -114.427   0.183034   0.671454   0.769933   0.825184    2479.96    1.6e+19     5.4902    3.93885    3.70652    3.48713
      7400          0    1337.67    300.193    86.8478        0.2    2652.56    2782.73    5435.29   -40.6426   -114.807   0.185189   0.671454    0.77067   0.825184    2479.49    1.6e+19     5.4961    3.94613    3.71335    3.49417
      7300          0    1337.67    300.446    86.6631        0.2    2657.84     2821.9    5479.73   -39.1708   -115.167   0.187305   0.671454   0.771365   0.825184    2479.03    1.6e+19     5.5019    3.95334    3.72021    3.50124
      7200          0    1337.67    300.695    86.2097        0.2    2666.83    2859.59    5526.42   -37.6954   -115.528   0.189385   0.671454   0.772025   0.825184    2478.57    1.6e+19    5.50762    3.96048    3.72706    3.50832
      7100          0    1337.67    300.942    85.5735        0.2    2676.56    2898.24    5574.79   -38.6415   -115.899   0.191432   0.671454   0.772655   0.825184    2478.11    1.6e+19    5.51325    3.96756    3.73391    3.51542
      7000          0    1337.67    301.185    84.8013        0.2    2678.65    2941.82    5620.47   -43.5845   -116.287   0.193448   0.671454   0.773261   0.825184    2477.66    1.6e+19    5.51882    3.97457    3.74074     3.5225
      6900          0    1337.67    301.424    83.9347        0.2    2680.78    2985.14    5665.92   -43.3245   -116.692   0.195435   0.671454   0.773849   0.825184    2477.22    1.6e+19    5.52431    3.98153    3.74755    3.52958
      6800          0    1337.67    301.662    82.9929        0.2    2681.13    3023.91    5705.03   -38.7615   -117.117   0.197395   0.671454   0.774423   0.825184    2476.78    1.6e+19    5.52974    3.98842    3.75433    3.53663
      6700          0    1337.67    301.896    81.9999        0.2     2681.2     3063.7     5744.9   -39.7959   -117.562   0.199329   0.671454   0.774987   0.825184    2476.35    1.6e+19     5.5351    3.99525    3.76107    3.54365
      6600          0    1337.67    302.128    80.9838        0.2    2681.86    3106.43    5788.29   -42.7277   -118.025   0.201238   0.676104   0.775544   0.825184    2475.92    1.6e+19    5.54041    3.60177    3.76777    3.55064
      6500          0    1337.67    302.356    79.9352        0.2    2684.05    3147.69    5831.74    -41.256   -118.508   0.203119   0.687071   0.776094   0.825184    2475.51    1.6e+19    5.54565    3.60599    3.77441    3.55759
      6400          0    1337.67    302.578    79.1612        0.2    2686.76    3189.06    5875.82    -41.378   -119.002   0.204961   0.694556   0.776626   0.825184    2475.12    1.6e+19    5.55079    3.60892     3.7809    3.56447
      6300          0    1337.67    302.792    78.5495        0.2    2688.63    3228.91    5917.54   -39.8424   -119.493   0.206752   0.700586   0.777138   0.825184    2474.74    1.6e+19     5.5558    3.61132    3.78723    3.57127
      6200          0    1337.67    302.999    78.0326        0.2    2694.79    3268.11    5962.89    -39.199   -119.974   0.208486   0.705915   0.777633   0.825184    2474.37    1.6e+19    5.56066    3.61348    3.79338    3.57795
      6100          0    1337.67    303.198    77.6009        0.2    2701.83    3306.65    6008.49   -38.5482   -120.441   0.210162   0.710838   0.778116   0.825184    2474.02    1.6e+19    5.56536    3.61552    3.79937    3.58449
      6000          0    1337.67     303.39    77.2265        0.2    2705.64    3344.54    6050.19   -37.8905   -120.893   0.211781   0.715474   0.781208   0.825184    2473.68    1.6e+19    5.56991    3.61748    3.40476    3.59088
      5900          0    1337.67    303.576    76.8976        0.2     2707.5    3384.42    6091.92   -39.8758   -121.329   0.213341   0.719853   0.784043   0.825184    2473.36    1.6e+19     5.5743    3.61936    3.40965    3.59699
      5800          0    1337.67    303.754    76.6059        0.2    2711.92    3422.67    6134.59   -38.2539   -121.748   0.214842   0.723987   0.786459   0.829599    2473.05    1.6e+19    5.57854    3.62118    3.41427    3.20245
      5700          0    1337.67    303.925    76.3457        0.2    2717.22     3460.7    6177.91    -38.025   -122.151   0.216284   0.724011   0.788379   0.836349    2472.76    1.6e+19    5.58261    3.62337    3.41841    3.20621
      5600          0    1337.67     304.09    76.1137        0.2    2724.19    3498.64    6222.83   -37.9395   -122.538    0.21767   0.724011   0.789807   0.841339     2472.5    1.6e+19    5.58653    3.62616    3.42202    3.20899
      5500          0    1337.67    304.248    75.9066        0.2    2727.19    3536.49    6263.68   -37.8478   -122.908   0.219002   0.724011   0.790874   0.845347    2472.24    1.6e+19     5.5903    3.62932    3.42522    3.21122
      5400          0    1337.67      304.4    75.0097        0.2    2729.56    3574.46    6304.02   -37.9751   -123.276   0.220283   0.724011    0.79169   0.848759       2472    1.6e+19    5.59393    3.63269    3.42812    3.21312
      5300          0    1337.67    304.547    73.6878        0.2    2734.73    3612.56    6347.29   -38.0967   -123.681   0.221514   0.724011   0.792329   0.851786    2471.77    1.6e+19    5.59743    3.63618    3.43082    3.21481
      5200          0    1337.67    304.688    72.1344        0.2    2741.89    3647.45    6389.34   -34.8879   -124.137   0.222699   0.724011    0.79284   0.854548    2471.55    1.6e+19    5.60079    3.63971    3.43337    3.21635
      5100          0    1337.67    304.824    70.4315        0.2    2747.74    3683.07    6430.81   -35.6239   -124.648   0.223839   0.724011   0.793256   0.857118    2471.33    1.6e+19    5.60404    3.64324     3.4358    3.21779
      5000          0    1337.67    304.955    68.5942        0.2    2759.88    3719.42     6479.3    -36.355   -125.218   0.224936   0.724011   0.793601   0.857963    2471.13    1.6e+19    5.60716    3.64673    3.43815    3.21926
      4900          0    1337.67    305.081    66.6726        0.2    2773.45    3754.51    6527.96   -35.0815   -125.848   0.225992   0.724011   0.793935   0.857963    2470.92    1.6e+19    5.61018    3.65016    3.44051    3.22108
      4800          0    1337.67    305.204    64.6701        0.2    2782.84    3788.96     6571.8   -34.4537   -126.535   0.227011   0.724011   0.794287   0.857963    2470.72    1.6e+19    5.61309    3.65353    3.44294    3.22316
      4700          0    1337.67    305.322    62.6037        0.2    2786.32    3822.78     6609.1   -33.8223   -127.279   0.227996   0.724011   0.794659   0.857963    2470.52    1.6e+19     5.6159    3.65684    3.44544    3.22543
      4600          0    1337.67    305.438    60.5035        0.2    2798.65    3858.42    6657.07   -35.6378   -128.078    0.22895   0.724011   0.795046   0.857963    2470.33    1.6e+19    5.61863    3.66009      3.448    3.22784
      4500          0    1337.67     305.55    58.3502        0.2    2812.78    3894.87    6707.65   -36.4504   -128.931   0.229877   0.724011   0.795441   0.857963    2470.13    1.6e+19    5.62128    3.66327     3.4506    3.23034
      4400          0    1337.67    305.661    56.5133        0.2    2827.53    3929.43    6756.96   -34.5606    -129.83    0.23078   0.724011   0.795842   0.857963    2469.94    1.6e+19    5.62387     3.6664    3.45323    3.23292
      4300          0    1337.67    305.769    54.8538        0.2    2839.89     3963.7    6803.59   -34.2685   -130.753   0.231662   0.724011   0.796245   0.857963    2469.75    1.6e+19     5.6264    3.66947    3.45587    3.23555
      4200          0    1337.67    305.874    53.2849        0.2    2856.71    3997.37    6854.08   -33.6744   -131.693   0.232524   0.724011    0.79665   0.857963    2469.57    1.6e+19    5.62888    3.67249    3.45853    3.23822
      4100          0    1337.67    305.978    51.7889        0.2    2877.55    4031.65     6909.2   -34.2785   -132.646   0.233368   0.724011   0.797055   0.857963    2469.38    1.6e+19     5.6313    3.67546    3.46118    3.24091
      4000          0    1337.67    306.081    50.3356        0.2    2898.78    4064.43    6963.22   -32.7808   -133.607   0.234196   0.724011   0.797461   0.857963     2469.2    1.6e+19    5.63368    3.67839    3.46383    3.24362
      3900          0    1337.67    306.182    48.9106        0.2    2922.79    4095.71    7018.51   -31.2816   -134.578    0.23501   0.724011   0.797869   0.857963    2469.02    1.6e+19    5.63603    3.68127    3.46646    3.24633
      3800          0    1337.67    306.281    47.5041        0.2     2945.3    4128.55    7073.85   -32.8308   -135.555    0.23581   0.724011   0.798279   0.857963    2468.84    1.6e+19    5.63833     3.6841    3.46908    3.24903
      3700          0    1337.67    306.379    45.5452        0.2    2971.98     4161.6    7133.58   -33.0536   -136.544   0.236597   0.724011    0.79869   0.857963    2468.67    1.6e+19     5.6406     3.6869    3.47168    3.25173
      3600          0    1337.67    306.475    42.0554        0.2    2996.28    4194.87    7191.15   -33.2751   -137.614   0.237372   0.724011   0.799105   0.857963    2468.49    1.6e+19    5.64284    3.68965    3.47426    3.25441
      3500          0    1337.67     306.57    37.9048        0.2    3019.84    4226.44    7246.29   -31.5702   -138.821   0.238135   0.724011   0.799523   0.857963    2468.32    1.6e+19    5.64504    3.69236    3.47682    3.25708
      3400          0    1337.67    306.664    33.5139        0.2     3039.5    4259.11    7298.61    -32.664   -140.179   0.238888   0.724011   0.799944   0.857963    2468.15    1.6e+19    5.64722    3.69504    3.47935    3.25973
      3300          0    1337.67    306.757    28.8859        0.2    3049.89    4291.52    7341.41   -32.4067   -141.686   0.239629   0.724011    0.80037   0.857963    2467.99    1.6e+19    5.64936    3.69769    3.48186    3.26235
      3200          0    1337.67    306.848    24.5799        0.2    3061.59    4323.66    7385.25   -32.1481   -143.336    0.24036   0.724011     0.8008   0.857963    2467.82    1.6e+19    5.65148    3.70029    3.48433    3.26496
      3100          0    1337.67    306.938    21.5842        0.2    3071.72    4355.95    7427.67   -32.2883   -145.059   0.241082   0.724011   0.801234   0.857963    2467.66    1.6e+19    5.65357    3.70287    3.48678    3.26753
      3000          0    1337.67    307.027    19.0504        0.2    3084.89    4388.38    7473.27   -32.4274   -146.798   0.241793   0.724011   0.801585   0.857963     2467.5    1.6e+19    5.65563    3.70541     3.4892    3.27008
      2900          0    1337.67    307.115     16.841        0.2    3098.48    4419.99    7518.47   -31.6154   -148.533   0.242495   0.724011   0.801709   0.857963    2467.34    1.6e+19    5.65766    3.70792    3.49164    3.27261
      2800          0    1337.67    307.202    14.8605        0.2    3112.42     4451.9    7564.32   -31.9024   -150.252   0.243188   0.724011   0.801844   0.857963    2467.18    1.6e+19    5.65968    3.71039    3.49407    3.27513
      2700          0    1337.67    307.288    12.8771        0.2    3119.35    4480.29    7599.64   -28.3884   -151.949   0.243873   0.724011   0.801988   0.857963    2467.02    1.6e+19    5.66166    3.71284     3.4965    3.27764
      2600          0    1337.67    307.373    10.5592        0.2    3121.62    4513.76    7635.38   -33.4734   -153.643   0.244549   0.724011    0.80214   0.857963    2466.87    1.6e+19    5.66363    3.71527    3.49891    3.28013
      2500          0    1337.67    307.458    8.14158        0.2    3131.69    4543.32       7675   -29.5576   -155.349   0.245218   0.724011   0.802299   0.857963    2466.72    1.6e+19    5.66558    3.71767     3.5013    3.28261
      2400          0    1337.67    307.541    5.69614        0.2    3143.68    4573.26    7716.94    -29.941   -157.071   0.245879   0.724011   0.802464   0.857963    2466.57    1.6e+19     5.6675    3.72005    3.50367    3.28507
      2300          0    1337.67    307.623    3.22538        0.2    3153.64    4603.73    7757.37   -30.4735    -158.81   0.246533   0.724011   0.802636   0.857963    2466.42    1.6e+19    5.66941     3.7224    3.50602    3.28751
      2200          0    1337.67    307.705   0.886388        0.2    3157.02    4634.74    7791.75   -31.0051   -160.565    0.24718   0.724011   0.802813   0.857963    2466.27    1.6e+19    5.67129    3.72472    3.50835    3.28994
      2100          0    1337.67    307.786   -1.04687        0.2    3167.49    4665.72    7833.21   -30.9859   -162.316    0.24782   0.724011   0.802996   0.857963    2466.12    1.6e+19    5.67316    3.72703    3.51065    3.29234
      2000          0    1337.67    307.866   -2.81396        0.2    3177.77    4696.69    7874.46    -30.966   -164.047   0.248453   0.724011   0.803183   0.857963    2465.97    1.6e+19    5.67501    3.72931    3.51294    3.29472
      1900          0    1337.67    307.945   -4.45473        0.2    3187.19     4727.1    7914.29   -30.4118   -165.753   0.249079   0.724011   0.803375   0.857963    2465.83    1.6e+19    5.67683    3.73157     3.5152    3.29708
      1800          0    1337.67    308.024   -5.99748        0.2    3197.57    4757.46    7955.02   -30.3569    -167.43   0.249699   0.724011   0.803572   0.857963    2465.69    1.6e+19    5.67865     3.7338    3.51743    3.29942
      1700          0    1337.67    308.101   -7.55463        0.2    3209.21    4786.93    7996.14   -29.4746   -169.076   0.250312   0.724011   0.803772   0.857963    2465.55    1.6e+19    5.68044    3.73602    3.51965    3.30174
      1600          0    1337.67    308.178   -9.30022        0.2    3218.03    4814.82    8032.85   -27.8906   -170.702   0.250919   0.724011   0.803975   0.857963    2465.41    1.6e+19    5.68221    3.73821    3.52184    3.30403
      1500          0    1337.67    308.254   -11.0976        0.2    3226.37    4844.53     8070.9   -29.7091   -172.317   0.251519   0.724011   0.804182   0.857963    2465.27    1.6e+19    5.68397    3.74038    3.52401     3.3063
      1400          0    1337.67    308.329    -12.933        0.2    3235.18    4875.91    8111.09   -31.3794   -173.924   0.252113   0.724011   0.804391   0.857963    2465.13    1.6e+19    5.68571    3.74252    3.52615    3.30855
      1300          0    1337.67    308.404    -14.791        0.2    3240.18    4906.58    8146.75   -30.6679   -175.525     0.2527   0.724011   0.804602   0.857963       2465    1.6e+19    5.68743    3.74465    3.52827    3.31077
      1200          0    1337.67    308.478   -16.3849        0.2       3247    4936.54    8183.54   -29.9644   -177.119   0.253281   0.724011   0.804816   0.857963    2464.86    1.6e+19    5.68914    3.74675    3.53037    3.31297
      1100          0    1337.67    308.551   -17.2302        0.2     3250.8    4965.88    8216.68   -29.3407   -178.671   0.253856   0.724011   0.805031   0.857963    2464.73    1.6e+19    5.69082    3.74884    3.53244    3.31515
      1000          0    1337.67    308.623   -17.7519        0.2    3252.55    4994.74    8247.29   -28.8579   -180.154   0.254425   0.724011   0.805247   0.857963     2464.6    1.6e+19    5.69249     3.7509    3.53449     3.3173
       900          0    1337.67    308.694   -17.9264        0.2    3254.78    5023.79    8278.57   -29.0444   -181.556   0.254987   0.724011   0.805465   0.857963    2464.47    1.6e+19    5.69415    3.75294    3.53652    3.31943
       800          0    1337.67    308.765   -17.8393        0.2    3258.34    5049.23    8307.57   -25.4452   -182.866   0.255544   0.724011   0.805684   0.857963    2464.34    1.6e+19    5.69578    3.75496    3.53853    3.32154
       700          0    1337.67    308.835   -17.4421        0.2    3259.76       5074    8333.75   -24.7685    -184.08   0.256094   0.724011   0.805903   0.857963    2464.22    1.6e+19     5.6974    3.75696    3.54052    3.32363
       600          0    1337.67    308.904   -16.5804        0.2    3271.14    5101.73    8372.87   -27.7294   -185.181   0.256638   0.724011   0.806122   0.857963    2464.09    1.6e+19      5.699    3.75893    3.54248    3.32569
       500          0    1337.67    308.973    -15.439        0.2    3283.08    5130.06    8413.14   -28.3305   -186.159   0.257177   0.724011   0.806342   0.857963    2463.97    1.6e+19    5.70059    3.76089    3.54442    3.32773
       400          0    1337.67    309.041    -13.993        0.2    3307.53    5156.37     8463.9   -26.3133   -187.007   0.257709   0.724011   0.806561   0.857963    2463.85    1.6e+19    5.70216    3.76283    3.54634    3.32975
       300          0    1337.67    309.108   -12.2973        0.2    3321.36    5187.75    8509.11   -31.3812   -187.721   0.258236   0.724011   0.806781   0.857963    2463.73    1.6e+19    5.70371    3.76474    3.54824    3.33174
       200          0    1337.67    309.174   -10.1318        0.2    3342.09    5219.64    8561.73   -31.8817   -188.297   0.258756   0.724011      0.807   0.857963    2463.61    1.6e+19    5.70525    3.76664    3.55011    3.33372
       100          0    1337.67     309.24   -7.07035        0.2    3348.09    5247.42    8595.51   -27.7847   -188.701   0.258968   0.724011   0.807218   0.857963    2463.49    1.6e+19    5.70678    3.76852    3.55197    3.33567
         0          0    1337.67    309.305   -3.52589        0.2    3354.99    5275.27    8630.26   -27.8498   -188.908   0.258968   0.724011   0.807436   0.857963    2463.37    1.6e+19    5.70838    3.77038    3.55381     3.3376