     20000          0          0    179.437    367.727          0    65.3028    14.2831    79.5858    14.2831    16.6206
     19900          0          0    179.437    366.808          0    124.055    29.7361    153.791    15.4531    16.4934
     19800          0          0    179.437    366.177          0    187.858    46.3592    234.217    16.6231    16.3665
     19700          0          0    179.437    365.924          0    244.614    60.5222    305.136    14.1631     16.256
     19600          0          0    179.437    365.959          0    282.835    72.5053     355.34    11.9831    16.1773
     19500          0          0    179.437    364.249          0    332.666    82.0183    414.684    9.51306    16.1073
     19400          0          0    179.437    361.504          0    391.701    94.1014    485.803    12.0831     15.959
     19300          0          0    179.437    358.974          0    449.027    106.214    555.242    12.1131    15.7084
     19200          0          0    179.437    356.448          0    497.779    118.358    616.137    12.1431    15.3734
     19100          0          0    179.437    355.586          0    544.993    130.011    675.004    11.6531    14.9859
     19000          0          0    179.437    355.724          0    591.569    142.474    734.042    12.4631    14.6286
     18900          0          0    179.437    354.105          0    637.063    155.747     792.81    13.2731       14.3
     18800          0          0    179.437    351.512          0    693.791     166.28    860.071    10.5331    13.9104
     18700          0          0    179.437    349.719          0    762.053    178.113    940.166    11.8331    13.4466
     18600          0          0    179.437    348.313          0     843.55    192.576    1036.13    14.4631    12.9533
     18500          0          0    179.437    346.964          0    932.526    201.259    1133.79    8.68306    12.4439
     18400          0          0    179.437    345.674          0    988.202    209.492    1197.69    8.23306    11.9208
     18300          0          0    179.437    342.667          0    1031.27    218.075    1249.34    8.58306     11.358
     18200          0          0    179.437    338.599          0    1102.97    226.658    1329.63    8.58306    10.6747
     18100          0          0    179.437    335.132          0     1198.6    234.714    1433.31    8.05639    9.85658
     18000          0          0    179.437    331.891          0    1289.56    243.331     1532.9    8.61639    8.94427
     17900          0          0    179.437    330.963          0    1373.14    253.364    1626.51    10.0331    7.98884
     17800          0          0    179.437    331.462          0    1454.82    264.257    1719.08    10.8931    7.10434
     17700          0          0    179.437    329.622          0    1535.99     274.54    1810.53    10.2831     6.2909
     17600          0          0    179.437    326.508          0    1606.16    288.828    1894.99    14.2881    5.42718
     17500          0          0    179.437    326.577          0     1660.3    302.776    1963.08    13.9481    4.52964
     17400          0          0    182.115    357.726          0    1678.09    312.444    1990.53    9.66738    2.88907
     17300          0          0    182.934      367.5          0    1695.23    322.233    2017.46    9.78928    2.68529
     17200          0          0     183.39    373.627          0    1704.53    335.928    2040.46     13.695    2.89315
     17100   0.463814   0.463814    183.841    377.621          0       1715    350.717    2065.72    14.7891    3.16129
     17000   0.486257    46.8676    184.919    379.363          0    1721.62    367.898    2089.52    17.1812   -7.00357
     16900          0    95.0071    186.859    374.628          0    1723.53    384.664    2108.19    16.7662   -15.4166
     16800          0    95.0071    188.826    366.315          0    1726.54    401.028    2127.57    16.3638   -11.7608
     16700          0    95.0071    190.441    357.139          0    1728.13    418.477    2146.61    17.4489   -9.39332
     16600   0.916022    95.9231    191.893    346.995          0    1732.17    439.734     2171.9    21.2572   -8.33079
     16500   0.452901    187.062    194.316    346.122          0    1733.21    453.772    2186.98    14.0374   -28.0229
     16400   0.433467    232.333    197.608    351.796          0    1744.31    470.131    2214.44    16.3592    -33.473
     16300   0.341261    275.587    201.015    354.445          0    1763.06    481.632    2244.69     11.501   -37.2545
     16200   0.404203    309.776    204.419    355.613          0    1784.75    496.658    2281.41    15.0261   -38.3447
     16100          0    349.793    207.849    345.191          0     1800.8    512.547    2313.35    15.8887    -40.665
     16000          0    349.793    210.904    327.481          0    1805.52    525.346    2330.87    12.7991   -34.7558
     15900          0    349.793    213.382    318.192          0    1806.64    535.817    2342.46    10.4709    -30.924
     15800          0    349.793    215.516    314.055          0    1807.95    542.661    2350.62    6.84446   -28.3328
     15700 0.00615696    349.799    217.433     311.34          0     1809.6    548.739    2358.33    6.07743   -26.5418
     15600   0.150072    350.558    219.215    309.814   0.490907    1812.45    552.284    2364.73    3.54528    -25.481
     15500          0    365.415    221.009    307.477          0    1814.99    554.805    2369.79    2.52077   -27.8895
     15400  0.0727925    365.488    222.776    304.876    1.51182    1822.22    556.034    2378.26    1.22889   -26.7437
     15300   0.124901     372.82    224.419    303.922   0.589665    1837.46    558.932     2396.4      2.898   -27.6014
     15200    1.05467    386.239    226.066    304.001     1.1748    1853.57    560.939    2414.51    2.00778   -29.7133
     15100  0.0808567    490.733    227.726    309.096    1.56023    1877.32    561.986    2439.31     1.0471    -50.774
     15000   0.127643    498.865    229.299    318.908    1.84084    1914.18     561.99    2476.17 0.00390978   -46.4818
     14900   0.189197    511.691    230.726    326.955          2    1961.59     564.07    2525.66   -2.07975   -43.5635
     14800   0.196625    530.618    231.948    333.917          2    2020.45    566.739    2587.19   -2.66906   -42.1075
     14700          0    550.084    232.913    325.713          0    2073.16    570.658    2643.82   -3.91861   -40.8624
     14600          0    550.084    224.135    258.455          0    2086.58    582.363    2668.94     11.705   -36.9202
     14500          0    550.084    221.149    232.608          0    2088.52    600.562    2689.08    18.1989   -38.2155
     14400          0    550.084    220.907    216.878          0    2097.24    621.009    2718.25     20.447   -41.2861
     14300          0    550.084     221.67    203.273          0    2108.25    638.488    2746.74    17.4798   -44.8027
     14200          0    550.084    222.745    191.614          0    2125.49    654.296    2779.79    15.8071   -48.2959
     14100          0    550.084     223.88    185.414          0    2142.95    668.749     2811.7    14.4531   -51.4976
     14000          0    550.084    224.992    182.642          0    2169.41    680.742    2850.15    11.9931    -54.175
     13900          0    550.084    226.062    177.851          0    2200.87    695.249    2896.12    14.5075   -56.3608
     13800          0    550.084      227.1    172.147          0    2223.43    706.665    2930.09    11.4155   -58.2868
     13700          0    550.084    228.104    167.988          0    2261.76     719.91    2981.67    13.2457   -60.0443
     13600          0    550.084    229.077    164.694          0    2292.74    732.039    3024.77    12.1283    -61.626
     13500          0    550.084    230.016    167.935          0    2324.04    737.853    3061.89     5.8142   -62.9523
     13400          0    550.084    230.922     175.16          0    2353.98    745.971    3099.95    8.11774   -63.7532
     13300          0    550.084    231.799    172.238          0    2384.47    751.032     3135.5    5.06098   -64.1682
     13200          0    550.084    235.362    193.127          0     2397.7    755.585    3153.28    4.55342    -64.644
     13100   0.208001    550.292    237.614    199.726          2    2404.92    757.334    3162.25   -1.74887   -64.1262
     13000          0    570.884    239.251    205.394          0     2420.4    758.099     3178.5   -0.76482   -67.4712
     12900   0.154947    571.039    240.451    211.529          2    2420.89    759.843    3180.73   -1.74367   -65.4798
     12800   0.100163    586.479     241.25    217.703    1.74696    2428.45    760.211    3188.66  -0.368445   -66.7602
     12700  0.0820073    596.477    241.875    219.822    1.22451    2430.55    760.939    3191.49   0.727789   -66.4077
     12600          0    604.596    242.675    219.052          0    2447.29    763.414    3210.71    2.47485    -65.765
     12500  0.0888446    604.685    243.617    218.868          0    2461.55    766.784    3228.34    3.37051   -63.7384
     12400          0    613.481    244.762    218.741          0    2478.04    768.123    3246.17     1.3385   -64.1044
     12300          0    613.481    246.018    217.328          0    2483.64    768.891    3252.53   0.767929     -62.74
     12200  0.0885876    613.569    247.273    214.985   0.706932    2492.48     770.92     3263.4    2.02959   -61.9374
     12100   0.163606    622.503    248.586    214.079   0.349449    2510.26    774.776    3285.04    3.85591   -63.4331
     12000   0.117491    638.817    250.079    213.963    1.87133     2536.7    774.795     3311.5   0.018918   -66.3541
     11900   0.131207     650.58    251.544    214.787   0.499441     2567.9    777.805     3345.7    3.01021   -67.8645
     11800  0.0720593    663.642    253.006    216.309   0.781729     2605.1    779.839    3384.94    2.03384    -69.416
     11700   0.318767    671.094    254.556    225.394          0    2654.75    781.865    3436.61    2.02577   -69.4113
     11600   0.360422    703.013    242.809     199.73          0    2685.36     796.42    3481.78    14.5549   -74.2903
     11500          0    738.695    239.783    181.212          0    2707.14    822.403    3529.54    25.9835   -81.1352
     11400    0.82468    739.519    240.086    157.218  0.0357639     2717.4     850.27    3567.67    27.8664   -81.3262
     11300          0    821.163    242.644    144.266          0    2719.56    873.103    3592.66    22.8333   -98.7861
     11200          0    821.163    245.641    138.841          0    2723.36    892.312    3615.67    19.2093   -96.9424
     11100          0    821.163    247.724    130.726          0    2747.83    909.488    3657.32    17.1755   -95.9959
     11000          0    821.163     249.38    121.222          0    2781.21    924.908    3706.12    15.4201   -95.8162
     10900          0    821.163    250.808    115.777          0     2805.3      941.7       3747    16.7922   -96.1882
     10800          0    821.163    252.096    112.644          0    2817.74    955.154     3772.9    13.4538   -96.7929
     10700          0    821.163    253.286    108.659          0    2831.74    968.093    3799.83    12.9392   -97.5271
     10600          0    821.163    254.397    104.293          0    2849.87    980.596    3830.46    12.5027   -98.4226
     10500          0    821.163    255.444    101.643          0    2868.18    992.652    3860.83    12.0559   -99.4429
     10400          0    821.163    256.435    100.003          0    2887.07    1002.42    3889.49    9.76484   -100.488
     10300          0    821.163    257.376    98.9413          0    2899.32    1009.94    3909.26    7.52405   -101.516
     10200          0    821.163    258.271    97.7989          0     2912.4    1017.37    3929.77    7.42879    -102.51
     10100          0    821.163    259.125    95.6456          0    2941.56    1021.94    3963.51    4.57464   -103.517
     10000          0    821.163    259.943    93.1705          0     2964.1       1026     3990.1    4.05749   -104.575
      9900          0    821.163    260.726    90.5263          0    2975.71    1029.57    4005.28    3.57357   -105.696
      9800          0    821.163    261.481    87.7501          0    2988.33    1031.84    4020.16    2.26299   -106.883
      9700          0    821.163     262.21    84.8664          0    2993.72    1032.82    4026.54   0.977285   -108.136
      9600          0    821.163    262.917    81.8963          0     2998.4     1033.1     4031.5  -0.285285   -109.453
      9500          0    821.163    263.599    78.8525          0    3007.36    1034.62    4041.99    -1.5239   -110.832
      9400          0    821.163    264.257    76.5529          0    3033.07    1035.57    4068.64   0.942581   -112.256
      9300          0    821.163    264.893    74.6892          0    3057.94    1036.66     4094.6   -1.09324   -113.681
      9200          0    821.163    265.509    73.0637          0    3081.71    1038.47    4120.18   -1.80912   -115.091
      9100          0    821.163    266.108    71.6018          0    3097.37    1042.58    4139.95   -4.10807   -116.478
      9000          0    821.163    266.693    70.2707          0    3110.84    1049.97    4160.81   -7.39258   -117.836
      8900          0    821.163    267.265    69.0643          0    3134.94    1056.58    4191.53    -6.6147   -119.164
      8800          0    821.163    267.826    67.9565          0    3147.47    1063.89    4211.35   -7.30116   -120.458
      8700          0    821.163    268.378    66.9306          0    3152.42    1071.86    4224.29   -7.97832   -121.718
      8600          0    821.163    268.919    65.9782          0    3152.73    1080.23    4232.97   -8.36922   -122.943
      8500          0    821.163    269.444    65.0915          0    3158.54    1088.98    4247.52    -8.7445   -124.132
      8400          0    821.163    269.953    64.6936          0    3160.82    1097.63    4258.45   -8.65313   -125.276
      8300          0    821.163    270.446    64.6151          0    3174.46    1109.78    4284.24   -12.1464   -126.353
      8200          0    821.163    270.925    64.7549          0    3183.65    1121.83    4305.48   -12.0502   -127.354
      8100          0    821.163    271.388    65.0853          0     3195.9    1133.77    4329.67   -11.9381   -128.273
      8000   0.231674    821.394    271.834    65.5729          2    3200.19    1145.87    4346.06   -12.1087   -129.158
      7900   0.232058    844.562    271.938    65.9544          2    3213.95    1157.81    4371.76   -11.9382   -134.277
      7800   0.175413    867.711    271.641    66.3612          2    3225.88    1169.75    4395.63   -11.9408   -138.225
      7700   0.226274    885.303    271.223    66.9845          2    3235.96    1180.58    4416.54   -10.8233   -140.287
      7600          0    907.705    270.725    67.7525          0    3248.59     1191.2    4439.79   -10.6248   -142.841
      7500          0    907.705    270.443    68.9559          0    3266.69    1201.82    4468.51   -10.6183    -140.74
      7400          0    907.705    270.485    69.4062          0       3288    1212.75    4500.75    -10.935   -139.234
      7300          0    907.705    270.679    69.3719          0    3310.56    1222.16    4532.72   -9.40396   -138.191
      7200          0    907.705    270.951    69.0739          0     3336.7    1230.11    4566.81   -7.95099   -137.498
      7100          0    907.705    271.267    68.5838          0    3363.41    1239.08    4602.49    -8.9669   -137.066
      7000          0    907.705    271.609    67.9427          0    3382.36    1253.09    4635.45   -14.0095   -136.835
      6900          0    907.705    271.969    67.1907          0    3401.23    1266.96    4668.19   -13.8693   -136.758
      6800          0    907.705     272.34    66.3478          0    3418.23     1276.4    4694.63   -9.44021     -136.8
      6700          0    907.705    272.716    65.4405          0    3434.72    1287.01    4721.73   -10.6163   -136.936
      6600          0    907.705    273.092    64.4996          0    3451.87     1300.7    4752.57   -13.6922   -137.147
      6500          0    907.705    273.465    63.5177          0     3466.1    1313.07    4779.17   -12.3653   -137.417
      6400          0    907.705    273.835    62.8055          0    3479.75     1325.7    4805.45   -12.6351   -137.732
      6300          0    907.705    274.202    62.2486          0    3494.18    1336.96    4831.14   -11.2516   -138.067
      6200          0    907.705    274.565    61.7831          0    3516.59    1347.72    4864.31   -10.7648   -138.411
      6100          0    907.705    274.925    61.3998          0    3539.83       1358    4897.83    -10.275   -138.755
      6000          0    907.705    275.283    61.0711          0    3552.18    1367.78    4919.95   -9.78295   -139.095
      5900          0    907.705     275.64    60.7857          0    3566.43    1379.72    4946.15   -11.9398   -139.428
      5800          0    907.705    275.996     60.535          0    3586.93    1390.21    4977.14    -10.496   -139.751
      5700          0    907.705    276.349    60.3144          0    3597.67    1400.66    4998.33   -10.4487   -140.063
      5600          0    907.705    276.696    60.1211          0    3606.68    1411.21    5017.89    -10.546   -140.362
      5500          0    907.705    277.037     59.952          0    3625.64    1421.85    5047.49   -10.6374   -140.649
      5400          0    907.705    277.373    59.0885          0    3643.93    1432.79    5076.73   -10.9482   -140.937
      5300          0    907.705    277.704    57.8027          0    3654.65    1444.05     5098.7   -11.2538   -141.262
      5200          0    907.705    278.028    56.2835          0    3677.66    1452.28    5129.94   -8.22799    -141.64
      5100          0    907.705    278.345    54.6131          0    3687.63    1461.42    5149.05   -9.14495   -142.073
      5000          0    907.705    278.653    52.8081          0    3691.28    1471.47    5162.76   -10.0533   -142.565
      4900          0    907.705    278.951    50.9199          0    3693.46    1480.43    5173.88   -8.95109   -143.115
      4800          0    907.705    279.238    48.9519          0    3699.79    1488.91     5188.7    -8.4878   -143.722
      4700          0    907.705    279.514    46.9221          0    3711.99    1496.93    5208.92   -8.01414   -144.385
      4600          0    907.705    279.781    44.8602          0     3715.3    1506.91    5222.21   -9.98134   -145.104
      4500          0    907.705    280.041    42.7473          0    3716.78    1517.85    5234.63   -10.9405   -145.875
      4400          0    907.705    280.293    40.9541          0    3717.59    1527.04    5244.63   -9.19272   -146.691
      4300          0    907.705    280.539    39.3386          0    3720.74    1536.08    5256.82   -9.03888   -147.533
      4200          0    907.705     280.78    37.8162          0    3722.09    1544.66    5266.75   -8.58009   -148.391
      4100    0.19895    907.904    281.017    36.3689          2    3727.51    1553.98    5281.49   -9.31705   -149.304
      4000   0.176952    927.777    280.966    34.7034          2    3733.11    1561.64    5294.76    -7.6656   -153.864
      3900   0.150744    945.446    280.598    32.9776          2    3741.19    1567.34    5308.53   -5.69794   -157.124
      3800    0.19916    960.568    280.131    31.3071          2     3747.5    1574.02    5321.53   -6.68088   -159.381
      3700   0.155391    980.441    279.563     29.044          2    3757.68    1580.26    5337.94   -6.23814   -162.231
      3600   0.148921    995.973    278.953    25.3074          2    3765.23    1586.01    5351.24   -5.75316   -163.963
      3500   0.112756    1010.83    278.375    20.9575          2    3771.85    1589.39    5361.24   -3.37485   -165.597
      3400   0.149521    1022.14    277.869    16.4357    1.96911    3774.43    1593.26    5367.69   -3.86873   -166.692
      3300   0.139738    1037.08    277.392     11.661    1.82344    3781.26     1596.3    5377.56   -3.04187   -168.695
      3200          0    1050.92    276.948    7.21443          0    3786.94    1598.55    5385.48   -2.24817   -170.558
      3100          0    1050.92    276.714    4.25952          0    3794.13    1600.61    5394.74   -2.06423   -170.011
      3000          0    1050.92    276.697    1.86196          0    3798.15    1602.71    5400.86   -2.09722   -170.058
      2900          0    1050.92    276.791  -0.189882          0    3801.59       1604    5405.59   -1.29119   -170.519
      2800          0    1050.92    276.948   -2.01107          0    3804.52    1605.65    5410.17   -1.64836   -171.266
      2700          0    1050.92    277.145   -3.84571          0    3814.31     1607.4    5421.71    1.75461   -172.214
      2600          0    1050.92     277.37   -6.02576          0    3833.17    1610.87    5444.04    -3.4697   -173.322
      2500          0    1050.92    277.614   -8.32014          0    3839.57    1611.16    5450.73   0.286328   -174.564
      2400          0    1050.92    277.872   -10.6564          0    3843.93    1611.43    5455.36  -0.272307   -175.912
      2300          0    1050.92    278.142   -13.0308          0    3850.23    1612.42    5462.65  -0.991974   -177.345
      2200          0    1050.92    278.419   -15.2811          0    3863.01    1614.14    5477.16   -1.71944   -178.845
      2100          0    1050.92    278.702   -17.1352          0    3868.63    1616.05    5484.68   -1.90213    -180.38
      2000   0.105128    1051.02    278.988   -18.8285    1.90918    3874.36    1618.13     5492.5   -2.08778   -181.947
      1900          0    1061.43     279.14   -20.5331          0    3881.02    1619.74    5500.76   -1.60623   -185.337
      1800          0    1061.43     279.26   -22.0716          0    3886.72    1621.33    5508.05   -1.59341   -186.423
      1700          0    1061.43    279.457   -23.5724          0    3891.09    1622.16    5513.26  -0.830464   -187.614
      1600          0    1061.43    279.686   -25.2492          0    3898.23    1622.76    5520.99   0.601564   -188.883
      1500          0    1061.43    279.928   -26.9733          0    3905.76    1624.15     5529.9   -1.38269   -190.211
      1400          0    1061.43    280.174   -28.7349          0    3912.75    1627.37    5540.12    -3.2244   -191.581
      1300          0    1061.43    280.423   -30.5201          0    3923.48    1630.06    5553.54   -2.68656   -192.983
      1200   0.105565    1061.54     280.67   -32.0389    1.91265    3945.96    1632.22    5578.18   -2.15709   -194.425
      1100          0    1071.99    280.782   -32.9471          0    3965.48    1633.79    5599.26    -1.5718   -197.656
      1000          0    1071.99    280.863   -33.4619          0    3982.94    1634.89    5617.82   -1.09787   -198.564
       900          0    1071.99    281.024   -33.5738          0    4000.82    1636.26    5637.08   -1.37396   -199.525
       800          0    1071.99     281.22   -33.4116          0    4019.94    1638.36     5658.3    2.09986   -200.491
       700          0    1071.99    281.432   -32.9321          0    4036.85    1640.99    5677.85    2.63425    -201.43
       600          0    1071.99    281.652   -31.9876          0    4063.64    1641.47    5705.11  -0.477417   -202.307
       500          0    1071.99    281.876   -30.7637          0    4090.91     1642.7    5733.62   -1.23371   -203.098
       400          0    1071.99    282.102    -29.236          0     4130.6    1643.33    5773.93   0.625732   -203.788
       300          0    1071.99    282.328    -27.461          0     4159.6    1647.93    5807.53   -4.60129   -204.365
       200   0.138673    1072.13    282.554   -25.2157          2    4195.42    1653.19    5848.61   -5.26152   -204.846
       100          0    1085.85     282.58   -22.2519          0    4216.59    1654.32    5870.91   -1.12513    -207.52
         0          0    1085.85    282.563   -18.7123          0    4224.88    1672.31    5897.19    17.9948   -207.056