      20000           0           0     179.437     415.631           0      17.399     14.2831     31.6821     14.2831     51.8335
      19900           0           0     179.437      414.68           0     28.2794     29.7361     58.0155     15.4531     51.7019
      19800           0           0     179.437     414.027           0     44.2322     46.3592     90.5914     16.6231     51.5706
      19700           0           0     179.437     413.765           0     53.1473     60.5222      113.67     14.1631     51.4563
      19600    0.336966    0.336966     179.437     413.802           0     62.7692     72.5052     135.274      11.983     51.2841
      19500    0.176898     33.8735     180.032     411.121           0     65.7282     81.4234     147.152     8.91824     43.3649
      19400           0     51.3865     181.055     407.097           0     79.1708     91.8885     171.059     10.4651     40.8907
      19300           0     51.3865     181.772     403.759           0     91.7114     101.667     193.378     9.77823     42.8105
      19200           0     51.3865     182.125     400.749           0     96.1627     111.122     207.285     9.45515     44.0771
      19100           0     51.3865     182.298     399.612           0      99.351     119.914     219.265     8.79216     44.8829
      19000           0     51.3865     182.371     399.615           0     102.036     129.443     231.479     9.52941     45.4229
      18900           0     51.3865     182.383     397.884           0     103.751      139.77     243.522     10.3268     45.7739
      18800           0     51.3865     182.358     395.197           0     116.794     147.382     264.176     7.61155     45.8993
      18700           0     51.3865     182.311     393.366           0     141.408     156.341      297.75     8.95948     45.8265
      18600           0     51.3865     182.249     391.956           0     179.262     167.993     347.255     11.6514     45.6317
      18500           0     51.3865     182.179     390.616           0     224.586     173.934      398.52     5.94116     45.3509
      18400           0     51.3865     182.105     389.344           0     236.592     179.499     416.091      5.5648      45.003
      18300           0     51.3865      182.03     386.307           0     237.169     185.488     422.657     5.98975     44.5734
      18200           0     51.3865     181.956     382.175           0     265.294     191.553     456.847      6.0644     43.9882
      18100           0     51.3865     181.882     378.661           0     317.393     197.164     514.556     5.61101     43.2391
      18000           0     51.3865     181.811     375.379           0     364.874     203.406      568.28     6.24212     42.3733
      17900           0     51.3865     181.743     374.476           0     404.938     211.133     616.071     7.72709     41.4476
      17800           0     51.3865     181.678     375.041           0     443.036     219.785     662.821     8.65217     40.5832
      17700           0     51.3865     181.616     373.193           0     480.633     227.889     708.522     8.10383     39.7825
      17600           0     51.3865     181.558     370.025           0     507.288     240.056     747.344      12.167     38.9219
      17500     0.37419     51.7607     181.503     370.135           0     517.873     251.938     769.811     11.8817     37.9207
      17400    0.314682     89.1201     184.567      401.69    0.103736     544.054     259.153     803.207     7.21531      27.454
      17300    0.461529     120.735     186.249     410.657    0.530159      570.07     265.628     835.698      6.4746     21.5823
      17200    0.346541     166.773     187.746     415.398           0     602.538     274.967     877.505     9.33941     13.9067
      17100    0.335368     201.416     189.431     417.718           0     653.106     284.166     937.272     9.19924     10.5147
      17000    0.360657     234.978     191.411      418.41           0     698.776     294.856     993.631     10.6893     8.01572
      16900    0.337875     271.021     193.661     413.127           0     735.373     304.819     1040.19     9.96352     5.27893
      16800    0.311767     304.782     196.128     403.763           0     769.806     313.881     1083.69     9.06162     3.13034
      16700    0.348503     335.996     198.722     393.124   0.0643579       804.2     323.049     1127.25     9.16846     1.33375
      16600    0.359276     370.857     201.428      381.29           0      834.46     334.771     1169.23     11.7219     -1.6355
      16500    0.138711     406.564     204.287     380.196    0.576379     867.496     338.838     1206.33     4.06646    -4.79505
      16400    0.253795      420.55     206.958     386.691    0.120763     913.496     345.847     1259.34     7.00992    -2.58284
      16300     745.046     1190.72     209.375     390.183           2      967.98     348.988     1316.97     3.14082    -159.168
      16200    0.971014     74951.3     72.4965     332.376           0     969.524     495.937     1465.46     146.949    -939.866
      16100     1.47393     75048.9     33.9017     350.085           0     990.469     685.773     1676.24     189.836    -922.733
      16000      1.9512     75196.8     23.8737     357.934           0     1025.64     885.602     1911.25      199.83    -907.882
      15900     2.22337     75392.2     19.4452     373.314           0     1079.65     1090.01     2169.66     204.407    -894.822
      15800      2.3929     75614.7     17.2106     393.257           0     1160.16     1295.16     2455.32     205.149     -882.79
      15700     2.45417       75854     16.0813     414.355           0     1264.82     1502.59     2767.41     207.429    -871.321
      15600     2.45002     76099.4     15.5741     434.219           0     1392.08     1709.77     3101.85     207.186    -860.155
      15500      2.4065     76344.4     15.4396     449.967           0     1537.11     1917.86     3454.97      208.09    -849.165
      15400     2.38212       76585     15.5365     459.977           0     1699.44     2126.33     3825.77     208.469    -838.302
      15300     2.08874     76822.9     15.7827     465.968           0     1876.73     2337.87      4214.6     211.534    -827.586
      15200     2.33796     77032.1     16.1049     469.344           0     2058.18     2549.83     4608.02     211.968     -816.88
      15100     2.34366     77265.9     16.4888     476.163           0        2249     2762.12     5011.12     212.285    -806.585
      15000     2.33276     77500.2     16.9452     488.942           0     2455.89     2974.48     5430.37     212.357    -796.557
      14900     2.32312     77733.5      17.445     500.756           0     2677.11     3185.68     5862.78     211.202    -786.789
      14800     2.58694       77966     17.9709     508.818           0     2910.86     3396.99     6307.85     211.308    -777.305
      14700     1.52087     78223.7     18.5443     496.156           0     3134.01     3607.44     6741.45      210.45    -768.417
      14600     1.44924     78375.7     19.1896     444.672           0     3333.65     3824.09     7157.74      216.65    -757.486
      14500     1.34339     78520.5     19.5164     396.918           0     3496.02     4043.92     7539.94     219.831    -748.663
      14400     1.22273     78654.7     19.7431     359.374           0      3629.8     4265.53     7895.33     221.611    -740.749
      14300     1.11975     78776.9     19.9275     325.891           0      3741.4     4484.75     8226.16     219.222    -733.464
      14200      1.0024     78888.8     20.0817     294.781           0     3827.33     4703.22     8530.55     218.471    -726.764
      14100    0.927368     78988.9     20.2074     270.752           0     3895.21     4921.35     8816.56     218.126      -720.6
      14000    0.710806     79081.4      20.313     253.963           0     3940.07     5138.02     9078.09     216.672    -715.005
      13900    0.467315     79152.3     20.3728     238.007           0     3968.76     5358.22     9326.98     220.197    -709.683
      13800    0.493625       79199     20.3577     221.967           0     3996.03     5576.37      9572.4     218.157    -704.589
      13700     1632.49     80880.4     20.3489     208.149           0     3997.86     5797.38     9795.23     221.001     -732.34
      13600     4.05933      242501     2067.92    -776.193           2     4969.72     7624.09     12593.8    -1826.71    -974.458
      13500      2.7555      242906     5440.83    -824.417           2     5993.38     12829.1     18822.5       -5205    -968.172
      13400    0.840916      243179     8146.03     -829.52           2     7027.99     20736.1     27764.1    -7906.99    -960.751
      13300     9.43968      243272     10494.7    -832.277           2     8063.01     30993.9     39056.9    -10257.8    -952.349
      13200     10.6522      244217     12306.6     -832.63           2     9101.99     43060.6     52162.5    -12066.6    -945.416
      13100     11.8368      245284     13912.8    -835.109           2       10144     56737.5     66881.6      -13677    -938.477
      13000     12.7382      246468       15313    -837.383           2     11202.3       71812     83014.3    -15074.5    -931.748
      12900     13.5602      247743     16522.2    -839.257           2     12253.6     88095.5      100349    -16283.5    -925.401
      12800     14.2169      249099     17560.1    -840.786           2     13304.5      105415      118719    -17319.2    -919.588
      12700     14.7711      250522     18447.9    -842.285           2     14364.5      123620      137985    -18205.3    -914.397
      12600     15.2025      251999     19205.4    -843.902           2     15444.2      142580      158024    -18960.3    -909.884
      12500     15.5642      253520     19848.3    -845.478           2     16522.8      162182      178704    -19601.3    -906.045
      12400     15.9432      255077     20389.6    -846.955           2       17605      182325      199930    -20143.5    -902.845
      12300     16.1988      256671     20839.8    -848.432           2     18676.4      202918      221594      -20593    -900.243
      12200     16.3346      258291     21207.7    -849.947           2     19732.5      223876      243609    -20958.4    -898.157
      12100     16.3932      259925     21500.9    -851.387           2     20780.1      245125      265905    -21248.4    -896.498
      12000      16.605      261564     21725.8    -852.696           2     21820.4      266601      288421    -21475.7    -895.188
      11900     16.5348      263225     21888.1    -853.893           2     22857.8      288234      311092    -21633.6    -894.209
      11800      16.567      264878     21992.7    -854.985           2     23891.9      309972      333864    -21737.6    -893.435
      11700           0      266518     22044.2    -855.684           0     24923.4      331760      356683    -21787.6    -892.802
      11600    0.268581      266519     22074.6    -858.017           2     25950.5      353577      379527    -21817.2    -887.252
      11500           0      266545     22101.6    -859.393           0     26969.3      375413      402382    -21835.8     -882.97
      11400    0.153893      266545     22133.3    -861.075           2     27977.4      397278      425255    -21865.3    -879.598
      11300           0      266561       22167    -862.347           0     28981.8      419179      448161    -21901.5    -877.091
      11200     0.19743      266561     22200.6    -862.931           2     29987.4      441115      471102    -21935.7    -875.124
      11100     0.17063      266581     22232.3    -863.446           2       31006      463082      494089    -21967.4    -873.676
      11000    0.151868      266598     22261.2    -864.148           2     32024.8      485079      517104    -21996.4    -872.564
      10900    0.267132      266613     22287.2    -864.751           2     33029.4      507099      540128    -22019.6    -871.729
      10800    0.560793      266640     22309.9    -865.151           2     34019.6      529143      563163    -22044.4    -871.154
      10700    0.151395      266696     22328.7    -865.528           2     35007.8      551205      586213    -22062.4    -870.845
      10600    0.135085      266711     22344.1    -865.952           2     35996.2      573283      609279    -22077.2    -870.472
      10500           0      266724     22357.6    -866.312           0     36982.5      595373      632355    -22090.1    -870.209
      10400    0.158284      266724     22369.4     -866.57           2     37967.9      617476      655444    -22103.2    -869.982
      10300   0.0914173      266740     22379.7    -866.765           2     38945.9      639591      678537    -22114.8    -869.898
      10200           0      266749     22388.5    -866.932           0     39923.7      661713      701637    -22122.8    -869.827
      10100    0.147249      266749     22396.1    -867.152           2     40915.6      683846      724762    -22132.4     -869.76
      10000           0      266764     22402.7    -867.408           0     41898.8      705985      747883    -22138.7    -869.799
       9900    0.167156      266764     22408.3    -867.681           2     42868.6      728129      770997      -22144      -869.8
       9800    0.532759      266781     22412.9    -867.965           2     43836.9      750278      794115    -22149.1    -869.908
       9700    0.157674      266834     22415.4    -868.265           2     44795.4      772430      817225    -22152.2     -870.18
       9600           0      266850     22416.3    -868.573           0     45750.6      794584      840334    -22153.7    -870.269
       9500   0.0817266      266850     22417.1    -868.884           2     46707.3      816739      863446      -22155    -870.315
       9400     1.23425      266859     22417.9    -869.163           2     47678.7      838891      886570    -22152.7    -870.438
       9300    0.119928      266981     22415.5    -869.415           2     48647.7      861043      909691    -22151.7    -871.055
       9200     0.22239      266993     22410.9    -869.645           2     49614.2      883190      932804    -22147.2    -871.093
       9100    0.159647      267016     22406.6    -869.851           2     50571.3      905335      955906    -22144.6    -871.212
       9000    0.121539      267031     22402.3    -870.041           2     51525.1      927478      979003      -22143    -871.318
       8900           0      267043     22398.4    -870.217           0     52488.4      949615  1.0021e+06    -22137.7    -871.425
       8800           0      267043     22394.9     -870.38           0     53439.3      971750 1.02519e+06    -22134.4    -871.494
       8700           0      267043     22392.2    -870.531           0     54381.7      993882 1.04826e+06    -22131.8    -871.586
       8600    0.111721      267044     22390.1    -870.673           2     55318.1 1.01601e+06 1.07133e+06    -22129.5    -871.693
       8500           0      267055     22388.1    -870.807           0     56259.8 1.03814e+06  1.0944e+06    -22127.4    -871.856
       8400    0.153745      267055     22386.4    -870.915           2     57197.6 1.06026e+06 1.11746e+06    -22125.1    -871.966
       8300           0      267070     22384.8    -870.991           0     58146.9 1.08239e+06 1.14054e+06    -22126.5    -872.143
       8200    0.169116      267070     22383.3    -871.042           2     59091.9 1.10451e+06 1.16361e+06    -22124.4    -872.241
       8100    0.082743      267087     22381.8    -871.073           2     60040.3 1.12664e+06 1.18668e+06    -22122.4    -872.409
       8000    0.140225      267095     22380.2    -871.088           2     60981.2 1.14876e+06 1.20974e+06    -22120.5    -872.521
       7900    0.131062      267109     22378.6    -871.083           2       61932 1.17088e+06 1.23281e+06    -22118.6    -872.649
       7800    0.151756      267122     22376.8    -871.059           2     62881.4 1.19299e+06 1.25587e+06    -22117.1    -872.757
       7700           0      267138     22374.9    -871.018           0     63829.5 1.21511e+06 1.27894e+06    -22114.5    -872.859
       7600    0.152892      267138     22373.3    -870.956           2     64780.8 1.23722e+06   1.302e+06    -22113.2    -872.882
       7500    0.565807      267153     22371.7    -870.877           2     65738.7 1.25933e+06 1.32507e+06    -22111.9    -872.972
       7400     0.26963      267210     22368.9    -870.837           2     66700.3 1.28144e+06 1.34814e+06    -22109.4    -873.215
       7300           0      267236       22365    -870.848           0     67663.1 1.30355e+06 1.37121e+06    -22103.7    -873.277
       7200           0      267236     22361.4    -870.881           0     68629.2 1.32564e+06 1.39427e+06    -22098.4    -873.222
       7100   0.0885407      267236     22358.7    -870.926           2     69595.4 1.34774e+06 1.41734e+06    -22096.4    -873.191
       7000    0.172106      267245     22356.4    -870.982           2     70553.3 1.36984e+06 1.44039e+06    -22098.8    -873.217
       6900     0.13747      267263     22354.1    -871.049           2     71510.4 1.39194e+06 1.46345e+06      -22096    -873.282
       6800           0      267276     22351.6    -871.124           0     72464.8 1.41402e+06 1.48649e+06    -22088.7    -873.327
       6700    0.160755      267276     22349.5    -871.204           2       73418 1.43611e+06 1.50953e+06    -22087.4    -873.317
       6600    0.358345      267293     22347.6    -871.289           2     74370.9  1.4582e+06 1.53257e+06    -22088.2    -873.391
       6500    0.135583      267328     22344.9    -871.382           2       75320 1.48028e+06  1.5556e+06    -22083.8    -873.541
       6400           0      267342     22341.9    -871.466           0       76268 1.50236e+06 1.57863e+06    -22080.7    -873.575
       6300   0.0662971      267342     22339.3    -871.532           2     77216.2 1.52444e+06 1.60166e+06    -22076.3    -873.559
       6200     1.22809      267349     22337.2    -871.587           2       78172 1.54651e+06 1.62469e+06    -22073.4    -873.595
       6100    0.566396      267472     22332.5    -871.651           2     79128.2 1.56858e+06 1.64771e+06    -22067.8     -874.11
       6000           0      267528     22324.8    -871.719           0     80073.4 1.59064e+06 1.67071e+06    -22059.3    -874.232
       5900    0.324203      267528     22317.6    -871.773           2     81020.2  1.6127e+06 1.69372e+06    -22053.9    -874.106
       5800           0      267560     22311.1    -871.819           0     81973.1 1.63474e+06 1.71671e+06    -22045.6     -874.16
       5700           0      267560     22305.1    -871.858           0       82916 1.65678e+06  1.7397e+06    -22039.2    -874.079
       5600   0.0845395      267560     22300.3     -871.89           2       83857 1.67881e+06 1.76267e+06    -22034.1    -874.032
       5500           0      267569     22296.2    -871.918           0     84807.8 1.70084e+06 1.78565e+06    -22029.8    -874.041
       5400           0      267569     22292.7    -871.976           0     85757.2 1.72287e+06 1.80863e+06    -22026.3    -874.023
       5300    0.206263      267569     22289.9    -872.074           2     86697.8 1.74489e+06 1.83159e+06    -22023.5    -874.023
       5200    0.131139      267589     22287.3    -872.201           2     87649.3 1.76691e+06 1.85456e+06    -22017.5    -874.123
       5100    0.144043      267602     22284.5    -872.348           2     88586.2 1.78893e+06 1.87751e+06    -22015.3    -874.185
       5000    0.126601      267617     22281.7    -872.509           2     89515.2 1.81094e+06 1.90045e+06    -22013.1    -874.257
       4900    0.472358      267630       22279    -872.681           2     90440.9 1.83295e+06 1.92339e+06      -22009    -874.328
       4800    0.137028      267677     22275.5    -872.869           2     91369.1 1.85495e+06 1.94632e+06    -22004.8    -874.547
       4700    0.539216      267691     22271.5    -873.067           2     92301.3 1.87695e+06 1.96925e+06      -22000    -874.602
       4600           0      267744     22266.8    -873.274           0     93222.7 1.89895e+06 1.99217e+06      -21997    -874.836
       4500    0.178324      267744       22262    -873.488           2     94140.4 1.92094e+06 2.01508e+06    -21992.9    -874.822
       4400     0.13389      267762     22257.8    -873.689           2     95055.9 1.94293e+06 2.03799e+06    -21986.7    -874.919
       4300    0.179587      267776     22253.8    -873.874           2     95972.3 1.96491e+06 2.06088e+06    -21982.3    -875.006
       4200           0      267793     22249.9    -874.053           0     96882.8 1.98689e+06 2.08377e+06    -21977.7    -875.123
       4100    0.117723      267794     22246.5    -874.224           2     97787.9 2.00887e+06 2.10665e+06    -21974.8     -875.17
       4000      0.2627      267805     22243.6    -874.392           2     98691.4 2.03084e+06 2.12953e+06    -21970.3    -875.287
       3900           0      267831     22240.4    -874.561           0     99590.9  2.0528e+06 2.15239e+06    -21965.5    -875.465
       3800    0.158157      267832     22237.5    -874.729           2      100491 2.07476e+06 2.17526e+06      -21964    -875.525
       3700           0      267847     22234.8    -874.915           0      101384 2.09673e+06 2.19811e+06    -21961.5    -875.667
       3600    0.147069      267847     22232.5    -875.204           2      102277 2.11869e+06 2.22096e+06    -21959.3    -875.748
       3500    0.139366      267862     22230.4    -875.568           2      103167 2.14064e+06 2.24381e+06    -21955.4    -875.916
       3400     1.21289      267877     22228.2    -875.976           2      104057  2.1626e+06 2.26665e+06    -21954.2    -876.096
       3300    0.164017      267997     22223.3    -876.425           2      104952 2.18454e+06  2.2895e+06    -21948.9    -876.718
       3200    0.110194      268014     22216.6    -876.884           2      105842 2.20649e+06 2.31233e+06    -21941.9    -876.824
       3100    0.137194      268025     22210.7    -877.256           2      106731 2.22842e+06 2.33515e+06      -21936     -876.95
       3000   0.0579133      268038     22205.5    -877.576           2      107614 2.25035e+06 2.35797e+06    -21930.9    -877.119
       2900    0.142906      268044     22200.9    -877.864           2      108495 2.27228e+06 2.38077e+06    -21925.4    -877.276
       2800     0.28381      268059     22196.7    -878.132           2      109374  2.2942e+06 2.40357e+06    -21921.4    -877.486
       2700           0      268087     22192.5    -878.395           0      110258 2.31611e+06 2.42637e+06    -21913.6    -877.757
       2600    0.161701      268087     22188.5    -878.676           2      111150 2.33803e+06 2.44918e+06    -21914.6    -877.904
       2500           0      268103       22185    -878.969           0      112027 2.35993e+06 2.47196e+06    -21907.1    -878.138
       2400    0.134596      268103       22182    -879.267           2      112900 2.38184e+06 2.49474e+06    -21904.4    -878.309
       2300   0.0883046      268117     22179.3    -879.568           2      113773 2.40374e+06 2.51751e+06    -21902.1    -878.551
       2200    0.106805      268125     22176.7    -879.866           2      114650 2.42564e+06 2.54029e+06      -21900    -878.775
       2100    0.156086      268136     22174.4    -880.137           2      115519 2.44754e+06 2.56306e+06    -21897.6     -879.01
       2000           0      268152     22172.1     -880.39           0      116386 2.46943e+06 2.58582e+06    -21895.2    -879.264
       1900           0      268152     22170.1     -880.63           0      117253 2.49133e+06 2.60858e+06    -21892.5     -879.45
       1800    0.158428      268152     22168.6    -880.857           2      118117 2.51322e+06 2.63134e+06      -21891    -879.646
       1700           0      268167     22167.3    -881.081           0      118979 2.53511e+06 2.65409e+06    -21888.6    -879.909
       1600           0      268167       22166    -881.315           0      119842 2.55699e+06 2.67683e+06    -21885.7    -880.098
       1500    0.130631      268168     22165.3    -881.552           2      120705 2.57888e+06 2.69958e+06    -21886.7    -880.294
       1400    0.149885      268181     22164.6    -881.794           2      121565 2.60077e+06 2.72233e+06    -21887.6    -880.547
       1300           0      268195     22163.6    -882.038           0      122427 2.62265e+06 2.74508e+06    -21885.9    -880.797
       1200    0.125845      268196     22162.8    -882.273           2      123300 2.64454e+06 2.76784e+06    -21884.3     -880.98
       1100           0      268208     22162.1    -882.456           0      124169 2.66642e+06 2.79059e+06    -21882.9    -881.218
       1000   0.0905371      268208     22161.5    -882.602           2      125035  2.6883e+06 2.81334e+06    -21881.7    -881.395
        900     1.21601      268218     22161.1    -882.716           2      125902 2.71018e+06 2.83608e+06    -21881.4    -881.612
        800           0      268339     22157.8    -882.817           0      126771 2.73206e+06 2.85883e+06    -21874.5    -882.243
        700    0.101515      268339     22152.9    -882.893           2      127638 2.75393e+06 2.88156e+06    -21868.8    -882.285
        600    0.127905      268349     22148.9     -882.92           2      128515 2.77579e+06 2.90431e+06    -21867.7    -882.391
        500    0.173055      268362     22145.4    -882.912           2      129395 2.79766e+06 2.92705e+06    -21864.7     -882.51
        400     0.31622      268379       22142    -882.873           2      130288 2.81952e+06 2.94981e+06    -21859.2    -882.641
        300    0.141376      268411     22138.2    -882.806           2      131172 2.84138e+06 2.97255e+06    -21860.5    -882.811
        200    0.169433      268425     22134.3    -882.703           2      132066 2.86324e+06  2.9953e+06      -21857    -882.886
        100     1.22866      268443     22130.7    -882.527           2      132947 2.88508e+06 3.01803e+06    -21849.2    -882.964
          0           0      268565     22124.4    -882.307           0      133819 2.90691e+06 3.04073e+06    -21823.9    -883.418