    20000         0         0   179.437   395.101         0   37.9292   14.2831   52.2123   14.2831   36.7423
    19900         0         0   179.437   394.163         0   69.3261   29.7361   99.0622   15.4531   36.6125
    19800         0         0   179.437    393.52         0   105.786   46.3592   152.145   16.6231   36.4832
    19700         0         0   179.437   393.261         0   135.205   60.5222   195.727   14.1631   36.3704
    19600         0         0   179.437   393.298         0   146.087   72.5053   218.592   11.9831   36.2902
    19500         0         0   179.437   391.554         0   168.613   82.0183   250.631   9.51306   36.2188
    19400  0.214712  0.214712   179.437   388.755         0   200.398   94.1013     294.5    12.083   36.0106
    19300   116.023   137.494   179.796   385.589         2   231.109   105.855   336.964   11.7535    1.2324
    19200         0   11623.8   106.024   307.168         0   329.142   191.411   520.553   85.5564  -707.652
    19100         0   11623.8   62.9379   281.513         0   450.428   319.563   769.992   128.152  -646.906
    19000         0   11623.8   50.9747   273.344         0   579.384   460.489   1039.87   140.925  -594.129
    18900         0   11623.8   47.1328   267.222         0   711.763   606.066   1317.83   145.577  -547.206
    18800         0   11623.8   45.9671   262.668         0   857.335   750.069    1607.4   144.003  -504.697
    18700         0   11623.8   45.8584   260.987         0   1014.33    895.48   1909.81   145.412  -466.144
    18600         0   11623.8   46.2386   261.088         0   1183.05   1043.14   2226.19   147.661  -431.401
    18500         0   11623.8   46.8647   262.189         0    1356.8    1184.4    2541.2   141.255  -400.364
    18400         0   11623.8   47.6125    263.93         0   1494.22   1324.45   2818.68   140.057  -372.886
    18300         0   11623.8   48.4107   263.666         0   1616.29   1464.06   3080.35   139.609  -348.774
    18200         0   11623.8   49.2159   262.046         0   1764.54   1602.87   3367.41   138.804  -327.817
    18100         0   11623.8   50.0012   261.042         0   1934.26   1740.36   3674.62   137.492  -309.758
    18000         0   11623.8   50.7502   260.137         0   2096.98   1877.66   3974.64   137.303  -294.294
    17900         0   11623.8   51.4537   262.164         0   2249.36   2015.68   4265.04   138.016  -281.109
    17800         0   11623.8   52.1068   265.918         0   2396.58    2153.9   4550.48   138.223   -269.86
    17700         0   11623.8   52.7081   266.529         0   2540.84   2290.91   4831.75   137.012  -260.267
    17600         0   11623.8   53.2582   265.321         0    2672.2   2431.38   5103.58   140.467  -252.161
    17500         0   11623.8   53.7592   267.925         0   2784.99   2571.01      5356   139.626  -245.346
    17400         0   11623.8   55.2154   295.574         0   2864.93   2707.57    5572.5   136.567  -239.969
    17300         0   11623.8    55.927   310.753         0   2938.82   2844.37   5783.19   136.796  -233.299
    17200         0   11623.8   56.4396   321.926         0   2999.82   2985.02   5984.84   140.645  -227.002
    17100         0   11623.8   56.8841   330.492         0   3036.48   3126.76   6163.24   141.746  -221.288
    17000         0   11623.8   57.2943   337.093         0   3072.13   3271.57   6343.69   144.806  -216.164
    16900         0   11623.8   57.6808   336.171         0   3112.49   3417.51      6530   145.944  -211.646
    16800         0   11623.8   58.0482   330.179         0   3151.64   3564.65   6716.29   147.142  -207.859
    16700         0   11623.8   58.3995   322.086         0   3188.28   3714.14   6902.42   149.491  -204.858
    16600         0   11623.8   58.7368   312.022         0   3227.29   3868.56   7095.85   154.413  -202.615
    16500         0   11623.8    59.062   315.512         0   3258.94   4017.85   7276.79   149.291  -200.977
    16400         0   11623.8   59.3765   327.494         0   3272.13   4172.44   7444.57   154.591  -199.472
    16300   3.27856     11627   59.6818   335.941         0   3272.37   4325.27   7597.65   152.834  -198.351
    16200         0   11951.6   61.7253   338.138         0   3276.59   4482.99   7759.58    157.72  -239.802
    16100         0   11951.6   63.7525   323.795         0   3281.94   4642.98   7924.91   159.985  -230.699
    16000         0   11951.6    64.542   301.884         0   3302.81   4802.14   8104.95   159.161  -223.704
    15900   199.922   12151.5   64.9738   290.943         2   3331.18   4961.02    8292.2   158.879  -247.326
    15800         0   31943.9   44.8322   276.455         0   3367.46   5138.55   8506.01   177.528  -821.617
    15700         0   31943.9   34.2762   278.216         0   3398.95   5327.78   8726.73   189.234  -789.319
    15600         0   31943.9   30.7456   282.447         0   3423.46   5519.79   8943.26   192.014  -759.154
    15500         0   31943.9   28.9734   286.518         0   3441.88   5714.35   9156.23   194.557  -730.982
    15400         0   31943.9    27.969   290.197         0   3449.33   5910.39   9359.71   196.036  -704.483
    15300  0.630547   31944.5   27.3897   295.614         0   3456.26   6110.31   9566.57   199.927  -679.515
    15200  0.894267   32007.8   27.1829   301.799         0   3470.17    6311.2   9781.37    200.89  -657.471
    15100   1.14003   32097.5    27.336    315.07         0   3499.89   6512.64   10012.5   201.437  -637.602
    15000   1.27827   32211.6   27.7537   333.722         0   3551.56   6714.19   10265.8   201.549  -619.809
    14900    1.3681   32339.5   28.3638   348.977         0      3621   6914.47   10535.5   200.283  -603.668
    14800   1.27494   32476.3    29.102   361.024         0   3706.96   7114.65   10821.6   200.177  -588.951
    14700  0.513656     32603   29.8829   349.563         0   3783.52   7313.76   11097.3   199.112  -574.984
    14600  0.393878   32654.2    30.267   295.285 0.0566648   3833.77   7519.33   11353.1   205.573  -558.501
    14500         0   32693.2   30.6056   258.746         0   3857.97   7728.08     11586   208.742  -545.946
    14400         0   32693.2   30.6988   233.521         0   3865.89   7938.73   11804.6   210.655  -533.814
    14300         0   32693.2   30.6539    212.08         0    3868.1   8147.23   12015.3   208.496  -523.398
    14200         0   32693.2   30.6022   193.514         0   3883.44   8355.18   12238.6    207.95  -514.429
    14100         0   32693.2   30.5631   182.623         0   3903.69   8562.95   12466.6    207.77  -506.723
    14000         0   32693.2   30.5379   177.554         0   3935.24    8769.4   12704.6   206.447   -500.08
    13900         0   32693.2   30.5251   170.866         0   3973.69   8979.44   12953.1   210.045  -494.346
    13800         0   32693.2   30.5226   162.954         0   4005.43   9187.43   13192.9   207.992  -489.444
    13700         0   32693.2   30.5285   156.765         0   4054.99   9398.25   13453.2   210.822  -485.302
    13600         0   32693.2   30.5411   151.803         0   4098.85   9608.92   13707.8   210.664  -481.822
    13500         0   32693.2   30.5589   156.646         0   4141.45   9814.19   13955.6   205.271   -478.89
    13400         0   32693.2   30.5809   169.056         0   4177.49   10022.6   14200.1   208.459  -476.323
    13300         0   32693.2   30.6062   168.869         0   4211.35   10228.9   14440.3   206.254  -474.019
    13200         0   32693.2   30.9887   170.859         0   4246.84   10437.8   14684.7   208.926  -471.093
    13100         0   32693.2   31.0993   172.942         0   4280.85   10642.6   14923.4   204.766  -466.822
    13000         0   32693.2   31.1491   175.165         0   4326.56   10849.9   15176.5   207.337  -462.694
    12900         0   32693.2   31.1844   179.516         0   4359.06   11057.5   15416.5   207.523  -458.968
    12800         0   32693.2   31.2114   185.422         0   4383.78   11267.1   15650.9   209.671   -455.64
    12700         0   32693.2   31.2438   187.138         0   4414.37   11478.5   15892.9   211.359  -452.676
    12600         0   32693.2   31.2856   185.511         0   4464.65   11692.3     16157   213.864    -450.1
    12500         0   32693.2   31.3313   184.618         0   4513.16     11908   16421.2   215.656  -447.925
    12400         0   32693.2   31.3792   184.126         0   4564.27   12122.7     16687   214.721  -446.106
    12300         0   32693.2   31.4285   182.277         0   4604.92   12338.1     16943   215.358  -444.599
    12200         0   32693.2   31.4787   179.334         0   4631.73   12555.9   17187.6   217.824  -443.384
    12100         0   32693.2   31.5297    178.69         0   4649.34   12776.8   17426.2   220.912  -442.434
    12000         0   32693.2   31.5812   179.761         0    4657.1   12995.3   17652.4   218.516  -441.686
    11900  0.258544   32693.5   31.6331   182.867  0.442113   4657.83   13218.3   17876.1   222.921  -441.095
    11800   5.89119     32725   31.7383   187.376         0    4666.1   13441.6   18107.7   223.302  -442.817
    11700  0.351147   33308.5   33.5342   196.731  0.148743   4687.08   13664.6   18351.7   223.048   -480.06
    11600         0   33343.3   35.4803   187.801         0   4705.77   13886.5   18592.3   221.884  -475.789
    11500         0   33343.3   35.3699   167.245         0   4713.58   14116.9   18830.5   230.397  -472.915
    11400         0   33343.3   35.0228   135.909         0   4724.62   14349.8   19074.4   232.929  -471.714
    11300         0   33343.3   34.7368   118.537         0   4748.19   14580.6   19328.7   230.741   -471.52
    11200         0   33343.3   34.5254   110.217         0   4780.61   14810.9   19591.5   230.325  -471.771
    11100         0   33343.3   34.3752   97.9383         0   4837.87   15041.4   19879.3   230.525  -472.169
    11000         0   33343.3   34.2731   83.1964         0   4909.27   15271.9   20181.2   230.527  -472.673
    10900         0   33343.3    34.208   73.4661         0   4975.68   15505.3     20481   233.392  -473.269
    10800         0   33343.3   34.1713   67.1401         0   5033.62   15736.7   20770.3   231.379  -473.887
    10700         0   33343.3    34.156   60.1696         0   5096.11   15968.8   21064.9   232.069   -474.49
    10600         0   33343.3    34.157   52.8704         0   5165.66   16201.5   21367.2   232.743  -475.093
    10500         0   33343.3     34.17   48.1284         0   5237.48   16434.8   21672.3    233.33  -475.707
    10400         0   33343.3    34.192   45.1946         0   5311.18   16666.9     21978   232.008  -476.309
    10300         0   33343.3   34.2206   43.6596         0   5378.72   16897.5   22276.3   230.679  -476.883
    10200         0   33343.3   34.2541   42.3944         0    5447.2     17129   22576.2   231.446  -477.419
    10100         0   33343.3    34.291   39.9274         0   5532.08   17358.4   22890.5   229.409  -477.932
    10000         0   33343.3   34.3306    36.814         0   5610.97   17588.1     23199   229.669  -478.443
     9900         0   33343.3   34.3719   33.2681         0   5679.84     17818   23497.8   229.928  -478.968
     9800         0   33343.3   34.4145   29.3716         0   5750.84   18047.3   23798.2   229.329  -479.514
     9700         0   33343.3   34.4581   25.1952         0    5815.9     18276   24091.9   228.729  -480.088
     9600         0   33343.3   34.5023   20.7951         0   5881.69   18504.2   24385.9   228.129  -480.692
     9500         0   33343.3    34.547   16.2139         0   5953.28   18731.7     24685   227.528   -481.33
     9400         0   33343.3    34.592   12.7486         0    6042.8   18962.3   25005.1   230.608  -481.997
     9300         0   33343.3   34.6372    10.071         0   6132.29   19191.5   25323.8   229.163  -482.677
     9200         0   33343.3   34.6827   7.99527         0   6221.12   19420.5   25641.6   229.017  -483.359
     9100         0   33343.3   34.7282   6.37688         0   6302.01   19647.8   25949.8   227.272  -484.034
     9000         0   33343.3   34.7738   5.12466         0   6380.62   19872.3   26252.9   224.526  -484.698
     8900         0   33343.3   34.8196   4.19558         0    6469.6   20098.1   26567.7    225.83  -485.347
     8800         0   33343.3   34.8654   3.52223         0   6546.56   20323.8   26870.3    225.66  -485.979
     8700         0   33343.3   34.9112   3.05532         0   6615.39   20549.3   27164.7   225.489  -486.591
     8600         0   33343.3   34.9572   2.75748         0   6678.29   20774.9   27453.2   225.593  -487.183
     8500         0   33343.3   35.0032   2.59657         0    6746.6   21000.6   27747.2   225.697  -487.755
     8400         0   33343.3   35.0493   3.22148         0   6810.34   21226.8   28037.1   226.251  -488.302
     8300         0   33343.3   35.0955   4.42029         0   6884.18     21450   28334.2   223.204  -488.818
     8200         0   33343.3   35.1418   6.08296         0   6952.04   21673.7   28625.8   223.733  -489.293
     8100         0   33343.3   35.1882   8.13434         0   7021.25     21898   28919.3   224.262  -489.725
     8000         0   33343.3   35.2346   10.4962         0   7080.61   22122.5   29203.1    224.49  -490.111
     7900         0   33343.3   35.2812   13.2181         0   7147.11   22347.2   29494.3   224.719  -490.447
     7800         0   33343.3   35.3279   16.2243         0   7209.17   22571.6   29780.8   224.372  -490.732
     7700         0   33343.3   35.3746   19.4847         0   7266.75   22796.6   30063.4   225.025  -490.964
     7600         0   33343.3   35.4215   22.9918         0   7324.14   23021.3   30345.4   224.678  -491.142
     7500         0   33343.3   35.4685   26.6946         0   7384.51   23245.6   30630.2   224.356  -491.264
     7400         0   33343.3   35.5156   28.9231         0   7446.29   23469.7     30916   224.034  -491.336
     7300         0   33343.3   35.5629   30.1286         0   7508.11   23695.4   31203.5   225.712  -491.379
     7200         0   33343.3   35.6102   30.5508         0   7572.76   23922.8   31495.5    227.39   -491.41
     7100         0   33343.3   35.6577   30.3693         0   7637.69   24149.4   31787.1   226.642  -491.439
     7000         0   33343.3   35.7052   29.7126         0   7694.87   24371.3   32066.2   221.895  -491.471
     6900         0   33343.3   35.7529   28.6957         0   7752.24   24593.7   32345.9   222.347  -491.512
     6800         0   33343.3   35.8008   27.3939         0   7808.19   24820.8     32629   227.099  -491.563
     6700         0   33343.3   35.8487   25.8852         0   7864.23     25047   32911.3   226.251  -491.625
     6600         0   33343.3   35.8968   24.2431         0   7921.64   25270.5   33192.2   223.503    -491.7
     6500         0   33343.3    35.945   22.4873         0    7976.9   25495.7   33472.6   225.155  -491.786
     6400         0   33343.3   35.9933   21.1259         0   8032.23   25720.9   33753.1   225.207  -491.883
     6300         0   33343.3   36.0418   20.0331         0   8088.87   25947.8   34036.7   226.908  -491.983
     6200         0   33343.3   36.0904   19.1615         0    8153.9   26175.5   34329.4    227.71  -492.081
     6100         0   33343.3   36.1391   18.4871         0   8220.06     26404   34624.1   228.511  -492.173
     6000         0   33343.3    36.188   17.9628         0   8275.51   26633.3   34908.8   229.312  -492.259
     5900         0   33343.3   36.2369   17.5589         0      8333   26860.8   35193.8   227.463  -492.335
     5800         0   33343.3   36.2861   17.2507         0   8396.78     27090   35486.8   229.214  -492.401
     5700         0   33343.3   36.3353   17.0196         0   8450.81   27319.6   35770.4   229.565  -492.457
     5600         0   33343.3   36.3847   16.8515         0    8503.1   27549.3   36052.4   229.765  -492.503
     5500         0   33343.3   36.4342   16.7344         0   8565.27   27779.3   36344.6   229.966  -492.538
     5400         0   33343.3   36.4838   15.5214         0   8627.13   28009.2   36636.4   229.941  -492.566
     5300         0   33343.3   36.5336   13.5468         0    8682.1   28239.2   36921.3   229.916  -492.604
     5200         0   33343.3   36.5835   11.0055         0   8750.39   28472.4   37222.8   233.216  -492.663
     5100         0   33343.3   36.6336   8.05691         0   8806.92   28704.9   37511.9   232.566  -492.749
     5000         0   33343.3   36.6838   4.77549         0    8858.6   28936.9   37795.5   231.916  -492.866
     4900         0   33343.3   36.7341    1.2756         0   8910.42   29170.1   38080.5   233.266  -493.016
     4800         0   33343.3   36.7846  -2.40517         0   8968.11   29404.1   38372.2   233.965  -493.199
     4700         0   33343.3   36.8352  -6.20829         0   9033.44   29638.7   38672.2   234.665  -493.417
     4600         0   33343.3   36.8859  -10.0712         0   9091.68   29871.7   38963.3   232.914  -493.668
     4500         0   33343.3   36.9368  -13.9965         0    9149.9   30103.8   39253.7   232.163  -493.952
     4400         0   33343.3   36.9878  -17.3829         0   9209.05   30337.9     39547   234.112  -494.265
     4300         0   33343.3    37.039   -20.405         0   9271.95   30572.4   39844.3   234.461  -494.599
     4200         0   33343.3   37.0903  -23.1374         0   9331.55   30807.5   40139.1    235.11  -494.947
     4100         0   33343.3   37.1417  -25.6255         0   9388.13   31042.1   40430.2   234.558  -495.305
     4000         0   33343.3   37.1933  -27.9291         0   9445.16   31278.2   40723.3   236.107  -495.671
     3900         0   33343.3   37.2451  -30.0889         0   9500.15   31515.8     41016   237.655  -496.041
     3800         0   33343.3   37.2969  -32.1374         0   9557.28     31752   41309.3   236.153  -496.415
     3700         0   33343.3    37.349  -35.0693         0   9611.22     31988   41599.2   235.976  -496.794
     3600         0   33343.3   37.4011  -40.2886         0   9669.26   32223.8     41893   235.799    -497.2
     3500         0   33343.3   37.4535  -46.9243         0   9730.52   32461.3   42191.8   237.547  -497.667
     3400         0   33343.3   37.5059  -54.2704         0   9798.65   32697.8   42496.4   236.494   -498.21
     3300         0   33343.3   37.5585  -62.2218         0   9879.37   32934.6     42814   236.791  -498.836
     3200         0   33343.3   37.6113  -69.7012         0   9961.96   33171.7   43133.6   237.089  -499.548
     3100         0   33343.3   37.6642   -75.248         0   10048.7   33408.7   43457.3   236.986  -500.322
     3000         0   33343.3   37.7172  -79.6707         0   10134.2   33645.5   43779.8   236.883  -501.127
     2900         0   33343.3   37.7704  -83.1933         0   10220.7   33883.3   44103.9    237.73  -501.945
     2800         0   33343.3   37.8238   -86.018         0   10307.6   34120.8   44428.3   237.476  -502.764
     2700         0   33343.3   37.8773  -88.5891         0   10402.1   34361.8   44763.9   241.023  -503.574
     2600         0   33343.3   37.9309  -91.4376         0   10506.4   34597.7   45104.1   235.969  -504.379
     2500         0   33343.3   37.9847  -94.3875         0   10598.9   34837.7   45436.5   239.915  -505.186
     2400         0   33343.3   38.0387  -97.3531         0   10689.9   35077.2   45767.1   239.561  -505.997
     2300         0   33343.3   38.0928  -100.337         0   10783.5   35316.3   46099.8   239.057  -506.816
     2200         0   33343.3   38.1471  -103.068         0   10884.1   35554.8   46438.9   238.553  -507.642
     2100         0   33343.3   38.2015  -105.161         0   10977.7   35793.4   46771.2   238.599   -508.47
     2000         0   33343.3    38.256  -106.863         0   11071.5   36032.1   47103.6   238.644   -509.29
     1900         0   33343.3   38.3108  -108.249         0   11165.9   36271.3   47437.2   239.223  -510.099
     1800         0   33343.3   38.3657  -109.388         0   11258.9   36510.6   47769.5   239.301  -510.891
     1700         0   33343.3   38.4207  -110.491         0   11350.2   36750.8     48101   240.206  -511.667
     1600         0   33343.3   38.4759  -111.827         0   11443.9   36992.6   48436.5   241.812  -512.427
     1500         0   33343.3   38.5312  -113.276         0   11537.7   37232.6   48770.4   240.014  -513.178
     1400         0   33343.3   38.5868  -114.825         0   11630.8     37471   49101.8   238.363  -513.921
     1300         0   33343.3   38.6424  -116.448         0   11727.5   37710.1   49437.6   239.094  -514.659
     1200         0   33343.3   38.6983  -117.649         0   11835.6   37949.9   49785.5   239.815  -515.392
     1100         0   33343.3   38.7543  -117.743         0   11939.9   38190.4   50130.2   240.456   -516.11
     1000         0   33343.3   38.8104   -117.16         0     12041   38431.3   50472.3   240.955  -516.795
      900         0   33343.3   38.8668  -115.878         0   12141.2   38672.1   50813.3   240.783   -517.44
      800         0   33343.3   38.9232  -114.061         0     12241   38916.5   51157.5   244.397  -518.034
      700         0   33343.3   38.9799  -111.634         0   12336.6   39161.6   51498.2   245.087  -518.573
      600         0   33343.3   39.0367  -108.426         0   12439.8   39403.7   51843.5   242.138  -519.049
      500         0   33343.3   39.0937   -104.67         0     12541   39645.3   52186.3   241.549  -519.454
      400         0   33343.3   39.1508  -100.362         0   12651.8   39888.8   52540.7   243.577  -519.783
      300         0   33343.3   39.2081  -95.6214         0     12749   40127.4   52876.3   238.519  -520.033
      200         0   33343.3   39.2656  -90.0846         0   12849.7   40365.4   53215.1   238.027  -520.199
      100         0   33343.3   39.3233  -83.1924         0   12931.8   40607.5   53539.3   242.132  -520.269
        0         0   33343.3   39.3811  -75.4063         0   12996.8   40868.7   53865.5   261.177  -520.228