      20000           0           0     179.437     422.474           0     10.5556     14.2831     24.8387     14.2831     56.8639
      19900           0           0     179.437     421.518           0     14.5972     29.7361     44.3333     15.4531     56.7317
      19800           0           0     179.437     420.863           0     23.7142     46.3592     70.0734     16.6231     56.5998
      19700           0           0     179.437     420.599           0     25.7949     60.5222     86.3171     14.1631     56.4849
      19600    0.433702    0.433702     179.437     420.636    0.161024     42.2514     72.5052     114.757      11.983     56.2857
      19500           0     43.3702     180.101     417.715           0     45.8861     81.3543      127.24     8.84908     46.1518
      19400           0     43.3702     180.894     413.989           0     52.4374     91.9803     144.418     10.6261     48.2511
      19300           0     43.3702     181.276     410.935           0     57.8025     102.254     160.057      10.274      49.644
      19200     0.30583     43.6761     181.467     408.053           0     60.6557     112.367     173.023     10.1126     50.4417
      19100    0.276783       74.23       182.1     406.185    0.073999     64.0412     121.357     185.398     8.99036     43.8305
      19000 0.000643926     101.632     183.242     404.878     1.08029     66.6192     130.015     196.634     8.65777     39.3948
      18900           0     101.696     184.108     402.294           0     69.3134     138.617     207.931     8.60204     42.1188
      18800           0     101.696     184.512     399.143           0     78.4107     144.076     222.486     5.45844      44.008
      18700           0     101.696     184.686     397.025           0     99.3657      150.66     250.026     6.58449     45.2496
      18600           0     101.696     184.732      395.45           0     133.726     159.828     293.554     9.16792     46.0419
      18500           0     101.696     184.704     394.024           0     175.642     163.244     338.886     3.41636     46.5077
      18400           0     101.696      184.63      392.72           0     184.271     166.284     350.555     3.03975     46.7282
      18300           0     101.696      184.53     389.686           0     188.227     169.774     358.001     3.48962     46.7342
      18200           0     101.696     184.416     385.576           0     212.951     173.378     386.329     3.60422     46.4841
      18100           0     101.696     184.294     382.098           0     261.613     176.577      438.19     3.19914     45.9945
      18000           0     101.696     184.171     378.859           0     305.614      180.46     486.074     3.88266     45.3309
      17900           0     101.696     184.048     378.004           0     342.149     185.881     528.031     5.42159      44.564
      17800           0     101.696     183.929     378.621           0     376.668     192.282      568.95     6.40067     43.8252
      17700           0     101.696     183.815     376.822           0     410.636     198.187     608.824     5.90543     43.1248
      17600           0     101.696     183.705     373.697           0     433.619     208.208     641.827     10.0203     42.3441
      17500    0.327829     102.024       183.6      373.85           0     440.489     217.993     658.481     9.78495     41.4192
      17400    0.240929      134.72     186.572     405.606    0.232575     470.584     223.203     693.787     5.21025      32.061
      17300    0.232372     158.804     188.037     414.815      0.2628      500.76      227.89     728.649     4.68673     27.7397
      17200    0.318361     182.127     189.222     420.099           0     537.928     235.752     773.681     7.86273     24.7686
      17100    0.312587     213.958     190.611     422.895           0     593.673     243.771     837.444      8.0188     20.5643
      17000    0.344355     245.248     192.352      423.93           0     644.863     253.519     898.383     9.74805     17.3527
      16900    0.392124     279.731     194.409     418.904    0.120712     687.237     262.736     949.973     9.21635     13.9213
      16800    0.298694      318.85     196.751     409.622           0     727.529     271.174     998.703     8.43857     9.70089
      16700    0.298993      348.72      199.26     399.034           0     767.833     279.804     1047.64     8.63017     7.79155
      16600    0.352893     378.673     201.862      387.31           0     804.113     291.092      1095.2     11.2881     5.52432
      16500    0.160534      413.77     204.619     386.342     0.75472     843.295     294.827     1138.12      3.7343      1.9631
      16400    0.249118     429.912     207.205     392.924    0.142121     895.529     301.589     1197.12     6.76253     3.28937
      16300     636.178     1090.75     209.559     396.491           2     956.319     304.546     1260.87     2.95705    -134.616
      16200    0.744739     64073.1     78.1594     332.886           0     957.354     445.832     1403.19     141.286    -930.081
      16100      1.1227     64147.9     37.3765     345.382           0     973.596     632.193     1605.79     186.361    -910.159
      16000     1.58803     64260.7     26.5699     348.729           0     999.566     829.326     1828.89     197.133    -892.743
      15900     1.86895     64419.8     21.7938     360.364           0     1040.62     1031.39        2072     202.059    -877.432
      15800     2.05343     64606.8     19.3649     376.373           0     1104.25     1234.38     2338.63     202.995    -863.378
      15700      2.1224     64812.3     18.1221     393.127           0     1187.68     1439.77     2627.45     205.388    -850.052
      15600     2.12806     65024.5     17.5498     408.623           0     1289.34     1644.98     2934.32      205.21    -837.153
      15500     2.09296     65237.3     17.3796         420           0      1404.4     1851.13     3255.53      206.15    -824.535
      15400     2.08065     65446.6     17.4587     426.194           0     1532.96     2057.68     3590.63     206.546     -812.14
      15300     2.06934     65654.6     17.6984     429.314           0     1673.59     2267.29     3940.88     209.618    -799.998
      15200     2.05372     65861.5     18.0471     430.373           0     1816.07     2477.32     4293.39     210.026    -788.147
      15100     1.37447     66066.2     18.4702     435.889           0     1966.61     2687.62     4654.23     210.303    -776.614
      15000      2.0989     66204.4     18.8647     448.019           0     2132.58     2898.06     5030.64     210.438    -764.735
      14900     2.08976     66414.3     19.2854     459.779           0     2312.82     3107.42     5420.24     209.361    -754.067
      14800     1.99088     66623.1     19.8104     468.388           0     2506.15     3316.89     5823.04     209.468     -743.77
      14700     1.32748     66821.6     20.3601     455.577           0     2688.72     3525.52     6214.24     208.634    -733.753
      14600     1.25597     66954.2     20.8602     404.387           0     2848.07      3740.5     6588.58      214.98    -722.082
      14500     1.13871     67079.7     21.1928      359.54           0     2973.06     3958.66     6931.72     218.155    -712.837
      14400     1.00699     67193.5     21.4346     324.788           0     3072.25     4178.58     7250.83     219.919    -704.576
      14300    0.884532       67294     21.6213     293.751           0     3151.72     4396.11     7547.83     217.529    -696.961
      14200    0.751098     67382.4     21.7625     265.184           0     3208.05      4612.9     7820.95      216.79    -689.923
      14100    0.666791     67457.4     21.8608      244.06           0     3249.23     4829.37      8078.6     216.473    -683.405
      14000    0.338885     67523.7     21.9289     230.112    0.234276     3270.25     5044.43     8314.67     215.056    -677.464
      13900           0     67557.3     21.9031     216.889           0     3277.82     5263.09     8540.91     218.667    -671.498
      13800           0     67557.3     21.7544     204.117           0     3287.24     5479.85     8767.09     216.761    -665.523
      13700           0     67557.3     21.5792     194.373           0     3299.18     5699.62     8998.81     219.771    -660.394
      13600           0     67557.3     21.4377     187.212           0     3307.64     5919.39     9227.03     219.767    -656.018
      13500    0.192506     67557.5     21.3297     190.014    0.623789     3316.87     6133.89     9450.76       214.5    -652.294
      13400   0.0102328     67576.5     21.2812     202.214     1.08782     3319.75     6351.65      9671.4     217.759    -649.585
      13300   0.0671078     67577.6     21.2445     205.165    0.941809     3322.18     6567.27     9889.44     215.615    -646.699
      13200           0     67584.3     21.3155     203.133           0      3325.4     6785.87     10111.3     218.599    -643.952
      13100           0     67584.3     21.3293     201.164           0     3331.18      7000.4     10331.6     214.536    -639.986
      13000           0     67584.3      21.328     200.067           0     3351.99     7217.56     10569.5     217.158    -636.148
      12900           0     67584.3     21.3245     201.411           0     3362.59     7434.94     10797.5     217.383    -632.681
      12800           0     67584.3     21.3199     205.051           0     3367.68      7654.5     11022.2     219.562    -629.602
      12700           0     67584.3     21.3203     205.706           0      3379.7     7875.79     11255.5     221.282    -626.879
      12600           0     67584.3     21.3259     202.875           0     3412.62     8099.61     11512.2     223.824    -624.499
      12500     4.43183     67588.7     21.3344      200.25           0      3445.5     8325.26     11770.8     225.653    -622.611
      12400           0     68027.5     22.1076     194.731           0        3486     8549.26     12035.3     223.992    -634.085
      12300           0     68027.5     22.8486     183.929           0        3525     8773.19     12298.2     223.937    -630.324
      12200      0.0055     68027.5      22.962     173.435         1.1     3557.71     8999.53     12557.2      226.34    -627.245
      12100           0       68028     22.9382      166.67           0     3587.34     9229.04     12816.4     229.504    -624.734
      12000           0       68028     22.8912     163.299           0     3611.57     9456.24     13067.8     227.206    -622.679
      11900           0       68028     22.8454     163.289           0     3631.87     9687.95     13319.8     231.709    -621.008
      11800    0.161437     68028.2     22.8059     166.086    0.702791     3644.89     9920.19     13565.1     232.234    -619.637
      11700    0.624252     68044.8     22.7905     180.626           0     3649.76       10154     13803.7     233.792    -618.989
      11600    0.640546     68107.2     22.7389     197.143           0     3677.79     10388.6     14066.4     234.625    -621.285
      11500    0.419623       68171     22.9155     193.978   0.0121407     3712.34     10631.5     14343.8     242.851    -625.031
      11400    0.333769     68212.9     23.0591     171.165    0.239527     3736.55     10876.3     14612.9     244.893    -627.971
      11300    0.236837     68246.2     23.1265     154.671     0.49524     3749.11     11118.7     14867.8     242.351    -630.437
      11200           0     68269.7     23.1384     146.469           0     3752.94     11360.4     15113.4     241.712    -632.329
      11100           0     68269.7     23.0888     135.252           0     3772.88     11602.2     15375.1     241.811     -633.26
      11000           0     68269.7     23.0202     120.514           0     3806.97       11844       15651      241.78    -634.115
      10900           0     68269.7     22.9669     109.317           0     3837.52     12088.6     15926.2     244.633    -634.917
      10800           0     68269.7      22.929     101.757           0     3860.85     12331.3     16192.1     242.621    -635.658
      10700           0     68269.7     22.9035     94.0939           0     3889.41     12574.6       16464     243.321    -636.331
      10600 0.000335027     68269.7     22.8878     85.9193           2     3925.91     12818.6     16744.5     244.012    -636.954
      10500     1.34085       68271     22.8797     79.9303           0     3965.94     13063.2     17029.1      244.62     -637.59
      10400           0     68403.8     23.2501     74.2756           0     4010.56     13306.2     17316.7      242.95    -642.026
      10300   0.0270491     68403.8     23.4906     69.0159           2     4052.74     13547.6     17600.3     241.409    -641.726
      10200           0     68406.5     23.4592     65.4316           0     4098.18     13789.8       17888     242.241    -641.655
      10100     154.956     68561.4     23.4135     61.4777           0     4161.51     14030.1     18191.6     240.287    -646.671
      10000    0.655241     83902.8     101.828    -266.698           0     4543.91     14192.3     18736.2     162.172    -841.886
       9900    0.799658     83968.4     152.809    -424.521           0     5070.57     14303.8     19374.3     111.491    -820.723
       9800    0.923379     84048.5     142.911    -476.997           0     5647.94     14424.6     20072.5     120.833    -801.062
       9700     1.02661       84141     129.502    -501.998           0     6240.19     14558.3     20798.5     133.686    -783.847
       9600     1.10822     84243.7     119.022    -512.593           0     6839.37     14701.9     21541.3     143.609    -769.139
       9500     1.14044     84354.6     111.462    -515.584           0     7442.76     14852.5     22295.3     150.613    -756.746
       9400     1.18552     84468.7     106.157    -513.909           0     8058.94     15011.5     23070.5     159.043    -746.367
       9300     1.20673     84587.2     102.543    -510.326           0     8668.82     15172.8     23841.6     161.257    -737.775
       9200     1.22284     84707.9     100.179    -506.265           0     9271.92     15336.3     24608.2     163.521    -730.691
       9100     1.22838     84830.2      98.731    -502.472           0     9861.65     15499.6     25361.2     163.269    -724.892
       9000     1.22665       84953     97.9529    -499.284           0     10444.7     15660.9     26105.6     161.347    -720.165
       8900     1.23276     85075.7     97.6611    -496.791           0     11034.6     15823.9     26858.6     162.989     -716.33
       8800      1.2325       85199     97.7293    -495.008           0     11610.1     15986.7     27596.8     162.796    -713.258
       8700     1.23061     85322.2     98.0619    -493.874           0     12175.9     16149.1     28324.9     162.338    -710.809
       8600    0.938333       85445     98.5859    -493.294           0     12734.8       16311     29045.9     161.964    -708.869
       8500     1.22701     85539.1     99.0646    -492.959           0     13298.7     16472.7     29771.4     161.635    -706.793
       8400     1.22334     85661.8     99.7161    -492.492           0     13858.2     16634.2     30492.4     161.584    -705.752
       8300     1.20914     85784.1     100.561    -492.197           0     14428.6       16792     31220.6     157.739    -704.955
       8200     1.20455     85905.1     101.462    -492.002           0     14994.6     16949.4       31944     157.413    -704.335
       8100     1.19972     86025.5     102.393    -491.872           0     15563.8     17106.5     32670.2     157.057    -703.876
       8000      1.1938     86145.5     103.347    -491.797           0     16125.4     17262.8     33388.3     156.378    -703.544
       7900     1.18773     86264.8     104.317    -491.677           0     16696.8     17418.5     34115.3     155.683    -703.309
       7800     1.17992     86383.6     105.297    -491.543           0     17266.7     17572.9     34839.6     154.403    -703.148
       7700     1.11868     86501.5     106.282    -491.377           0     17835.1       17727     35562.1     154.118    -703.036
       7600     1.16728     86613.5     107.235     -491.12           0     18406.6     17879.9     36286.5     152.865    -702.854
       7500     1.16048     86730.2     108.205    -490.835           0     18984.5     18031.5       37016      151.62    -702.831
       7400     1.15425     86846.2     109.201    -491.781           0       19567     18181.9     37748.8     150.349    -702.823
       7300     1.15402     86961.6     110.201    -493.257           0     20152.2     18332.9     38485.1     151.074    -702.847
       7200     1.15394       87077     111.207    -495.037           0     20742.4     18484.7     39227.2     151.793     -702.92
       7100     1.14707     87192.4     112.221    -497.005           0     21334.7     18634.8     39969.5     150.079    -703.036
       7000     1.12867     87307.1     113.238    -499.089           0     21920.7     18779.2     40699.9     144.362    -703.179
       6900     1.12535       87420     114.248    -501.223           0       22508       18923       41431     143.852    -703.322
       6800     1.13446     87532.5     115.255    -503.385           0     23094.7     19070.7     42165.4     147.645    -703.498
       6700      1.1272       87646     116.276    -505.559           0     23682.2     19216.5     42898.7     145.824    -703.727
       6600     1.11429     87758.7     117.306    -507.717           0     24271.6     19358.6     43630.2     142.094    -703.966
       6500     1.11401     87870.1     118.332    -509.859           0     24859.2     19501.4     44360.5     142.768    -704.202
       6400     1.10878     87981.5     119.362    -511.635           0     25447.3     19643.2     45090.5     141.838    -704.462
       6300     1.10828     88092.4     120.397    -513.244           0     26037.2     19785.7     45822.9     142.553    -704.724
       6200     1.10498     88203.2     121.439    -514.741           0     26636.1     19928.1     46564.2     142.361    -704.993
       6100    0.978889     88313.6     122.489    -516.148           0     27236.9     20070.3     47307.2     142.161    -705.258
       6000     1.09919     88411.6     123.456    -517.414           0     27827.8     20212.3     48040.1     142.044    -705.278
       5900     1.08776     88521.5     124.461    -518.649           0     28421.4     20351.6       48773     139.239    -705.591
       5800     1.08699     88630.3     125.525    -519.894           0     29022.4     20491.5     49513.9     139.975    -705.868
       5700     1.08202       88739     126.599    -521.122           0     29614.5     20630.8     50245.4     139.301     -706.14
       5600      1.0766     88847.2     127.678    -522.332           0       30206     20769.3     50975.3     138.472    -706.398
       5500      0.0055     88953.7      128.76    -523.522         1.1     30808.4     20906.9     51715.4      137.64    -706.619
       5400     1.07567     88955.4     129.055    -524.798           0     31410.6     21044.3     52454.9      137.37    -704.747
       5300      1.0698     89062.9      129.64     -526.52           0     32005.7     21181.1     53186.8      136.81    -705.465
       5200     1.07382     89169.9     130.749    -528.818           0     32613.8     21320.2     53933.9     139.051    -706.076
       5100    0.903708     89277.1     131.924    -531.324           0     33209.7     21457.4     54667.1     137.276    -706.639
       5000     1.06014     89367.6     132.977    -533.844           0       33800     21593.1     55393.1     135.623    -706.837
       4900     1.05874     89473.7     134.061    -536.407           0     34389.5       21729     56118.5     135.939    -707.397
       4800     1.05538     89579.5     135.218    -539.047           0     34983.8     21864.5     56848.4     135.532    -707.932
       4700    0.989557       89685     136.382    -541.693           0     35584.6     21999.7     57584.3     135.118    -708.448
       4600     1.00516       89784     137.495     -544.27           0     36177.1       22132       58309     132.305    -708.833
       4500     1.03419     89884.5      138.59    -546.814           0     36768.1     22262.5     59030.6      130.51    -709.279
       4400      1.0344     89987.9      139.72    -548.963           0     37358.8     22393.9     59752.7      131.38    -709.797
       4300     1.02954     90091.4     140.873    -550.944           0     37952.3     22524.5     60476.8     130.627    -710.309
       4200     1.02556     90194.3     142.032    -552.815           0     38541.6     22654.6     61196.2     130.168    -710.805
       4100     1.01782     90296.9     143.193    -554.598           0     39127.1     22783.2     61910.3     128.507     -711.29
       4000      1.0166     90398.7     144.354    -556.322           0     39712.5     22912.1     62624.6     128.946    -711.757
       3900     1.01533     90500.3     145.518    -558.004           0     40295.4     23041.5     63336.9     129.382    -712.224
       3800     1.00489     90601.8     146.691    -559.657           0     40880.1     23168.2     64048.3     126.759    -712.689
       3700    0.999487     90702.3     147.864    -561.948           0     41460.9     23293.7     64754.6     125.461    -713.138
       3600    0.994384     90802.3     149.038    -565.559           0     42044.2     23417.9     65462.1     124.162    -713.611
       3500    0.854126     90901.6     150.215    -569.634           0     42628.2     23542.6     66170.8     124.785    -714.133
       3400    0.988742     90987.1     151.287    -573.663           0     43215.7     23665.4     66881.1     122.713    -714.458
       3300    0.984708       91086     152.404    -577.783           0       43812     23787.3     67599.3     121.946    -715.158
       3200      0.9798     91184.4       153.6    -581.365           0     44406.2     23908.4     68314.6       121.1    -715.895
       3100    0.973275     91282.4      154.81    -583.695           0     45001.4     24028.2     69029.6      119.84    -716.641
       3000    0.966559     91379.7     156.023    -585.599           0     45592.9     24146.8     69739.7     118.577    -717.371
       2900    0.962858     91476.4     157.236    -587.217           0     46183.3     24265.1     70448.4     118.264    -718.079
       2800    0.955523     91572.7     158.452    -588.656           0     46772.9     24381.9     71154.8     116.848    -718.769
       2700    0.960908     91668.2      159.67    -590.166           0       47369     24501.2     71870.2      119.23    -719.435
       2600    0.937732     91764.3       160.9    -591.988           0     47973.8     24614.2       72588         113    -720.111
       2500    0.944753     91858.1     162.124    -593.883           0     48565.8     24729.9     73295.7     115.776    -720.748
       2400    0.937243     91952.5     163.352     -595.78           0     49155.3     24844.2     73999.5     114.248    -721.415
       2300    0.929115     92046.3     164.588    -597.684           0     49746.2     24956.8       74703     112.562    -722.078
       2200     0.92076     92139.2     165.825    -599.413           0     50343.2     25067.6     75410.8     110.875    -722.739
       2100    0.914192     92231.2     167.061    -600.781           0     50932.4     25177.4     76109.8     109.739    -723.391
       2000    0.907558     92322.6     168.299    -602.018           0     51521.3       25286     76807.3     108.601     -724.03
       1900    0.902727     92413.4     169.538    -603.163           0     52110.6       25394     77504.6     107.995    -724.655
       1800    0.896156     92503.7     170.781    -604.246           0     52698.5     25500.8     78199.4     106.885    -725.268
       1700    0.892556     92593.3     172.028    -605.386           0     53284.7     25607.4     78892.1     106.599    -725.866
       1600    0.891388     92682.5      173.28    -606.699           0     53873.3     25714.5     79587.7     107.008     -726.46
       1500    0.878303     92771.7      174.54    -608.059           0     54461.9     25818.5     80280.3     104.005    -727.057
       1400    0.865641     92859.5       175.8    -609.446           0     55049.6     25919.6     80969.2      101.15    -727.636
       1300    0.861402       92946     177.053    -610.838           0     55640.6     26020.3     81660.9     100.683    -728.202
       1200    0.856794     93032.2     178.306    -611.934           0       56243     26120.5     82363.5     100.208    -728.771
       1100    0.851756     93117.8     179.563    -612.417           0       56842     26220.1     83062.2     99.6466    -729.327
       1000    0.846074       93203     180.826    -612.685           0     57438.7     26319.1     83757.8     98.9391    -729.856
        900    0.837876     93287.6     182.092    -612.714           0     58035.7     26416.6     84452.4     97.5578    -730.353
        800    0.843281     93371.4      183.36    -612.602           0       58634     26516.6     85150.6     99.9605    -730.808
        700    0.837887     93455.7     184.638    -612.288           0     59230.3       26616     85846.3     99.4284    -731.247
        600    0.819237     93539.5     185.927    -611.678           0     59836.8     26711.3       86548     95.2478    -731.641
        500    0.809093     93621.4     187.208    -610.927           0     60444.2     26804.7     87248.9     93.4347    -731.961
        400      0.8086     93702.3     188.478    -610.006           0     61064.7       26899     87963.6     94.2492    -732.229
        300    0.781394     93783.1     189.753    -608.982           0     61675.2     26986.9     88662.1     87.9741    -732.461
        200    0.771126     93861.3     191.013    -607.605           0     62293.4     27073.2     89366.6     86.2796    -732.606
        100    0.778383     93938.4     192.258    -605.605           0     62897.9     27162.4     90060.3      89.197    -732.689
          0     0.83877     94016.3     193.514    -603.364           0     63490.9     27269.5     90760.3     107.044    -732.732