     20000          0          0    179.437    374.571          0    58.4594    14.2831    72.7424    14.2831     21.651
     19900          0          0    179.437    373.647          0    110.373    29.7361    140.109    15.4531    21.5232
     19800          0          0    179.437    373.013          0     167.34    46.3592    213.699    16.6231    21.3957
     19700          0          0    179.437    372.758          0    217.262    60.5222    277.784    14.1631    21.2846
     19600          0          0    179.437    372.794          0    248.648    72.5053    321.153    11.9831    21.2055
     19500          0          0    179.437    371.075          0    291.652    82.0183    373.671    9.51306    21.1352
     19400          0          0    179.437    368.317          0    343.876    94.1014    437.977    12.0831    20.9862
     19300          0          0    179.437    365.774          0    394.402    106.214    500.616    12.1131    20.7343
     19200          0          0    179.437    363.236          0    436.366    118.358    554.723    12.1431    20.3977
     19100          0          0    179.437    362.369          0    476.796    130.011    606.807    11.6531    20.0082
     19000          0          0    179.437    362.508          0    516.588    142.474    659.062    12.4631    19.6491
     18900          0          0    179.437    360.881          0    555.307    155.747    711.053    13.2731     19.319
     18800          0          0    179.437    358.275          0    605.272     166.28    771.551    10.5331    18.9274
     18700          0          0    179.437    356.473          0    666.779    178.113    844.892    11.8331    18.4613
     18600          0          0    179.437     355.06          0    741.529    192.576    934.104    14.4631    17.9655
     18500          0          0    179.437    353.704          0    823.764    201.259    1025.02    8.68306    17.4537
     18400          0          0    179.437    352.408          0    872.706    209.492     1082.2    8.23306    16.9279
     18300          0          0    179.437    349.386          0     909.05    218.075    1127.13    8.58306    16.3623
     18200          0          0    179.437    345.298          0    974.052    226.658    1200.71    8.58306    15.6757
     18100          0          0    179.437    341.814          0       1063    234.714    1297.71    8.05639    14.8535
     18000          0          0    179.437    338.557          0     1147.3    243.331    1390.63    8.61639    13.9367
     17900          0          0    179.437    337.625          0    1224.22    253.364    1477.58    10.0331    12.9765
     17800          0          0    179.437    338.126          0    1299.23    264.257    1563.49    10.8931    12.0876
     17700          0          0    179.437    336.277          0    1373.75     274.54    1648.29    10.2831    11.2702
     17600          0          0    179.437    333.147          0    1437.28    288.828    1726.11    14.2881    10.4022
     17500          0          0    179.437    333.217          0    1484.78    302.776    1787.56    13.9481    9.50021
     17400          0          0    182.115     364.52          0    1495.77    312.444    1808.22    9.66738    7.85112
     17300   0.232048   0.232048    182.934    374.343          0    1506.07    322.233     1828.3    9.78924    7.58585
     17200   0.436557    23.6413    183.652    380.113          0    1508.89    335.666    1844.55    13.4329     2.3934
     17100   0.428169    67.2886    184.951    383.025          0    1524.76    349.344    1874.11    13.6786   -6.12946
     17000   0.444914    110.122    186.869     383.92          0    1535.94    364.575    1900.52     15.231   -12.6313
     16900          0    154.169    189.241    378.731          0    1538.14     378.96     1917.1    14.3844   -18.1764
     16800          0    154.169    191.454    370.088          0     1538.9    392.695     1931.6    13.7356   -13.3054
     16700          0    154.169    193.236    360.666          0    1540.84    407.349    1948.19    14.6537   -9.97593
     16600   0.235739    154.405      194.8     350.35          0    1541.52    425.699    1967.22    18.3501    -7.9786
     16500   0.509203    178.252    196.521    350.455  0.0540244    1544.81    437.532    1982.34    11.8326   -12.1853
     16400   0.422377    229.085    198.843    357.022          0    1561.14    452.656     2013.8    15.1242   -21.4501
     16300   0.335448    271.236    201.688    360.195          0    1585.64    463.484    2049.12    10.8281   -26.6329
     16200   0.404326     304.85    204.714    361.775          0    1613.49    478.215    2091.71    14.7311   -28.8503
     16100   0.415706    345.294    207.886    351.605          0    1635.96    494.066    2130.03    15.8512     -32.27
     16000   0.350377    386.799    211.253    333.373          0    1646.57    506.516    2153.09    12.4499   -35.9915
     15900          0    421.486    214.697     323.06          0    1650.32    515.672    2165.99    9.15518   -38.4578
     15800   0.161917    421.648    217.737    318.173    0.44329    1655.76    520.294    2176.05    4.62295   -33.6329
     15700   0.103902    437.782    220.345    314.753   0.724397    1660.81     523.46    2184.27    3.16505   -33.5813
     15600   0.147663    448.216    222.716    312.544    1.96668    1666.39    523.504     2189.9   0.044338   -32.5808
     15500   0.228954    463.064    224.713    309.782     1.9043    1671.23    524.687    2195.92   -1.18296   -32.9457
     15400   0.194224    485.924    226.296     306.69          2    1680.28    526.978    2207.26   -2.29096   -35.1613
     15300   0.126734    505.279    227.582    305.292    1.85124     1696.9    527.243    2224.14  -0.265014   -36.3254
     15200   0.141097    517.967     228.75    305.191    1.93543     1714.2    527.919    2242.12  -0.676249   -35.9079
     15100   0.153805    532.089    229.868    311.436          2    1740.28    529.013     2269.3   -1.09428   -35.8359
     15000   0.167839    547.484    230.907    322.169          2     1780.4    530.618    2311.02   -1.60478   -35.6381
     14900   0.355952    564.456    231.864    330.685    1.85932    1831.55    533.836    2365.38   -3.21748   -35.2391
     14800   0.205196      599.9    232.649    337.828          2    1894.32    537.206    2431.52   -3.37066    -38.348
     14700          0    620.215    233.253    329.727          0    1951.04    541.465     2492.5   -4.25835   -37.3245
     14600          0    620.215    224.178    262.426          0    1968.43    553.126    2521.56    11.6616   -33.3949
     14500          0    620.215    221.048    236.628          0    1970.51    571.426    2541.93    18.2996   -34.7276
     14400          0    620.215    220.717    220.956          0    1975.15    592.062    2567.21    20.6367   -37.8419
     14300          0    620.215    221.417    207.386          0    1982.04    609.796    2591.84    17.7334   -41.4031
     14200          0    620.215    222.446    195.747          0    1995.15    625.902    2621.05    16.1061   -44.9387
     14100          0    620.215    223.547    189.575          0    2008.45    640.688    2649.14    14.7859   -48.1779
     14000          0    620.215    224.632    186.833          0    2030.72    653.041    2683.76    12.3532   -50.8875
     13900          0    620.215    225.684    182.051          0    2057.98    667.927    2725.91    14.8862   -53.1004
     13800          0    620.215    226.706    176.344          0    2076.34    679.736    2756.08    11.8091   -55.0501
     13700          0    620.215    227.697    172.184          0    2110.47    693.389    2803.86    13.6528   -56.8284
     13600          0    620.215    228.659     168.89          0    2137.25    705.936    2843.19    12.5463   -58.4291
     13500          0    620.215    229.593    172.159          0    2164.34    712.173    2876.51    6.23737   -59.7731
     13400          0    620.215    230.501    179.426          0       2190    720.711    2910.72    8.53855   -60.5888
     13300          0    620.215    231.387     176.49          0    2216.25    726.185    2942.43    5.47326    -61.015
     13200          0    620.215    234.948    197.482          0    2225.12    731.152    2956.27    4.96747   -61.4929
     13100   0.167208    620.382      237.2    204.117          2    2227.95    732.487    2960.44   -1.33527   -60.9618
     13000          0    636.936    238.874    209.855          0    2238.97    732.875    2971.85  -0.387996   -63.4681
     12900   0.147338    637.083    240.128    216.047          2       2243    734.296     2977.3   -1.42028   -61.6435
     12800  0.0892672    651.759    240.972    222.266    1.66968    2255.13    734.385    2989.51 -0.0897222    -62.902
     12700    0.28936    660.886    241.648    224.411    1.16061    2261.81     735.34    2997.15   0.954619    -62.508
     12600          0    689.532    242.506    223.398          0    2274.21    737.984    3012.19    2.64368   -66.2835
     12500          0    689.532    243.498    223.021          0    2284.32    741.474    3025.79       3.49   -63.4797
     12400          0    689.532     244.57    222.923          0    2296.63    743.003    3039.63    1.52968   -61.4172
     12300          0    689.532    245.703    221.554          0       2298    744.087    3042.09    1.08327   -59.9695
     12200   0.600466    690.133    246.884    219.224    1.07152    2311.08    746.505    3057.59    2.41838   -59.2227
     12100   0.177308    749.756    248.173    217.741   0.287394    2332.52    750.774     3083.3    4.26864   -71.1854
     12000   0.103864    767.413     249.69    217.166    1.77982    2362.16    751.182    3113.35   0.407935   -72.1445
     11900   0.142837    777.839    251.207    217.796   0.446188    2396.37    754.529     3150.9      3.347   -71.6382
     11800    1100.69    1892.67    252.584    219.094          2    2436.36    756.985    3193.34    2.45589   -271.468
     11700    1.25757     110862    73.7242    169.737          0    2442.37    939.842    3382.21    182.858    -960.84
     11600    2.33615     110989    21.7059    196.013          0    2469.27     1175.5    3644.77    235.658   -949.048
     11500          0     111220    13.1279     226.69          0    2536.52    1428.14    3964.66    252.639    -939.55
     11400          0     111220    10.2069    262.363          0    2651.93    1685.88    4337.82    257.745   -930.311
     11300          0     111220    8.99654     295.72          0    2805.55    1942.37    4747.91    256.481   -920.871
     11200          0     111220    8.47108    341.362          0    3004.27    2198.74    5203.01    256.379   -911.077
     11100          0     111220    8.25306    397.807          0    3246.88    2455.39    5702.27    256.647   -900.946
     11000          0     111220    8.18485    445.705          0    3537.99    2712.01    6249.99    256.615   -890.574
     10900          0     111220    8.19307    481.581          0     3879.7    2971.41    6851.11    259.407   -880.112
     10800          0     111220    8.24025     515.97          0    4270.58    3228.72     7499.3     257.31   -869.728
     10700          0     111220    8.30596    549.228          0    4697.16    3486.64     8183.8    257.919   -859.588
     10600          0     111220    8.37861    576.289          0    5151.02    3745.16    8896.19    258.521   -849.843
     10500          0     111220     8.4515    597.051          0    5628.12    4004.21    9632.33    259.048   -840.624
     10400          0     111220    8.52083     616.26          0    6125.49    4261.89    10387.4    257.679   -832.033
     10300          0     111220    8.58457    634.098          0    6648.39    4518.21    11166.6    256.315   -824.135
     10200          0     111220    8.64181    651.276          0    7188.79    4775.26    11964.1    257.058   -816.963
     10100          0     111220    8.69233    665.938          0    7729.92    5030.27    12760.2    255.008   -810.521
     10000          0     111220    8.73635    677.312          0    8291.53    5285.54    13577.1    255.264   -804.795
      9900          0     111220    8.77435    685.792          0    8875.18    5541.06    14416.2    255.526   -799.752
      9800          0     111220    8.80693    691.844          0    9466.66       5796    15262.7    254.937   -795.352
      9700          0     111220    8.83472    695.771          0    10072.2    6050.35    16122.5    254.353   -791.542
      9600          0     111220    8.85838    697.839          0    10683.4    6304.12    16987.6    253.773    -788.27
      9500          0     111220    8.87851    698.277          0    11293.9    6557.32    17851.2    253.196   -785.479
      9400          0     111220    8.89566    697.154          0    11888.8    6813.62    18702.4    256.304   -783.117
      9300          0     111220    8.91031     696.33          0    12485.6    7068.51    19554.1     254.89   -781.132
      9200     0.0055     111220    8.92288    695.804        1.1    13084.5    7323.29    20407.8    254.777   -779.476
      9100          0     111220    8.93402    695.543          0    13692.8    7576.36    21269.2    253.066   -778.109
      9000          0     111220    8.94367    695.517          0    14304.6    7826.71    22131.3    250.356   -776.978
      8900          0     111220    8.95192    695.719          0    14907.1    8078.41    22985.5    251.698   -776.055
      8800          0     111220    8.95921    696.181          0    15522.8    8329.98    23852.8    251.566   -775.309
      8700          0     111220    8.96573    696.887          0    16147.8    8581.41    24729.3    251.434   -774.714
      8600          0     111220    8.97162    697.824          0      16780    8832.99      25613    251.578   -774.245
      8500          0     111220    8.97701    698.975          0    17408.1    9084.71    26492.8    251.723   -773.883
      8400          0     111220    8.98198    700.269          0    18041.4    9337.03    27378.4    252.318   -773.611
      8300          0     111220    8.98662    702.572          0    18665.7    9586.34      28252    249.313   -773.414
      8200          0     111220    8.99099    705.781          0    19297.5    9836.23    29133.8    249.884   -773.278
      8100          0     111220    8.99514    709.836          0      19930    10086.7    30016.7    250.455   -773.191
      8000          0     111220     8.9991    714.667          0    20574.8    10337.4    30912.2    250.726   -773.141
      7900          0     111220    9.00292    720.193          0    21215.3    10588.4    31803.7    250.997   -773.121
      7800     0.0055     111220    9.00662    726.487        1.1    21863.5    10839.1    32702.6    250.693   -773.123
      7700          0     111221    9.01051    733.468          0    22519.9    11090.5    33610.4    251.389   -773.146
      7600          0     111221    9.01424    741.113          0    23180.6    11341.6    34522.2    251.086   -773.171
      7500          0     111221    9.01767     749.39          0      23843    11592.4    35435.4    250.807   -773.201
      7400          0     111221    9.02103    758.366          0    24510.6    11842.9    36353.5    250.529   -773.232
      7300          0     111221    9.02434    765.859          0    25184.5    12095.2    37279.7    252.251    -773.26
      7200          0     111221    9.02764    772.018          0    25861.4    12349.1    38210.5    253.972   -773.288
      7100          0     111221    9.03091    776.984          0      26543    12602.4    39145.4    253.269   -773.316
      7000          0     111221    9.03416     780.88          0      27237      12851      40088    248.566   -773.345
      6900          0     111221     9.0374    783.811          0    27934.8      13100    41034.8    249.063   -773.376
      6800          0     111221    9.04062    785.886          0    28637.3    13353.9    41991.2    253.859   -773.409
      6700          0     111221    9.04384     787.18          0    29342.6    13606.9    42949.5    253.056   -773.445
      6600          0     111221    9.04706    787.812          0    30048.7    13857.3      43906    250.353   -773.484
      6500          0     111221    9.05026    787.868          0    30758.8    14109.4    44868.2     252.05   -773.526
      6400          0     111221    9.05346    787.372          0    31469.8    14361.5    45831.3    252.147   -773.571
      6300          0     111221    9.05666    786.999          0    32180.1    14615.4    46795.5    253.893    -773.62
      6200          0     111221    9.05986    786.729          0    32882.6    14870.1    47752.8     254.74    -773.67
      6100          0     111221    9.06305    786.586          0    33584.6    15125.7    48710.3    255.587   -773.721
      6000          0     111221    9.06624    786.574          0    34297.7    15382.2    49679.9    256.434   -773.772
      5900          0     111221    9.06944     786.68          0    35009.4    15636.8    50646.1    254.631   -773.822
      5800          0     111221    9.07263    786.895          0    35715.2    15893.2    51608.4    256.427   -773.871
      5700          0     111221    9.07582    787.208          0    36431.4      16150    52581.4    256.824   -773.917
      5600          0     111221    9.07901    787.611          0    37149.9    16407.1      53557    257.071   -773.962
      5500          0     111221    9.08221    788.096          0      37859    16664.4    54523.5    257.318   -774.004
      5400          0     111221     9.0854    788.724          0    38570.4    16921.8    55492.1     257.34   -774.043
      5300          0     111221     9.0886    788.032          0    39289.9    17179.1      56469    257.361    -774.08
      5200          0     111221     9.0918    786.139          0    39996.7    17439.8    57436.6    260.708   -774.117
      5100          0     111221      9.095     783.22          0    40715.4    17699.9    58415.3    260.105   -774.157
      5000          0     111221     9.0982    779.403          0    41438.3    17959.4    59397.8    259.502   -774.202
      4900          0     111221    9.10141    774.772          0      42160    18220.3    60380.3    260.899   -774.253
      4800          0     111221    9.10461    769.466          0    42874.2      18482    61356.2    261.645   -774.312
      4700          0     111221    9.10782    763.539          0    43578.6    18744.4      62323    262.392   -774.379
      4600          0     111221    9.11103     757.11          0    44287.5    19005.1    63292.6    260.689   -774.455
      4500          0     111221    9.11424    750.256          0    44993.6      19265    64258.6    259.986   -774.541
      4400          0     111221    9.11745    742.987          0    45694.8      19527    65221.8    261.983   -774.638
      4300          0     111221    9.12067    736.094          0    46388.4    19789.4    66177.8    262.379   -774.744
      4200          0     111221    9.12389    729.533          0    47081.5    20052.5      67134    263.076   -774.859
      4100          0     111221    9.12711      723.3          0    47773.8    20315.1    68088.9    262.573   -774.982
      4000          0     111221    9.13033    717.376          0    48462.1    20579.2    69041.3     264.17   -775.112
      3900          0     111221    9.13356     711.73          0    49148.9      20845    69993.9    265.766   -775.248
      3800          0     111221    9.13678    706.337          0    49830.3    21109.3    70939.6    264.313   -775.389
      3700     4.6244     111226    9.14004    701.624          0      50513    21373.5    71886.5    264.185   -775.604
      3600    4.33803     111688    9.78211    695.945          0    51191.2    21636.9    72828.1    263.418   -781.761
      3500    3.66381     112121    10.9109    670.583          0    51847.4      21901    73748.4    264.089   -786.043
      3400    4.23497     112488     11.891    627.852          0    52461.4    22163.1    74624.6    262.109    -788.42
      3300    3.69844     112911    12.8086    575.485          0    53018.4    22424.7    75443.1    261.541    -790.83
      3200    3.79261     113281    13.6285    516.787          0    53522.3    22685.7    76208.1    261.072   -792.059
      3100     3.8089     113660    14.3439    457.898          0    53968.8      22946    76914.8    260.306   -793.138
      3000    3.80074     114041    15.0293    400.322          0    54363.2    23205.6    77568.8    259.571   -794.045
      2900    1.88473     114419    15.6856    344.852          0    54704.8    23465.4    78170.2    259.814   -794.785
      2800    1.80914     114608    15.9275     294.94          0    54998.8    23724.8    78723.6    259.372   -793.336
      2700    1.71266     114788    15.9014    253.091          0      55246    23987.8    79233.8    262.999   -792.213
      2600    1.60658     114959    15.8762    217.109          0    55450.3    24245.8    79696.1    258.024    -791.34
      2500    1.58353     115120    15.8693    185.844          0      55638    24507.8    80145.9    262.031   -790.649
      2400    1.52275     115278    15.8919    158.441          0    55802.8    24769.5    80572.3    261.708   -790.183
      2300    1.44574     115431    15.9416    134.139          0    55943.6    25030.8    80974.4    261.208   -789.843
      2200    1.34487     115575    16.0042    112.534          0    56058.7    25291.5    81350.1    260.696   -789.576
      2100    1.31892     115710    16.0677    93.7835          0      56164    25552.2    81716.1    260.732   -789.336
      2000    1.25283     115841    16.1402    77.5029          0    56254.6    25812.9    82067.5     260.76   -789.198
      1900     1.1831     115967    16.2209    63.2684          0    56331.7    26074.3      82406    261.312   -789.091
      1800          0     116084    16.3011    50.7944          0    56398.9    26335.6    82734.5    261.366   -788.985
      1700    1.11456     116085    16.1625    40.7011          0    56458.8    26598.1    83056.9    262.464   -787.603
      1600    1.03787     116196    16.1114    32.8339          0    56509.7    26862.3      83372    264.176   -787.897
      1500   0.976093     116300    16.2213    25.2009          0    56554.4    27124.6      83679    262.324   -788.113
      1400   0.920212     116397    16.3353     17.645          0    56593.8    27385.2      83979    260.615   -788.278
      1300   0.805986     116489    16.4384    10.2588          0    56623.8    27646.5    84270.3    261.298   -788.407
      1200   0.490298     116570     16.519    3.42109          0    56636.8    27908.5    84545.3    261.994   -788.439
      1100   0.520046     116619    16.5317   -1.62072          0    56648.6    28171.2    84819.8    262.678   -788.161
      1000   0.555749     116671    16.5196   -4.73976          0    56659.9    28434.4    85094.3    263.245   -788.042
       900   0.543508     116726    16.5328    -6.2475          0    56669.3    28697.5    85366.8    263.117   -788.054
       800   0.530702     116781    16.5643   -6.47061          0    56677.1    28964.3    85641.4    266.756   -788.103
       700    0.63483     116834    16.6039   -5.55667          0    56687.6    29231.8    85919.3    267.463   -788.178
       600   0.394951     116897    16.6712   -3.41891   0.129334    56689.4    29496.3    86185.6    264.504     -788.4
       500   0.499705     116937    16.7081  -0.216844          0    56692.6    29760.2    86452.8    263.934   -788.326
       400          0     116986    16.7409    4.19108          0    56698.9    30026.2    86725.1    265.987   -788.414
       300   0.701003     116987    16.7023    9.81843          0    56707.2    30287.2    86994.4    261.024   -787.917
       200   0.677301     117057    16.7409    16.8648          0    56713.5    30547.8    87261.2    260.552   -788.378
       100   0.977627     117125     16.877    25.0662          0    56739.6    30812.3    87551.9    264.578   -788.721
         0    4.28761     117226    17.0731     33.971          0      56784    31095.8    87879.8    283.485   -789.382