    20000         0         0   179.437   429.318         0   3.71223   14.2831   17.9953   14.2831   61.8944
    19900  0.384615  0.384615   179.437   428.357         0   6.50938    29.736   36.2454    15.453   61.6569
    19800         0   38.4615   180.116   426.646         0   9.84297   45.6801   55.5231   15.9441   52.5436
    19700  0.340473    38.802   180.927   425.558         0   12.7209   58.3533   71.0741   12.6731   54.3394
    19600  0.282145    72.791   181.921   424.252 0.0597506   32.7929   67.8522   100.645   9.49899   47.7778
    19500  0.203601   100.927   183.317   420.734  0.350503   39.4471    73.485   112.932   5.63275    44.018
    19400         0   121.083   184.593   416.271         0   43.7158   80.4118   124.128   6.92678   42.7476
    19300         0   121.083   185.396    412.67         0   47.3463   86.5662   133.912   6.15443   46.1491
    19200  0.225194   121.309   185.773   409.529  0.263403   51.6749    92.373   144.048   5.80679   48.4769
    19100  0.198165   143.801   186.242   407.772  0.364085   56.6472   97.2209   153.868   4.84795   44.9126
    19000  0.200744    163.62   186.895   406.858   0.35214   61.2056   102.225   163.431   5.00452   42.6787
    18900    0.2026   183.696   187.585    404.09  0.342516   65.6958    107.35   173.046   5.12454   40.7658
    18800         0   203.754   188.301   400.281         0   73.6549   109.019   182.674   1.66903   39.0699
    18700         0   203.754   188.769   397.786         0   93.8485    111.52   205.368   2.50087   42.0905
    18600         0   203.754   188.924    396.07         0   127.589   116.496   244.085    4.9761   44.2027
    18500   159.889   363.643   188.891   394.571         2   168.958   117.267   286.225  -0.77095   4.98675
    18400         0   16192.7   97.6609   308.512         0   261.796   207.276   469.072   90.0091  -764.576
    18300         0   16192.7   52.2772   286.709         0   360.817   343.019   703.836   135.743  -711.378
    18200         0   16192.7   40.8082   277.599         0   493.518   490.231   983.749   147.212  -664.997
    18100         0   16192.7   37.2844   271.621         0   652.657    640.44    1293.1   150.209  -622.883
    18000         0   16192.7   36.2177   267.258         0   808.259   792.275   1600.53   151.836  -583.636
    17900         0   16192.7   36.0893    267.02         0   955.779   945.656   1901.43   153.381  -546.961
    17800         0   16192.7   36.3906   269.672         0   1099.25    1099.6   2198.84   153.939  -512.915
    17700         0   16192.7   36.9094   269.979         0   1240.06   1252.41   2492.46   152.811  -481.619
    17600         0   16192.7   37.5377   268.772         0   1367.97   1408.59   2776.56   156.187  -453.188
    17500         0   16192.7   38.2134   271.795         0   1476.89   1563.76   3040.66   155.172  -427.641
    17400         0   16192.7   40.1237   296.596         0    1555.8   1715.42   3271.23   151.659  -407.802
    17300         0   16192.7   41.2065   313.061         0   1627.38   1866.94   3494.32   151.517  -387.584
    17200         0   16192.7        42   325.797         0   1684.52   2022.03   3706.54   155.085  -368.835
    17100         0   16192.7    42.678   335.978         0   1715.69   2177.98   3893.67   155.952  -351.877
    17000         0   16192.7   43.2866   344.192         0   1744.24   2336.79   4081.03   158.813  -336.677
    16900         0   16192.7   43.8403   344.585         0   1776.18   2496.58   4272.76   159.785  -323.153
    16800         0   16192.7   44.3457   339.467         0   1806.05   2657.42   4463.47   160.844  -311.304
    16700         0   16192.7   44.8077   331.907         0   1832.87    2820.5   4653.37   163.082  -301.098
    16600         0   16192.7   45.2307   322.129         0   1861.77   2988.42   4850.19   167.919  -292.434
    16500         0   16192.7   45.6187   326.417         0   1882.51   3151.16   5033.67   162.735   -285.12
    16400   3.01814   16195.7   45.9755   339.966         0   1883.24   3319.15   5202.38   167.992  -279.046
    16300   2.51459     16497   47.5602   345.972         0   1893.51    3484.1   5377.61   164.956  -304.296
    16200         0     16746   50.2057   345.252         0   1904.84   3653.34   5558.18   169.239  -318.402
    16100         0     16746   51.8812   329.105         0   1904.87    3825.2   5730.07   171.856  -305.656
    16000         0     16746   52.4879    305.17         0   1922.47   3996.41   5918.88   171.215  -295.207
    15900         0     16746   52.7932   292.906         0   1948.87   4167.47   6116.34   171.059  -286.912
    15800         0     16746   52.9944   287.087         0   1974.52   4336.84   6311.36   169.366  -280.285
    15700         0     16746   53.1496   284.059         0   2000.16    4507.2   6507.36    170.36  -274.905
    15600         0     16746   53.2809   283.459         0   2023.66   4676.68   6700.34   169.479  -270.489
    15500         0     16746   53.3996   282.437         0   2046.17   4846.81   6892.98    170.13  -266.825
    15400         0     16746   53.5123   281.394         0   2062.41    5017.3   7079.72   170.493  -263.795
    15300         0     16746   53.6233    282.77         0   2068.32      5191   7259.32   173.693  -261.281
    15200   3.26657   16749.2   53.7352   285.701         0   2070.51   5365.33   7435.85   174.338   -259.56
    15100   3.07916   17075.7    55.364   293.024         0   2078.19   5538.74   7616.93   173.409  -293.774
    15000   2.86666   17383.4   58.4118   300.375         0   2096.51   5709.63   7806.15   170.891  -317.361
    14900   2.60978   17669.8   61.7354   301.437         0   2118.41   5876.55   7994.95   166.911  -333.279
    14800   2.40984   17930.6   64.9967   299.647         0      2143   6040.83   8183.82   164.282  -343.254
    14700         0   18169.2   68.0902   275.879         0   2145.87   6201.73    8347.6   160.904  -349.208
    14600         0   18169.2   69.0985   198.383         0   2192.52   6368.47   8560.99   166.742   -332.92
    14500         0   18169.2     68.34   162.557         0   2264.52   6539.48      8804   171.008  -323.917
    14400         0   18169.2   67.6583   139.672         0   2350.44   6713.18   9063.61   173.696  -318.409
    14300         0   18169.2   67.1919   120.157         0   2444.57   6885.13    9329.7   171.958  -314.913
    14200         0   18169.2   66.8988     103.9         0   2549.52   7056.79   9606.31   171.654  -312.676
    14100         0   18169.2   66.7347   95.4255         0   2656.97   7228.39   9885.36   171.599  -311.223
    14000         0   18169.2   66.6665   91.7085         0   2774.36   7398.71   10173.1   170.318  -310.175
    13900         0   18169.2   66.6691   85.4044         0   2898.27   7572.61   10470.9   173.901  -309.359
    13800         0   18169.2   66.7238   78.1657         0   3014.81    7744.4   10759.2   171.791   -308.79
    13700         0   18169.2   66.8164   72.9892         0   3148.14   7918.93   11067.1   174.534  -308.452
    13600         0   18169.2   66.9361   68.8475         0   3274.96    8093.2   11368.2   174.269  -308.278
    13500         0   18169.2    67.075   74.0176         0   3400.18   8261.95   11662.1   168.755  -308.168
    13400         0   18169.2   67.2273   84.6104         0   3520.67   8433.77   11954.4   171.813  -307.893
    13300         0   18169.2   67.3887   81.0919         0   3642.31   8603.24   12245.5   169.471  -307.452
    13200   2.27855   18171.4   68.5625   94.3929         0   3754.27   8774.59   12528.9   171.353  -306.145
    13100         0     18397   70.2171   98.5291         0   3862.69   8940.24   12802.9   165.648  -327.033
    13000         0     18397   71.6728    101.08         0   3982.48   9107.05   13089.5   166.813  -319.975
    12900         0     18397   72.2223    106.11         0   4088.39   9273.54   13361.9   166.485   -313.99
    12800         0     18397   72.4977   112.243         0   4186.29   9441.92   13628.2   168.384  -308.839
    12700         0     18397   72.6944   113.828         0   4290.18   9611.83     13902   169.908  -304.411
    12600         0     18397   72.8861   112.578         0    4413.4   9784.09   14197.5   172.264  -300.731
    12500   12.1609   18409.2   73.0725   112.541         2   4533.99   9958.01     14492   173.915  -299.249
    12400         0   19613.1   70.7861   109.044         0   4660.18   10133.3   14793.5   175.314  -407.954
    12300         0   19613.1   68.7446   104.147         0   4778.96   10311.4   15090.3   178.041  -387.518
    12200         0   19613.1   68.2786   100.294         0   4884.81   10492.4   15377.2   181.024  -371.072
    12100         0   19613.1   68.2331   99.6999         0   4981.41   10676.6     15658   184.209  -357.915
    12000         0   19613.1   68.3341   100.942         0   5067.99   10858.4   15926.4   181.763  -347.401
    11900         0   19613.1   68.5008   104.092         0   5147.49   11044.4   16191.9   186.053  -338.956
    11800         0   19613.1   68.7022   108.538         0   5218.06   11230.8   16448.8   186.338    -332.1
    11700         0   19613.1    68.923    123.85         0   5269.96   11418.4   16688.4   187.659  -326.387
    11600         0   19613.1   66.9133   115.117         0   5323.96   11608.9   16932.8   190.451  -322.965
    11500         0   19613.1   66.6761   96.7482         0   5386.64     11808   17194.6   199.091  -322.805
    11400         0   19613.1   66.7796    68.485         0   5465.11   12009.1   17474.2   201.172  -323.909
    11300         0   19613.1   66.9405   55.4666         0   5551.75   12207.7   17759.4   198.537  -325.709
    11200         0   19613.1   67.1111   49.9801         0   5644.41   12405.4   18049.8   197.739  -327.546
    11100         0   19613.1   67.2832   39.3047         0    5760.3     12603   18363.3   197.617  -329.183
    11000         0   19613.1    67.455   26.6232         0   5888.28   12800.4   18688.6   197.345  -330.739
    10900         0   19613.1    67.626   19.3442         0    6008.8   13000.3   19009.1   199.974  -332.255
    10800         0   19613.1   67.7962   14.8874         0      6119   13198.1   19317.1   197.754  -333.638
    10700         0   19613.1   67.9655   9.29126         0   6232.37   13396.3   19628.7   198.259  -334.874
    10600         0   19613.1   68.1341   3.39454         0   6351.39   13595.1   19946.5   198.766  -336.034
    10500         0   19613.1   68.3021 0.0316347         0   6471.31   13794.3   20265.6   199.198  -337.143
    10400         0   19613.1   68.4696  -1.93199         0   6592.14     13992   20584.2    197.73  -338.168
    10300         0   19613.1   68.6369  -2.91043         0   6706.25   14188.3   20894.6   196.263  -339.098
    10200         0   19613.1   68.8041  -3.96801         0   6821.09   14385.2   21206.3   196.896  -339.933
    10100         0   19613.1   68.9713  -6.26679         0   6952.17   14579.9   21532.1   194.729  -340.713
    10000         0   19613.1   69.1386  -9.06789         0   7076.94   14774.8   21851.7   194.861  -341.481
     9900         0   19613.1   69.3063    -12.16         0   7191.23   14969.8     22161   194.994  -342.259
     9800         0   19613.1   69.4743  -15.4826         0   7307.09   15164.1   22471.1   194.269  -343.059
     9700         0   19613.1   69.6428  -18.9806         0   7416.33   15357.6   22773.9   193.545  -343.888
     9600         0   19613.1   69.8118  -22.6128         0   7525.52   15550.4   23075.9   192.819  -344.752
     9500         0   19613.1   69.9814  -26.3516         0   7639.68   15742.5   23382.2   192.094  -345.652
     9400         0   19613.1   70.1517  -28.9792         0   7770.93   15937.6   23708.5   195.048  -346.583
     9300         0   19613.1   70.3226  -31.0033         0   7901.48     16131   24032.5   193.477  -347.514
     9200         0   19613.1   70.4942   -32.618         0   8030.94   16324.2   24355.2   193.206  -348.431
     9100         0   19613.1   70.6666  -33.9438         0   8152.14   16515.6   24667.7   191.333  -349.326
     9000         0   19613.1   70.8397  -35.0468         0   8270.93     16704     24975    188.46  -350.196
     8900         0   19613.1   71.0136  -35.9499         0   8400.05   16893.7   25293.7   189.636  -351.038
     8800         0   19613.1   71.1882  -36.7042         0   8517.23     17083   25600.2   189.337  -351.851
     8700         0   19613.1   71.3637  -37.3411         0   8626.46     17272   25898.5   189.036  -352.635
     8600         0   19613.1     71.54  -37.8819         0      8730   17461.1   26191.1    189.01  -353.388
     8500         0   19613.1   71.7172   -38.345         0   8839.25     17650   26489.3   188.983  -354.111
     8400         0   19613.1   71.8952  -38.1084         0   8944.33   17839.4   26783.8   189.405  -354.799
     8300         0   19613.1    72.074  -37.4599         0   9060.05   18025.7   27085.7   186.226  -355.437
     8200         0   19613.1   72.2537  -36.5006         0   9170.49   18212.3   27382.8   186.621  -356.017
     8100         0   19613.1   72.4342  -35.2856         0   9283.11   18399.3   27682.4   187.016  -356.534
     8000         0   19613.1   72.6157  -33.8724         0   9386.84   18586.4   27973.3   187.109  -356.987
     7900         0   19613.1    72.798  -32.1976         0   9498.76   18773.6   28272.4   187.202  -357.372
     7800         0   19613.1   72.9812  -30.3321         0   9607.38   18960.3   28567.7   186.719  -357.688
     7700         0   19613.1   73.1653  -28.2908         0   9712.74   19147.6   28860.3   187.235  -357.933
     7600         0   19613.1   73.3503  -26.0724         0   9819.19   19334.3   29153.5    186.75  -358.106
     7500         0   19613.1   73.5362  -23.7172         0   9929.97   19520.6   29450.6   186.289  -358.206
     7400         0   19613.1    73.723  -22.7783         0   10043.5   19706.4   29749.9   185.827  -358.245
     7300         0   19613.1   73.9107  -22.5934         0     10158   19893.8   30051.8   187.364  -358.261
     7200         0   19613.1   74.0994  -22.9157         0   10276.1   20082.7   30358.8   188.901  -358.276
     7100         0   19613.1    74.289  -23.5995         0     10395   20270.7   30665.7   188.011  -358.299
     7000         0   19613.1   74.4796  -24.5512         0   10506.5   20453.8   30960.3    183.12  -358.335
     6900         0   19613.1   74.6711  -25.6891         0   10618.2   20637.3   31255.5   183.429  -358.388
     6800         0   19613.1   74.8635  -26.9685         0   10728.5   20825.3   31553.8   188.036  -358.458
     6700         0   19613.1    75.057  -28.3379         0   10838.8   21012.3   31851.1   187.043  -358.546
     6600         0   19613.1   75.2514  -29.7513         0   10950.2   21196.5   32146.7   184.149  -358.649
     6500         0   19613.1   75.4467  -31.2097         0   11059.1   21382.1   32441.3   185.653  -358.768
     6400         0   19613.1   75.6431  -32.2531         0   11167.8   21567.7   32735.6   185.557  -358.897
     6300         0   19613.1   75.8405  -33.0753         0   11277.6   21754.8   33032.4    187.11  -359.025
     6200         0   19613.1   76.0388   -33.733         0   11395.5   21942.6   33338.1   187.761  -359.146
     6100         0   19613.1   76.2382  -34.2496         0   11514.4     22131   33645.4   188.412  -359.255
     6000         0   19613.1   76.4386  -34.6681         0   11622.5     22320   33942.6   189.061   -359.35
     5900         0   19613.1     76.64  -35.0108         0   11732.6   22507.1   34239.7    187.06  -359.431
     5800         0   19613.1   76.8424  -35.2954         0   11848.9   22695.8   34544.7   188.658  -359.497
     5700         0   19613.1   77.0459  -35.5339         0   11955.5   22884.6   34840.1   188.854  -359.548
     5600         0   19613.1   77.2504  -35.7346         0   12060.3   23073.5   35133.9     188.9  -359.584
     5500         0   19613.1    77.456  -35.9045         0   12175.2   23262.5   35437.6   188.944  -359.606
     5400         0   19613.1   77.6626  -37.1008         0   12289.6   23451.2   35740.9   188.762  -359.622
     5300         0   19613.1   77.8703   -38.859         0     12397   23639.8   36036.8    188.58  -359.661
     5200         0   19613.1   78.0791  -40.9843         0   12517.3   23831.5   36348.8   191.721  -359.736
     5100         0   19613.1    78.289   -43.351         0   12625.2   24022.4   36647.7   190.911  -359.854
     5000         0   19613.1   78.4999   -45.915         0   12727.6   24212.5   36940.1     190.1  -360.016
     4900         0   19613.1    78.712  -48.5895         0   12829.3   24403.8   37233.1   191.288  -360.225
     4800         0   19613.1   78.9252  -51.3626         0   12935.9   24595.6   37531.6   191.825  -360.478
     4700         0   19613.1   79.1395  -54.1955         0   13049.3     24788   37837.3   192.361  -360.775
     4600         0   19613.1   79.3549  -57.0471         0   13154.5   24978.5   38132.9   190.445  -361.115
     4500         0   19613.1   79.5715  -59.9349         0   13258.6     25168   38426.6   189.529  -361.495
     4400         0   19613.1   79.7892  -62.3137         0   13362.7   25359.3     38722   191.311  -361.909
     4300         0   19613.1    80.008  -64.4265         0   13469.6   25550.8   39020.4   191.492  -362.343
     4200         0   19613.1   80.2281  -66.3524         0   13572.4   25742.8   39315.2   191.972  -362.789
     4100         0   19613.1   80.4492  -68.1285         0   13671.5     25934   39605.5   191.251  -363.241
     4000         0   19613.1   80.6716  -69.8036         0   13770.4   26126.6   39897.1   192.628  -363.698
     3900         0   19613.1   80.8952  -71.4057         0   13866.7   26320.6   40187.4   194.005  -364.158
     3800         0   19613.1   81.1199  -72.9555         0   13964.7     26513   40477.7    192.33   -364.62
     3700         0   19613.1   81.3459  -75.3761         0   14058.9     26705   40763.9   191.979  -365.087
     3600         0   19613.1   81.5731  -79.7688         0   14156.5   26896.6     41053   191.627  -365.606
     3500         0   19613.1   81.8015  -85.1341         0   14255.9   27089.8   41345.7   193.198  -366.226
     3400         0   19613.1   82.0312  -90.8538         0   14360.6   27281.7   41642.4   191.969  -366.961
     3300         0   19613.1   82.2621  -96.9229         0   14476.1   27473.8   41949.9   192.088  -367.814
     3200         0   19613.1   82.4942  -102.385         0   14591.3     27666   42257.4   192.206  -368.782
     3100         0   19613.1   82.7276  -106.111         0   14708.9     27858   42566.8   191.922  -369.815
     3000         0   19613.1   82.9623   -109.06         0   14823.8   28049.6   42873.4   191.638  -370.867
     2900         0   19613.1   83.1983  -111.428         0   14938.5   28241.9   43180.4   192.302  -371.915
     2800         0   19613.1   83.4356  -113.381         0   15052.8   28433.8   43486.6   191.864  -372.947
     2700         0   19613.1   83.6742  -115.299         0   15174.1     28629     43803   195.226  -373.957
     2600         0   19613.1   83.9141  -117.586         0   15304.5     28819   44123.5   189.986  -374.958
     2500         0   19613.1   84.1553  -119.996         0   15422.5   29012.7   44435.3   193.745  -375.961
     2400         0   19613.1   84.3979  -122.437         0   15538.7   29205.9   44744.6   193.202  -376.972
     2300         0   19613.1   84.6418  -124.911         0   15656.9   29398.4   45055.3   192.508  -377.994
     2200         0   19613.1   84.8871  -127.163         0   15781.5   29590.2   45371.8   191.813  -379.026
     2100         0   19613.1   85.1337  -128.887         0   15898.9   29781.9   45680.8   191.666  -380.055
     2000         0   19613.1   85.3817  -130.358         0   16016.2   29973.4   45989.6   191.518  -381.069
     1900         0   19613.1   85.6312  -131.634         0   16133.9   30165.3   46299.3   191.902  -382.062
     1800         0   19613.1    85.882  -132.765         0   16250.3   30357.1   46607.4   191.785   -383.03
     1700         0   19613.1   86.1342  -133.933         0   16365.1   30549.6   46914.7   192.492  -383.973
     1600         0   19613.1   86.3879  -135.339         0   16482.3   30743.5   47225.8     193.9  -384.898
     1500         0   19613.1    86.643  -136.835         0   16599.7   30935.4   47535.1   191.902  -385.812
     1400         0   19613.1   86.8996  -138.404         0   16716.3   31125.5   47841.8    190.05  -386.719
     1300         0   19613.1   87.1576  -140.019         0   16836.6     31316   48152.6   190.578  -387.621
     1200         0   19613.1   87.4171  -141.227         0   16968.2   31507.1   48475.4   191.096  -388.518
     1100         0   19613.1   87.6781   -141.49         0   17096.3   31698.7     48795   191.532  -389.386
     1000         0   19613.1   87.9405  -141.294         0   17221.6   31890.5   49112.1   191.824  -390.202
      900         0   19613.1   88.2045  -140.606         0   17346.5   32081.9   49428.4   191.445  -390.954
      800         0   19613.1     88.47  -139.572         0   17471.8   32276.8   49748.6    194.85  -391.632
      700         0   19613.1   88.7371  -138.107         0   17593.9   32472.1     50066    195.33  -392.233
      600         0   19613.1   89.0057  -136.062         0   17724.7   32664.3     50389   192.169  -392.744
      500         0   19613.1   89.2759  -133.665         0   17854.9   32855.7   50710.6   191.367  -393.156
      400         0   19613.1   89.5476  -130.889         0   17996.2   33048.8   51045.1    193.18  -393.464
      300         0   19613.1   89.8209   -127.83         0   18125.6   33236.7   51362.3   187.906  -393.664
      200         0   19613.1   90.0958  -124.139         0   18260.3   33423.9   51684.3   187.197  -393.753
      100         0   19613.1   90.3724  -119.361         0   18378.6     33615   51993.7   191.083  -393.708
        0         0   19613.1   90.6506  -113.982         0   18482.2   33824.9   52307.1   209.907  -393.507