     20000          0          0    179.437    381.414          0     51.616    14.2831     65.899    14.2831    26.6815
     19900          0          0    179.437    380.485          0    96.6906    29.7361    126.427    15.4531     26.553
     19800          0          0    179.437    379.849          0    146.822    46.3592    193.181    16.6231    26.4248
     19700          0          0    179.437    379.593          0    189.909    60.5222    250.432    14.1631    26.3132
     19600          0          0    179.437    379.629          0    214.461    72.5053    286.966    11.9831    26.2337
     19500          0          0    179.437    377.901          0    250.639    82.0183    332.658    9.51306    26.1631
     19400          0          0    179.437    375.129          0     296.05    94.1014    390.151    12.0831    26.0133
     19300          0          0    179.437    372.574          0    339.776    106.214     445.99    12.1131    25.7601
     19200          0          0    179.437    370.023          0    374.952    118.358     493.31    12.1431    25.4219
     19100          0          0    179.437    369.153          0      408.6    130.011     538.61    11.6531    25.0306
     19000   0.228597   0.228597    179.437    369.292          0    441.608    142.474    584.081     12.463    24.6097
     18900          0    22.8597     179.84     367.06          0    474.148    155.343    629.491    12.8696    19.1098
     18800          0    22.8597    180.322    363.977          0    518.411    164.991    683.402    9.64818    19.8729
     18700          0    22.8597    180.553    361.935          0    574.456    175.708    750.164    10.7165    20.2523
     18600          0    22.8597    180.669    360.372          0    643.893    188.939    832.832    13.2309    20.3847
     18500     386.21     409.07    180.658    358.873          2    720.961      196.4    917.361    7.46153   -71.3374
     18400          0    38643.8    60.1195    282.702          0    839.608    323.951    1163.56    127.551   -890.786
     18300          0    38643.8    25.0925    300.229          0    925.109    486.878    1411.99    162.927   -863.419
     18200          0    38643.8    18.3243    318.976          0    1016.43    656.574    1673.01    169.696   -839.134
     18100          0    38643.8    16.4446    341.595          0     1105.6    827.623    1933.22    171.049   -815.735
     18000          0    38643.8    15.8593    363.606          0    1164.85    999.817    2164.67    172.194    -792.42
     17900          0    38643.8     15.753    384.318          0    1195.07    1173.53    2368.61    173.717   -769.135
     17800   0.394889    38644.2    15.8746     403.93   0.189736    1204.28    1347.99    2552.27    174.455   -746.082
     17700   0.603361    38683.9    16.1835     418.62          0    1212.11    1521.53    2733.64    173.537   -724.152
     17600   0.809991    38744.5    16.6796    425.754          0    1241.19    1698.57    2939.76    177.045    -703.43
     17500    1.27412    38825.9    17.3216    429.308          0    1289.78    1874.63    3164.41    176.063   -684.203
     17400    1.30303    38953.4    18.6499    436.906          0    1351.17    2047.77    3398.94    173.133   -670.645
     17300    1.18293    39083.6    19.6407    441.223          0    1407.75    2220.85     3628.6    173.083   -656.436
     17200    1.13292    39201.8    20.5065    440.744          0    1465.57    2397.43       3863    176.579   -642.281
     17100    1.18863    39315.2    21.2985    436.732          0    1535.15    2574.76    4109.91    177.331   -628.775
     17000   0.990892    39433.8    22.0567    430.134          0    1592.55     2754.8    4347.35    180.043   -616.372
     16900   0.673142    39532.6    22.7593    416.315          0    1632.33    2935.67       4568    180.866   -604.284
     16800   0.325487    39599.6    23.3352    396.532   0.262797    1659.53    3117.52    4777.06    181.855   -592.163
     16700          0    39631.8    23.7293    374.738          0    1675.54    3301.68    4977.22    184.161    -579.98
     16600          0    39631.8    23.9413    352.485          0       1677    3490.89    5167.89    189.209   -567.886
     16500    0.18663      39632    24.0523    344.451   0.632812     1679.7    3675.19     5354.9    184.301   -557.218
     16400   0.591076      39651    24.1551    349.454          0    1688.47    3865.01    5553.47    189.812   -548.575
     16300   0.756061    39710.3    24.3684    355.129          0     1707.9    4053.15    5761.05    188.148   -542.597
     16200    0.58569    39785.7    24.7147    359.677          0    1733.65    4247.88    5981.54     194.73   -537.865
     16100          0    39843.7    25.0747    349.198          0    1753.71    4446.55    6200.26    198.663   -532.706
     16000          0    39843.7    25.2708    326.153          0     1757.1    4644.98    6402.08    198.433   -525.418
     15900          0    39843.7    25.3247     310.43          0    1765.98    4843.51    6609.49    198.528    -519.24
     15800          0    39843.7    25.3451    301.779          0    1776.95    5040.52    6817.47    197.015   -514.026
     15700          0    39843.7    25.3586    297.052          0    1789.59    5238.67    7028.27    198.151   -509.594
     15600          0    39843.7    25.3716    295.414          0    1801.14    5436.06     7237.2    197.388   -505.795
     15500          0    39843.7    25.3858    294.135          0    1811.94    5634.21    7446.15    198.144   -502.511
     15400          0    39843.7     25.402    292.995          0    1816.59    5832.81     7649.4    198.603   -499.666
     15300   0.438041    39844.2    25.4201    294.201          0    1822.11    6034.71    7856.82    201.897   -497.223
     15200    4.70768    39892.2    25.5393    297.012          0    1831.23    6237.24    8068.47    202.534    -497.71
     15100    0.76479    40359.1    26.7494    303.309          0    1849.19    6439.26    8288.46    202.024   -519.741
     15000    0.90343    40435.7    28.0164    312.009          0    1879.15    6640.55     8519.7    201.286   -517.309
     14900    1.00807    40526.1    28.5971    320.137          0    1919.75     6840.6    8760.35     200.05   -515.774
     14800    0.89614    40626.8    29.0653    327.697          0    1972.38    7040.81     9013.2    200.213   -514.705
     14700          0    40715.5    29.4901    314.151          0    2013.53    7240.32    9253.85    199.504   -512.951
     14600          0    40715.5     29.555    266.007          0     2034.5     7446.6     9481.1    206.285   -508.467
     14500          0    40715.5    29.2136    234.455          0     2034.6    7656.74    9691.33    210.134   -507.983
     14400          0    40715.5    28.9185    212.834          0    2047.36    7869.17    9916.53    212.436   -508.738
     14300          0    40715.5    28.7017      193.5          0    2068.14    8079.62    10147.8    210.448   -509.889
     14200          0    40715.5    28.5473     175.92          0    2101.08    8289.63    10390.7    210.005   -511.107
     14100          0    40715.5    28.4399    165.091          0    2138.86    8499.52    10638.4    209.893   -512.257
     14000          0    40715.5    28.3678    159.617          0    2188.34    8708.14    10896.5    208.617   -513.249
     13900          0    40715.5    28.3222    152.386          0    2245.27    8920.38    11165.7    212.248   -514.059
     13800          0    40715.5    28.2965    143.678          0     2296.3     9130.6    11426.9    210.218   -514.738
     13700          0    40715.5    28.2856    136.456          0    2366.16    9343.67    11709.8    213.064   -515.338
     13600          0    40715.5    28.2858    130.411          0    2431.42    9556.59      11988    212.919   -515.875
     13500          0    40715.5    28.2941    133.964          0    2496.69    9764.12    12260.8    207.536   -516.343
     13400          0    40715.5    28.3084    145.284          0    2556.51    9974.85    12531.4    210.732   -516.665
     13300          0    40715.5    28.3272    144.677          0    2614.56    10183.4      12798    208.533   -516.817
     13200          0    40715.5    28.6131    144.183          0    2676.73    10394.7    13071.4    211.302   -515.584
     13100          0    40715.5    28.7016    144.253          0    2739.43    10601.9    13341.3    207.163   -512.902
     13000          0    40715.5    28.7446    144.772          0    2815.53    10811.6    13627.1    209.741   -510.192
     12900          0    40715.5    28.7761    147.603          0    2879.94    11021.5    13901.5    209.931   -507.729
     12800          0    40715.5    28.8006     152.22          0    2937.86    11233.6    14171.5    212.081   -505.531
     12700          0    40715.5    28.8293    152.986          0     3002.6    11447.4      14450    213.773   -503.576
     12600          0    40715.5    28.8649     150.52          0    3087.88    11663.7    14751.5    216.285   -501.892
     12500          0    40715.5    28.9034    148.792          0    3172.22    11881.7      15054    218.084   -500.499
     12400          0    40715.5    28.9432    147.587          0    3259.86    12098.9    15358.8    217.157   -499.365
     12300          0    40715.5    28.9839    145.177          0    3337.61    12316.7    15654.3    217.802   -498.459
     12200          0    40715.5    29.0251     141.75          0    3402.01      12537      15939    220.277   -497.764
     12100          0    40715.5    29.0666    140.608          0     3457.7    12760.4    16218.1    223.375   -497.265
     12000          0    40715.5    29.1084    141.282          0    3503.94    12981.3    16485.3    220.989   -496.911
     11900          0    40715.5    29.1504     144.07          0    3543.46    13206.8    16750.2    225.404   -496.648
     11800          0    40715.5    29.1927    148.569          0       3574    13432.6    17006.6    225.847   -496.426
     11700  0.0604989    40715.6    29.2352    164.458   0.955488    3585.29    13659.9    17245.2    227.347   -496.184
     11600          0    40721.6    28.7756     176.81          0    3592.98    13888.5    17481.5    228.588   -498.278
     11500          0    40721.6    28.7108    170.007          0    3603.56    14125.6    17729.1    237.056   -501.947
     11400          0    40721.6    28.7088    146.709          0     3603.8    14364.8    17968.6    239.243    -505.72
     11300          0    40721.6    28.7232    132.697          0    3613.21    14601.6    18214.8    236.754   -509.271
     11200          0    40721.6    28.7449    126.214          0    3629.64    14837.7    18467.3    236.105   -512.389
     11100          0    40721.6    28.7708    115.239          0    3669.59    15073.8    18743.4    236.129   -515.012
     11000          0    40721.6    28.7991    100.738          0    3723.45    15309.8    19033.3    236.001   -517.246
     10900          0    40721.6    28.8289    90.2671          0    3773.06    15548.6    19321.7    238.771   -519.192
     10800          0    40721.6    28.8596    83.0281          0    3815.11    15785.3    19600.4     236.69    -520.88
     10700          0    40721.6    28.8909    75.2258          0    3862.54    16022.6    19885.2    237.334    -522.34
     10600          0    40721.6    28.9224    66.9979          0    3917.96    16260.6    20178.6    237.978   -523.629
     10500          0    40721.6    28.9541    61.1963          0    3976.72    16499.1    20475.9    238.546   -524.792
     10400          0    40721.6    28.9858    57.3337          0    4038.28    16736.4    20774.6    237.214   -525.839
     10300          0    40721.6    29.0175    55.0245          0    4094.45    16972.2    21066.7    235.883   -526.778
     10200          0    40721.6    29.0491    53.1824          0    4152.15    17208.9      21361    236.651   -527.616
     10100          0    40721.6    29.0807    50.2555          0     4226.7    17443.5    21670.2    234.619   -528.375
     10000          0    40721.6    29.1122    46.7098          0     4295.7    17678.4    21974.1    234.888   -529.085
      9900          0    40721.6    29.1437    42.7482          0    4355.08    17913.6    22268.6    235.156   -529.766
      9800          0    40721.6    29.1751     38.453          0       4417    18148.1    22565.1    234.569   -530.432
      9700          0    40721.6    29.2064    33.8905          0    4473.37    18382.1    22855.5    233.981   -531.095
      9600          0    40721.6    29.2378    29.1138          0    4530.84    18615.5    23146.3    233.393   -531.762
      9500          0    40721.6    29.2691    24.1629          0    4594.48    18848.3    23442.8    232.806   -532.438
      9400          0    40721.6    29.3004    20.2982          0    4676.45    19084.2    23760.7      235.9   -533.126
      9300          0    40721.6    29.3318    17.2895          0    4758.72    19318.7    24077.4    234.468   -533.814
      9200          0    40721.6    29.3631    14.9522          0     4840.6      19553    24393.6    234.337   -534.495
      9100          0    40721.6    29.3945    13.1353          0    4914.72    19785.6    24700.3    232.606   -535.163
      9000          0    40721.6    29.4259    11.7408          0    4986.72    20015.5    25002.2    229.874   -535.815
      8900          0    40721.6    29.4573     10.718          0    5069.17    20246.7    25315.9    231.193   -536.449
      8800          0    40721.6    29.4888    9.99574          0    5139.66    20477.7    25617.4    231.036   -537.064
      8700          0    40721.6    29.5204    9.51857          0    5202.02    20708.6    25910.6     230.88   -537.658
      8600          0    40721.6    29.5519    9.24368          0    5258.45    20939.6      26198    230.998   -538.231
      8500          0    40721.6    29.5836    9.13397          0    5320.21    21170.7    26490.9    231.116   -538.783
      8400          0    40721.6    29.6152    9.81594          0    5377.37    21402.4    26779.8    231.685   -539.312
      8300          0    40721.6     29.647    11.1263          0     5444.5      21631    27075.5    228.653   -539.811
      8200          0    40721.6    29.6788    12.9518          0    5505.49    21860.2    27365.7    229.196   -540.276
      8100          0    40721.6    29.7107    15.2127          0    5567.62      22090    27657.6    229.739   -540.701
      8000          0    40721.6    29.7426    17.8258          0    5619.64      22320    27939.6    229.982   -541.084
      7900          0    40721.6    29.7746    20.8323          0    5678.53    22550.2    28228.7    230.225   -541.424
      7800          0    40721.6    29.8066    24.1594          0    5732.66    22780.1    28512.7    229.893   -541.718
      7700          0    40721.6    29.8387    27.7711          0    5781.96    23010.6    28792.6    230.561   -541.965
      7600          0    40721.6    29.8709     31.657          0    5830.68    23240.9    29071.6    230.229   -542.163
      7500          0    40721.6    29.9032    35.7636          0    5881.98    23470.8    29352.8    229.922   -542.312
      7400          0    40721.6    29.9355    38.4582          0    5934.23    23700.4    29634.6    229.615   -542.416
      7300          0    40721.6    29.9679    40.0614          0    5986.11    23931.7    29917.8    231.307   -542.491
      7200          0    40721.6    30.0003    40.8078          0     6040.5    24164.7    30205.2        233   -542.551
      7100          0    40721.6    30.0328    40.8808          0    6094.92      24397    30491.9    232.267   -542.606
      7000          0    40721.6    30.0654    40.4148          0     6141.4    24624.5    30765.9    227.535   -542.662
      6900          0    40721.6    30.0981    39.5308          0    6187.93    24852.5    31040.5    228.002   -542.723
      6800          0    40721.6    30.1308    38.3118          0    6232.97    25085.3    31318.3    232.769   -542.791
      6700          0    40721.6    30.1636    36.8416          0    6278.05    25317.2    31595.3    231.936   -542.869
      6600          0    40721.6    30.1965    35.2013          0     6324.5    25546.4    31870.9    229.203   -542.956
      6500          0    40721.6    30.2295    33.4178          0    6368.83    25777.3    32146.1    230.871   -543.053
      6400          0    40721.6    30.2625    31.9924          0    6413.29    26008.2    32421.5    230.938   -543.159
      6300          0    40721.6    30.2956    30.8408          0    6459.13    26240.9      32700    232.654   -543.268
      6200          0    40721.6    30.3287    29.9187          0     6513.4    26474.4    32987.8    233.471   -543.376
      6100          0    40721.6     30.362    29.2047          0    6568.84    26708.7    33277.5    234.288    -543.48
      6000          0    40721.6    30.3953    28.6529          0    6613.61    26943.8    33557.4    235.105   -543.578
      5900          0    40721.6    30.4287     28.233          0    6660.42      27177    33837.4    233.271   -543.669
      5800          0    40721.6    30.4621    27.9196          0    6713.53    27412.1    34125.6    235.038   -543.751
      5700          0    40721.6    30.4957    27.6929          0    6756.89    27647.5    34404.4    235.404   -543.825
      5600          0    40721.6    30.5293    27.5376          0    6798.49    27883.1    34681.6    235.621   -543.889
      5500          0    40721.6     30.563    27.4407          0    6849.96    28118.9    34968.9    235.837   -543.945
      5400          0    40721.6    30.5967    26.2801          0    6901.06    28354.8    35255.8    235.828   -543.993
      5300          0    40721.6    30.6305    24.3026          0    6945.27    28590.6    35535.9    235.819   -544.049
      5200          0    40721.6    30.6644       21.7          0    7002.87    28829.7    35832.6    239.136    -544.12
      5100          0    40721.6    30.6984    18.6381          0    7048.81    29068.2      36117    238.502   -544.213
      5000          0    40721.6    30.7325    15.1986          0    7090.07    29306.1    36396.2    237.868   -544.333
      4900          0    40721.6    30.7666    11.5002          0    7131.67    29545.3      36677    239.233   -544.481
      4800          0    40721.6    30.8008    7.58935          0    7179.36    29785.3    36964.6    239.949   -544.658
      4700          0    40721.6    30.8351    3.52865          0    7234.96    30025.9    37260.9    240.665   -544.864
      4600          0    40721.6    30.8695  -0.612546          0    7283.74    30264.9    37548.6    238.931     -545.1
      4500          0    40721.6    30.9039   -4.83067          0     7332.8    30503.1    37835.9    238.196   -545.365
      4400          0    40721.6    30.9384   -8.53421          0    7383.09    30743.2    38126.3    240.162   -545.656
      4300          0    40721.6     30.973   -11.8504          0    7437.44    30983.7    38421.2    240.527   -545.966
      4200          0    40721.6    31.0077   -14.8518          0    7488.75    31224.9    38713.7    241.192   -546.291
      4100          0    40721.6    31.0424   -17.5834          0    7537.29    31465.6    39002.9    240.658   -546.626
      4000          0    40721.6    31.0772   -20.1055          0    7586.49    31707.8    39294.3    242.223   -546.967
      3900          0    40721.6    31.1121   -22.4613          0    7633.86    31951.6    39585.5    243.788   -547.315
      3800          0    40721.6    31.1471   -24.6854          0    7683.54    32193.9    39877.4    242.303   -547.667
      3700          0    40721.6    31.1822   -27.7359          0    7730.14      32436    40166.2    242.143   -548.023
      3600          0    40721.6    31.2173   -33.1097          0    7781.01      32678      40459    241.983   -548.401
      3500          0    40721.6    31.2525    -40.023          0    7835.37    32921.8    40757.1    243.747   -548.827
      3400    2.93666    40724.5    31.2879   -47.7724          0    7896.99    33164.5    41061.5    242.712    -549.49
      3300          0    41015.3    32.5454   -60.6908          0    7976.18    33406.3    41382.5    241.805   -564.581
      3200          0    41015.3    33.3384   -74.6722          0    8063.74    33647.7    41711.4    241.362   -562.238
      3100          0    41015.3    33.2783   -84.0716          0    8159.26      33889    42048.3    241.372   -560.677
      3000          0    41015.3    33.1563   -90.9498          0     8256.1    34130.5    42386.6    241.444   -559.674
      2900          0    41015.3    33.0589   -96.0198          0    8355.36    34372.9    42728.3    242.441   -559.086
      2800          0    41015.3    32.9901   -99.7669          0    8456.05    34615.2    43071.3     242.31   -558.799
      2700          0    41015.3    32.9455   -102.824          0    8564.82    34861.2      43426    245.954   -558.733
      2600          0    41015.3    32.9203   -105.879          0    8683.53    35102.2    43785.7     240.98   -558.834
      2500          0    41015.3    32.9104   -108.875          0    8790.49    35347.1    44137.6     244.99   -559.066
      2400          0    41015.3    32.9125   -111.797          0    8895.99    35591.8    44487.8    244.688   -559.403
      2300          0    41015.3    32.9236   -114.687          0    9003.94    35836.1      44840    244.226   -559.824
      2200          0    41015.3    32.9418   -117.311          0    9118.76    36079.8    45198.6    243.758   -560.314
      2100          0    41015.3    32.9654   -119.286          0    9226.53    36323.7    45550.2    243.835   -560.854
      2000     0.0055    41015.3    32.9929    -120.85          0    9334.28    36567.6    45901.8    243.907   -561.429
      1900          0    41015.8    33.0258   -122.093          0     9442.5    36812.1    46254.6    244.508   -562.053
      1800          0    41015.8      33.06   -123.085          0    9549.21    37056.7    46605.9    244.607   -562.656
      1700          0    41015.8    33.0944   -124.028          0    9654.04    37302.2    46956.3    245.532   -563.266
      1600 0.00237892    41015.8    33.1298   -125.207          0    9761.13    37549.4    47310.5    247.158   -563.881
      1500          0    41016.1    33.1673   -126.518          0    9868.21    37794.7      47663    245.378   -564.514
      1400          0    41016.1    33.2051   -127.946          0    9974.41    38038.5    48012.9    243.745   -565.138
      1300          0    41016.1    33.2428   -129.463          0    10084.1      38283    48367.1    244.493   -565.767
      1200          0    41016.1    33.2809   -130.585          0    10205.1    38528.2    48733.3    245.232   -566.401
      1100          0    41016.1    33.3194   -130.593          0    10322.3    38774.1    49096.4    245.891   -567.029
      1000          0    41016.1    33.3581   -129.885          0    10436.2    39020.5    49456.7    246.407   -567.636
       900          0    41016.1     33.397   -128.441          0    10548.9    39266.8    49815.7    246.253   -568.213
       800          0    41016.1    33.4362   -126.421          0      10661    39516.6    50177.7    249.884   -568.752
       700          0    41016.1    33.4755   -123.761          0    10768.8    39767.2      50536    250.591   -569.247
       600          0    41016.1    33.5149   -120.278          0    10883.9    40014.9    50898.8     247.66    -569.69
       500          0    41016.1    33.5544   -116.202          0    10996.6      40262    51258.6    247.088   -570.074
       400 0.00230007    41016.1    33.5941   -111.535          0    11118.6    40511.1    51629.7    249.133   -570.395
       300          0    41016.3    33.6348   -106.399          0    11226.5    40755.2    51981.7    244.092   -570.659
       200          0    41016.3    33.6752   -100.447          0    11337.5    40998.8    52336.4    243.617   -570.837
       100          0    41016.3    33.7151   -93.0917          0    11429.6    41246.6    52676.1     247.74   -570.935
         0          0    41016.3     33.755   -84.7707          0    11503.9    41513.4    53017.3    266.803   -570.937