     20000          0          0    179.437    360.884          0    72.1462    14.2831    86.4292    14.2831    11.5902
     19900          0          0    179.437    359.969          0    137.737    29.7361    167.473    15.4531    11.4636
     19800          0          0    179.437    359.341          0    208.376    46.3592    254.735    16.6231    11.3374
     19700          0          0    179.437    359.089          0    271.967    60.5222    332.489    14.1631    11.2274
     19600          0          0    179.437    359.125          0    317.022    72.5053    389.527    11.9831    11.1491
     19500          0          0    179.437    357.423          0    373.679    82.0183    455.697    9.51306    11.0795
     19400          0          0    179.437    354.692          0    439.527    94.1014    533.629    12.0831    10.9319
     19300          0          0    179.437    352.174          0    503.653    106.214    609.868    12.1131    10.6825
     19200          0          0    179.437    349.661          0    559.193    118.358     677.55    12.1431    10.3492
     19100          0          0    179.437    348.803          0     613.19    130.011      743.2    11.6531     9.9636
     19000          0          0    179.437     348.94          0     666.55    142.474    809.023    12.4631    9.60804
     18900          0          0    179.437    347.329          0     718.82    155.747    874.567    13.2731    9.28112
     18800          0          0    179.437    344.749          0    782.311     166.28    948.591    10.5331    8.89336
     18700          0          0    179.437    342.964          0    857.327    178.113    1035.44    11.8331    8.43186
     18600   0.283254   0.283254    179.437    341.566          0    945.571    192.576    1138.15     14.463    7.86787
     18500          0    28.3254    179.937    339.498          0    1042.01    200.759    1242.77    8.18314    1.07086
     18400          0    28.3254    180.534    337.651          0    1105.71    207.895    1313.61    7.13635     1.9577
     18300          0    28.3254    180.821    334.383          0    1157.06    215.094    1372.15    7.19917    2.42955
     18200          0    28.3254    180.964    330.169          0    1237.19     222.15    1459.34    7.05594    2.51743
     18100          0    28.3254     181.03    326.624          0    1341.33    228.613    1569.94    6.46285    2.27985
     18000          0    28.3254    181.052    323.353          0    1440.83    235.615    1676.45    7.00147    1.80809
     17900          0    28.3254    181.046    322.411          0    1532.96    244.039       1777    8.42438    1.18933
     17800          0    28.3254    181.022    322.907          0     1623.2    253.347    1876.54    9.30769   0.563379
     17700          0    28.3254    180.989    321.096          0    1712.89    262.078    1974.97    8.73126 -0.0503014
     17600          0    28.3254    180.949    318.028          0    1791.54    274.854     2066.4    12.7756  -0.758108
     17500          0    28.3254    180.907    318.124          0    1854.14    287.331    2141.47    12.4777   -1.53306
     17400          0    28.3254    183.543    349.107          0    1880.54    295.571    2176.11    8.23938   -3.08994
     17300          0    28.3254    184.318    358.834          0    1906.35    303.976    2210.32    8.40487    -3.2355
     17200          0    28.3254    184.733    364.936          0    1924.34    316.327    2240.67    12.3515   -2.98359
     17100   0.440177    28.7656    185.148    368.919          0    1926.11    329.809    2255.92    13.4822   -2.67466
     17000          0    72.3431    186.169    370.707          0    1928.14    345.741    2273.88    15.9313   -12.0917
     16900          0    72.3431    187.499    366.863          0    1937.81    361.867    2299.68    16.1263   -9.77706
     16800          0    72.3431    188.679    359.385          0    1947.76    378.378    2326.13     16.511   -8.26814
     16700          0    72.3431    189.822    350.728          0    1955.76    396.446     2352.2    18.0679   -7.54609
     16600          0    72.3431    190.974    340.975          0    1965.81    418.622    2384.43    22.1764   -7.52212
     16500   0.464964     72.808    192.152    341.837          0    1971.13    434.824    2405.96    16.2014   -8.06151
     16400    0.50839    119.348    193.894    349.062          0    1979.51    454.897     2434.4    20.0732   -18.7875
     16300   0.437233    170.116    196.444    352.526          0    1996.33    470.969     2467.3    16.0719   -27.8627
     16200   0.488804    213.891    199.452    354.118          0    2016.53    490.961    2507.49    19.9927   -33.4234
     16100          0    262.282     202.77    343.811          0     2031.2    511.929    2543.13    20.9676   -38.9882
     16000          0    262.282    205.791    326.158          0     2034.6    529.841    2564.44    17.9124      -33.8
     15900          0    262.282    208.225    316.934          0    2036.98    545.469    2582.45    15.6279   -30.5673
     15800          0    262.282    210.321    312.818          0    2037.05    557.508    2594.56    12.0388    -28.472
     15700   0.639319    262.921     212.21    310.108   0.347494    2037.46    568.808    2606.27    11.3004   -27.2476
     15600          0    326.214    214.496    307.662          0    2038.16    577.072    2615.24    8.26412   -40.1331
     15500          0    326.214    216.894    304.715          0    2038.39    583.708     2622.1    6.63557   -36.8727
     15400    0.19891    326.413    218.949    301.835   0.282489    2042.58    588.764    2631.35    5.05632   -34.5881
     15300   0.231947    346.337    220.985    300.447   0.137041    2054.35    595.096    2649.45    6.33153    -37.281
     15200   0.181612    369.481    223.211     299.99   0.347314    2066.45    599.958    2666.41    4.86213   -40.2415
     15100   0.115993    387.577    225.507    305.732     0.6268    2086.83    603.224    2690.06     3.2659   -41.4944
     15000    2.21507    401.275     227.69    315.971    1.21277    2120.75    604.836    2725.59    1.61216   -41.2369
     14900   0.375531    620.942    229.616    321.432    1.59555    2162.64    605.806    2768.45   -0.96975   -82.7606
     14800   0.181968    658.302    231.193    326.083          2    2213.67     607.72    2821.39   -1.91464   -77.8863
     14700          0    676.317    232.416    316.771          0    2257.43    611.142    2868.58   -3.42203   -70.0862
     14600          0    676.317    223.864    248.636          0    2261.03    623.118    2884.15    11.9758   -60.9534
     14500          0    676.317    221.004    222.582          0       2273    641.461    2914.46    18.3432   -58.3109
     14400          0    676.317    220.854    206.826          0    2291.77    661.961    2953.73    20.4999   -58.3974
     14300          0    676.317     221.69    193.306          0    2312.75    679.421    2992.17    17.4598   -59.6535
     14200    0.19991    676.517    222.823    181.779          0    2339.83     695.15    3034.98    15.7291   -61.4754
     14100          0    696.308    224.366     175.29          0    2367.41    709.118    3076.53    13.9673   -67.3578
     14000          0    696.308    225.926     172.33          0    2404.18    720.177    3124.36    11.0595   -68.1351
     13900          0    696.308    227.216    167.529          0    2445.97    733.531     3179.5    13.3539   -68.8985
     13800          0    696.308    228.377    161.867          0     2478.8    743.669    3222.47    10.1383   -69.7476
     13700          0    696.308    229.461     157.76          0    2527.36    755.558    3282.92    11.8891   -70.6833
     13600          0    696.308    230.491    154.521          0    2568.51    766.272    3334.78    10.7135   -71.6342
     13500          0    696.308    231.477    157.764          0    2609.98    770.625    3380.61     4.3529   -72.4744
     13400          0    696.308    232.422    164.958          0    2650.12    777.242    3427.36    6.61779   -72.9013
     13300          0    696.308    233.332    162.081          0    2690.78    780.771    3471.55    3.52821   -73.0274
     13200          0    696.308    236.923    182.846          0    2714.28    783.763    3498.04    2.99215   -73.3085
     13100          0    696.308    239.202    189.402          0    2731.83      787.1    3518.93    -3.3373   -72.5922
     13000          0    696.308    241.039     195.24          0    2757.46    789.653    3547.11   -2.55315   -71.5299
     12900          0    696.308    242.508    201.462          0    2768.01    793.453    3561.47   -3.80018   -70.3085
     12800          0    696.308    243.613    207.784          0    2770.37    796.185    3566.56   -2.73132   -68.9898
     12700          0    696.308    244.603    210.103          0    2777.99    798.185    3576.18   -2.00038   -67.6936
     12600          0    696.308    245.695    209.526          0    2804.26     798.73    3602.99  -0.544942   -66.6581
     12500          0    696.308    246.836    209.431          0    2827.96    798.881    3626.84   0.151175   -65.9474
     12400          0    696.308     248.01    209.446          0    2853.74    800.792    3654.54   -1.91032   -65.4852
     12300          0    696.308    249.213    208.145          0    2868.53    803.218    3671.75   -2.42682   -65.2579
     12200   0.160924    696.469    250.443    205.857    1.97549    2868.82    804.359    3673.18   -1.14095   -65.3388
     12100   0.436292    712.836    251.569    204.912    1.22354    2877.43    805.232    3682.66   0.873125   -69.0495
     12000   0.177312    756.207    252.646    204.489          2    2894.39    807.781    3702.17   -2.54829   -77.7012
     11900    1.21887    774.979    253.656    205.056    1.24193    2915.86    808.678    3724.54   0.897616   -79.6058
     11800  0.0753695    895.723    254.596    205.261    1.59248    2942.02    809.123    3751.14   0.444434   -101.512
     11700   0.312609    903.497    255.601    213.342          0    2979.61    810.104    3789.71   0.981024   -96.3936
     11600   0.358011    934.803    243.294    187.103          0     2997.6    824.174    3821.77    14.0699    -96.429
     11500          0    970.246    239.985    168.654          0    3006.81    849.955    3856.77    25.7816   -99.7916
     11400          0    970.246    240.128    144.909          0    3008.86    877.779    3886.64    27.8241   -97.5297
     11300          0    970.246    241.108    133.798          0    3017.17    902.149    3919.32    24.3699   -97.2841
     11200          0    970.246    242.343    129.672          0    3030.14    924.656    3954.79    22.5066   -97.7415
     11100          0    970.246     243.62    122.175          0    3063.15    945.935    4009.09    21.2796   -98.4506
     11000          0    970.246    244.866    113.065          0    3104.69    965.869    4070.56    19.9337   -99.4856
     10900          0    970.246     246.06    107.869          0    3136.69    987.409     4124.1      21.54   -100.758
     10800          0    970.246    247.198    104.888          0    3156.89    1005.76    4162.65    18.3519   -102.036
     10700          0    970.246    248.285    100.999          0    3178.54     1023.7    4202.25    17.9399   -103.277
     10600          0    970.246    249.328     96.696          0    3204.27    1041.27    4245.54    17.5722   -104.557
     10500          0    970.246    250.332    94.0891          0    3230.13    1058.44    4288.58    17.1677   -105.869
     10400          0    970.246    251.303    92.4748          0    3256.56    1073.34    4329.89    14.8968   -107.136
     10300          0    970.246    252.244    91.4292          0    3276.32    1085.99    4362.31    12.6559   -108.335
     10200          0    970.246    253.159    90.2941          0     3296.9    1098.53    4395.44    12.5413   -109.458
     10100          0    970.246     254.05    88.1444          0    3333.57    1108.18    4441.75    9.64966   -110.564
     10000   0.138238    970.384    254.922    85.6688          0     3363.6    1117.26    4480.87    9.07807   -111.727
      9900          0     984.07    256.034    82.7685          0    3382.97    1125.53     4508.5    8.26577   -115.527
      9800          0     984.07    257.166    79.8161          0    3403.52    1132.11    4535.63    6.57807   -116.156
      9700          0     984.07    258.108    76.8601          0    3416.92    1137.19    4554.11    5.07998   -117.002
      9600          0     984.07    258.958    73.8505          0    3429.65    1140.86    4570.51     3.6736   -118.015
      9500          0     984.07    259.758    70.7856          0    3446.68    1143.18    4589.85    2.31654   -119.165
      9400          0     984.07    260.529    68.4746          0    3480.47    1147.85    4628.32    4.67111   -120.414
      9300          0     984.07    261.278    66.6027          0    3513.42    1150.37    4663.79    2.52181   -121.704
      9200    304.332     1288.4    261.933    64.9307          2    3545.32    1152.14    4697.46    1.76738   -184.665
      9100          0    31417.3     108.36   -29.6878          0    3662.27    1305.78    4968.05     153.64   -880.614
      9000          0    31417.3    52.9192   -42.3828          0     3788.4    1512.16    5300.55    206.381   -849.286
      8900          0    31417.3    39.3235   -43.6814          0    3925.25    1733.48    5658.73    221.326   -821.582
      8800          0    31417.3    33.8435   -41.3397          0    4047.07    1960.17    6007.23    226.681   -795.552
      8700          0    31417.3    31.1506   -36.5227          0    4155.47    2189.42    6344.89    229.249   -770.279
      8600          0    31417.3    29.7916   -30.4482          0    4251.59    2420.17    6671.76    230.758   -745.575
      8500          0    31417.3    29.1486   -23.9538          0    4346.44    2651.73    6998.17    231.551   -721.547
      8400          0    31417.3    28.8974     -16.86          0    4430.27    2884.13     7314.4    232.403   -698.415
      8300          0    31417.3     28.856   -9.50722          0    4518.04    3113.57    7631.61    229.444   -676.427
      8200          0    31417.3    28.9204   -2.05608          0    4594.03    3343.53    7937.56    229.955   -655.816
      8100          0    31417.3    29.0317     5.4241          0    4665.95    3573.94    8239.89    230.418    -636.76
      8000          0    31417.3    29.1572    12.8797          0    4722.93    3804.51    8527.44    230.568   -619.378
      7900          0    31417.3    29.2799    20.3799          0    4782.27    4035.23     8817.5     230.72   -603.715
      7800          0    31417.3    29.3916    27.8772          0    4832.68    4265.54    9098.22    230.308   -589.759
      7700          0    31417.3    29.4897    35.3533          0    4874.39    4496.45    9370.84     230.91   -577.441
      7600          0    31417.3     29.574    42.8105          0    4911.96    4726.98    9638.94    230.526   -566.658
      7500          0    31417.3     29.646    50.2063          0    4948.81    4957.16    9905.97    230.179    -557.28
      7400          0    31417.3    29.7077    55.9401          0    4983.58       5187    10170.6    229.842   -549.171
      7300          0    31417.3    29.7609    60.3282          0     5015.2    5418.51    10433.7    231.514   -542.201
      7200          0    31417.3    29.8076     63.611          0    5046.79     5651.7    10698.5    233.192   -536.247
      7100          0    31417.3    29.8496    65.9804          0    5076.11    5884.16    10960.3     232.45   -531.183
      7000          0    31417.3     29.888    67.5813          0    5095.42    6111.87    11207.3    227.712   -526.897
      6900          0    31417.3     29.924    68.5468          0    5112.94    6340.04      11453    228.176   -523.282
      6800          0    31417.3    29.9585    68.9735          0    5127.31    6572.98    11700.3    232.941   -520.245
      6700          0    31417.3    29.9921    68.9595          0    5140.28    6805.09    11945.4    232.108   -517.703
      6600          0    31417.3    30.0252    68.6006          0    5153.33    7034.47    12187.8    229.375   -515.582
      6500          0    31417.3    30.0581    67.9392          0    5163.14    7265.51    12428.6    231.042   -513.821
      6400          0    31417.3    30.0912    67.4852          0     5172.1    7496.62    12668.7    231.109   -512.362
      6300          0    31417.3    30.1246    67.1727          0    5181.61    7729.44    12911.1    232.825   -511.155
      6200          0    31417.3    30.1583    66.9728          0    5198.83    7963.09    13161.9    233.642   -510.156
      6100          0    31417.3    30.1925    66.8774          0    5216.59    8197.54    13414.1    234.457   -509.328
      6000          0    31417.3    30.2271    66.8535          0    5223.16    8432.82      13656    235.273   -508.643
      5900          0    31417.3    30.2622    66.8822          0    5231.32    8666.25    13897.6    233.438   -508.073
      5800          0    31417.3    30.2976     66.948          0     5245.4    8901.46    14146.9    235.202     -507.6
      5700          0    31417.3    30.3336      67.04          0    5249.41    9137.02    14386.4    235.566   -507.205
      5600          0    31417.3    30.3699    67.1511          0     5251.4     9372.8    14624.2     235.78   -506.874
      5500          0    31417.3    30.4065     67.275          0    5263.03     9608.8    14871.8    235.993   -506.595
      5400          0    31417.3    30.4435    66.3099          0    5274.11    9844.78    15118.9    235.981   -506.362
      5300          0    31417.3    30.4809     64.498          0    5278.13    10080.7    15358.9    235.969    -506.18
      5200          0    31417.3    30.5185    62.0318          0    5295.39      10320    15615.4    239.282   -506.052
      5100          0    31417.3    30.5564    59.0785          0    5300.89    10558.7    15859.6    238.644    -505.98
      5000          0    31417.3    30.5945    55.7221          0    5301.63    10796.7    16098.3    238.006   -505.962
      4900          0    31417.3    30.6328    52.0831          0    5302.64      11036    16338.7    239.367   -505.996
      4800          0    31417.3    30.6714    48.2105          0    5309.72    11276.1    16585.8    240.079   -506.081
      4700          0    31417.3    30.7101     44.169          0    5324.67    11516.9    16841.6     240.79   -506.213
      4600          0    31417.3    30.7491    40.0298          0    5332.81      11756    17088.8    239.051    -506.39
      4500          0    31417.3    30.7882    35.7988          0    5341.24    11994.3    17335.5    238.312    -506.61
      4400          0    31417.3    30.8275    32.0623          0    5350.94    12234.5    17585.5    240.273   -506.868
      4300          0    31417.3    30.8669    28.6996          0    5364.73    12475.2    17839.9    240.633   -507.155
      4200          0    31417.3    30.9064    25.6413          0    5375.55    12716.5      18092    241.294   -507.464
      4100          0    31417.3    30.9462    22.8449          0    5383.66    12957.2    18340.9    240.754    -507.79
      4000          0    31417.3     30.986    20.2521          0    5392.51    13199.5    18592.1    242.314   -508.129
      3900          0    31417.3     31.026    17.8213          0    5399.59    13443.4      18843    243.874   -508.478
      3800          0    31417.3    31.0661    15.5191          0    5409.06    13685.8    19094.9    242.384   -508.835
      3700          0    31417.3    31.1063    12.4004          0    5415.53      13928    19343.6    242.219   -509.199
      3600          0    31417.3    31.1466    6.97913          0    5426.31    14170.1    19596.4    242.053    -509.59
      3500          0    31417.3    31.1871  0.0229661          0    5440.62    14413.9    19854.5    243.813   -510.035
      3400          0    31417.3    31.2277   -7.77486          0    5462.25    14656.7    20118.9    242.772   -510.551
      3300          0    31417.3    31.2684   -16.2698          0    5497.02    14899.7    20396.8    243.082   -511.145
      3200          0    31417.3    31.3092   -24.4235          0    5534.33    15143.1    20677.5    243.391    -511.82
      3100          0    31417.3    31.3501   -30.6857          0    5576.47    15386.4    20962.9      243.3   -512.557
      3000          0    31417.3    31.3912   -35.7555          0    5618.11    15629.6    21247.7    243.209    -513.33
      2900          0    31417.3    31.4323   -39.8509          0    5661.21    15873.7    21534.9    244.068    -514.12
      2800          0    31417.3    31.4736   -43.1714          0     5705.3    16117.5    21822.8    243.826   -514.915
      2700          0    31417.3     31.515     -46.15          0    5757.39    16364.9    22122.3    247.385   -515.707
      2600          0    31417.3    31.5564   -49.3473          0    5819.57    16607.3    22426.8    242.344   -516.496
      2500          0    31417.3     31.598   -52.6242          0    5870.28    16853.6    22723.8    246.302   -517.287
      2400          0    31417.3    31.6398   -55.9033          0    5919.88    17099.5    23019.4     245.96   -518.084
      2300          0    31417.3    31.6816   -59.1869          0    5972.34      17345    23317.3    245.468   -518.888
      2200          0    31417.3    31.7235   -62.2191          0    6032.06      17590      23622    244.976     -519.7
      2100          0    31417.3    31.7656   -64.5963          0    6085.15      17835    23920.1    245.034   -520.514
      2000          0    31417.3    31.8077   -66.5388          0    6138.58    18080.1    24218.7    245.092   -521.322
      1900          0    31417.3      31.85   -68.1249          0    6192.83    18325.8    24518.6    245.683   -522.121
      1800          0    31417.3    31.8924   -69.4248          0    6245.88    18571.6    24817.4    245.774   -522.906
      1700          0    31417.3    31.9349   -70.6473          0    6297.33    18818.2    25115.6    246.692   -523.675
      1600          0    31417.3    31.9775    -72.077          0     6351.3    19066.6    25417.9     248.31   -524.431
      1500          0    31417.3    32.0203   -73.6159          0    6405.47    19313.1    25718.5    246.525   -525.176
      1400          0    31417.3    32.0631   -75.2527          0    6458.98      19558    26016.9    244.887   -525.914
      1300          0    31417.3    32.1061   -76.9649          0    6516.16    19803.6    26319.8     245.63   -526.646
      1200          0    31417.3    32.1492   -78.2805          0    6584.87      20050    26634.8    246.364   -527.373
      1100          0    31417.3    32.1924   -78.4755          0    6649.92      20297    26946.9    247.018   -528.086
      1000          0    31417.3    32.2357   -77.9331          0    6711.85    20544.5    27256.4    247.529   -528.771
       900          0    31417.3    32.2791   -76.6362          0    6772.79    20791.9    27564.7    247.371   -529.419
       800          0    31417.3    32.3227   -74.7392          0    6833.25    21042.9    27876.1    250.997    -530.02
       700          0    31417.3    32.3663   -72.1824          0    6889.41    21294.6      28184      251.7   -530.571
       600          0    31417.3    32.4101   -68.7834          0    6952.99    21543.3    28496.3    248.765   -531.063
       500          0    31417.3     32.454   -64.7654          0    7014.27    21791.5    28805.8    248.188   -531.489
       400          0    31417.3     32.498   -60.1332          0    7084.85    22041.8    29126.6    250.229   -531.843
       300          0    31417.3    32.5422   -55.0056          0    7141.39    22286.9    29428.3    245.184   -532.122
       200          0    31417.3    32.5864   -49.0462          0    7201.04    22531.6    29732.7    244.706   -532.323
       100          0    31417.3    32.6308   -41.6664          0    7241.63    22780.5    30022.1    248.824   -532.433
         0          0    31417.3    32.6753   -33.2912          0     7264.5    23048.4    30312.9    267.883   -532.438