    20000         0         0   179.437   401.944         0   31.0858   14.2831   45.3689   14.2831   41.7727
    19900         0         0   179.437   401.002         0   55.6439   29.7361     85.38   15.4531   41.6423
    19800         0         0   179.437   400.356         0   85.2681   46.3592   131.627   16.6231   41.5123
    19700         0         0   179.437   400.096         0   107.852   60.5222   168.374   14.1631   41.3991
    19600  0.211489  0.211489   179.437   400.133         0     111.9   72.5052   184.405    11.983    41.262
    19500  0.210144    21.359    179.81   397.813         0   128.166    81.645   209.811   9.13979   36.2725
    19400         0   42.1632   180.627       394         0   154.706    92.538   247.244    10.893   32.4122
    19300         0   42.1632   181.285   390.754         0   180.253   102.803   283.055   10.2646   34.0202
    19200         0   42.1632   181.607   387.816         0   197.636   112.776   310.412   9.97296    35.054
    19100         0   42.1632   181.765   386.717         0    213.72     122.1    335.82   9.32482   35.6854
    19000         0   42.1632   181.833   386.733         0   229.286   132.167   361.453   10.0665   36.0937
    18900         0   42.1632   181.848   385.022         0   243.865   143.028   386.893   10.8616   36.3446
    18800         0   42.1632    181.83   382.356         0   269.749   151.168   420.917   8.13973   36.3943
    18700         0   42.1632   181.792   380.535         0   307.194   160.647    467.84    9.4784   36.2646
    18600         0   42.1632    181.74    379.13         0   357.874   172.806    530.68   12.1596   36.0266
    18500         0   42.1632   181.682   377.792         0   416.022   179.244   595.266    6.4382   35.7133
    18400         0   42.1632   181.619   376.522         0    440.85   185.295   626.145   6.05059   35.3408
    18300         0   42.1632   181.556   373.501         0   453.079   191.759   644.838    6.4643   34.8927
    18200         0   42.1632   181.492   369.396         0   493.982   198.287   692.269   6.52755   34.2943
    18100         0   42.1632   181.431   365.904         0   558.839   204.349   763.188   6.06245   33.5369
    18000         0   42.1632   181.372   362.641         0   619.058   211.031   830.089    6.6816   32.6666
    17900         0   42.1632   181.315   361.737         0   671.861   219.186   891.046   8.15458   31.7394
    17800         0   42.1632   181.262   362.289         0   722.712   228.253   950.966   9.06786   30.8747
    17700         0   42.1632   181.212   360.448         0   773.054   236.761   1009.82   8.50805   30.0747
    17600         0   42.1632   181.165   357.301         0   812.433   249.322   1061.75   12.5602   29.2166
    17500  0.380954   42.5442   181.121   357.403         0    835.75   261.586   1097.34   12.2643   28.2186
    17400  0.304041   80.5627     184.2   388.652         0   848.892   269.169   1118.06   7.58289    17.694
    17300  0.286746    110.95   185.918   397.534 0.0576956   861.786   275.974   1137.76   6.80549   12.1909
    17200  0.350594   139.688   187.469   402.461         0   881.317    285.59   1166.91   9.61592   8.45552
    17100  0.338598   174.735   189.206   404.927         0   919.094   295.014   1214.11   9.42417   4.14417
    17000  0.362756   208.619   191.226   405.675         0   952.029   305.888   1257.92   10.8737   0.96178
    16900  0.339659   244.872   193.509   400.468         0   975.967   316.004   1291.97   10.1163  -2.26409
    16800  0.313344   278.811       196   391.196         0   997.832   325.194   1323.03   9.18966  -4.77359
    16700  0.311042   310.144   198.613   380.646         0   1019.75   334.471   1354.22   9.27691  -6.82754
    16600  0.360827   341.298   201.312   368.962         0   1037.68   346.309   1383.99   11.8379   -9.1401
    16500  0.145226   377.165   204.152   367.907  0.547342   1058.43    350.51   1408.94   4.20123  -12.6173
    16400  0.256569   391.799   206.821   374.338  0.103541   1092.08   357.656   1449.73    7.1462  -10.7833
    16300         0   417.199   209.337   377.853         0   1134.23   360.835   1495.06   3.17884  -11.4877
    16200  0.515996   417.715   211.645   380.207  0.553598   1180.52   368.635   1549.15   7.79998  -6.47085
    16100  0.314711   469.113   213.947    370.48         0   1221.86   378.426   1600.28   9.79058     -13.8
    16000  0.244934   500.515   216.552   352.556  0.113321   1251.65   385.577   1637.23   7.15099  -15.9087
    15900  0.161858   524.925   219.274    342.74  0.449693   1275.08   390.155   1665.24   4.57871  -17.0024
    15800  0.138595   541.087   221.851   338.071   1.89306   1300.41   390.665   1691.08  0.509457  -16.6284
    15700  0.158851   554.967   224.022   334.854         2   1325.57   391.177   1716.74 -0.511794  -16.1823
    15600  0.216114   570.909   225.749   332.861         2   1351.47   394.165   1745.63  -2.98862  -16.5208
    15500   1.13758   593.442   227.129   330.218   1.48119   1376.75   397.764   1774.51  -3.59896  -18.4302
    15400  0.223959   706.287   228.091   326.137         2   1405.24    401.85   1807.09  -4.08591   -39.324
    15300  0.156383   728.615   228.812   324.032         2   1440.59   403.346   1843.94  -1.49569  -36.8356
    15200  0.157241   744.255   229.545   323.685         2   1476.39   404.817   1881.21  -1.47118  -33.6589
    15100  0.160651   759.982   230.311   329.937         2   1520.98   406.355   1927.33  -1.53755  -31.2139
    15000  0.168881   776.055   231.088   340.855         2   1579.78    408.14   1987.92  -1.78528  -29.0151
    14900  0.207283   792.982   231.859   349.581         2   1649.82   411.352   2061.17  -3.21224  -26.9262
    14800  0.205694   813.709   232.587   357.118         2   1731.88   414.661   2146.54  -3.30849  -25.6105
    14700  0.191915   834.264   233.201   349.104  0.287687   1807.98   418.868   2226.85  -4.20696  -24.3187
    14600  0.412973   853.677   224.517   280.452         0    1843.4    430.19   2273.59   11.3228  -24.2437
    14500  0.488735    895.05   222.488   253.188         0   1862.03   447.049   2309.08    16.859  -33.1284
    14400         0   943.435   224.015   235.582         0   1872.02   464.388   2336.41   17.3385  -43.4603
    14300         0   943.435   226.126   220.867         0    1878.6   477.412   2356.01   13.0244  -42.8739
    14200         0   943.435   227.788   208.698         0   1878.76   488.177   2366.94   10.7645  -43.3475
    14100         0   943.435   229.215   202.271         0   1879.36   497.295   2376.66   9.11816  -44.3049
    14000         0   943.435   230.504    199.43         0   1889.03   503.776   2392.81   6.48127  -45.3003
    13900         0   943.435   231.707   194.591         0   1903.76   512.639    2416.4   8.86287  -46.2164
    13800         0   943.435   232.847   188.846         0   1909.61   518.307   2427.92   5.66785  -47.1806
    13700         0   943.435   233.935   184.674         0   1931.26   525.722   2456.98   7.41531   -48.207
    13600         0   943.435   234.975   181.384         0   1945.54   531.952    2477.5   6.22986  -49.2307
    13500         0   943.435   235.971   184.707         0   1960.08   532.094   2492.17 -0.141464  -50.1292
    13400         0   943.435   236.928   192.065         0   1973.11   534.206   2507.31     2.112  -50.5963
    13300  0.245052    943.68    237.85   189.128         2   1986.71   535.195   2521.91  -0.98987  -50.8068
    13200  0.171595   968.111   241.261   210.157         2   1990.52   536.542   2527.06  -1.34611  -56.1935
    13100  0.273425   985.373   243.129   216.515         2   2000.09   543.806   2543.89  -7.26426  -58.0092
    13000  0.241851   1012.68   244.365   222.036         2   2001.25   549.685   2550.93   -5.8788  -61.0291
    12900  0.242815   1036.87   245.062   227.911         2   2017.14   556.039   2573.18  -6.35409  -62.4206
    12800  0.202682   1061.11   245.302   233.899         2    2040.9   560.459   2601.36  -4.41978  -63.2314
    12700  0.167843   1081.34   245.397   235.846         2   2059.02   563.253   2622.28  -2.79443  -62.8723
    12600         0   1097.96   245.631   234.909         0   2059.91   563.734   2623.64 -0.480808  -61.9256
    12500 0.0756464   1098.04   246.099   234.697  0.980943   2061.48   564.622    2626.1  0.888044  -57.9971
    12400         0   1105.53   246.842   234.656         0   2062.05   565.363   2627.41 -0.741513  -56.5978
    12300  0.156845   1105.68   247.761   233.342   1.87526   2072.46   566.338    2638.8 -0.974891   -54.196
    12200 0.0604423   1121.27   248.683    230.92   1.47843   2097.24   566.958   2664.19  0.619776  -55.7695
    12100  0.136965   1127.39   249.628   230.063  0.483471      2131   569.772   2700.77   2.81438  -55.3432
    12000  0.133962   1141.08   250.791   230.119   1.98271   2173.59   570.466   2744.06 -0.693406  -56.7875
    11900  0.121732   1154.47   251.982   231.115  0.552155   2221.12   573.037   2794.16   2.57151  -58.0331
    11800         0   1166.52   253.234   232.824         0   2274.84   574.843   2849.68   1.80594  -58.8372
    11700  0.320668   1166.84   254.609   242.329         0   2341.42   576.816   2918.23   1.97307   -56.989
    11600  0.361987   1198.95   242.903    216.37         0   2388.67   591.277   2979.95   14.4608  -61.9609
    11500  0.425518   1235.21   239.954   197.597         0   2426.83    617.09   3043.92   25.8127   -68.993
    11400  0.416043   1277.75   241.084   172.359         0   2452.24   643.958    3096.2   26.8679  -77.4745
    11300    0.3607    1319.3   243.859   159.479         0   2469.61   665.576   3135.19   21.6181  -85.2482
    11200  0.317358   1355.33   247.137   153.637         0   2480.61   683.288    3163.9   17.7126  -90.8595
    11100         0   1386.75   250.449   144.414         0   2491.39   697.739   3189.13   14.4509  -94.7592
    11000         0   1386.75   253.119   134.224         0   2511.77   709.421   3221.19   11.6814  -92.3914
    10900         0   1386.75   255.073   128.473         0   2523.16   721.947   3245.11   12.5267  -91.1482
    10800         0   1386.75   256.687   125.182         0   2523.26    730.81   3254.07   8.86253  -90.5468
    10700         0   1386.75   258.106   121.089         0   2524.83   738.929   3263.76   8.11902  -90.3726
    10600  0.123237   1386.87    259.39   116.642         0    2530.6   746.439   3277.04   7.51026  -90.6081
    10500         0   1399.07   260.807   113.725         0   2536.83   753.133   3289.97   6.69346  -93.4678
    10400         0   1399.07   262.186   111.915         0   2543.81   757.147   3300.96   4.01438  -93.5783
    10300         0   1399.07   263.357   110.786         0   2544.22    758.69   3302.91   1.54278   -93.911
    10200         0   1399.07   264.415   109.601         0    2545.5   759.975   3305.47   1.28516  -94.3813
    10100         0   1399.07     265.4   107.405         0    2562.9   761.675   3324.58  -1.69981  -94.9914
    10000         0   1399.07   266.332    104.89         0   2573.72   764.007   3337.72  -2.33247  -95.7489
     9900         0   1399.07   267.224   102.208         0   2573.79   766.932   3340.72  -2.92429  -96.6415
     9800  0.190605   1399.26   268.083   99.3943         2   2574.77   771.271   3346.04    -4.339  -97.6969
     9700  0.165447    1418.3    268.65   96.2101         2   2580.72   776.733   3357.45  -5.46262  -102.471
     9600  0.471597   1435.15    268.91   92.8537   1.65883   2586.99   783.012      3370  -6.27873  -106.043
     9500  0.206305   1482.04   268.873   88.9744         2   2588.15    789.81   3377.96   -6.7978  -114.805
     9400         0   1502.47   268.661   86.0177         0    2604.4   793.271   3397.67  -3.46112  -116.919
     9300         0   1502.47   268.699   83.9625         0   2619.99    798.17   3418.16  -4.89894  -115.178
     9200  0.183336   1502.65   269.036   82.3445         2   2634.48   803.506   3437.99  -5.33642  -114.313
     9100         0    1520.8   269.253   80.7045         0   2641.04   810.759    3451.8   -7.2528  -117.388
     9000         0    1520.8   269.482   79.3502         0   2645.43   820.941   3466.37  -10.1822  -116.683
     8900         0    1520.8   269.896   78.2259         0   2660.37   830.188   3490.56  -9.24627  -116.487
     8800         0    1520.8   270.395   77.2147         0   2663.64   840.057    3503.7  -9.86958  -116.653
     8700  0.255682   1521.06   270.935   76.2824         2   2668.04   850.592   3518.63  -10.5351  -117.126
     8600  0.217476   1546.59   271.147   75.0671         2   2677.44   861.189   3538.63  -10.5966  -122.486
     8500  0.212997   1568.33   271.006   73.7944         2   2680.33   871.495   3551.83  -10.3064  -126.104
     8400  0.203202   1589.62   270.742   73.0151         2   2686.38   880.937   3567.31  -9.44155  -129.047
     8300         0   1609.74   270.424   72.5792         0   2692.06   893.061   3585.12  -12.1243  -131.334
     8200         0   1609.74   270.359   72.6555         0   2693.34   904.545   3597.89  -11.4844  -129.648
     8100         0   1609.74   270.604   73.0696         0   2697.61     915.7   3613.31  -11.1541  -128.597
     8000  0.486588   1610.22   270.992   73.6726         2   2701.43   926.967    3628.4  -11.2671  -128.081
     7900         0   1658.39   270.783   73.8392         0   2707.31   937.749   3645.06  -10.7827  -136.559
     7800         0   1658.39   270.487   74.5126         0   2711.09   948.537   3659.63  -10.7873  -134.321
     7700         0   1658.39   270.627   75.5953         0   2712.56   958.764   3671.32   -10.227  -132.758
     7600         0   1658.39   270.962   76.8853         0   2716.05   969.626   3685.68   -10.862  -131.664
     7500         0   1658.39   271.393     78.32         0   2724.79   981.193   3705.99  -11.5677  -130.881
     7400         0   1658.39   271.876   78.8137         0   2736.69   993.519   3730.21  -12.3256  -130.317
     7300         0   1658.39   272.391   78.7597         0   2749.87   1004.63   3754.51  -11.1157  -129.948
     7200         0   1658.39   272.928   78.4112         0   2766.66   1014.56   3781.23  -9.92755  -129.741
     7100         0   1658.39   273.479   77.8568         0   2784.11   1025.74   3809.85  -11.1792  -129.662
     7000         0   1658.39    274.04    77.147         0   2793.86   1042.18   3836.04  -16.4403  -129.688
     6900         0   1658.39   274.606   76.3279         0   2803.59   1058.69   3862.28  -16.5057  -129.798
     6800         0   1658.39    275.17   75.4226         0   2811.51   1070.96   3882.47  -12.2695  -129.976
     6700         0   1658.39   275.728   74.4584         0   2818.98   1084.59   3903.57  -13.6284  -130.212
     6600  0.272063   1658.67   276.282    73.466         2   2827.17   1101.47   3928.63  -16.8818  -130.552
     6500         0    1685.6   276.449   72.0739         0   2832.84   1116.82   3949.66  -15.3487  -135.849
     6400         0    1685.6   276.535    71.159         0   2838.13   1132.15   3970.28  -15.3347  -135.007
     6300         0    1685.6   276.844   70.5565         0   2844.26   1146.04    3990.3  -13.8937    -134.5
     6200         0    1685.6   277.241   70.0846         0   2858.36   1159.49   4017.85  -13.4415  -134.231
     6100         0    1685.6   277.674   69.7149         0   2873.29   1172.51    4045.8  -13.0238  -134.124
     6000         0    1685.6   278.119    69.409         0    2877.3   1185.13   4062.43  -12.6189  -134.127
     5900  0.257674   1685.86   278.569    69.149         2   2883.19      1200   4083.19   -14.869   -134.26
     5800         0   1711.37   278.659   68.5803         0   2895.64   1213.16    4108.8  -13.1589  -139.086
     5700         0   1711.37   278.677   68.2264         0   2898.47   1225.93    4124.4  -12.7769  -138.122
     5600  0.239115   1711.61   278.916   68.0379         2   2899.57    1238.7   4138.27   -12.766  -137.537
     5500         0   1735.28   278.917   67.5837         0    2910.9   1251.22   4162.11  -12.5166  -141.475
     5400         0   1735.28   278.895   66.6064         0   2921.67   1263.69   4185.36  -12.4702  -140.215
     5300         0   1735.28   279.102   65.3324         0   2924.86   1276.34   4201.19  -12.6519  -139.405
     5200         0   1735.28   279.413   63.8473         0    2940.3   1285.95   4226.26  -9.61252  -138.947
     5100         0   1735.28   279.774   62.2163         0   2942.67   1296.52   4239.19  -10.5736  -138.761
     5000  0.225218   1735.51    280.16   60.4468         2   2946.65   1308.08   4254.74  -11.5605  -138.837
     4900  0.208327   1758.01   280.243   58.2881         2   2951.85   1318.33   4270.17  -10.2427  -143.167
     4800         0   1778.63   279.973   55.9278         0   2952.49   1327.55   4280.04  -9.22327  -146.282
     4700         0   1778.63   279.842   53.7676         0   2957.85   1335.89   4293.74  -8.34172  -145.136
     4600  0.368706      1779   279.979   51.7075         2   2961.38   1346.07   4307.45  -10.1788  -144.608
     4500  0.207415   1815.71   279.721   49.1413         2    2966.3   1356.69   4322.99  -10.6205  -151.057
     4400  0.250094    1836.5   279.127   46.8996         2   2971.43   1364.72   4336.15  -8.02713  -153.315
     4300  0.386125   1861.64   278.475   44.8558   1.75039    2973.8   1371.69   4345.49  -6.97487  -156.098
     4200  0.145829   1900.01   277.714   42.7087         2   2980.04   1377.21   4357.25  -5.51387  -160.838
     4100  0.145765    1914.6   277.048   40.8789         2   2989.97   1382.56   4372.52  -5.34812  -160.551
     4000  0.114126   1929.14   276.547   39.2602         2   3000.13    1385.8   4385.93  -3.24725  -160.658
     3900 0.0726704   1940.51   276.168   37.7605   1.69632   3012.99   1387.07   4400.06  -1.26839  -160.493
     3800  0.105637   1947.81   275.981   36.3712   1.98942   3024.36    1389.6   4413.97   -2.5309  -159.948
     3700  0.105784   1958.38   275.881   34.4002   1.99414    3039.9   1392.16   4432.05  -2.55569  -160.402
     3600  0.105972   1968.96   275.773    30.859         2      3053   1394.73   4447.73  -2.57307  -161.099
     3500 0.0586663   1979.51    275.67   26.6324   1.57892   3065.29    1395.4   4460.69 -0.670303   -162.04
     3400 0.0901371    1985.4   275.683   22.2057   1.86584   3073.64   1397.08   4470.73  -1.68341  -162.396
     3300         0   1994.33    275.77   17.5088         0   3074.63    1398.5   4473.14  -1.41986  -163.695
     3200         0   1994.33   275.955   13.2444         0   3074.99   1399.76   4474.75  -1.25509  -163.618
     3100         0   1994.33   276.268   10.3568         0   3076.08   1401.38   4477.46  -1.61761  -164.032
     3000         0   1994.33   276.643   7.94349         0   3078.14   1403.42   4481.56  -2.04347  -164.767
     2900 0.0917479   1994.42   277.054   5.85683   1.88826   3080.75   1404.97   4485.72  -1.55373   -165.74
     2800 0.0998104    2003.6   277.373   3.87539   1.96502   3083.71   1407.05   4490.75  -2.07333  -168.471
     2700         0   2013.48    277.55    1.8112         0   3087.84    1408.4   4496.24   1.34998  -171.034
     2600         0   2013.48   277.777 -0.486503         0   3101.16   1412.27   4513.44  -3.87681  -171.631
     2500         0   2013.48   278.122  -2.83192         0   3102.07    1412.5   4514.57 -0.221536  -172.498
     2400         0   2013.48   278.521  -5.19712         0   3103.17   1413.42   4516.59 -0.920961   -173.57
     2300   0.10312   2013.59   278.948  -7.58826   1.88766   3104.02   1415.21   4519.24  -1.79776  -174.815
     2200         0    2023.8   279.263  -9.97811         0   3111.51   1417.78   4529.29  -2.56347  -177.949
     2100   0.12606   2023.92   279.562   -11.893   1.99629   3111.89   1420.54   4532.43  -2.76192  -178.956
     2000  0.123165   2036.52   279.764  -13.7473    1.9954   3112.53    1423.4   4535.94  -2.86376  -182.295
     1900   0.11298   2048.83    279.79  -15.5341   1.86436   3114.19   1425.66   4539.85  -2.25705   -185.15
     1800 0.0967591   2060.11    279.77  -17.2152   1.92785   3115.03   1427.76    4542.8   -2.1031  -187.516
     1700         0   2069.69   279.756  -18.8829         0   3115.35   1428.89   4544.24  -1.12954  -189.398
     1600         0   2069.69   279.871  -20.6003         0   3117.83   1429.31   4547.14  0.416645  -189.562
     1500         0   2069.69   280.133  -22.3013         0   3120.69    1430.9   4551.59  -1.58823  -190.074
     1400         0   2069.69   280.466  -24.0249         0   3122.97   1434.41   4557.39  -3.51579  -190.837
     1300         0   2069.69   280.834  -25.7686         0   3128.96   1437.51   4566.47  -3.09811   -191.78
     1200         0   2069.69   281.222  -27.2426         0   3146.64   1440.22   4586.86  -2.70843  -192.853
     1100         0   2069.69   281.619  -27.9643         0   3161.17   1442.63    4603.8  -2.40931  -193.983
     1000         0   2069.69   282.019  -28.3632         0   3173.53   1444.88   4618.42  -2.25418  -195.118
      900         0   2069.69   282.416  -28.4139         0   3186.25   1447.65    4633.9  -2.76637  -196.227
      800         0   2069.69   282.809  -28.2047         0   3200.17   1448.16   4648.33     0.511  -197.286
      700         0   2069.69   283.197  -27.6839         0   3211.83   1449.03   4660.86  0.870053  -198.279
      600         0   2069.69   283.579  -26.6972         0   3233.33   1451.44   4684.77  -2.40421  -199.183
      500         0   2069.69   283.957  -25.4309         0   3255.27   1454.75   4710.02  -3.31477  -199.982
      400         0   2069.69   284.332  -23.8593         0   3289.58   1456.35   4745.94  -1.60426  -200.666
      300         0   2069.69   284.703  -22.0389         0   3313.16   1463.33   4776.49   -6.9768  -201.226
      200         0   2069.69   285.073  -19.7427         0    3343.5   1471.11   4814.61  -7.78095  -201.657
      100         0   2069.69   285.443  -16.5444         0   3358.97    1475.1   4834.07  -3.98773  -201.922
        0         0   2069.69   285.811  -12.8605         0    3361.4   1489.85   4851.25   14.7468  -201.996