    20000         0         0   179.437   415.631         0    17.399   14.2831    31.682   14.2831   51.8336
    19900         0         0   179.437    414.68         0   28.2793   29.7361   58.0154   15.4531   51.7019
    19800         0         0   179.437   414.027         0   44.2321   46.3592   90.5912   16.6231   51.5707
    19700         0         0   179.437   413.765         0   53.1471   60.5222   113.669   14.1631   51.4563
    19600  0.147947  0.147947   179.437   413.802         0   62.7691   72.5052   135.274    11.983   51.3351
    19500         0   14.7947   179.698   411.632         0   65.2168   81.7573   146.974   9.25201   47.8235
    19400         0   14.7947   180.009   408.481         0   77.2757   93.2678   170.543   11.5106   48.4398
    19300         0   14.7947   180.159   405.709         0   87.8671   104.658   192.526   11.3906   48.7443
    19200         0   14.7947   180.234       403         0   90.0667   116.004   206.071   11.3455   48.8171
    19100         0   14.7947    180.27   402.051         0   90.8157   126.824    217.64   10.8202   48.7308
    19000         0   14.7947   180.282   402.163         0   90.9526   138.442   229.395    11.618   48.5989
    18900         0   14.7947    180.28   400.478         0    91.831   150.872   242.703   12.4301   48.4399
    18800         0   14.7947   180.269   397.798         0   102.273   160.573   262.846   9.70103   48.1754
    18700         0   14.7947   180.253   395.953         0     124.3   171.591    295.89   11.0172   47.8023
    18600         0   14.7947   180.234   394.513         0   159.597   185.257   344.853   13.6664   47.3746
    18500         0   14.7947   180.213   393.134         0   202.402   193.164   395.566   7.90701   46.9121
    18400         0   14.7947   180.192   391.819         0   211.933   200.642   412.575   7.47808   46.4214
    18300         0   14.7947   180.171   388.729         0   214.932   208.491   423.423   7.84895   45.8788
    18200         0   14.7947   180.151   384.542         0   240.691    216.36   457.051   7.86921   45.2033
    18100         0   14.7947   180.131   380.975         0   290.476   223.722   514.198   7.36193    44.382
    18000         0   14.7947   180.113   377.641         0   335.694   231.662   567.357   7.94032   43.4582
    17900         0   14.7947   180.096   376.697         0   373.537   241.037   614.574   9.37432   42.4858
    17800         0   14.7947   180.079   377.226         0   409.451   251.287   660.738   10.2506   41.5837
    17700         0   14.7947   180.064   375.337         0   444.904   260.943   705.847   9.65579   40.7527
    17600         0   14.7947    180.05    372.13         0   469.454   274.618   744.072    13.675   39.8676
    17500    0.7075   15.5022   180.037   372.211         0   477.963   287.966   765.929   13.3481   38.7578
    17400   1.09432    86.639   183.508    403.23         0   505.683   296.241   801.925   8.27485   20.4206
    17300  0.880247   195.857   186.652    410.33         0   531.374   302.312   833.686   6.07107  -1.33835
    17200  0.923185   283.924   190.452   412.696         0    561.14   308.945   870.085   6.63317  -13.4927
    17100   1.33401   376.654   194.755    412.25         0   606.239    312.82    919.06   3.87496   -24.172
    17000  0.878996     509.6   200.042   409.102         0   642.601   314.878   957.479   2.05782  -41.1199
    16900  0.377499   596.998   205.895    400.03         0   666.101   317.149    983.25   -2.2704  -45.5787
    16800  0.218385   634.589   211.196   388.018         0   684.789   323.155   1007.94  -6.00631  -39.7617
    16700  0.158994   656.368   215.592   375.828         0   701.887   330.857   1032.74  -7.70208  -32.6375
    16600    0.3556   672.464   219.256   363.349         0   714.206   336.962   1051.17  -6.10553   -26.512
    16500  0.653739   708.322   222.661   361.644         0    728.69    351.27   1079.96  -14.3074  -26.4213
    16400  0.923482   773.966   226.456   366.718         0   754.718   363.759   1118.48  -12.4889  -32.7077
    16300   1.06387   866.454   231.119   368.066         0   787.084   382.362   1169.45  -18.6032  -43.1012
    16200  0.719774   972.497   236.793   367.018         0   820.182    399.71   1219.89  -17.3477  -54.0447
    16100  0.225238   1043.98   242.882   354.622         0   845.664   418.854   1264.52  -19.1445  -56.1096
    16000 0.0716939   1066.35    248.36   335.326         0    858.23   443.511   1301.74  -24.6569  -48.8561
    15900 0.0161131   1073.46   252.823   324.706         0   863.626   472.482   1336.11  -28.9706  -40.9238
    15800  0.127812   1075.19   256.435   319.726         0   870.613   506.556   1377.17  -34.0745  -33.9658
    15700  0.153623   1087.99   259.576   316.253         0   877.166   542.622   1419.79  -36.0661  -31.0365
    15600   0.14919   1103.35   262.542   313.921         0   884.127   582.404   1466.53  -39.7819  -29.4794
    15500  0.109107   1118.23     265.4   311.023         0    890.21   624.275   1514.48  -41.8705   -28.335
    15400  0.312546   1129.35   268.128   307.888         0   900.458   668.397   1568.85  -44.1226  -26.8529
    15300  0.599347   1160.89   270.984   306.116         0   917.894   712.064   1629.96  -43.6671  -30.2316
    15200  0.773246      1221   274.495    304.84         0   934.844   758.486   1693.33  -46.4219  -39.0385
    15100   1.13519   1298.68   278.956   308.823         0   958.317   808.669   1766.99   -50.183  -49.6017
    15000   1.40808   1412.47   284.709   316.041         0   992.308   864.076   1856.38  -55.4064  -64.8382
    14900   1.56414   1553.44   292.094   319.798         0   1032.57   927.523   1960.09  -63.4475  -81.5873
    14800     0.005   1708.29   301.141   321.112         0   1078.62   999.385      2078  -71.8623  -96.9784
    14700         0   1708.79   309.478    309.56         0   1115.17   1079.87   2195.04  -80.4836  -80.6619
    14600         0   1708.79   304.865   239.779         0   1120.43   1148.89   2269.32  -69.0249  -66.9327
    14500         0   1708.79   303.551   213.653         0   1141.33    1213.1   2354.42  -64.2037  -60.2953
    14400         0   1708.79    304.46   198.483         0   1168.44    1276.2   2444.64  -63.1062  -57.0817
    14300         0   1708.79   306.189   185.839         0   1196.88   1343.24   2540.13  -67.0391  -55.6614
    14200         0   1708.79   308.061   175.143         0   1230.59   1412.75   2643.35   -69.508  -55.2873
    14100         0   1708.79   309.807   169.559         0   1263.91   1484.23   2748.14  -71.4742  -55.4627
    14000         0   1708.79   311.345   167.245         0   1305.77   1558.58   2864.35  -74.3596  -55.7727
    13900         0   1708.79   312.658   163.078         0      1352   1630.67   2982.67  -72.0879  -56.1056
    13800         0   1708.79   313.762   157.946         0   1388.76   1705.92   3094.68  -75.2469  -56.5803
    13700         0   1708.79    314.68   154.211         0   1440.87   1779.25   3220.11  -73.3298  -57.2015
    13600         0   1708.79   315.437   151.306         0   1485.23   1853.48   3338.71  -74.2321  -57.8947
    13500         0   1708.79   316.057   154.376         0   1530.09   1933.71    3463.8  -80.2272  -58.5287
    13400         0   1708.79   316.559   161.251         0   1573.94   2011.23   3585.17  -77.5193  -58.7926
    13300         0   1708.79    316.96   158.806         0   1617.87   2091.33    3709.2  -80.1001  -58.7928
    13200         0   1708.79   320.876   178.761         0   1645.46   2172.29   3817.74   -80.961  -59.2822
    13100         0   1708.79   323.364   184.789         0   1667.62   2259.79    3927.4  -87.4987  -58.8296
    13000         0   1708.79    325.29   190.229         0   1698.26   2346.59   4044.85  -86.8037  -58.0172
    12900         0   1708.79   326.728   195.982         0    1714.3   2434.61   4148.91  -88.0208  -57.0295
    12800         0   1708.79   327.689   201.838         0    1722.6   2521.42   4244.02  -86.8065  -55.9297
    12700         0   1708.79    328.48   203.935         0   1736.39    2607.3   4343.68  -85.8774   -54.839
    12600         0   1708.79   329.365   203.198         0   1768.98   2691.51    4460.5  -84.2153  -53.9971
    12500         0   1708.79   330.294   202.884         0   1799.23   2774.82   4574.05  -83.3064  -53.4691
    12400         0   1708.79   331.253   202.733         0   1831.73   2859.97    4691.7  -85.1532  -53.1789
    12300         0   1708.79    332.24   201.359         0    1853.3   2945.43   4798.72  -85.4545  -53.1135
    12200         0   1708.79   333.254   199.035         0   1860.41   3029.38   4889.79  -83.9515  -53.3087
    12100         0   1708.79   334.294   198.115         0   1862.22   3111.23   4973.45  -81.8517   -53.729
    12000         0   1708.79   335.361   198.157         0   1872.86   3196.49   5069.35  -85.2632  -54.2488
    11900         0   1708.79   336.457   199.117         0   1888.38   3278.39   5166.78  -81.9026  -54.7955
    11800         0   1708.79   337.582   200.764         0   1910.04   3360.94   5270.98  -82.5425   -55.303
    11700         0   1708.79   338.739   209.392         0   1943.68   3443.09   5386.78  -82.1573  -55.6055
    11600         0   1708.79   322.746   184.806         0   1959.38   3508.48   5467.85  -65.3824  -55.6565
    11500         0   1708.79   315.542   169.077         0   1969.02   3558.25   5527.27  -49.7752  -57.8692
    11400         0   1708.79   312.936    147.56         0   1969.62   3603.24   5572.86  -44.9843  -61.2871
    11300         0   1708.79   312.331   137.508         0   1974.22   3650.09   5624.31  -46.8535    -65.25
    11200         0   1708.79   312.529   134.178         0   1982.68   3697.77   5680.45  -47.6794  -68.8452
    11100         0   1708.79   313.015    127.52         0   2010.36   3745.88   5756.24  -48.1154  -71.9133
    11000         0   1708.79   313.588   119.064         0   2045.89   3794.67   5840.56  -48.7881   -74.743
    10900         0   1708.79   314.172   114.223         0   2071.54   3841.25   5912.78  -46.5723  -77.3968
    10800         0   1708.79   314.731   111.517         0   2085.11   3890.43   5975.53  -49.1808  -79.7477
    10700         0   1708.79   315.249   107.909         0   2099.85   3939.45    6039.3   -49.024  -81.8324
    10600         0   1708.79    315.73   103.833         0   2118.44   3988.28   6106.72  -48.8303  -83.7851
    10500         0   1708.79   316.187   101.337         0   2137.06   4036.97   6174.03  -48.6871  -85.6433
    10400         0   1708.79   316.618    99.802         0   2156.15   4087.39   6243.54  -50.4182  -87.3603
    10300         0   1708.79   317.022    98.793         0   2168.55   4139.51   6308.06  -52.1217  -88.9352
    10200         0   1708.79   317.399   97.6976         0   2181.73   4191.21   6372.94   -51.699  -90.3804
    10100         0   1708.79   317.752   95.5984         0   2210.94   4245.26    6456.2  -54.0518  -91.7652
    10000         0   1708.79   318.082   93.1804         0   2233.47   4299.34   6532.81  -54.0824  -93.1463
     9900         0   1708.79   318.393   90.5955         0   2245.01   4353.43   6598.44  -54.0933  -94.5472
     9800         0   1708.79   318.687   87.8804         0    2257.5   4408.38   6665.87  -54.9432    -95.98
     9700         0   1708.79   318.966    85.058         0    2262.7   4464.16   6726.85  -55.7782  -97.4524
     9600         0   1708.79   319.231   82.1474         0   2267.13   4520.76   6787.89     -56.6  -98.9692
     9500         0   1708.79   319.485   79.1598         0   2275.78   4578.17   6853.95  -57.4101  -100.533
     9400         0   1708.79   319.728   76.8762         0   2301.17   4632.69   6933.86  -54.5282   -102.13
     9300         0   1708.79   319.961   75.0152         0   2325.71   4688.85   7014.56  -56.1614   -103.72
     9200         0   1708.79   320.185   73.3746         0   2349.17   4745.34   7094.51  -56.4847  -105.286
     9100         0   1708.79   320.398   71.8836         0   2364.55   4803.74   7168.28  -58.3985  -106.823
     9000         0   1708.79   320.603   70.5125         0   2377.77   4865.04   7242.81  -61.3029  -108.328
     8900         0   1708.79   320.798   69.2572         0   2401.69   4925.19   7326.88  -60.1483  -109.798
     8800         0   1708.79   320.985   68.0941         0   2414.07   4985.65   7399.72  -60.4601  -111.233
     8700         0   1708.79   321.164    67.008         0   2418.95   5046.41   7465.36  -60.7637   -112.63
     8600         0   1708.79   321.334   65.9908         0   2419.27    5107.2   7526.47  -60.7843   -113.99
     8500         0   1708.79   321.497   65.0348         0   2425.14   5167.99   7593.13  -60.7974  -115.313
     8400         0   1708.79   321.653   64.5461         0   2427.56   5228.35   7655.91  -60.3534  -116.591
     8300         0   1708.79   321.803    64.369         0   2441.45   5291.85   7733.31  -63.5029  -117.801
     8200         0   1708.79   321.947   64.3996         0      2451   5354.92   7805.92  -63.0716  -118.934
     8100         0   1708.79   322.085   64.6118         0   2463.72   5417.56   7881.28  -62.6352  -119.987
     8000         0   1708.79   322.219   64.9735         0    2468.6   5480.05   7948.66  -62.4942  -120.956
     7900         0   1708.79   322.349   65.5324         0   2482.79    5542.4   8025.19  -62.3489   -121.84
     7800         0   1708.79   322.475   66.2525         0   2494.83   5605.18   8100.01  -62.7749  -122.634
     7700         0   1708.79   322.597   67.1208         0   2504.77   5667.37   8172.15  -62.1974  -123.337
     7600         0   1708.79   322.717   68.1476         0   2517.01   5729.99      8247  -62.6166  -123.947
     7500         0   1708.79   322.833   69.3053         0   2534.76      5793   8327.76  -63.0077  -124.463
     7400         0   1708.79   322.946   69.5861         0   2555.89   5856.39   8412.28  -63.3961  -124.904
     7300         0   1708.79   323.057   69.3519         0   2578.47   5918.18   8496.65  -61.7818  -125.325
     7200         0   1708.79   323.165   68.8597         0   2604.82   5978.34   8583.16  -60.1649  -125.746
     7100         0   1708.79   323.271   68.1926         0   2631.93   6039.31   8671.24  -60.9707  -126.178
     7000         0   1708.79   323.374   67.3956         0   2651.43   6105.09   8756.51  -65.7742  -126.624
     6900         0   1708.79   323.476   66.5083         0   2670.98   6170.46   8841.44  -65.3756  -127.088
     6800         0   1708.79   323.575   65.5491         0   2688.77   6231.14   8919.91  -60.6751  -127.571
     6700         0   1708.79   323.673   64.5405         0   2706.16   6292.71   8998.87  -61.5728  -128.073
     6600         0   1708.79   323.769   63.5101         0    2724.3   6357.08   9081.38  -64.3689  -128.593
     6500         0   1708.79   323.863    62.448         0    2739.6   6419.84   9159.45  -62.7633   -129.13
     6400         0   1708.79   323.956    61.651         0    2754.4    6482.6      9237  -62.7563   -129.68
     6300         0   1708.79   324.048   61.0119         0   2770.07    6543.7   9313.77   -61.098  -130.226
     6200         0   1708.79   324.138   60.4631         0    2793.8   6604.03   9397.83  -60.3383  -130.761
     6100         0   1708.79   324.227   59.9956         0   2818.45   6663.61   9482.06  -59.5775  -131.283
     6000         0   1708.79   324.315   59.5821         0   2832.28   6722.43   9554.71  -58.8155   -131.79
     5900         0   1708.79   324.402   59.2116         0   2848.11   6783.13   9631.24  -60.7024  -132.281
     5800         0   1708.79   324.488   58.8759         0   2870.27   6842.12   9712.39  -58.9882  -132.756
     5700         0   1708.79   324.573   58.5698         0   2882.75   6900.79   9783.54   -58.673  -133.215
     5600         0   1708.79   324.657   58.2901         0    2893.6    6959.3    9852.9  -58.5068  -133.658
     5500         0   1708.79    324.74   58.0339         0   2914.47   7017.64   9932.11  -58.3396  -134.085
     5400         0   1708.79   324.821   57.1078         0   2934.75   7076.03   10010.8  -58.3964   -134.51
     5300         0   1708.79   324.902    55.765         0    2947.5   7134.49     10082  -58.4522  -134.971
     5200         0   1708.79   324.982   54.1981         0    2972.6   7189.67   10162.3  -55.1821  -135.482
     5100         0   1708.79   325.061   52.4866         0   2984.69   7245.53   10230.2  -55.8611  -136.048
     5000         0   1708.79   325.139   50.6451         0   2990.51   7302.07   10292.6  -56.5392  -136.671
     4900         0   1708.79   325.216   48.7218         0   2994.88   7357.28   10352.2  -55.2164  -137.351
     4800         0   1708.79   325.293     46.72         0   3003.44   7411.83   10415.3  -54.5427  -138.088
     4700         0   1708.79   325.368   44.6558         0   3017.91   7465.69   10483.6  -53.8682   -138.88
     4600         0   1708.79   325.443   42.5588         0   3023.52   7521.34   10544.9  -55.6428  -139.726
     4500         0   1708.79   325.517     40.41         0   3027.34   7577.75   10605.1  -56.4166  -140.624
     4400         0   1708.79   325.589   38.5679         0   3030.53   7632.24   10662.8  -54.4895  -141.565
     4300         0   1708.79   325.662   36.8997         0   3036.13   7686.41   10722.5  -54.1616   -142.53
     4200         0   1708.79   325.733   35.3186         0   3037.27   7739.94   10777.2  -53.5329  -143.512
     4100         0   1708.79   325.803   33.8077         0   3040.13   7794.04   10834.2  -54.1034  -144.504
     4000         0   1708.79   325.873   32.3377         0   3043.36   7846.61     10890  -52.5732  -145.506
     3900         0   1708.79   325.943   30.8948         0   3049.36   7897.66     10947  -51.0426  -146.515
     3800     0.005   1708.79   326.012   29.4696         0   3053.83   7950.22   11004.1  -52.5616  -147.531
     3700         0   1709.29   326.091   27.5025         0   3062.47   8002.98   11065.5  -52.7656  -148.646
     3600         0   1709.29   326.172   24.0416         0   3068.75   8055.96   11124.7  -52.9721  -149.731
     3500         0   1709.29   326.248   19.9425         0   3074.36    8107.2   11181.6  -51.2475  -150.955
     3400         0   1709.29    326.32   15.6133         0   3076.12   8159.52   11235.6    -52.32  -152.332
     3300         0   1709.29   326.391   11.0573         0   3083.55   8211.57   11295.1  -52.0408  -153.856
     3200         0   1709.29   326.461   6.81267         0   3089.63   8263.33     11353  -51.7607  -155.521
     3100         0   1709.29    326.53   3.85068         0   3097.23   8315.21   11412.4    -51.88  -157.259
     3000         0   1709.29   326.599    1.3371         0   3101.78    8367.2     11469  -51.9987  -159.014
     2900         0   1709.29   326.667 -0.863703         0   3105.89   8418.37   11524.3  -51.1671  -160.764
     2800         0   1709.29   326.735  -2.84439         0   3109.65   8469.81   11579.5  -51.4351  -162.498
     2700         0   1709.29   326.803   -4.8287         0   3120.43   8517.71   11638.1  -47.9029  -164.211
     2600         0   1709.29   326.871  -7.14209         0    3140.4   8570.68   11711.1  -52.9707  -165.921
     2500         0   1709.29   326.939  -9.55311         0   3148.03   8619.72   11767.8  -49.0387  -167.642
     2400         0   1709.29   327.007  -11.9909         0   3153.73   8669.13   11822.9  -49.4072  -169.379
     2300         0   1709.29   327.076  -14.4528         0   3161.45   8719.05   11880.5  -49.9261  -171.133
     2200         0   1709.29   327.145  -16.7871         0   3175.74    8769.5   11945.2  -50.4454  -172.901
     2100         0   1709.29   327.215  -18.7244         0   3182.95   8819.91   12002.9  -50.4152  -174.666
     2000         0   1709.29   327.285     -20.5         0   3190.35    8870.3   12060.7  -50.3853  -176.411
     1900         0   1709.29   327.355  -22.1531         0   3198.63   8920.12   12118.7  -49.8221   -178.13
     1800         0   1709.29   327.425   -23.711         0   3205.97   8969.88   12175.8  -49.7578   -179.82
     1700         0   1709.29   327.492  -25.2822         0   3212.05   9018.74   12230.8  -48.8653   -181.48
     1600         0   1709.29   327.558  -27.0377         0   3220.97   9066.01     12287  -47.2703   -183.12
     1500         0   1709.29   327.622  -28.8429         0   3230.37   9115.09   12345.5  -49.0769  -184.748
     1400         0   1709.29   327.684  -30.6841         0   3239.31   9165.83   12405.1  -50.7344  -186.368
     1300         0   1709.29   327.745  -32.5463         0   3252.08   9215.83   12467.9  -50.0094  -187.982
     1200         0   1709.29   327.805  -34.1523         0   3276.66   9265.13   12541.8  -49.2916  -189.588
     1100         0   1709.29   327.863  -35.0254         0   3298.26   9313.78     12612  -48.6531  -191.153
     1000         0   1709.29    327.92  -35.5834         0   3317.84   9361.93   12679.8  -48.1549  -192.649
      900         0   1709.29   327.975  -35.8044         0   3337.95   9410.26   12748.2  -48.3254  -194.066
      800         0   1709.29    328.03   -35.771         0   3359.44   9454.97   12814.4  -44.7096  -195.392
      700         0   1709.29   328.083  -35.4367         0   3378.85   9498.99   12877.8  -44.0159  -196.623
      600         0   1709.29   328.134  -34.6491         0    3408.3   9545.94   12954.2  -46.9593  -197.744
      500         0   1709.29   328.185  -33.5893         0    3438.4   9593.49   13031.9  -47.5423  -198.742
      400         0   1709.29   328.234  -32.2331         0   3481.09   9638.99   13120.1  -45.5066  -199.614
      300         0   1709.29   328.282  -30.6333         0   3513.25   9689.55   13202.8  -50.5555  -200.354
      200         0   1709.29   328.329  -28.5776         0   3552.43   9740.59     13293  -51.0365  -200.957
      100         0   1709.29   328.375  -25.6459         0      3577    9787.5   13364.5  -46.9195  -201.392
        0         0   1709.29   328.419  -22.2438         0   3588.82   9815.37   13404.2  -27.8614  -201.633