      20000           0           0     179.437     429.318           0     3.71217     14.2831     17.9952     14.2831     61.8944
      19900     0.55944     0.55944     179.437     428.357           0     6.50932      29.736     36.2453     15.4529     61.6094
      19800           0      55.944     180.425     426.168           0     10.3211     45.3712     55.6922     15.6352      48.465
      19700    0.476113     56.4201     181.606     424.707           0     12.3482     57.3651     69.7133      11.994     51.1151
      19600    0.370537     103.926     183.022     422.846     0.15736     31.0139     65.7628     96.7767     8.39764     42.1339
      19500    0.231661     140.841     184.902     418.713    0.561841     35.6474      69.811     105.458     4.04825     37.5807
      19400           0     163.775     186.452     413.845           0     42.3426     74.8792     117.222     5.06812     37.0074
      19300           0     163.775     187.365     410.031           0     48.6112     79.0638     127.675     4.18466     41.5012
      19200    0.257838     164.033     187.794     406.785    0.441233     50.1963     82.8493     133.046     3.78551     44.6447
      19100    0.234663     189.794     188.257      404.92    0.634219     52.3161     85.6827     137.999     2.83335     40.9887
      19000           0     213.025     188.829     403.901           0     53.9166     88.7535      142.67     3.07087     38.6521
      18900           0     213.025     189.172     401.614           0     55.9306     92.2911     148.222      3.5376     42.0278
      18800           0     213.025     189.253     398.709           0     65.4618      93.008      158.47    0.716899      44.411
      18700           0     213.025     189.199     396.808           0     86.6336     95.0787     181.712     2.07061     46.0345
      18600           0     213.025     189.073     395.426           0     121.018     99.9056     220.923     4.82698     47.1229
      18500           0     213.025     188.908      394.17           0     162.788     100.693     263.481   -0.787707     47.8198
      18400           0     213.025     188.723     393.014           0     171.123     101.747      272.87    -1.05316     48.2223
      18300   0.0328467     213.058     188.531     390.113     1.74403     175.507     102.258     277.765   -0.511285     48.3637
      18200     111.632     327.942     188.294     386.045           2     199.762     102.531     302.293   -0.273526     18.6124
      18100           0     11379.5     112.544     304.471           0     326.051      177.48     503.531     74.9491     -693.87
      18000           0     11379.5     67.0266     273.191           0     475.719     298.507     774.227     121.027    -631.056
      17900           0     11379.5     54.1772     262.387           0     627.872       433.8     1061.67     135.293    -576.731
      17800           0     11379.5     50.0073     258.186           0     782.826     574.123     1356.95     140.323    -528.751
      17700           0     11379.5     48.7142     254.259           0     939.358     715.128     1654.49     141.006    -485.539
      17600           0     11379.5      48.559     251.013           0     1085.02     860.294     1945.32     145.166    -446.587
      17500           0     11379.5       48.93     253.463           0     1212.28     1004.75     2217.03     144.455    -411.709
      17400           0     11379.5     51.8548     283.335           0     1304.46     1144.68     2449.13     139.928    -384.465
      17300           0     11379.5     53.4142     300.952           0     1388.14     1283.99     2672.13     139.309      -357.4
      17200           0     11379.5     54.5029     314.459           0     1456.62     1426.57     2883.18     142.582    -332.646
      17100           0     11379.5     55.4381     325.301           0     1498.46     1569.76     3068.22     143.192    -310.509
      17000           0     11379.5     56.2982     334.121           0     1537.08     1715.56     3252.65     145.802    -290.882
      16900           0     11379.5     57.1012     335.227           0     1578.39     1862.09     3440.47     146.524    -273.606
      16800           0     11379.5     57.8513     331.136           0     1616.58     2009.42     3626.01     147.339    -258.624
      16700           0     11379.5     58.5502     324.865           0     1650.45     2158.76     3809.21      149.34    -245.833
      16600           0     11379.5        59.2     316.529           0     1684.95     2312.71     3997.66      153.95    -235.058
      16500           0     11379.5     59.8037      321.94           0     1710.17     2461.26     4171.43      148.55    -226.012
      16400     3.21617     11382.7     60.3645     335.843           0     1715.01     2614.87     4329.88     153.603    -218.538
      16300     3.10491     11704.2     62.5623      341.28           0     1720.59     2764.82     4485.41     149.954    -249.664
      16200           0     12011.6     66.4716     339.316           0     1725.99     2917.79     4643.78     152.973    -271.583
      16100           0     12011.6     69.2037      322.93           0      1732.2     3072.33     4804.53     154.534    -255.611
      16000           0     12011.6     70.3575     299.912           0     1755.05     3225.67     4980.72     153.346    -242.561
      15900     436.876     12448.5     71.0033     288.651           2     1785.71     3378.52     5164.23     152.849    -286.993
      15800           0     55699.2     40.2534     284.199           0     1814.25     3560.63     5374.88     182.107    -901.529
      15700     1.24224     55700.4     27.4923     301.153           0      1822.8     3756.65     5579.44     196.018    -881.396
      15600      2.0389     55825.4       23.18     320.872           0     1836.71     3956.23     5792.93      199.58    -863.064
      15500      2.3278     56029.6      21.143      339.53           0      1871.3     4158.61     6029.91     202.387    -846.201
      15400     2.52346     56262.6     20.2133     354.707           0     1928.36     4362.41     6290.77     203.792    -830.263
      15300     2.62185       56515      19.937     366.876           0     2006.56     4569.79     6576.35      207.38    -815.013
      15200     2.65058     56777.2     20.0802     375.436           0     2094.11     4777.78     6871.88     207.993    -800.314
      15100     2.71399     57042.4     20.4982     386.789           0     2195.54     4986.05      7181.6     208.275    -786.091
      15000     2.72449     57313.8     21.1042     401.662           0     2315.16     5194.25     7509.41     208.198    -772.369
      14900     2.69771     57586.2     21.8425     412.235           0     2447.85     5401.06     7848.91     206.804    -759.088
      14800     2.49468     57855.8     22.6653     417.665           0     2590.46     5607.67     8198.13     206.613    -746.227
      14700     1.68425     58104.4     23.5087     399.048           0      2716.5     5813.16     8529.66     205.486    -733.601
      14600     1.15152     58272.3     24.2728     336.736           0      2808.2     6024.72     8832.92     211.567    -718.757
      14500    0.719738       58387       24.75     287.491           0     2861.14     6239.32     9100.46     214.598    -705.819
      14400           0     58458.3     24.9268     251.296           0     2886.84     6455.75     9342.59     216.427    -693.534
      14300           0     58458.3     24.8021     221.826           0     2894.39      6670.1     9564.48     214.348    -681.021
      14200           0     58458.3     24.5457     197.925           0     2905.31      6884.1     9789.42     214.007    -669.753
      14100           0     58458.3     24.3226      183.29           0      2924.9     7098.11       10023     214.011    -659.688
      14000           0     58458.3     24.1469     176.206           0     2957.79     7310.95     10268.7     212.838    -650.743
      13900           0     58458.3     24.0127      169.06           0     2998.05     7527.51     10525.6     216.557     -642.83
      13800           0     58458.3     23.9123     161.069           0     3031.68     7742.11     10773.8     214.603    -635.888
      13700           0     58458.3      23.839     154.828           0     3083.17     7959.62     11042.8     217.511    -629.854
      13600           0     58458.3     23.7868     150.102           0     3128.74     8177.04     11305.8     217.418    -624.646
      13500           0     58458.3     23.7511     155.006           0     3172.98     8389.12     11562.1     212.079    -620.162
      13400  0.00374557     58458.3     23.7282     168.572           2      3209.5     8604.43     11813.9     215.312    -616.258
      13300           0     58458.7     23.7148     171.325           0     3240.91     8817.58     12058.5     213.145    -612.835
      13200           0     58458.7     23.8841     170.454           0      3276.8     9033.61     12310.4     216.031    -609.449
      13100     744.862     59203.5     23.9354     169.862           0     3313.89     9245.54     12559.4      211.93    -631.616
      13000     2.09434      132947     471.513     -505.18           2     4039.95     9478.56     13518.5    -233.027    -947.451
      12900     2.03558      133156     1157.77    -632.406           2     4884.37     10397.6       15282    -919.066    -937.139
      12800    0.869269      133359     1660.95     -675.31           2     5769.82     11817.7     17587.5    -1420.06    -925.553
      12700     1.64213      133446     2126.97    -696.219           2     6683.76     13702.1     20385.8    -1884.36    -913.026
      12600      2.5768      133612     2563.17    -707.737           2     7627.29     16020.1     23647.4    -2318.02    -900.231
      12500     3.26611      133870     2962.78    -714.413           2     8574.84     18735.9     27310.7    -2715.79    -887.642
      12400     3.82998      134197     3319.22     -718.62           2     9528.69       21809     31337.7    -3073.12    -875.587
      12300      4.2795      134581     3631.15    -721.821           2     10473.4     25193.4     35666.8    -3384.37    -864.355
      12200     4.62943      135009     3900.92    -724.551           2     11404.1       28845     40249.1    -3651.62    -854.162
      12100     4.90391      135472     4132.51    -726.627           2     12327.1     32725.1     45052.1    -3880.07    -845.121
      12000     5.17629      135963     4330.23    -728.188           2     13242.8     36805.2       50048    -4080.13     -837.25
      11900      5.3325      136481     4497.96    -729.422           2     14155.8     41048.6     55204.4    -4243.41     -830.54
      11800      4.9355      137013     4639.07    -730.424           2     15065.3     45432.6     60497.9    -4384.03    -824.852
      11700     151.538      137654     4757.16    -730.206           2     15971.3     49933.2     65904.5    -4500.57    -820.874
      11600     10476.8      163133     4493.09    -746.015           0     16886.4     54168.9     71055.3    -4235.72     -908.99
      11500     268.923 1.20061e+06     30658.9    -923.264           2     17969.1     84562.1      102531    -30393.1     -995.67
      11400      47.497 1.22728e+06       73981     -948.81           2     19064.9      158275      177340    -73713.1    -994.707
      11300     54.2829 1.23203e+06      108589    -955.628           2     20162.6      266598      286761     -108323    -993.377
      11200     1197.68 1.23861e+06      137494     -959.26           2     21264.5      403827      425092     -137229    -991.905
      11100     60.2453 1.35724e+06      159143     -963.01           2     22382.7      562705      585088     -158878    -992.001
      11000     902.115  1.3641e+06      175338    -966.511           0     23503.8      737778      761282     -175073    -989.569
      10900     9.04213 1.45342e+06      191879      -969.3           2       24613      929390      954003     -191612     -989.34
      10800      71.957 1.45439e+06      208256    -971.511           2     25709.6 1.13738e+06 1.16309e+06     -207991    -987.096
      10700     3.79885 1.46152e+06      222228    -973.165           2     26805.4 1.35934e+06 1.38615e+06     -221962    -985.244
      10600     76.8686 1.46197e+06      234256    -974.464           2     27902.3 1.59333e+06 1.62123e+06     -233989    -983.222
      10500     86.7901 1.46967e+06      244601    -975.523           2     28997.8 1.83767e+06 1.86666e+06     -244334     -981.84
      10400      80.499 1.47834e+06      253319    -976.441           2     30093.1 2.09072e+06 2.12081e+06     -253053    -980.703
      10300     81.8675 1.48639e+06      260632    -977.245           2     31181.5 2.35108e+06 2.38227e+06     -260367    -979.666
      10200     83.0232 1.49458e+06      266738    -977.959           2     32270.4 2.61756e+06 2.64983e+06     -266472    -978.795
      10100     84.1773 1.50288e+06      271784     -978.61           2     33373.8 2.88908e+06 2.92245e+06     -271521     -978.08
      10000     84.9045  1.5113e+06      275899    -979.209           2     34468.7 3.16471e+06 3.19918e+06     -275635    -977.505
       9900     87.6247 1.51979e+06      279192    -979.767           2     35550.6 3.44364e+06 3.47919e+06     -278927    -977.051
       9800     86.4659 1.52855e+06      281755     -980.29           2     36631.3 3.72513e+06 3.76176e+06     -281491    -976.723
       9700     86.7298  1.5372e+06      283674    -980.785           2     37702.3 4.00854e+06 4.04624e+06     -283411    -976.454
       9600     87.2034 1.54587e+06      285028    -981.254           2     38770.1 4.29331e+06 4.33208e+06     -284765    -976.254
       9500     125.627 1.55463e+06      285883    -981.701           2     39839.7 4.57893e+06 4.61877e+06     -285621    -976.119
       9400     88.4528 1.56716e+06      286199    -982.144           2     40924.1 4.86486e+06 4.90578e+06     -285934    -976.516
       9300     128.298 1.57604e+06      286058    -982.573           2     42006.2 5.15066e+06 5.19266e+06     -285795     -976.34
       9200     87.6102 1.58883e+06      285499    -982.993           2       43086 5.43589e+06 5.47898e+06     -285235    -976.722
       9100     87.9636 1.59759e+06      284588      -983.4           2     44156.7 5.72022e+06 5.76437e+06     -284326    -976.504
       9000     69.6728 1.60637e+06      283456    -983.779           2     45224.2 6.00341e+06 6.04864e+06     -283197    -976.369
       8900     49.3156 1.61332e+06      282168    -984.131           2     46301.5 6.28532e+06 6.33162e+06     -281908     -976.06
       8800     94.7518  1.6183e+06      280826    -984.445           2     47366.4 6.56589e+06 6.61325e+06     -280566    -975.596
       8700     87.1513 1.62776e+06      279356    -984.745           2     48423.1 6.84498e+06 6.89341e+06     -279096     -975.89
       8600     86.8485 1.63648e+06      277693    -985.044           2     49473.8 7.12241e+06 7.17189e+06     -277432    -976.027
       8500     86.5801 1.64516e+06      275883    -985.336           2       50530 7.39804e+06 7.44857e+06     -275623    -976.147
       8400     85.7747 1.65382e+06      273948     -985.62           2     51582.6 7.67172e+06 7.72331e+06     -273687    -976.258
       8300     85.9478  1.6624e+06      271906    -985.894           2     52646.7 7.94337e+06 7.99602e+06     -271647    -976.356
       8200     85.6824 1.67099e+06      269770    -986.159           2     53706.8 8.21288e+06 8.26659e+06     -269511    -976.458
       8100     56.9531 1.67953e+06      267553    -986.414           2     54770.6 8.48018e+06 8.53495e+06     -267294    -976.554
       8000     56.7158 1.68523e+06      265337     -986.65           2     55827.1 8.74525e+06 8.80108e+06     -265078    -976.295
       7900     102.922 1.69094e+06      263180    -986.859           2     56893.7 9.00817e+06 9.06507e+06     -262920    -976.138
       7800     84.3043 1.70122e+06      260951     -987.07           2       57959 9.26887e+06 9.32683e+06     -260691     -976.63
       7700     87.8754 1.70965e+06      258610    -987.286           2     59023.4 9.52722e+06 9.58624e+06     -258350     -976.78
       7600     83.5009 1.71844e+06      256210    -987.499           2     60091.3 9.78317e+06 9.84326e+06     -255950    -976.957
       7500     83.1232 1.72679e+06      253761    -987.707           2       61166 1.00367e+07 1.00978e+07     -253501     -977.06
       7400     82.6624  1.7351e+06      251280    -987.913           2     62244.7 1.02877e+07 1.03499e+07     -251020    -977.157
       7300     82.2469 1.74336e+06      248773     -988.12           2     63324.7 1.05362e+07 1.05995e+07     -248511    -977.251
       7200     56.9714 1.75156e+06      246243    -988.329           2     64408.3 1.07822e+07 1.08466e+07     -245980     -977.34
       7100     81.5732 1.75728e+06      243760    -988.526           2     65492.1 1.10257e+07 1.10912e+07     -243497    -977.149
       7000     81.1359 1.76544e+06      241303    -988.718           2     66567.7 1.12667e+07 1.13333e+07     -241046     -977.32
       6900     42.7593 1.77352e+06      238817    -988.914           2     67642.7 1.15053e+07 1.15729e+07     -238559    -977.461
       6800     85.9023 1.77784e+06      236405    -989.096           2     68715.1 1.17414e+07 1.18101e+07     -236142    -977.167
       6700     90.0294 1.78643e+06      234027    -989.274           2     69786.3 1.19752e+07  1.2045e+07     -233765    -977.467
       6600     79.6313 1.79542e+06      231573    -989.467           2     70857.4 1.22065e+07 1.22774e+07     -231314    -977.753
       6500     79.1981 1.80338e+06      229080    -989.663           2     71924.8 1.24353e+07 1.25072e+07     -228818    -977.874
       6400     78.7968  1.8113e+06      226576    -989.857           2     72991.2 1.26616e+07 1.27346e+07     -226315    -977.985
       6300     78.8333 1.81918e+06      224065    -990.046           2     74057.9 1.28854e+07 1.29595e+07     -223802     -978.09
       6200     5.00762 1.82699e+06      221548    -990.232           2     75132.3 1.31067e+07 1.31819e+07     -221284    -978.187
       6100     16.6494 1.82751e+06      219211    -990.382           2     76207.3 1.33257e+07 1.34019e+07     -218947    -977.506
       6000     77.5914 1.82923e+06      217149     -990.49           2     77271.2 1.35425e+07 1.36198e+07     -216883    -977.146
       5900     89.8402   1.837e+06      215131    -990.604           2     78336.9 1.37574e+07 1.38358e+07     -214868    -977.585
       5800     89.4833 1.84599e+06      212997    -990.748           2     79408.7 1.39701e+07 1.40496e+07     -212731     -978.05
       5700     76.3399 1.85492e+06      210750    -990.911           2     80470.6 1.41806e+07 1.42611e+07     -210484    -978.397
       5600     75.9476 1.86256e+06      208447    -991.077           2     81530.8 1.43888e+07 1.44703e+07     -208181    -978.537
       5500     75.5786 1.87015e+06      206126    -991.241           2       82601 1.45947e+07 1.46773e+07     -205860    -978.661
       5400     75.2031 1.87771e+06      203791    -991.406           2     83669.8 1.47982e+07 1.48819e+07     -203525    -978.773
       5300     88.9694 1.88524e+06      201444    -991.576           2     84729.9 1.49994e+07 1.50841e+07     -201178    -978.879
       5200     278.032 1.89433e+06      199053    -991.754           2     85800.9 1.51982e+07  1.5284e+07     -198784    -979.135
       5100     73.1223 1.92193e+06      196125    -992.031           2     86857.5  1.5394e+07 1.54809e+07     -195856    -980.918
       5000     868.343 1.93003e+06      192873    -992.332           0     87906.3 1.55866e+07 1.56745e+07     -192605    -980.606
       4900       844.4 2.01684e+06      192195    -992.613           0       88952 1.57785e+07 1.58675e+07     -191925    -985.258
       4800     6.38078 2.10045e+06      195562    -992.919           2     90000.2 1.59738e+07 1.60638e+07     -195291    -987.439
       4700     92.4451 2.10117e+06      199980    -993.176           2     91052.5 1.61735e+07 1.62646e+07     -199708    -985.974
       4600     76.0619  2.1104e+06      203283    -993.401           2     92094.1 1.63766e+07 1.64687e+07     -203013    -985.101
       4500     95.4951 2.11802e+06      205651    -993.627           2       93132 1.65819e+07 1.66751e+07     -205382    -984.304
       4400      95.545 2.12757e+06      207285     -993.85           2     94167.6  1.6789e+07 1.68831e+07     -207014    -983.769
       4300     95.8023 2.13713e+06      208280    -994.073           2     95204.1  1.6997e+07 1.70922e+07     -208008    -983.353
       4200     7.48808 2.14662e+06      208742    -994.292           2     96234.9 1.72054e+07 1.73017e+07     -208470    -983.032
       4100     98.4514 2.14746e+06      208972    -994.469           2     97260.3 1.74141e+07 1.75114e+07     -208701    -982.232
       4000     99.5839 2.15731e+06      208954    -994.635           2     98284.1 1.76228e+07 1.77211e+07     -208680    -982.238
       3900     98.4204 2.16726e+06      208518    -994.819           2     99303.8 1.78311e+07 1.79304e+07     -208243    -982.259
       3800     98.5543  2.1771e+06      207734    -995.011           2      100324 1.80385e+07 1.81388e+07     -207460    -982.279
       3700     98.1134 2.18696e+06      206654    -995.207           2      101338 1.82449e+07 1.83462e+07     -206381    -982.308
       3600     97.7305 2.19677e+06      205320    -995.415           2      102351 1.84499e+07 1.85523e+07     -205047    -982.345
       3500     98.3671 2.20654e+06      203768    -995.631           2      103361 1.86534e+07 1.87568e+07     -203493    -982.391
       3400     98.3833 2.21638e+06      202023    -995.851           2      104371 1.88552e+07 1.89596e+07     -201749    -982.453
       3300     98.2904 2.22622e+06      200110    -996.073           2      105385  1.9055e+07 1.91604e+07     -199836    -982.524
       3200     98.3049 2.23605e+06      198049    -996.294           2      106394 1.92528e+07 1.93592e+07     -197774    -982.603
       3100     98.1642 2.24588e+06      195860    -996.504           2      107402 1.94484e+07 1.95558e+07     -195585    -982.689
       3000     7.83539  2.2556e+06      193557    -996.706           2      108405 1.96417e+07 1.97501e+07     -193283    -982.773
       2900     827.001 2.25721e+06      191382    -996.864           0      109405 1.98328e+07 1.99422e+07     -191106    -982.354
       2800     99.4111 2.33918e+06      191629        -997           2      110403 2.00241e+07 2.01345e+07     -191354    -986.261
       2700     99.6624 2.34912e+06      193276    -997.163           2      111406 2.02171e+07 2.03285e+07     -192997    -985.687
       2600     100.616 2.35909e+06      194066    -997.348           2      112416 2.04109e+07 2.05233e+07     -193792    -985.258
       2500     100.904 2.36915e+06      194240    -997.542           2      113412 2.06049e+07 2.07183e+07     -193962    -984.945
       2400     101.253 2.37924e+06      193934    -997.737           2      114403 2.07985e+07 2.09129e+07     -193657    -984.724
       2300     101.368 2.38937e+06      193237    -997.932           2      115395 2.09915e+07 2.11069e+07     -192959    -984.576
       2200     100.774  2.3995e+06      192210    -998.124           2      116390 2.11834e+07 2.12998e+07     -191934    -984.485
       2100      102.56 2.40958e+06      190906    -998.311           2      117377 2.13741e+07 2.14914e+07     -190629    -984.435
       2000     5.61829 2.41974e+06      189360    -998.492           2      118362 2.15631e+07 2.16815e+07     -189083    -984.422
       1900     102.983  2.4204e+06      187841    -998.633           2      119347 2.17507e+07   2.187e+07     -187564    -983.931
       1800           0  2.4306e+06      186296    -998.764           0      120330 2.19367e+07  2.2057e+07     -186018      -984.1
       1700     2774.27 2.43337e+06      184771    -998.876           0      121309 2.21212e+07 2.22425e+07     -184493    -983.863
       1600     104.582 2.70813e+06      190579    -998.998           2      122290 2.23115e+07 2.24338e+07     -190299    -991.666
       1500     108.799 2.71859e+06      200957    -999.175           2      123270 2.25122e+07 2.26355e+07     -200678    -990.677
       1400     109.759 2.72947e+06      208830    -999.374           2      124247 2.27207e+07  2.2845e+07     -208553    -989.805
       1300     16.9487 2.74035e+06      214915    -999.578           2      125227 2.29354e+07 2.30606e+07     -214637    -989.052
       1200     107.922 2.74214e+06      219858    -999.747           2      126217  2.3155e+07 2.32812e+07     -219579    -988.155
       1100     108.517 2.75293e+06      223845    -999.899           2      127204 2.33785e+07 2.35057e+07     -223565      -987.7
       1000     118.668 2.76379e+06      226838    -1000.06           2      128188 2.36051e+07 2.37333e+07     -226558    -987.342
        900     119.772 2.77566e+06      228971    -1000.22           2      129173 2.38338e+07 2.39629e+07     -228691      -987.1
        800     125.041 2.78765e+06      230348    -1000.39           2      130159 2.40638e+07  2.4194e+07     -230065    -986.921
        700      103.15 2.80013e+06      231062    -1000.55           2      131143 2.42946e+07 2.44258e+07     -230778    -986.809
        600     114.164 2.81045e+06      231247     -1000.7           2      132139 2.45256e+07 2.46577e+07     -230966    -986.651
        500     119.797 2.82188e+06      230990    -1000.84           2      133136 2.47563e+07 2.48894e+07     -230710    -986.584
        400     118.392 2.83385e+06      230308    -1000.98           2      134147 2.49863e+07 2.51205e+07     -230026    -986.567
        300     125.369  2.8457e+06      229249    -1001.11           2      135150 2.52153e+07 2.53504e+07     -228971     -986.56
        200     118.284 2.85823e+06      227845    -1001.24           2      136162 2.54429e+07  2.5579e+07     -227568    -986.594
        100      114.24 2.87005e+06      226146    -1001.36           2      137162 2.56687e+07 2.58059e+07     -225865    -986.604
          0     112.376 2.88148e+06      224213    -1001.46           2      138153 2.58926e+07 2.60308e+07     -223913    -986.611