     20000          0          0    179.437    429.318          0    3.71217    14.2831    17.9952    14.2831    61.8944
     19900     4.8951     4.8951    179.438    428.356          0    6.50778    29.7349    36.2426    15.4518    60.4319
     19800          0     489.51    188.149    414.327          0    22.1605    37.6463    59.8068    7.91144   -43.5114
     19700          0     489.51    198.835    403.961          0    40.8798    42.8818    83.7616   -5.23546    -22.158
     19600          0     489.51    204.283    399.034          0    46.0262    55.7447    101.771   -12.8629   -5.88186
     19500    5.49779    495.008    207.208    394.245          2    65.8608    74.0026    139.863   -18.2579    5.18934
     19400          0    1039.29    201.987    380.699          0    105.702      84.47    190.172   -10.4674   -90.8591
     19300          0    1039.29     194.57    372.372          0     149.63    87.4901     237.12   -3.02014   -61.2222
     19200          0    1039.29    190.694    368.364          0    186.465    88.3763    274.842   0.886106   -38.8103
     19100          0    1039.29    188.461    367.398          0    221.867    91.0049    312.872    2.62864   -22.1342
     19000    1.84091    1041.13     187.09    368.199          0    255.968     95.815    351.783    4.81014   -10.0889
     18900          0    1223.38    189.464     362.95          0    292.618    99.0609    391.679    3.24585   -37.1123
     18800          0    1223.38    192.835    357.873          0    342.985    101.926    444.911   -2.86548   -22.6501
     18700          0    1223.38    194.409    355.498          0    405.467    105.065    510.532    -3.1389   -11.7834
     18600          0    1223.38    195.179    354.161          0    481.116    106.344     587.46   -1.27854   -3.58369
     18500          0    1223.38    195.539    353.256          0      563.8    113.763    677.562   -7.41896    2.60694
     18400          0    1223.38    195.671    352.624          0    612.526    121.764     734.29    -8.0011    7.27414
     18300          0    1223.38    195.671    350.367          0    647.889    129.415    777.303   -7.65063    10.7543
     18200          0    1223.38    195.593    347.072          0    711.116    136.988    848.104   -7.57327     13.237
     18100          0    1223.38    195.473    344.381          0    797.495    144.968    942.463   -7.97982     14.912
     18000          0    1223.38    195.332    341.893          0    878.462    152.246    1030.71    -7.2784    15.9752
     17900          0    1223.38    195.182    341.689          0    951.313    157.958    1109.27   -5.71249    16.5955
     17800          0    1223.38    195.034    342.875          0    1021.58    162.662    1184.24    -4.7038    16.9782
     17700          0    1223.38    194.891    341.634          0    1090.73    167.833    1258.57   -5.17068    17.1907
     17600          0    1223.38    194.756    339.031          0    1148.38    168.864    1317.25   -1.03095    17.1598
     17500          0    1223.38    194.631    339.592          0    1189.51     170.11    1359.62   -1.24601    16.9419
     17400    3.41932     1226.8    197.217    371.876          2    1193.15    175.544    1368.69   -5.43456    14.9252
     17300          0    1565.31    195.374    378.311          0    1199.48    178.195    1377.67     -2.651   -55.1615
     17200    4.36729    1569.68    192.293    382.253  0.0838338    1200.15    182.987    1383.14    4.79182   -41.3805
     17100    3.35774     2005.4    195.217    378.847    1.68844    1211.85      186.4    1398.25    3.41302   -110.794
     17000          0    2337.81    199.259    371.071          0    1213.52    189.242    1402.76    2.84141   -143.477
     16900          0    2337.81    200.809     361.55          0     1228.5    192.058    1420.56    2.81609   -115.572
     16800          0    2337.81    202.186    351.008          0    1246.82    195.062    1441.88    3.00429   -93.3264
     16700          0    2337.81    203.486    340.595          0    1264.96    199.466    1464.42     4.4038   -76.1106
     16600          0    2337.81    204.764    329.973          0    1286.01    207.852    1493.87    8.38644   -63.0407
     16500          0    2337.81    206.048    330.654          0    1302.52    210.158    1512.68    2.30543   -53.1458
     16400    3.41964    2341.23    207.356    338.927  0.0524988    1304.28    216.769    1521.05    6.61103   -45.9353
     16300    3.28664    2683.07    212.458    339.178          2    1307.76    216.827    1524.59  0.0584126   -102.416
     16200          0    3008.44    216.524    334.953          0    1308.79    219.749    1528.54    2.92136   -140.366
     16100          0    3008.44    217.635    322.315          0    1315.62    225.851    1541.47    6.10255   -117.161
     16000          0    3008.44    218.983    304.077          0     1334.3    230.571    1564.87    4.72021   -98.9598
     15900          0    3008.44    220.424    294.843          0    1358.77        234    1592.77    3.42876   -85.2928
     15800          0    3008.44     221.91    291.203          0     1380.3     234.45    1614.75    0.45003   -74.9009
     15700          0    3008.44    223.426    289.172          0    1400.83    234.535    1635.37  0.0844544   -66.9182
     15600          0    3008.44    224.965    288.413          0    1419.38     236.74    1656.12   -2.20509   -60.7597
     15500          0    3008.44    226.527    287.041          0    1437.28    239.737    1677.01   -2.99706   -55.9907
     15400          0    3008.44    228.109    285.334          0    1449.58     243.84    1693.42   -4.10356   -52.3439
     15300     2.6145    3011.06    229.706    285.255          2    1453.01     246.23    1699.24   -2.38975   -50.1325
     15200   0.881476    3270.78    229.269    283.698     1.2192     1457.2    247.426    1704.63   -1.19614   -96.1231
     15100    1.22821    3359.27    228.073    288.369   0.713879    1460.22    248.127    1708.35     0.7007   -100.286
     15000   0.981521    3481.84    228.541    297.364     1.5876    1475.54    248.888    1724.42   0.761263   -109.159
     14900    1.64898    3580.66     229.46      303.9    1.94375     1499.9    249.701     1749.6  -0.812971   -111.821
     14800    16.5149    3760.43    229.121     308.83    1.18601    1533.66    249.859    1783.52   0.157873   -127.384
     14700          0     5395.4    229.026    281.698          0    1542.36    249.891    1792.25 -0.0319465   -320.128
     14600          0     5395.4    221.321      190.7          0    1596.69     264.41     1861.1    14.5187   -270.784
     14500          0     5395.4    218.815    159.793          0    1671.45    284.942    1956.39    20.5325   -234.458
     14400          0     5395.4    218.716    142.891          0    1754.15     307.58    2061.73    22.6376   -207.436
     14300          0     5395.4    219.524    129.961          0    1838.48    327.206    2165.68    19.6258   -187.183
     14200          0     5395.4    220.661    119.833          0     1927.5    345.097     2272.6    17.8918       -172
     14100          0     5395.4    221.919    115.486          0    2014.89    361.511     2376.4     16.414   -160.571
     14000          0     5395.4    223.229    114.532          0    2109.46    375.267    2484.72    13.7559   -151.808
     13900    9.84233    5405.24    224.575    111.314   0.475151    2207.46    391.263    2598.72    15.9954   -146.795
     13800          0    6379.63    236.352     90.686          0    2311.47    393.425     2704.9    2.16285    -272.04
     13700          0    6379.63    249.383    76.9001          0    2440.89    401.459    2842.35   -8.03344   -243.588
     13600          0    6379.63    255.833    70.7839          0    2565.78    416.087    2981.86   -14.6282   -221.306
     13500          0    6379.63    259.756    72.7966          0    2692.22    440.013    3132.23   -23.9258   -203.921
     13400          0    6379.63     262.65     79.541          0    2817.77    463.623     3281.4   -23.6098   -190.114
     13300          0    6379.63    265.083     76.899          0    2943.61    491.845    3435.46   -28.2227   -179.122
     13200          0    6379.63    269.794    98.1765          0    3051.78    521.724    3573.51   -29.8791   -171.752
     13100          0    6379.63    273.141    104.758          0    3153.98        559    3712.98   -37.2761   -164.901
     13000          0    6379.63     275.91    110.543          0    3264.31    596.425    3860.73   -37.4245   -158.924
     12900          0    6379.63    278.191    116.652          0    3359.67    635.908    3995.58   -39.4833   -153.744
     12800          0    6379.63    280.014    122.836          0    3446.97     675.04    4122.01   -39.1316   -149.222
     12700          0    6379.63    281.654    125.125          0    3539.58    714.091    4253.67   -39.0513   -145.317
     12600          0    6379.63    283.354    124.576          0    3650.79    752.295    4403.09   -38.2041   -142.143
     12500          0    6379.63    285.078    124.519          0    3759.41    790.385    4549.79   -38.0902   -139.667
     12400          0    6379.63    286.816    124.613          0    3870.02    831.102    4701.12   -40.7163   -137.738
     12300          0    6379.63    288.569    123.446          0    3969.51    872.884    4842.39   -41.7826   -136.283
     12200          0    6379.63    290.335    121.322          0    4054.33    913.917    4968.25   -41.0322   -135.288
     12100          0    6379.63    292.115    120.665          0    4129.96     953.59    5083.55   -39.6731   -134.681
     12000          0    6379.63    293.911    120.958          0    4196.53    997.403    5193.93   -43.8133   -134.308
     11900          0    6379.63    295.723    122.176          0    4257.94    1038.57    5296.52    -41.169   -134.074
     11800          0    6379.63    297.553    124.064          0    4312.99    1081.08    5394.07   -42.5128   -133.893
     11700          0    6379.63    299.401    133.117          0    4355.62     1123.9    5479.52    -42.819    -133.59
     11600          0    6379.63    287.122     108.05          0    4416.68    1153.66    5570.35   -29.7581   -133.454
     11500          0    6379.63    282.924    91.4516          0    4484.67    1170.82    5655.49   -17.1573   -135.524
     11400          0    6379.63    282.517    69.2387          0    4562.38    1185.38    5747.77    -14.565   -138.776
     11300          0    6379.63    283.577    58.9664          0    4645.52    1203.48    5849.01   -18.0997   -142.551
     11200          0    6379.63    285.141    55.4566          0    4732.71    1223.77    5956.48   -20.2911   -145.952
     11100          0    6379.63    286.845    48.5663          0    4839.33    1245.72    6085.05   -21.9446   -148.821
     11000          0    6379.63    288.563    39.9916          0    4953.94    1269.48    6223.43   -23.7631    -151.44
     10900          0    6379.63    290.258    35.1722          0    5058.64    1292.14    6350.78   -22.6581    -153.87
     10800          0    6379.63    291.918    32.5032          0    5151.22    1318.51    6469.73   -26.3678   -155.988
     10700          0    6379.63     293.54    28.9253          0    5244.95    1345.82    6590.78   -27.3146   -157.831
     10600          0    6379.63    295.127    24.9114          0    5342.46    1374.05    6716.51   -28.2271   -159.533
     10500          0    6379.63    296.685      22.52          0     5439.9    1403.24    6843.13   -29.1853    -161.13
     10400          0    6379.63    298.219    21.0871          0     5537.7    1435.26    6972.96   -32.0195   -162.581
     10300          0    6379.63    299.734     20.178          0    5628.72    1470.09    7098.81   -34.8339   -163.886
     10200          0    6379.63    301.229    19.1702          0    5720.43    1505.62    7226.04   -35.5287   -165.058
     10100          0    6379.63    302.692    17.1649          0    5828.07    1544.61    7372.68   -38.9921   -166.165
     10000          0    6379.63    304.124    14.8516          0    5928.92    1584.73    7513.66   -40.1238   -167.264
      9900          0    6379.63    305.532     12.383          0    6018.68    1625.97    7644.64   -41.2317   -168.379
      9800          0    6379.63    306.922      9.795          0    6109.25    1669.14    7778.39   -43.1786    -169.52
      9700          0    6379.63    308.298    7.11054          0     6192.4    1714.25    7906.66   -45.1108   -170.698
      9600          0    6379.63    309.652    4.35045          0    6274.63    1761.28    8035.91   -47.0207   -171.915
      9500          0    6379.63    310.981    1.52578          0    6360.91    1810.18     8171.1   -48.9061   -173.175
      9400          0    6379.63     312.28  -0.584129          0    6463.76    1857.26    8321.02   -47.0799   -174.464
      9300          0    6379.63    313.544   -2.27102          0    6565.59    1907.01     8472.6   -49.7443   -175.741
      9200          0    6379.63    314.784   -3.73805          0    6666.16    1958.09    8624.25   -51.0837   -176.994
      9100          0    6379.63    316.006   -5.05761          0    6758.48     2012.1    8770.58   -54.0063   -178.217
      9000          0    6379.63    317.217   -6.25993          0    6848.48    2070.01    8918.49    -57.917   -179.407
      8900          0    6379.63    318.416   -7.34931          0       6949    2127.78    9076.78   -57.7663   -180.564
      8800          0    6379.63    319.593   -8.34733          0    7037.83    2186.85    9224.67   -59.0684   -181.687
      8700          0    6379.63    320.745   -9.26868          0    7118.98    2247.19    9366.17   -60.3445   -182.773
      8600          0    6379.63    321.862   -10.1199          0    7194.76     2308.5    9503.27   -61.3123   -183.822
      8500          0    6379.63    322.949   -10.9091          0    7276.57    2370.75    9647.33    -62.249   -184.835
      8400          0    6379.63    324.013    -11.237          0    7354.78    2433.47    9788.25   -62.7128   -185.804
      8300          0    6379.63     325.06    -11.262          0     7444.3    2500.23    9944.53   -66.7599   -186.708
      8200          0    6379.63    326.094   -11.0878          0    7529.33    2567.45    10096.8   -67.2194   -187.539
      8100          0    6379.63    327.118   -10.7409          0    7617.41    2635.11    10252.5   -67.6683   -188.293
      8000          0    6379.63    328.125   -10.2515          0    7697.52    2703.51      10401   -68.4004   -188.968
      7900          0    6379.63    329.108   -9.57134          0    7786.81    2772.62    10559.4   -69.1081   -189.562
      7800          0    6379.63    330.064   -8.73575          0    7873.84    2842.99    10716.8   -70.3638   -190.071
      7700          0    6379.63    330.988   -7.75656          0    7958.66    2913.57    10872.2   -70.5876   -190.492
      7600          0    6379.63    331.884   -6.62447          0    8045.66    2985.36      11031   -71.7838   -190.824
      7500          0    6379.63     332.76    -5.3677          0    8138.09    3058.29    11196.4   -72.9354   -191.068
      7400          0    6379.63    333.623   -4.97223          0    8233.77    3132.37    11366.1   -74.0726    -191.24
      7300          0    6379.63    334.474   -5.07858          0    8330.79    3205.56    11536.4   -73.1989   -191.396
      7200          0    6379.63    335.317   -5.43123          0    8431.43    3277.88    11709.3   -72.3171   -191.553
      7100          0    6379.63    336.155   -5.94898          0    8532.68    3351.74    11884.4   -73.8553   -191.723
      7000          0    6379.63    336.985   -6.58756          0    8626.16    3431.12    12057.3    -79.385   -191.908
      6900          0    6379.63    337.799   -7.30761          0    8719.53    3510.82    12230.3    -79.699   -192.112
      6800          0    6379.63    338.595    -8.0917          0    8810.96    3586.52    12397.5   -75.6953   -192.333
      6700          0    6379.63    339.369   -8.91737          0    8901.81    3663.79    12565.6   -77.2691   -192.573
      6600          0    6379.63    340.116   -9.75772          0    8993.22     3744.5    12737.7   -80.7158    -192.83
      6500          0    6379.63    340.838   -10.6234          0    9081.59    3824.24    12905.8   -79.7376   -193.104
      6400          0    6379.63     341.54   -11.2274          0    9169.27    3904.58    13073.8     -80.34   -193.388
      6300          0    6379.63    342.227   -11.6755          0    9257.62    3983.86    13241.5   -79.2774    -193.67
      6200          0    6379.63    342.903    -12.036          0    9353.85    4062.96    13416.8   -79.1028   -193.942
      6100          0    6379.63    343.568   -12.3182          0    9450.81    4141.88    13592.7   -78.9181   -194.202
      6000          0    6379.63    344.225   -12.5488          0    9536.78     4220.6    13757.4   -78.7248   -194.448
      5900          0    6379.63    344.874   -12.7389          0    9624.56    4301.78    13926.3   -81.1744    -194.68
      5800          0    6379.63    345.517   -12.8964          0    9718.49    4381.79    14100.3   -80.0172   -194.897
      5700          0    6379.63    346.149   -13.0253          0    9802.56    4462.04    14264.6   -80.2493     -195.1
      5600          0    6379.63    346.766    -13.128          0    9884.83    4542.66    14427.5   -80.6158    -195.29
      5500          0    6379.63    347.365   -13.2072          0    9976.95    4623.62    14600.6   -80.9654   -195.465
      5400          0    6379.63    347.948   -13.9322          0    10068.3    4705.15    14773.4   -81.5226    -195.64
      5300          0    6379.63    348.511   -15.0579          0    10151.8    4787.21      14939    -82.061   -195.849
      5200          0    6379.63    349.055   -16.3931          0    10247.5    4866.46      15114   -79.2545   -196.107
      5100          0    6379.63    349.578   -17.8606          0      10330    4946.84    15276.8   -80.3784   -196.419
      5000          0    6379.63    350.085   -19.4478          0    10405.9    5028.33    15434.2   -81.4847   -196.785
      4900          0    6379.63    350.577   -21.1092          0    10480.1     5108.9      15589   -80.5771   -197.207
      4800          0    6379.63    351.059   -22.8427          0    10558.2    5189.21    15747.4   -80.3085   -197.684
      4700          0    6379.63    351.531   -24.6337          0      10642    5269.24    15911.2   -80.0311   -198.215
      4600          0    6379.63    351.996   -26.4542          0    10716.6    5351.44      16068   -82.1963   -198.798
      4500          0    6379.63    352.455   -28.3234          0    10789.1    5434.79    16223.9   -83.3555   -199.432
      4400          0    6379.63    352.911    -29.897          0    10860.8     5516.6    16377.4   -81.8107   -200.109
      4300          0    6379.63    353.364   -31.3028          0    10934.6    5598.47    16533.1   -81.8635    -200.81
      4200          0    6379.63    353.815   -32.6276          0    11003.7    5680.08    16683.8    -81.615   -201.528
      4100          0    6379.63    354.266   -33.8876          0    11068.5    5762.65    16831.2   -82.5658   -202.257
      4000          0    6379.63    354.716   -35.1113          0    11132.7    5844.06    16976.8   -81.4161   -202.996
      3900          0    6379.63    355.165   -36.3113          0    11193.9    5924.33    17118.3   -80.2652   -203.744
      3800          0    6379.63     355.61    -37.496          0    11256.4    6006.49    17262.9   -82.1596     -204.5
      3700          0    6379.63    356.047   -39.1909          0    11314.5    6089.21    17403.7    -82.722   -205.268
      3600          0    6379.63    356.476   -42.3305          0    11374.6    6172.49    17547.1   -83.2761   -206.113
      3500          0    6379.63    356.895   -46.0787          0      11435    6254.38    17689.4   -81.8955   -207.089
      3400          0    6379.63    357.303   -50.0385          0    11498.9    6337.69    17836.6   -83.3029   -208.208
      3300          0    6379.63    357.697   -54.2057          0    11571.6    6421.03    17992.6   -83.3466   -209.467
      3200          0    6379.63    358.075   -58.0714          0    11642.6    6504.41      18147   -83.3751   -210.861
      3100          0    6379.63    358.438   -60.6937          0    11714.7     6588.2    18302.9   -83.7881   -212.322
      3000          0    6379.63    358.786   -62.8883          0    11783.5    6672.38    18455.9   -84.1864   -213.797
      2900          0    6379.63    359.122   -64.7894          0    11851.5       6756    18607.5   -83.6215   -215.268
      2800          0    6379.63    359.445   -66.4858          0    11918.9    6840.15    18759.1   -84.1454   -216.723
      2700          0    6379.63     359.76   -68.1899          0      11993    6921.01    18914.1   -80.8596   -218.158
      2600          0    6379.63    360.065   -70.2166          0    12076.1    7007.17    19083.3   -86.1654   -219.592
      2500          0    6379.63    360.364   -72.3388          0    12146.5    7089.64    19236.2   -82.4638   -221.038
      2400          0    6379.63    360.656   -74.4871          0    12214.7    7172.69    19387.4   -83.0557   -222.501
      2300          0    6379.63    360.942   -76.6586          0    12284.6    7256.49    19541.1   -83.7918   -223.981
      2200          0    6379.63    361.223   -78.7098          0    12360.9    7341.01    19701.9   -84.5227   -225.477
      2100          0    6379.63    361.499   -80.3792          0    12429.7    7425.71    19855.4   -84.6989   -226.972
      2000          0    6379.63    361.771   -81.8965          0    12498.5    7510.58    20009.1   -84.8708   -228.448
      1900          0    6379.63    362.039   -83.3003          0    12567.9    7595.08      20163   -84.5056   -229.902
      1800          0    6379.63    362.304   -84.6166          0    12636.2    7679.72    20315.9   -84.6369    -231.33
      1700          0    6379.63    362.565   -85.9482          0    12702.9    7763.66    20466.6   -83.9384    -232.73
      1600          0    6379.63    362.824   -87.4607          0    12772.3    7846.19    20618.5   -82.5362   -234.113
      1500          0    6379.63     363.08   -89.0225          0    12841.9    7930.73    20772.6   -84.5348   -235.487
      1400          0    6379.63    363.333   -90.6198          0    12910.7    8017.11    20927.8   -86.3834   -236.855
      1300          0    6379.63    363.585   -92.2381          0    12983.2    8102.96    21086.1   -85.8487   -238.219
      1200          0    6379.63    363.834   -93.6152          0    13067.2    8188.28    21255.5   -85.3205   -239.578
      1100          0    6379.63    364.081   -94.2883          0    13148.1    8273.15    21421.2   -84.8708   -240.898
      1000          0    6379.63    364.326   -94.6646          0    13226.8    8357.71    21584.5   -84.5608   -242.155
       900          0    6379.63    364.569    -94.725          0    13305.8    8442.63    21748.4   -84.9188   -243.336
       800          0    6379.63    364.809   -94.5472          0      13386    8524.12    21910.2   -81.4888   -244.433
       700          0    6379.63    365.044   -94.0883          0    13464.1     8605.1    22069.2   -80.9777    -245.44
       600          0    6379.63    365.275   -93.1991          0    13552.1     8689.2    22241.3   -84.0998   -246.343
       500          0    6379.63      365.5   -92.0547          0    13640.7    8774.06    22414.7   -84.8576   -247.132
       400          0    6379.63    365.721   -90.6325          0    13741.8    8857.05    22598.8   -82.9931     -247.8
       300          0    6379.63    365.937   -88.9818          0    13832.3    8945.26    22777.5   -88.2099   -248.344
       200          0    6379.63    366.148   -86.9027          0    13929.8    9034.12    22963.9   -88.8558   -248.759
       100          0    6379.63    366.356   -83.9866          0    14012.7    9119.02    23131.7   -84.9004   -249.015
         0          0    6379.63    366.558   -80.6272          0    14082.9    9185.02    23267.9   -66.0003   -249.087