      20000           0           0     179.437     429.318           0     3.71217     14.2831     17.9952     14.2831     61.8944
      19900     0.20979     0.20979     179.437     428.357           0     6.50944     29.7361     36.2455      15.453     61.7044
      19800           0      20.979     179.807     427.125           0      9.3647     45.9889     55.3536     16.2528     56.6541
      19700     0.19266     21.1717     180.249      426.41           0     13.0947     59.3399     72.4346      13.351     57.5862
      19600     0.16809     40.4131     180.802     425.694           0      34.609     69.9576     104.567     10.6177     53.7735
      19500     0.13599     57.1899     181.614     422.903    0.184998     43.4316     77.2941     120.726     7.33646     51.3653
      19400    0.117868     70.7708     182.421     419.044           0     44.9277      86.393     131.321     9.09895     50.0856
      19300           0     82.4397     183.165     415.473           0      45.755     94.7783     140.533     8.38525     49.3265
      19200    0.144825     82.5846     183.668     412.266    0.116845      52.821     102.691     155.512     7.91246     51.1992
      19100    0.133631     97.0558     184.127     410.677    0.192238     60.6981     109.653     170.352     6.96267      49.103
      19000    0.141122     110.426      184.69     410.016    0.213455     68.4142     116.863     185.278     7.20993     47.6353
      18900    0.137757     124.535     185.275     407.504    0.158651     76.3187     124.299     200.618     7.43543     46.2161
      18800           0     138.173     185.876     403.969           0     80.5901     128.393     208.983     4.09428     45.0261
      18700           0     138.173     186.271     401.616           0     96.9545     133.392     230.347     4.99902     47.0275
      18600           0     138.173     186.407     399.941           0     126.823     140.885     267.708     7.49257     48.3762
      18500           0     138.173     186.412     398.463           0       164.3     142.593     306.893     1.70786     49.2543
      18400           0     138.173     186.344     397.137           0     168.513     143.918     312.432     1.32559     49.7828
      18300   0.0689552     138.242     186.236     394.095       0.637     176.878     145.702     322.581     1.78421     50.0021
      18200           0     145.069     186.163     389.826           0     197.352     147.559     344.912     1.85701     48.3358
      18100           0     145.069     186.091     386.243           0      241.87     148.962     390.831     1.40237     48.3431
      18000           0     145.069     185.979     382.968           0     281.762     151.036     432.798     2.07455     48.0461
      17900           0     145.069      185.85     382.104           0     314.198     154.656     468.854     3.62003     47.5517
      17800           0     145.069     185.715      382.73           0     344.608     159.271      503.88      4.6149     47.0179
      17700           0     145.069     185.579     380.945           0     374.454     163.412     537.866     4.14056     46.4727
      17600           0     145.069     185.446     377.835           0     393.299     171.691      564.99     8.27917     45.8102
      17500    0.221526      145.29     185.316      378.01     0.40936     396.009      179.76     575.769     8.06904     45.0039
      17400    0.109072      167.33      188.06     410.088    0.383308     430.587     183.483      614.07     3.72293     38.1911
      17300    0.114227     178.243     189.081     419.758    0.348831     465.705     187.125      652.83     3.64207      36.507
      17200    0.171776     189.723     189.776     425.603           0     508.378     194.434     702.813     7.30941     35.3602
      17100    0.180122     206.909     190.605     429.079           0     570.307     202.459     772.766     8.02452     33.2752
      17000    0.201824     224.943      191.72      430.87           0     628.437     212.839     841.277     10.3803     31.4807
      16900    0.199869     245.123     193.108     426.624           0     678.532     223.356     901.888     10.5173     29.4679
      16800    0.196176     265.106     194.731     418.206           0     727.408     233.815     961.223     10.4589     27.5247
      16700    0.203335     284.731     196.534     408.403           0     777.081     245.172     1022.25     11.3562       25.49
      16600    0.233578     305.095     198.487      397.35           0     823.401     259.834     1083.23     14.6627     23.0393
      16500    0.154911     328.374     200.605     397.147   0.0292657     873.387     267.583     1140.97     7.74826     19.8674
      16400    0.196284     343.907     202.781     404.344           0     937.042      278.77     1215.81      11.187     19.1169
      16300     0.14978     363.488     204.993     408.424   0.0566288     1009.77     286.293     1296.06     7.52301     17.8296
      16200    0.204638     378.521     207.227      410.95           0      1086.8     298.511     1385.31     12.2185      17.955
      16100    0.221478     399.002     209.512     401.416           0     1159.07     312.736     1471.81     14.2253     16.7089
      16000    0.195167     421.123     211.919     383.572           0     1219.88      324.52      1544.4     11.7841     14.6174
      15900    0.168036     440.613     214.396     373.908           0     1274.48     333.977     1608.46     9.45685     12.6272
      15800    0.111043      457.36     216.871      369.33    0.294802     1331.07     339.467     1670.54     5.48948     11.1365
      15700   0.0897948     468.443     219.231     366.122    0.448945     1387.49     343.746     1731.24     4.27926     10.8806
      15600           0     477.332     221.418     364.133           0     1444.67     345.088     1789.76     1.34188      10.904
      15500   0.0755299     477.408     223.411      361.63     1.87183     1501.36     345.207     1846.56    0.118597     12.7076
      15400   0.0955013     484.981     225.182     358.829           2     1562.55     346.383     1908.93    -1.17693     12.2098
      15300   0.0566126     494.492     226.747     357.717     1.67365     1631.58     346.954     1978.54    0.570114     11.1958
      15200   0.0730351      500.17     228.209     357.855     1.84473     1701.55     347.089     2048.64   -0.135378     11.1839
      15100   0.0861493     507.486     229.618     364.529     1.97503     1780.73     347.934     2128.66   -0.844631     10.8804
      15000   0.0987751     516.114      230.95     375.824           2      1874.5     349.581     2224.08    -1.64752     10.7998
      14900     0.15958     526.052       232.2     384.779           2     1979.74     353.134     2332.88    -3.55322     11.0711
      14800    0.127799     541.978     233.332     392.437           2     2097.12     357.187     2454.31    -4.05305     10.4858
      14700   0.0879932     554.719      234.31     384.204    0.428963     2208.32     362.503     2570.82    -5.31564     11.0241
      14600    0.176277     563.606     225.709     314.151           0     2277.43     372.634     2650.07     10.1314     10.9042
      14500    0.194792     581.252     223.177     286.685           0     2329.57     388.805     2718.37     16.1708     4.39822
      14400    0.195271     600.732     223.691     269.489           0     2373.46     406.468     2779.93     17.6631    -3.14716
      14300    0.166277      620.23     225.372      254.39           0     2413.57     420.247     2833.81     13.7783    -10.1741
      14200    0.182392     636.874     227.396     241.339    0.169231     2446.05     431.403     2877.45     11.1562    -15.8409
      14100    0.125807     655.057     229.456     233.967   0.0673016     2477.14      440.28     2917.42     8.87699    -21.1304
      14000   0.0924268     667.604     231.415     230.278    0.341845     2498.32      445.85     2944.17     5.57013    -24.3088
      13900      0.1668     676.921     233.158     224.683    0.480646     2513.69     453.262     2966.95     7.41204    -26.2933
      13800   0.0694809     693.504     234.781     218.109    0.527647      2537.1     456.996     2994.09     3.73426    -29.6655
      13700   0.0927499     700.475     236.272     213.296    0.379728     2544.07     462.075     3006.15     5.07844    -30.5959
      13600   0.0689707     709.726     237.657     209.466    0.526322     2557.87     465.623     3023.49     3.54809    -32.0939
      13500    0.102924     716.657     238.964     212.436     1.99373     2571.07     468.757     3039.82    -3.13421    -32.9326
      13400   0.0571323     726.904     239.981     219.552     1.78745     2585.52     469.698     3055.22   -0.940786    -34.0853
      13300    0.140038       732.7     240.782     216.326           2     2599.11      473.62     3072.73    -3.92193    -33.8679
      13200    0.130324     746.694     244.285     237.818           2     2630.58      477.99     3108.57    -4.36986    -35.9236
      13100    0.176724     759.773     246.308      244.34           2     2667.97     488.432      3156.4    -10.4426    -36.4205
      13000    0.164133     777.433     247.737      250.08           2     2697.18     497.683     3194.86    -9.25116    -37.3099
      12900    0.166697     793.848     248.673     256.206           2     2741.37     507.649     3249.02    -9.96564    -37.4001
      12800    0.151616     810.503     249.165     262.448           2     2793.67     515.932     3309.61     -8.2834    -37.2093
      12700    0.174919     825.688     249.498     264.558           2     2840.51     522.828     3363.34    -6.89573    -36.5454
      12600    0.118512     843.124     249.896      263.65           2     2868.36     527.574     3395.94     -4.7463    -36.5502
      12500    0.103337      854.96     250.352     263.309           2     2898.54     530.938     3429.48    -3.36401    -35.5499
      12400    0.120483      865.31     250.896     263.157           2     2926.47     535.734      3462.2    -4.79591    -34.6175
      12300    0.213114     877.451       251.5     261.653     1.94301     2965.19     540.448     3505.64    -4.71374    -34.4717
      12200   0.0958773     898.646     252.072     259.031           2     3018.08     543.218      3561.3     -2.7694    -36.5606
      12100   0.0536302     908.191     252.669     258.055     1.72181     3079.83     543.445     3623.28   -0.227273    -36.0543
      12000    0.105785     913.606     253.412     258.197           2      3150.5      546.76     3697.26    -3.31474    -35.0137
      11900   0.0429995     924.122     254.237     259.355     1.58915     3226.27     547.077     3773.35    0.317003    -35.4479
      11800   0.0742026     928.453      255.15      261.31     1.63394     3308.47     547.187     3855.66   -0.110134    -34.5837
      11700    0.179092     935.978     256.171     271.094           0     3403.82     547.597     3951.42    0.410679    -34.4998
      11600    0.197664     953.906     243.705     245.084           0     3479.79     561.256     4041.04      13.659    -36.5396
      11500    0.237651     973.712     239.872     226.656           0     3547.01     587.151     4134.16     25.8949    -40.9541
      11400    0.237879     997.478     240.004     201.721           0     3601.78       615.1     4216.88     27.9484    -47.0511
      11300    0.214372     1021.24       241.7     189.424           0     3649.09     638.877     4287.97     23.7775    -53.2114
      11200    0.197708     1042.66     243.931      184.24           0     3690.69     659.796     4350.49     20.9187    -58.1446
      11100    0.183778     1062.42     246.289     175.469           0     3710.97     678.406     4389.37     18.6106    -62.0264
      11000    0.168749     1080.78     248.635     165.026           0     3721.39     694.572     4415.97     16.1654     -65.317
      10900    0.171086     1097.66     250.915     158.724           0     3740.25     711.257      4451.5     16.6854    -68.1334
      10800     0.21236     1114.81     253.141      154.77    0.232248     3769.93     723.666      4493.6     12.4087    -70.7559
      10700    0.132042     1135.97      255.34      149.83           0     3797.11     734.551     4531.66     10.8855    -73.9169
      10600    0.129161     1149.17     257.441     144.588   0.0445981     3819.28      744.01     4563.29     9.45904    -75.2034
      10500    0.110194     1162.06     259.411     141.213   0.0720622     3840.53     752.099     4592.63     8.08856    -76.5649
      10400   0.0792572     1173.05     261.257     138.958    0.364254      3860.6     757.042     4617.64     4.94252    -77.5845
      10300     100.916     1281.81     262.888     137.395           2      3886.8     759.054     4645.85     2.01221    -100.196
      10200    0.307092     11272.8     173.859     61.7926           0     3935.88     850.895     4786.77     91.8413    -702.255
      10100    0.259549     11303.4     113.862     25.8431           0     4034.85     1000.73     5035.58     149.838    -641.575
      10000    0.168033     11329.3      95.812     10.1458           0     4140.41     1168.92     5309.33     168.188    -588.823
       9900   0.0013293     11345.9     89.0551     1.30075    0.258289     4241.24     1344.17     5585.41     175.245    -542.752
       9800 0.000645885     11346.1     85.8176    -2.56082    0.832994     4344.17     1522.09     5866.26     177.926    -501.526
       9700           0     11346.1      83.972    -3.12494           0     4437.56     1701.31     6138.86     179.215    -465.249
       9600           0     11346.1     82.8927    -1.82633           0     4525.96     1881.05     6407.01     179.739    -433.541
       9500           0     11346.1     82.2753    0.353827           0     4613.42     2060.85     6674.26       179.8     -406.08
       9400           0     11346.1     81.9411     3.90469           0     4711.78      2244.1     6955.88     183.259    -382.528
       9300           0     11346.1     81.7797     7.89811           0     4803.44     2426.13     7229.56      182.02     -362.51
       9200           0     11346.1     81.7235     11.8867           0     4888.38      2608.1     7496.49     181.977    -345.646
       9100           0     11346.1     81.7322     15.6195           0     4960.02     2788.37     7748.39     180.268    -331.567
       9000           0     11346.1     81.7827     18.9783           0     5024.79     2965.89     7990.67     177.517    -319.912
       8900           0     11346.1     81.8617     21.9385           0     5096.02     3144.68     8240.69     178.788    -310.345
       8800           0     11346.1     81.9621      24.479           0     5152.02     3323.24     8475.26     178.563    -302.554
       8700           0     11346.1     82.0801     26.6159           0     5197.29     3501.56     8698.85      178.32    -296.259
       8600           0     11346.1     82.2136     28.3834           0     5234.57     3679.89     8914.46     178.336    -291.214
       8500           0     11346.1     82.3612     29.8204           0     5275.65     3858.23     9133.88     178.339    -287.205
       8400           0     11346.1     82.5221     31.5893           0     5311.03     4037.01     9348.04     178.778    -284.044
       8300           0     11346.1     82.6955     33.4601           0     5355.83     4212.62     9568.44     175.605    -281.558
       8200           0     11346.1     82.8807     35.3782           0     5394.39     4388.61        9783     175.994    -279.609
       8100           0     11346.1     83.0769     37.3333           0      5434.4     4564.98     9999.38     176.373    -278.082
       8000           0     11346.1     83.2834     39.3057           0     5464.95     4741.42     10206.4     176.442    -276.885
       7900           0     11346.1     83.4994     41.3896           0     5503.28     4917.93     10421.2     176.501    -275.942
       7800     1.19365     11347.3     83.7242     43.5418           0     5538.03      5093.9     10631.9     175.976    -275.357
       7700           0     11465.5     85.1152     43.4762           0     5571.61     5269.19     10840.8     175.285    -289.122
       7600           0     11465.5     86.2043     43.7184           0     5608.28     5443.08     11051.4     173.896    -285.617
       7500           0     11465.5     86.5279     45.1764           0     5650.16     5616.38     11266.5     173.297    -282.926
       7400           0     11465.5     86.7365     45.6344           0     5695.24     5789.19     11484.4     172.814    -280.823
       7300           0     11465.5      86.945     45.5697           0     5741.61     5963.52     11705.1      174.33     -279.19
       7200           0     11465.5     87.1703     45.1391           0     5791.67     6139.35       11931      175.83     -277.93
       7100           0     11465.5      87.412     44.4247           0     5842.55     6314.24     12156.8     174.888    -276.966
       7000           0     11465.5     87.6677     43.4808           0     5885.96     6484.17     12370.1     169.932    -276.238
       6900           0     11465.5     87.9349     42.3644           0     5929.66     6654.34       12584     170.165      -275.7
       6800           0     11465.5     88.2115     41.1062           0      5971.9     6829.03     12800.9     174.689    -275.316
       6700           0     11465.5     88.4958     39.7494           0     6014.08     7002.63     13016.7     173.604    -275.057
       6600           0     11465.5     88.7865      38.336           0     6057.39     7173.24     13230.6     170.613      -274.9
       6500           0     11465.5     89.0825     36.8638           0     6098.28     7345.26     13443.5     172.017    -274.827
       6400           0     11465.5      89.383     35.7803           0     6138.95     7517.08       13656     171.817    -274.818
       6300           0     11465.5     89.6874     34.8978           0     6180.73     7690.34     13871.1     173.263     -274.85
       6200           0     11465.5     89.9952     34.1605           0     6230.76     7864.15     14094.9     173.805    -274.906
       6100           0     11465.5      90.306     33.5487           0     6281.85     8038.49     14320.3     174.344    -274.977
       6000           0     11465.5     90.6196     33.0231           0     6322.25     8213.37     14535.6      174.88    -275.054
       5900           0     11465.5     90.9358     32.5643           0     6364.73     8386.13     14750.9     172.764    -275.132
       5800           0     11465.5     91.2545     32.1573           0      6413.6     8560.38       14974     174.245    -275.208
       5700           0     11465.5     91.5755     31.7923           0     6452.86      8734.7     15187.6     174.324    -275.278
       5600           0     11465.5     91.8989     31.4625           0     6490.53     8908.95     15399.5     174.251     -275.34
       5500           0     11465.5     92.2245     31.1622           0     6538.28     9083.13     15621.4     174.175    -275.393
       5400           0     11465.5     92.5524     29.8683           0     6585.79        9257     15842.8     173.873    -275.446
       5300           0     11465.5     92.8825     28.0321           0     6626.28     9430.57     16056.9     173.568    -275.529
       5200           0     11465.5     93.2149     25.8494           0     6679.73     9607.16     16286.9     176.585    -275.658
       5100           0     11465.5     93.5495     23.4395           0     6720.87     9782.81     16503.7     175.651    -275.837
       5000           0     11465.5     93.8864      20.842           0     6756.49     9957.52       16714     174.714    -276.068
       4900           0     11465.5     94.2256      18.139           0     6791.44     10133.3     16924.7     175.774    -276.351
       4800           0     11465.5     94.5671     15.3401           0     6831.39     10309.5     17140.9     176.183    -276.686
       4700           0     11465.5     94.9109     12.4817           0     6878.03     10486.1     17364.1     176.589     -277.07
       4600           0     11465.5     95.2571     9.60278           0      6916.6     10660.6     17577.2     174.543    -277.501
       4500           0     11465.5     95.6057     6.68527           0     6954.13     10834.1     17788.2     173.494    -277.977
       4400           0     11465.5     95.9566     4.25553           0     6991.64     11009.2     18000.9     175.143    -278.491
       4300           0     11465.5       96.31     2.07868           0     7032.06     11184.4     18216.5      175.19    -279.026
       4200           0     11465.5     96.6659    0.074436           0     7068.45       11360     18428.4     175.534    -279.572
       4100           0     11465.5     97.0242    -1.79124           0     7101.19     11534.6     18635.8     174.676    -280.126
       4000           0     11465.5     97.3851    -3.56429           0     7133.85     11710.6     18844.4     175.915    -280.684
       3900           0     11465.5     97.7485    -5.27063           0     7164.03     11887.7     19051.7     177.152    -281.245
       3800           0     11465.5     98.1144    -6.92904           0     7195.95       12063       19259     175.336    -281.807
       3700           0     11465.5     98.4829    -9.42118           0     7224.24     12237.9     19462.1     174.842    -282.375
       3600           0     11465.5     98.8541    -13.8334           0     7255.83     12412.2     19668.1     174.346    -283.005
       3500           0     11465.5     99.2279    -19.1668           0     7289.33       12588     19877.3     175.772    -283.748
       3400           0     11465.5     99.6043    -24.8308           0     7328.02     12762.4     20090.4     174.396    -284.622
       3300           0     11465.5     99.9834    -30.8261           0     7377.34     12936.8     20314.1     174.367    -285.627
       3200           0     11465.5     100.365    -36.2478           0     7426.48     13111.1     20537.6     174.335    -286.759
       3100           0     11465.5      100.75    -39.9851           0     7477.91       13285     20762.9       173.9     -287.96
       3000           0     11465.5     101.137    -42.9999           0      7526.8     13458.5     20985.3     173.463    -289.178
       2900           0     11465.5     101.527    -45.4774           0     7575.52     13632.4       21208     173.973    -290.389
       2800           0     11465.5     101.921    -47.5705           0     7624.01     13805.8     21429.8     173.379    -291.582
       2700           0     11465.5     102.316    -49.6397           0      7679.6     13982.4       21662     176.584    -292.749
       2600           0     11465.5     102.715    -52.0776           0     7744.51     14153.6     21898.1     171.185    -293.905
       2500           0     11465.5     103.117    -54.6339           0     7797.22     14328.4     22125.6     174.783    -295.066
       2400           0     11465.5     103.522    -57.2186           0     7848.15     14502.5     22350.6     174.078    -296.235
       2300           0     11465.5     103.929    -59.8342           0     7901.25     14675.7     22576.9     173.221    -297.416
       2200           0     11465.5      104.34    -62.2383           0     7960.99       14848       22809      172.36    -298.608
       2100           0     11465.5     104.754    -64.1292           0     8013.61     15020.1     23033.7     172.046    -299.796
       2000           0     11465.5      105.17    -65.7812           0     8066.29     15191.8     23258.1      171.73    -300.964
       1900           0     11465.5      105.59     -67.249           0     8119.66     15363.8     23483.4     171.943    -302.108
       1800           0     11465.5     106.013    -68.5781           0     8171.86     15535.4     23707.3     171.653    -303.224
       1700           0     11465.5      106.44    -69.9403           0     8222.61     15707.6     23930.2     172.187     -304.31
       1600           0     11465.5     106.869    -71.5338           0     8276.03       15881       24157     173.418    -305.376
       1500           0     11465.5     107.302    -73.2074           0     8329.79     16052.3       24382     171.243    -306.429
       1400           0     11465.5     107.738     -74.945           0     8382.99     16221.5     24604.5     169.212    -307.474
       1300           0     11465.5     108.177     -76.723           0     8439.93       16391       24831     169.559    -308.513
       1200           0     11465.5      108.62    -78.1122           0     8508.48     16560.9     25069.4     169.894    -309.545
       1100           0     11465.5     109.066    -78.5812           0     8573.63     16731.1     25304.7     170.144    -310.542
       1000           0     11465.5     109.515     -78.615           0     8636.24     16901.3     25537.6      170.25    -311.477
        900           0     11465.5     109.968    -78.1795           0     8698.73       17071     25769.7     169.682     -312.34
        800           0     11465.5     110.425    -77.4118           0     8761.85     17243.9     26005.7     172.895    -313.118
        700           0     11465.5     110.884    -76.2309           0     8822.06     17417.1     26239.1     173.182    -313.808
        600           0     11465.5     111.348    -74.4856           0     8891.35     17586.9     26478.2     169.827    -314.396
        500           0     11465.5     111.815     -72.399           0     8960.26     17755.7       26716     168.827    -314.871
        400           0     11465.5     112.286    -69.9425           0     9040.65     17926.2     26966.8     170.442    -315.229
        300           0     11465.5      112.76     -67.206           0     9109.39     18091.1     27200.5     164.966    -315.464
        200           0     11465.5     113.239    -63.8588           0     9183.85     18255.2       27439     164.054    -315.574
        100           0     11465.5     113.721    -59.4498           0     9242.23     18422.9     27665.2     167.735     -315.53
          0           0     11465.5     114.206    -54.4593           0     9286.26     18609.3     27895.5     186.351    -315.308