    20000         0         0   179.437   429.318         0   3.71217   14.2831   17.9952   14.2831   61.8944
    19900   0.34965   0.34965   179.437   428.357         0   6.50939    29.736   36.2454    15.453   61.6664
    19800         0    34.965   180.054   426.742         0   9.74726   45.7419   55.4892   16.0059   53.3632
    19700  0.311864   35.2769   180.791   425.728         0   12.7956   58.5507   71.3463   12.8088    54.987
    19600  0.261318   66.4127   181.699   424.538 0.0410532   33.1533   68.2721   101.425    9.7214   48.9491
    19500  0.225599   92.5088   182.987   421.156  0.442617   40.2293   74.2352   114.465   5.96314   45.4071
    19400         0   114.843   184.186   416.729         0   44.0401    81.569   125.609   7.33372   43.3475
    19300         0   114.843   184.949   413.141         0   47.1989   88.1701   135.369   6.60119    46.657
    19200  0.213725   115.057   185.308   410.013  0.227107    52.012   94.4425   146.455   6.27238   48.9156
    19100  0.190417   136.406   185.764   408.289  0.322248   57.5014   99.7681   157.269   5.32556   45.5544
    19000  0.192519    155.45   186.413    407.41  0.311213   62.6118   105.255   167.867   5.48676   43.3903
    18900  0.201563   174.711   187.107   404.673  0.336679   67.6849   110.858   178.543   5.60334   41.5407
    18800         0   194.666   187.828   400.878         0    75.047       113   188.047   2.14167   39.7326
    18700         0   194.666   188.303   398.386         0   94.6412   115.966   210.608   2.96653   42.6516
    18600         0   194.666   188.466   396.666         0   127.785     121.4   249.186   5.43382   44.6864
    18500   142.174   336.839   188.445   395.163         2   168.563   121.726   290.288 -0.325376   9.73061
    18400         0     14412   102.419   310.956         0   258.957   206.977   465.933   85.2509  -742.706
    18300         0     14412   56.7981   285.627         0    359.06   338.198   697.259   131.222  -686.097
    18200         0     14412   44.8438   274.256         0   495.104   481.375   976.478   143.176  -636.846
    18100         0     14412   41.1073   266.731         0   659.133   627.761   1286.89   146.386  -592.529
    18000         0     14412   39.9696   261.443         0    820.55   775.844   1596.39   148.084   -551.69
    17900         0     14412   39.8348   260.816         0   974.274    925.48   1899.75   149.635  -513.964
    17800         0     14412     40.16   263.392         0   1124.02   1075.65   2199.67    150.17  -479.328
    17700         0     14412   40.7174   263.818         0   1270.99   1224.65   2495.65   149.003  -447.821
    17600         0     14412    41.391   262.965         0   1404.71   1376.99   2781.69   152.334  -419.486
    17500         0     14412   42.1143    266.49         0   1518.94   1528.26   3047.19   151.271  -394.264
    17400         0     14412   44.1668   293.309         0   1601.14   1675.87   3277.01   147.616  -374.733
    17300         0     14412   45.3311   310.381         0    1675.4   1823.26   3498.66   147.392  -354.898
    17200         0     14412   46.1893   323.502         0   1734.83   1974.16   3708.99   150.896  -336.626
    17100         0     14412    46.925   333.954         0   1768.02   2125.87   3893.89   151.705  -320.193
    17000         0     14412   47.5871   342.361         0    1798.4   2280.38   4078.78   154.513  -305.539
    16900         0     14412   48.1908   342.923         0   1832.01   2435.81   4267.82   155.434  -292.568
    16800         0     14412   48.7434   338.057         0   1863.28   2592.26   4455.54   156.447  -281.276
    16700         0     14412   49.2502   330.829         0   1891.18    2750.9   4642.08    158.64  -271.627
    16600         0     14412   49.7157   321.423         0   1920.79   2914.33   4835.12   163.434  -263.511
    16500         0     14412   50.1443   326.008         0   1941.94   3072.54   5014.48   158.209  -256.717
    16400   2.30035   14414.3     50.54   339.566         0   1943.07   3235.97   5179.04   163.427  -251.043
    16300   2.06946   14644.1   51.9454   346.327         0   1953.69   3396.54   5350.23   160.571  -271.425
    16200         0     14849   54.2891   347.516         0   1967.29    3561.7   5528.99   165.156  -284.332
    16100         0     14849   55.8434   333.245         0   1971.39   3729.59   5700.98   167.894  -272.838
    16000         0     14849   56.4709    310.77         0   1983.38   3896.82   5880.21   167.232  -263.519
    15900         0     14849   56.8269   299.626         0   2003.07   4063.85   6066.92   167.026   -256.24
    15800         0     14849   57.0838   294.585         0   2021.22   4229.12   6250.35   165.276  -250.492
    15700         0     14849   57.2939   292.046         0   2038.88   4395.34   6434.22   166.216   -245.86
    15600         0     14849   57.4779   291.719         0   2054.12   4560.62   6614.74   165.282  -242.079
    15500         0     14849   57.6469   290.828         0   2068.23   4726.51   6794.74   165.883  -238.955
    15400         0     14849   57.8076   289.824         0   2076.05    4892.7   6968.75   166.197  -236.386
    15300   2.71643   14851.7   57.9641   291.157         0   2078.52   5062.06   7140.58   169.353  -234.643
    15200   2.57716   15123.2    59.467   290.118         0   2080.75   5230.66   7311.41   168.606  -265.197
    15100   2.41945   15380.8   62.2433   293.155         0   2088.56   5397.19   7485.75    166.53  -286.862
    15000   2.25605   15622.6   65.2937   299.225         0   2105.73    5561.2   7666.93   164.009  -301.916
    14900   2.05214     15848   68.3362   300.762         0   2126.95   5721.51   7848.46   160.311  -311.906
    14800   1.93491   16053.1   71.2519   300.527         0   2152.42   5879.54   8031.96   158.027  -317.711
    14700         0   16244.6   74.0138   279.186         0    2158.6   6034.52   8193.12   154.981  -321.082
    14600         0   16244.6   74.3736   203.159         0   2200.48   6195.99   8396.46   161.466  -305.557
    14500         0   16244.6   73.6144   168.565         0   2266.46   6361.72   8628.18   165.733  -297.293
    14400         0   16244.6   73.0363   146.397         0   2345.66   6530.04   8875.69   168.318  -292.432
    14300         0   16244.6   72.6769   127.329         0   2432.61   6696.51   9129.12   166.473  -289.478
    14200         0   16244.6   72.4789   111.358         0   2530.11   6862.58   9392.69   166.074  -287.692
    14100         0   16244.6   72.3979   103.004         0   2629.98   7028.52    9658.5   165.935  -286.611
    14000         0   16244.6   72.4023   99.2745         0   2739.81    7193.1   9932.91   164.583  -285.862
    13900         0   16244.6   72.4693   92.9465         0   2856.18    7361.2   10217.4   168.101  -285.286
    13800         0   16244.6   72.5818   85.7033         0   2965.17   7527.13   10492.3   165.933  -284.919
    13700         0   16244.6    72.727   80.5201         0   3090.97   7695.76   10786.7   168.623  -284.752
    13600         0   16244.6   72.8953   76.3683         0   3210.28   7864.07   11074.3    168.31  -284.723
    13500         0   16244.6   73.0797   81.3756         0   3328.14   8026.82     11355    162.75   -284.73
    13400         0   16244.6    73.275   91.6572         0   3441.58   8192.58   11634.2   165.765  -284.536
    13300         0   16244.6   73.4775   87.9916         0   3556.32   8355.97   11912.3   163.382  -284.154
    13200         0   16244.6   74.8063   102.663         0   3660.01   8521.07   12181.1   165.109  -282.663
    13100         0   16244.6   75.3074   109.806         0   3757.15   8681.63   12438.8   160.558  -279.894
    13000         0   16244.6   75.6325   115.799         0   3862.23   8844.49   12706.7   162.854  -277.097
    12900         0   16244.6   75.8918   122.929         0   3951.31    9007.3   12958.6   162.816  -274.437
    12800         0   16244.6   76.1001   130.518         0   4030.94   9172.08     13203   164.782  -271.923
    12700         0   16244.6   76.3052   133.128         0   4115.53   9338.38   13453.9   166.297  -269.592
    12600         0   16244.6   76.5403   132.581         0   4218.75   9506.99   13725.7    168.61  -267.592
    12500   117.043   16361.7   76.7838   132.994         2   4318.88   9677.19   13996.1   170.204  -281.385
    12400         0   27948.9   59.8414   117.808         0    4436.3   9863.45   14299.8   186.259  -746.756
    12300         0   27948.9   49.2382   109.696         0   4549.54     10061   14610.5   197.548  -708.138
    12200         0   27948.9   45.7987   103.007         0   4652.68   10264.5   14917.2   203.504  -672.681
    12100         0   27948.9   44.1681   100.375         0    4748.6   10472.8   15221.4   208.274   -640.58
    12000         0   27948.9   43.3058   100.471         0   4835.66   10679.6   15515.2   206.792   -611.59
    11900         0   27948.9   42.8577   103.357         0   4915.89   10891.3   15807.2   211.696  -585.452
    11800         0   27948.9   42.6575   108.331         0   4986.66   11103.6   16090.3   212.383  -561.932
    11700         0   27948.9   42.6116   125.435         0   5036.98   11317.6   16354.6    213.97  -540.778
    11600         0   27948.9   41.4648   125.442         0   5080.65   11533.5   16614.2   215.899  -520.555
    11500         0   27948.9   41.5807   111.569         0   5128.52   11757.7   16886.2   224.186  -504.923
    11400         0   27948.9   41.8118   85.3755         0    5190.1   11983.8   17173.9    226.14  -491.812
    11300         0   27948.9   42.0119   73.3709         0   5258.83   12207.3   17466.1   223.466  -480.813
    11200         0   27948.9   42.1813   69.4374         0   5332.03     12430     17762   222.669  -471.482
    11100         0   27948.9   42.3258    60.363         0   5426.87   12652.6   18079.4   222.574  -463.521
    11000         0   27948.9   42.4498   48.5963         0   5532.87   12874.9   18407.8    222.35  -456.836
    10900         0   27948.9   42.5569   41.9218         0   5630.82   13099.9   18730.8   225.043  -451.313
    10800         0   27948.9   42.6506   38.2308         0   5717.67   13322.8   19040.5   222.899  -446.749
    10700         0   27948.9    42.734   33.4077         0   5806.92   13546.3   19353.3   223.491  -442.984
    10600         0   27948.9   42.8097   28.0708         0   5901.27   13770.4   19671.7    224.09  -439.927
    10500         0   27948.9   42.8798   25.2146         0   5996.01     13995   19991.1    224.62  -437.483
    10400         0   27948.9   42.9461   23.8794         0   6091.02   14218.3   20309.3   223.254  -435.532
    10300         0   27948.9   43.0098   23.6647         0   6178.56   14440.2   20618.7    221.89  -433.974
    10200         0   27948.9   43.0721   23.4322         0      6266   14662.8   20928.8   222.628   -432.73
    10100         0   27948.9   43.1336    21.823         0   6368.98   14883.4   21252.4   220.566  -431.762
    10000         0   27948.9   43.1949   19.5042         0   6465.19   15104.2   21569.4   220.805  -431.047
     9900         0   27948.9   43.2563   16.7087         0   6550.61   15325.2   21875.8   221.044  -430.559
     9800         0   27948.9   43.3182   13.5224         0   6637.46   15545.7   22183.1   220.426  -430.274
     9700         0   27948.9   43.3806   10.0223         0    6717.7   15765.5   22483.2   219.807  -430.167
     9600         0   27948.9   43.4436   6.26964         0   6798.01   15984.7   22782.7   219.188  -430.218
     9500         0   27948.9   43.5073   2.30994         0   6883.51   16203.2   23086.7   218.568  -430.408
     9400         0   27948.9   43.5718 -0.531652         0    6986.3   16424.9   23411.2   221.628  -430.716
     9300         0   27948.9   43.6369  -2.68346         0   7088.54     16645   23733.6   220.163  -431.106
     9200         0   27948.9   43.7027  -4.33269         0   7189.71     16865   24054.7   219.997  -431.554
     9100         0   27948.9   43.7691  -5.61483         0   7282.59   17083.2   24365.8   218.231  -432.041
     9000         0   27948.9   43.8362  -6.61017         0   7372.94   17298.7   24671.6   215.464  -432.554
     8900         0   27948.9   43.9038   -7.3513         0   7473.46   17515.5   24988.9   216.746  -433.083
     8800         0   27948.9   43.9719   -7.8987         0   7561.84     17732   25293.8   216.553   -433.62
     8700         0   27948.9   44.0406  -8.29287         0   7642.01   17948.4   25590.4   216.359  -434.158
     8600         0   27948.9   44.1097  -8.56325         0   7716.24   18164.8     25881    216.44  -434.693
     8500         0   27948.9   44.1792  -8.73493         0   7795.88   18381.3   26177.2   216.521  -435.221
     8400         0   27948.9   44.2491  -8.14024         0   7870.99   18598.4   26469.4   217.051  -435.737
     8300         0   27948.9   44.3194  -7.03894         0   7956.29   18812.4   26768.6   213.981  -436.225
     8200         0   27948.9   44.3901  -5.53764         0   8035.76   19026.8   27062.6   214.485  -436.678
     8100         0   27948.9   44.4611  -3.70481         0   8116.81   19241.8   27358.6   214.989  -437.088
     8000         0   27948.9   44.5325  -1.61188         0   8188.28     19457   27645.3   215.193  -437.452
     7900         0   27948.9   44.6042  0.800279         0   8267.19   19672.4   27939.6   215.396  -437.766
     7800         0   27948.9   44.6761   3.45443         0   8342.03   19887.4   28229.5   215.024  -438.027
     7700         0   27948.9   44.7484   6.32753         0   8412.77   20103.1   28515.9   215.652  -438.232
     7600   1.15078     27950    44.821   9.41559         0   8483.73   20318.4   28802.1   215.279  -438.478
     7500         0     28064   45.5454   10.6164         0   8560.18   20532.7   29092.8    214.28  -447.025
     7400         0     28064   46.0259   9.97192         0   8640.91   20746.2   29387.1   213.524  -445.307
     7300         0     28064   46.0689   9.52573         0   8723.33   20961.4   29684.7   215.206  -444.007
     7200         0     28064   46.0734   8.91284         0   8809.62   21178.3   29987.9   216.927  -443.012
     7100         0     28064   46.0878   8.10362         0   8896.82   21394.5   30291.3   216.212  -442.253
     7000         0     28064   46.1156   7.10146         0   8976.61     21606   30582.6   211.484  -441.677
     6900         0     28064   46.1547   5.93536         0   9056.73     21818   30874.7   211.945  -441.243
     6800         0     28064   46.2031   4.61871         0   9135.46   22034.6   31170.1   216.697  -440.922
     6700         0     28064   46.2587   3.18714         0    9214.2   22250.5   31464.7   215.841  -440.692
     6600         0     28064     46.32   1.68208         0   9294.17   22463.6   31757.7    213.08  -440.534
     6500         0     28064   46.3857  0.100688         0   9371.82   22678.3   32050.1   214.714  -440.436
     6400         0     28064   46.4549  -1.05653         0   9449.33     22893   32342.4   214.745  -440.385
     6300         0     28064   46.5266   -1.9636         0   9527.97   23109.5   32637.4   216.423  -440.364
     6200         0     28064   46.6003  -2.67448         0   9614.84   23326.7   32941.5     217.2  -440.364
     6100         0     28064   46.6755  -3.21562         0    9702.7   23544.6   33247.3   217.974  -440.374
     6000         0     28064    46.752  -3.63439         0   9779.75   23763.4   33543.1   218.748   -440.39
     5900         0     28064   46.8293  -3.95812         0   9858.75   23980.2     33839   216.871  -440.407
     5800         0     28064   46.9074  -4.20862         0   9943.99   24198.8   34142.8   218.593  -440.421
     5700         0     28064   46.9861  -4.40139         0   10019.4   24417.8   34437.2   218.914  -440.432
     5600         0     28064   47.0653  -4.54762         0   10093.1   24636.8     34730   219.085  -440.438
     5500         0     28064   47.1449  -4.65657         0   10176.7   24856.1   35032.8   219.255  -440.437
     5400         0     28064   47.2248  -5.88543         0     10260   25075.3   35335.3     219.2  -440.434
     5300         0     28064   47.3051  -7.80866         0   10336.3   25294.4   35630.7   219.145  -440.449
     5200         0     28064   47.3857  -10.2267         0   10425.8   25516.9   35942.7   222.414  -440.493
     5100         0     28064   47.4666  -12.9885         0   10503.4   25738.6     36242   221.733  -440.574
     5000         0     28064   47.5477  -16.0293         0   10575.9   25959.6   36535.5   221.052  -440.693
     4900         0     28064   47.6291  -19.2419         0   10648.2     26182   36830.2   222.371  -440.853
     4800         0     28064   47.7108  -22.5993         0   10726.1     26405   37131.1   223.039  -441.053
     4700         0     28064   47.7928  -26.0491         0   10811.3   26628.8     37440   223.707  -441.292
     4600         0     28064    47.875   -29.537         0     10889   26850.7   37739.6   221.925   -441.57
     4500         0     28064   47.9575  -33.0726         0   10966.3   27071.8   38038.1   221.143  -441.885
     4400         0     28064   48.0402  -36.0531         0   11044.1   27294.9     38339    223.06  -442.232
     4300         0     28064   48.1232  -38.7014         0   11125.3   27518.3   38643.5   223.377  -442.601
     4200         0     28064   48.2065   -41.095         0   11202.8   27742.3   38945.1   223.993  -442.983
     4100         0     28064   48.2901  -43.2786         0   11277.1   27965.7   39242.7    223.41  -443.375
     4000         0     28064    48.374  -45.3101         0   11351.5   28190.6   39542.1   224.926  -443.774
     3900         0     28064   48.4581  -47.2264         0   11423.6     28417   39840.6   226.442  -444.177
     3800         0     28064   48.5425  -49.0563         0   11497.7   28641.9   40139.6   224.907  -444.583
     3700         0     28064   48.6272  -51.8158         0   11568.3   28866.6     40435   224.698  -444.994
     3600         0     28064   48.7122  -56.7979         0   11642.9   29091.1     40734   224.488  -445.441
     3500         0     28064   48.7975  -63.0375         0   11720.3   29317.3   41037.6   226.202  -445.963
     3400         0     28064   48.8831  -69.8362         0     11804   29542.4   41346.4   225.117  -446.578
     3300         0     28064    48.969  -77.1355         0   11899.6   29767.8   41667.4   225.381   -447.29
     3200         0     28064   49.0551  -83.8529         0   11996.3   29993.5   41989.8   225.645  -448.099
     3100         0     28064   49.1416  -88.6495         0   12096.4     30219   42315.4   225.508  -448.975
     3000         0     28064   49.2284  -92.4361         0   12194.8   30444.3   42639.1   225.372  -449.878
     2900         0     28064   49.3155  -95.4348         0   12293.4   30670.5     42964   226.185  -450.789
     2800         0     28064   49.4028  -97.8414         0   12392.2   30896.4   43288.6   225.897  -451.693
     2700         0     28064   49.4905  -100.096         0   12498.2   31125.8   43624.1   229.409  -452.584
     2600         0     28064   49.5785  -102.685         0   12613.8   31350.2   43963.9   224.321  -453.467
     2500         0     28064   49.6668  -105.393         0   12717.2   31578.4   44295.6   228.233  -454.351
     2400         0     28064   49.7554  -108.128         0   12819.1   31806.2   44625.3   227.845  -455.242
     2300         0     28064   49.8443  -110.893         0   12923.2   32033.5   44956.8   227.306   -456.14
     2200         0     28064   49.9336  -113.407         0   13034.1   32260.3   45294.4   226.766  -457.046
     2100         0     28064   50.0231  -115.314         0   13137.9   32487.1     45625   226.777  -457.953
     2000         0     28064    50.113  -116.884         0   13241.7   32713.9   45955.6   226.787  -458.849
     1900         0     28064   50.2032  -118.186         0     13346   32941.2   46287.2    227.33   -459.73
     1800         0     28064   50.2937  -119.283         0   13448.9   33168.6   46617.5   227.373  -460.592
     1700         0     28064   50.3845  -120.386         0   13550.1   33396.8   46946.9   228.242  -461.433
     1600         0     28064   50.4757  -121.737         0   13653.7   33626.6   47280.4   229.812  -462.257
     1500         0     28064   50.5672  -123.198         0   13757.5   33854.6   47612.1   227.978  -463.071
     1400         0     28064    50.659  -124.753         0   13860.5   34080.9   47941.4   226.291  -463.878
     1300         0     28064   50.7511  -126.375         0   13967.1   34307.9     48275   226.985  -464.679
     1200         0     28064   50.8436  -127.557         0   14085.1   34535.6   48620.6    227.67  -465.476
     1100         0     28064   50.9364   -127.67         0   14199.3   34763.8   48963.2   228.274  -466.252
     1000   3.12832   28067.1   51.0297  -127.187         0   14310.5   34992.6   49303.1   228.735  -467.254
      900         0   28376.8   53.1108    -130.9         0   14425.7   35219.1   49644.8   226.539  -490.011
      800         0   28376.8   54.4716  -134.489         0   14545.9     35448   49993.9   228.848  -486.136
      700         0   28376.8   54.4997  -134.908         0   14664.8   35677.5   50342.3   229.567   -483.31
      600         0   28376.8   54.3998  -133.529         0   14793.1   35904.3   50697.4   226.775  -481.207
      500         0   28376.8    54.326  -131.037         0   14920.7   36130.6   51051.3   226.317  -479.619
      400         0   28376.8   54.2901  -127.663         0   15058.8     36359   51417.9   228.437  -478.389
      300         0   28376.8    54.287  -123.685         0     15184   36582.5   51766.5    223.44  -477.404
      200         0   28376.8   54.3101  -118.827         0   15313.5   36805.5   52118.9   222.982   -476.58
      100         0   28376.8   54.3537  -112.649         0     15425   37032.6   52457.6   227.101  -475.842
        0         0   28376.8   54.4134  -105.688         0   15520.3   37278.7     52799   246.144  -475.126