    20000         0         0   179.437   429.318         0   3.71217   14.2831   17.9952   14.2831   61.8944
    19900   0.13986   0.13986   179.437   428.357         0   6.50947   29.7361   36.2455    15.453   61.7235
    19800 0.0478971   14.0339   179.684   427.316         0   9.17344   46.1123   55.2858   16.3763   58.2943
    19700  0.130915   18.9066   180.063    426.62         0   13.1136   59.6496   72.7631   13.5372   57.7571
    19600  0.114338   31.9816   180.537   426.046         0   34.9793   70.5328   105.512   10.8832    55.376
    19500 0.0952517   43.3963   181.135   423.526  0.140052   44.4254   78.3477   122.773   7.81489   53.8819
    19400         0   52.8262   181.717   419.944         0    45.021   88.1506   133.172   9.80292    53.045
    19300         0   52.8262   182.102    416.86         0   45.5813   97.5984    143.18   9.44786   54.4149
    19200  0.106529   52.9327   182.281   413.989 0.0192662   54.3707   106.898   161.268   9.29912   55.2529
    19100  0.100865     63.58   182.539   412.671 0.0759435   64.2415   115.449    179.69    8.5512   53.2573
    19000  0.114238   73.6798   182.941   412.262  0.166268   74.2036   124.408   198.612   8.95936   51.7603
    18900  0.154274   85.1437     183.4   409.954  0.408161   84.5575   133.719   218.276   9.31041   50.1897
    18800 0.0605913   100.477   183.896   406.499         0   86.2987   139.792   226.091   6.07383   47.8927
    18700         0   106.476   184.339   404.016         0   100.263   146.723   246.986   6.93076    48.072
    18600         0   106.476   184.592   402.224         0   127.849   156.031    283.88   9.30818   49.4046
    18500         0   106.476    184.67   400.673         0   163.116   159.481   322.597    3.4498   50.2577
    18400         0   106.476   184.658   399.285         0   165.181   162.493   327.674   3.01201    50.759
    18300  0.056187   106.532   184.595   396.185   0.34828   175.636   165.918   341.554   3.42472   50.9549
    18200         0   112.095   184.575   391.886         0   194.051   169.363   363.413   3.44475   49.5547
    18100         0   112.095   184.554   388.268         0   236.542   172.302   408.844   2.93936     49.47
    18000         0   112.095   184.481   384.955         0   274.447   175.874   450.321    3.5722   49.1024
    17900         0   112.095   184.385   384.061         0   304.926   180.959   485.885    5.0847   48.5536
    17800         0   112.095   184.279   384.662         0   333.404   187.009   520.414   6.05064   47.9772
    17700         0   112.095    184.17   382.847         0   361.348    192.56   553.907   5.55012   47.3983
    17600         0   112.095    184.06   379.707         0    378.32   202.224   580.544    9.6645   46.7087
    17500  0.116315   112.211   183.953   379.864         0   379.176   211.656   590.832   9.43166   45.9083
    17400 0.0904223   123.817   186.677   412.128  0.208358   415.794   216.761   632.555    5.1052   41.5356
    17300 0.0933877   132.862   187.669   421.972  0.178872   453.126   221.816   674.941   5.05462   39.7792
    17200  0.126965   142.234   188.349   427.947         0   498.143   230.552   728.695   8.73597   38.6481
    17100  0.131257   154.935   189.121   431.587         0    562.58    240.06    802.64   9.50862   37.1447
    17000  0.147459   168.077   190.108   433.585         0   623.424   252.052   875.477   11.9919   35.9293
    16900  0.147725   182.823   191.316   429.569         0   676.463   264.361   940.824   12.3093   34.5262
    16800  0.147049   197.595   192.723   421.394         0   728.526   276.829   1005.36   12.4674   33.0438
    16700  0.172457   212.325    194.29   411.836         0   781.633   290.429   1072.06   13.5998   31.3298
    16600  0.172228   229.571   196.018   400.993         0   831.596   307.561   1139.16   17.1323   28.7452
    16500  0.128307   246.749   197.893   401.075         0   885.511   318.021   1203.53   10.4604   26.1748
    16400  0.152849   259.605   199.832   408.556         0   953.377   332.157   1285.53    14.136   25.1572
    16300  0.136381   274.873    201.82     412.9         0   1030.58   342.853   1373.43   10.6956   24.0501
    16200  0.167825   288.543   203.861    415.65         0   1112.31   358.437   1470.74   15.5837   23.6728
    16100  0.170328   305.328    205.97   406.266         0   1189.43   376.204   1565.64   17.7677   22.5693
    16000  0.156367   322.346   208.163   388.565         0   1255.24   391.744   1646.98   15.5398   20.9238
    15900  0.142698   337.969   210.406   379.091         0   1315.02    405.19   1720.21   13.4462   19.0255
    15800  0.137532   352.234   212.662   374.684 0.0557286   1376.96   414.888   1791.85   9.69806   17.3143
    15700  0.106644   365.956    214.91   371.545         0   1438.81   423.488    1862.3   8.60004   15.7398
    15600 0.0782859   376.592   217.122   369.549  0.248247    1501.4   429.127   1930.52   5.63823   14.9208
    15500 0.0703411   384.413   219.242   366.899  0.507193   1563.36   433.415   1996.77   4.28834   14.6855
    15400 0.0379094   391.415   221.242   363.948  0.694351   1629.66   436.178   2065.84    2.7631   14.4394
    15300 0.0634074   395.231    223.12   362.779  0.403305   1703.76   440.375   2144.14   4.19645   14.7602
    15200 0.0515916    401.56    224.93   362.823  0.628883    1778.7   443.518   2222.21    3.1436   14.3342
    15100   346.834   753.502   226.652   369.392         2   1862.74   445.639   2308.38   2.12093  -67.6369
    15000  0.325112   35090.4   111.693   297.281         0   1877.97   563.248   2441.22   117.609  -879.963
    14900  0.469036     35123    59.463   307.121         0   1905.55   732.432   2637.98   169.184  -846.019
    14800  0.495036     35170   43.6278   325.855         0   1956.35   918.083   2874.43   185.651   -815.09
    14700  0.119537   35219.1   36.4004   326.512  0.307508   2009.85   1110.68   3120.53   192.594  -787.541
    14600  0.207326   35231.1   29.0935   279.449         0   2044.27   1317.42   3361.69   206.746  -759.583
    14500  0.210019   35251.9   26.6229   261.534         0   2071.25   1530.15    3601.4   212.725   -735.27
    14400  0.204916   35272.9    25.614   251.821         0   2097.48   1745.89   3843.36    215.74  -712.158
    14300  0.212726   35293.4   25.2047   242.816         0   2126.01   1959.83   4085.84   213.945  -689.764
    14200  0.215235   35314.7   25.1078    233.58         0   2150.73   2173.28   4324.01   213.445  -668.165
    14100  0.241141   35336.2    25.177   229.262         0   2177.12   2386.43   4563.55   213.156  -647.545
    14000  0.188355   35360.3   25.3355   229.136         0   2197.15   2598.08   4795.24   211.649  -628.153
    13900  0.149237   35379.1     25.52   226.341 0.0547582   2214.18   2813.13   5027.31    215.05  -609.925
    13800  0.208968     35394   25.6877   221.128         0   2240.61   3025.96   5266.57   212.827  -593.054
    13700  0.102719   35414.8   25.8596   216.651  0.379149   2250.94   3241.45   5492.39    215.49  -577.991
    13600  0.953434     35426   25.9962   213.004         0   2268.27   3456.66   5724.93   215.209  -564.154
    13500  0.237844   35520.6   26.3807   217.591         0   2286.62   3666.11   5952.73   209.449  -555.375
    13400  0.207368   35544.3   26.7283   229.166         0    2310.7   3878.42   6189.12   212.312  -544.528
    13300  0.296785   35565.2   26.8729   229.089         0   2337.05   4088.41   6425.46   209.987  -534.859
    13200  0.281875   35594.8   27.2858   229.879         0   2360.58   4301.04   6661.62   212.629  -527.576
    13100  0.283742     35623   27.4826   230.715         0   2384.34   4509.42   6893.76   208.382  -519.367
    13000  0.208714   35651.3   27.6284   231.635         0    2395.1   4720.28   7115.38   210.858  -511.733
    12900   1.52547   35673.5   27.7457   234.677         0   2417.77   4931.24      7349   210.962  -504.598
    12800  0.285372   35824.8   28.1599   238.081         0   2445.71   5143.96   7589.67   212.722  -505.181
    12700  0.201817   35853.3   28.5828   236.189         0   2464.17   5357.98   7822.15    214.02  -498.826
    12600         0   35873.2   28.7561   231.311         0   2468.65   5574.38   8043.03   216.394  -492.878
    12500         0   35873.2   28.8077    227.84         0   2473.94   5792.55    8266.5    218.18  -486.664
    12400         0   35873.2   28.7982   225.605         0   2483.57   6009.86   8493.43   217.302  -481.384
    12300         0   35873.2   28.7799   222.635         0   2483.86   6227.86   8711.73   218.006   -476.91
    12200  0.188667   35873.4   28.7646   218.974         0   2496.69    6448.4   8945.09   220.538  -473.161
    12100   2.35274   35894.5   28.8024   217.724         0   2518.12   6672.04   9190.16    223.64  -471.311
    12000  0.288844   36127.7   29.4421   215.884         0   2546.48    6892.7   9439.17   220.655  -482.329
    11900  0.314148   36156.6   30.0858    214.27         0   2577.16   7117.16   9694.32   224.468  -479.295
    11800  0.390586   36188.1    30.334   215.073         0   2613.12   7341.87   9954.99   224.706  -476.966
    11700  0.317136   36227.1   30.5191   228.139         0   2665.51   7567.93   10233.4   226.063  -475.407
    11600  0.297837   36258.8   30.2884    234.72         0   2731.12   7795.01   10526.1   227.076  -475.015
    11500  0.122388   36288.4   30.2496   222.975         0   2794.66   8030.53   10825.2   235.517  -477.012
    11400  0.233394   36300.7   30.2055   195.703         0   2843.41   8268.27   11111.7   237.747  -478.475
    11300  0.222484     36324   30.2006   179.377         0   2880.68   8503.55   11384.2   235.277  -480.877
    11200  0.955804     36347   30.2486   171.099         0   2909.14   8738.15   11647.3   234.601  -483.077
    11100         0   36441.6   30.6138   156.836         0   2910.78   8972.44   11883.2   234.286  -489.142
    11000         0   36441.6   30.7884   139.089         0   2926.29   9206.45   12132.7   234.012  -488.594
    10900         0   36441.6   30.7128   127.155         0      2939   9443.34   12382.3   236.887  -488.376
    10800         0   36441.6   30.6372   119.291         0    2944.8   9678.25     12623   234.913  -488.365
    10700         0   36441.6   30.5846   111.232         0   2956.22   9913.89   12870.1    235.64  -488.481
    10600         0   36441.6   30.5528   103.038         0    2975.6   10150.2   13125.8   236.347  -488.703
    10500         0   36441.6   30.5375   97.5556         0      2998   10387.2   13385.2   236.963  -489.016
    10400         0   36441.6    30.535   94.1165         0   3022.78   10622.9   13645.6   235.665  -489.381
    10300         0   36441.6   30.5422   92.2684         0    3041.7   10857.2   13898.9   234.358  -489.768
    10200         0   36441.6    30.557   90.8447         0   3061.73   11092.4   14154.1   235.143  -490.159
    10100         0   36441.6   30.5773   88.2514         0   3098.29   11325.5   14423.8   233.123  -490.556
    10000         0   36441.6   30.6018   84.9878         0   3129.01   11558.9   14687.9   233.398  -490.973
     9900         0   36441.6   30.6294   81.2609         0   3149.88   11792.6   14942.4   233.671  -491.421
     9800         0   36441.6   30.6593   77.1533         0    3173.1   12025.6   15198.7   233.084  -491.903
     9700         0   36441.6    30.691   72.7351         0   3190.63   12258.1   15448.8   232.497  -492.422
     9600         0   36441.6   30.7238   68.0638         0   3209.14     12490   15699.2   231.907   -492.98
     9500         0   36441.6   30.7576   63.1842         0   3233.77   12721.4   15955.1   231.317  -493.578
     9400         0   36441.6   30.7921   59.4134         0   3276.62   12955.8   16232.4   234.408   -494.21
     9300         0   36441.6    30.827   56.4846         0   3319.69   13188.7   16508.4   232.973  -494.863
     9200         0   36441.6   30.8623   54.2096         0   3362.32   13421.6   16783.9   232.838  -495.523
     9100         0   36441.6   30.8979   52.4374         0   3397.14   13652.7   17049.8   231.102  -496.183
     9000         0   36441.6   30.9337   51.0713         0   3429.81     13881   17310.9   228.366  -496.835
     8900         0   36441.6   30.9696   50.0636         0   3472.91   14110.7   17583.6    229.68  -497.477
     8800         0   36441.6   31.0056   49.3434         0   3504.05   14340.2   17844.3   229.519  -498.106
     8700         0   36441.6   31.0418   48.8571         0   3527.08   14569.6   18096.7   229.358  -498.718
     8600         0   36441.6    31.078   48.5635         0   3544.18   14799.1   18343.3   229.472  -499.313
     8500         0   36441.6   31.1143   48.4268         0   3566.65   15028.7   18595.3   229.586  -499.889
     8400         0   36441.6   31.1507   49.1027         0   3584.52   15258.8   18843.3   230.149  -500.445
     8300         0   36441.6   31.1871   50.4071         0   3612.37   15485.9   19098.3   227.113  -500.971
     8200         0   36441.6   31.2236   52.2248         0   3634.09   15713.6   19347.7   227.651   -501.46
     8100         0   36441.6   31.2602   54.4757         0   3656.95   15941.8   19598.7    228.19  -501.909
     8000         0   36441.6   31.2968   57.0757         0   3669.73   16170.2   19839.9   228.428  -502.314
     7900         0   36441.6   31.3336   60.0706         0   3689.38   16398.9   20088.2   228.666  -502.672
     7800         0   36441.6   31.3703   63.3843         0   3704.29   16627.2   20331.5    228.33  -502.982
     7700         0   36441.6   31.4072    66.982         0   3714.37   16856.2   20570.6   228.993  -503.242
     7600         0   36441.6   31.4442   70.8538         0    3723.9   17084.8   20808.7   228.656  -503.449
     7500         0   36441.6   31.4812   74.9455         0   3736.01   17313.2   21049.2   228.344  -503.604
     7400         0   36441.6   31.5183   77.5577         0   3749.16   17541.2   21290.4   228.032  -503.709
     7300         0   36441.6   31.5555    79.065         0   3762.04   17770.9     21533    229.72  -503.784
     7200         0   36441.6   31.5927   79.7108         0   3777.53   18002.3   21779.9   231.407  -503.846
     7100         0   36441.6   31.6301   79.6834         0   3793.15     18233   22026.2    230.67  -503.902
     7000         0   36441.6   31.6675   79.1196         0   3800.92   18458.9   22259.9   225.933  -503.961
     6900         0   36441.6    31.705   78.1425         0   3808.84   18685.3   22494.2   226.395  -504.026
     6800         0   36441.6   31.7426   76.8354         0   3815.35   18916.5   22731.8   231.157  -504.099
     6700         0   36441.6   31.7803   75.2831         0      3822   19146.8   22968.8    230.32  -504.183
     6600         0   36441.6   31.8181   73.5668         0   3830.08   19374.4   23204.5   227.582  -504.278
     6500         0   36441.6   31.8559   71.7123         0   3836.12   19603.6   23439.8   229.244  -504.384
     6400         0   36441.6   31.8939   70.2398         0   3842.33   19832.9   23675.3   229.306  -504.498
     6300         0   36441.6   31.9319   69.0483         0   3849.96     20064   23913.9   231.018  -504.617
     6200         0   36441.6     31.97   68.0916         0   3866.06   20295.8   24161.9    231.83  -504.734
     6100         0   36441.6   32.0083   67.3464         0   3883.36   20528.4   24411.8   232.642  -504.847
     6000         0   36441.6   32.0466   66.7652         0   3890.01   20761.9   24651.9   233.453  -504.953
     5900         0   36441.6    32.085   66.3169         0   3898.74   20993.5   24892.2   231.615   -505.05
     5800         0   36441.6   32.1235   65.9753         0   3913.79   21226.9   25140.7   233.377  -505.138
     5700         0   36441.6    32.162   65.7205         0   3919.12   21460.6   25379.7   233.738  -505.216
     5600         0   36441.6   32.2007    65.537         0   3922.72   21694.6   25617.3   233.949  -505.285
     5500         0   36441.6   32.2395   65.4117         0   3936.22   21928.7     25865   234.161  -505.343
     5400         0   36441.6   32.2784   64.1766         0   3949.42   22162.9   26112.3   234.147  -505.394
     5300         0   36441.6   32.3173   62.1161         0   3955.83     22397   26352.8   234.133  -505.453
     5200         0   36441.6   32.3564   59.4289         0   3975.69   22634.5   26610.1   237.444  -505.529
     5100         0   36441.6   32.3955   56.2842         0   3983.99   22871.3   26855.3   236.804  -505.631
     5000         0   36441.6   32.4347   52.7637         0   3987.69   23107.4   27095.1   236.165  -505.761
     4900         0   36441.6   32.4741   48.9888         0   3991.79     23345   27336.7   237.526  -505.922
     4800         0   36441.6   32.5135   45.0047         0   4002.07   23583.2   27585.3   238.236  -506.116
     4700         0   36441.6    32.553   40.8746         0   4020.32   23822.1   27842.5   238.947  -506.341
     4600         0   36441.6   32.5927    36.668         0   4031.82   24059.3   28091.2   237.207  -506.598
     4500         0   36441.6   32.6324   32.3866         0   4043.66   24295.8   28339.5   236.468  -506.887
     4400         0   36441.6   32.6722    28.645         0   4056.78   24534.2     28591   238.428  -507.204
     4300         0   36441.6   32.7121   25.2958         0   4073.98     24773     28847   238.788  -507.542
     4200         0   36441.6   32.7521   22.2637         0   4088.18   25012.5   29100.7   239.448  -507.894
     4100         0   36441.6   32.7922   19.5021         0   4099.63   25251.4     29351   238.908  -508.258
     4000         0   36441.6   32.8325   16.9488         0   4111.78   25491.8   29603.6   240.468  -508.628
     3900         0   36441.6   32.8728     14.56         0   4122.12   25733.9     29856   242.027  -509.004
     3800         0   36441.6   32.9132   12.3008         0   4134.81   25974.4   30109.2   240.537  -509.385
     3700         0   36441.6   32.9537   9.16821         0   4144.52   26214.8   30359.3   240.371  -509.769
     3600         0   36441.6   32.9943   3.64718         0   4158.62     26455   30613.6   240.206  -510.179
     3500         0   36441.6    33.035  -3.42374         0   4176.38     26697   30873.3   241.965  -510.643
     3400         0   36441.6   33.0758  -11.3169         0   4201.56   26937.9   31139.4   240.924  -511.177
     3300         0   36441.6   33.1167  -19.8955         0   4239.95   27179.1   31419.1   241.233   -511.79
     3200         0   36441.6   33.1577  -28.0639         0    4280.9   27420.7   31701.6   241.542  -512.483
     3100         0   36441.6   33.1988  -34.2428         0   4326.59   27662.1   31988.7   241.451  -513.238
     3000         0   36441.6   33.2401  -39.2017         0   4371.68   27903.5   32275.1    241.36  -514.026
     2900         0   36441.6   33.2814  -43.1716         0    4418.1   28145.7   32563.8   242.219  -514.829
     2800         0   36441.6   33.3228  -46.3627         0   4465.38   28387.7     32853   241.977  -515.635
     2700         0   36441.6   33.3643  -49.2312         0   4520.56   28633.2   33153.8   245.536  -516.436
     2600         0   36441.6   33.4059  -52.3499         0   4585.74   28873.7   33459.4   240.494  -517.232
     2500         0   36441.6   33.4477  -55.5606         0   4639.38   29118.1   33757.5   244.452   -518.03
     2400         0   36441.6   33.4895  -58.7794         0   4691.87   29362.3   34054.1    244.11  -518.834
     2300         0   36441.6   33.5315   -62.009         0   4747.14   29605.9     34353   243.619  -519.643
     2200         0   36441.6   33.5735  -64.9764         0   4809.62     29849   34658.6   243.126   -520.46
     2100         0   36441.6   33.6157  -67.2695         0   4865.38   30092.2   34957.6   243.184  -521.279
     2000         0   36441.6   33.6579  -69.1269         0    4921.4   30335.4   35256.8   243.242  -522.093
     1900         0   36441.6   33.7003  -70.6298         0   4978.16   30579.3   35557.4   243.833  -522.895
     1800         0   36441.6   33.7427  -71.8505         0   5033.64   30823.2   35856.8   243.924  -523.683
     1700         0   36441.6   33.7853  -73.0082         0   5087.45     31068   36155.5   244.841  -524.455
     1600         0   36441.6    33.828  -74.3926         0   5143.72   31314.5   36458.2   246.459  -525.213
     1500         0   36441.6   33.8708  -75.8942         0   5200.17   31559.2   36759.3   244.674   -525.96
     1400         0   36441.6   33.9137  -77.4996         0   5255.93   31802.2   37058.1   243.036  -526.701
     1300         0   36441.6   33.9567  -79.1844         0   5315.33     32046   37361.3   243.779  -527.435
     1200         0   36441.6   33.9999  -80.4477         0   5386.21   32290.5   37676.7   244.513  -528.166
     1100         0   36441.6   34.0431  -80.5507         0   5453.34   32535.7     37989   245.167  -528.881
     1000         0   36441.6   34.0864  -79.9099         0   5517.24   32781.3   38298.6   245.679  -529.568
      900         0   36441.6   34.1299  -78.5062         0   5580.06   33026.9   38606.9    245.52  -530.216
      800         0   36441.6   34.1734  -76.5044         0   5642.28     33276   38918.3   249.147  -530.818
      700         0   36441.6   34.2171  -73.8378         0   5700.09   33525.8   39225.9    249.85  -531.367
      600         0   36441.6   34.2609  -70.3205         0   5765.21   33772.8     39538   246.914  -531.858
      500         0   36441.6   34.3048  -66.1894         0   5827.91   34019.1     39847   246.338  -532.281
      400         0   36441.6   34.3488  -61.4464         0   5899.81   34267.5   40167.3   248.379  -532.633
      300         0   36441.6   34.3929   -56.216         0   5957.56   34510.8   40468.4   243.334  -532.908
      200         0   36441.6   34.4372  -50.1379         0    6018.3   34753.7     40772   242.855  -533.104
      100         0   36441.6   34.4815  -42.6107         0   6059.84   35000.6   41060.5   246.974  -533.209
        0         0   36441.6    34.526  -34.0903         0    6083.5   35266.7   41350.2   266.032  -533.208