    20000         0         0   179.437   429.318         0   3.71217   14.2831   17.9952   14.2831   61.8944
    19900    6.2937    6.2937   179.439   428.355         0   6.50728   29.7345   36.2418   15.4514   60.0527
    19800         0    629.37   190.665   410.519         0   25.9687   35.1294   61.0981   5.39487  -69.8524
    19700         0    629.37   204.548   397.416         0   51.2325   46.0777   97.3102  -10.9483  -43.7166
    19600   8.01814   637.388   211.736   391.189         2    64.224   66.3936   130.618  -20.3159  -25.4256
    19500         0   1431.18   205.734   372.944         0    105.36   83.1775   188.537  -16.7839  -150.159
    19400         0   1431.18   195.916   361.015         0   164.885   87.5735   252.458    -4.396   -110.08
    19300         0   1431.18   190.894   355.689         0   225.496   88.2297   313.725   0.65626    -79.14
    19200         0   1431.18   188.068   352.509         0   278.187   91.7418   369.929   3.51202  -55.7603
    19100   2.67408   1433.86   186.373    352.21         0   328.777    96.459   425.236   4.71721   -38.702
    19000         0   1698.59   189.998   346.978         0   384.099    98.361    482.46   1.90199   -74.493
    18900         0   1698.59   195.016   341.665         0   442.034   100.667   542.701   -2.3056  -54.5974
    18800         0   1698.59   197.408   338.138         0   512.137   108.104   620.241  -7.43784  -39.3629
    18700         0   1698.59   198.622   336.357         0   593.759   115.457   709.216  -7.35222  -27.7221
    18600         0   1698.59   199.234   335.531         0   688.038   120.791   808.829   -5.3342  -18.8133
    18500         0   1698.59   199.506   335.077         0   788.901   132.177   921.078  -11.3861  -11.9929
    18400   5.82755   1704.42   199.575   334.841         2    855.41   144.082   999.491  -11.9046  -8.14469
    18300         0   2281.35   192.819   324.133         0   917.007    148.88   1065.89  -4.79866  -110.276
    18200         0   2281.35    184.85   316.322         0   1010.98    152.05   1163.04   3.17023  -84.5528
    18100         0   2281.35   180.943    312.85         0    1128.9     158.6    1287.5   6.54987  -65.3324
    18000         0   2281.35    178.92    310.53         0   1241.22   167.734   1408.96   9.13378  -51.2057
    17900         0   2281.35   177.876   311.009         0   1344.76   179.328   1524.08   11.5937  -40.8232
    17800         0   2281.35   177.393   313.092         0    1444.8   192.264   1637.07   12.9366  -33.0977
    17700         0   2281.35   177.251   312.751         0   1542.84   204.733   1747.58    12.469  -27.3222
    17600         0   2281.35   177.322   311.023         0    1628.5   221.137   1849.64   16.4035  -23.1059
    17500         0   2281.35   177.527   312.461         0   1696.76   236.995   1933.75   15.8578  -20.0579
    17400         0   2281.35    180.59    345.69         0   1726.58   248.187   1974.77   11.1922  -18.7244
    17300         0   2281.35   181.805   356.915         0    1754.3   259.106   2013.41   10.9187  -16.4277
    17200         0   2281.35   182.645   364.169         0   1773.07   273.546   2046.61   14.4402  -14.1647
    17100   7.72646   2289.07   183.464   369.087         0      1775   288.712   2063.71   15.1659  -13.9016
    17000   3.56413   3057.56   192.946    359.93         2   1787.81   297.866   2085.68   9.15448  -151.218
    16900         0   3410.41   203.062   342.223         0   1822.12   298.429   2120.55  0.563207  -180.563
    16800         0   3410.41   207.609   326.645         0    1864.8   300.848   2165.65  -2.41868   -151.32
    16700         0   3410.41   211.105   313.334         0    1910.2   304.063   2214.26  -3.21524  -127.733
    16600   3.39524    3413.8   213.924   300.735         2    1960.5   304.837   2265.33 -0.773699  -109.939
    16500         0   3749.93    213.76   296.601         0   2011.05   310.243    2321.3  -5.40631   -150.84
    16400         0   3749.93   212.361    301.45         0   2050.29    311.85   2362.14   1.60687  -129.085
    16300         0   3749.93   212.131    305.41         0   2080.58   312.236   2392.82   0.38537  -111.168
    16200         0   3749.93   212.532   308.637         0   2105.87   319.149   2425.02   6.91312  -96.7096
    16100         0   3749.93   213.317   300.715         0   2134.29    329.57   2463.86   10.4208  -85.2469
    16000         0   3749.93   214.356   285.107         0   2171.95   338.917   2510.86   9.34779  -76.7543
    15900         0   3749.93   215.571   277.689         0   2213.57   347.198   2560.77   8.28104  -70.7923
    15800         0   3749.93   216.914   275.265         0   2251.04   352.644   2603.69   5.44613  -66.4282
    15700         0   3749.93   218.349   274.037         0   2286.71   357.806   2644.51   5.16107  -63.1447
    15600         0   3749.93   219.854   273.798         0   2319.87   360.711   2680.58   2.90568  -60.6533
    15500         0   3749.93   221.414   272.741         0   2352.07   362.828   2714.89   2.11635  -58.7534
    15400         0   3749.93   223.012   271.217         0   2378.49   363.821   2742.31  0.993099  -57.3584
    15300         0   3749.93   224.638    271.24         0   2395.93   366.499   2762.43   2.67835  -56.3485
    15200         0   3749.93   226.286   272.314         0   2411.51   368.286   2779.79   1.78703  -55.5552
    15100   1.92295   3751.85   227.949   279.676   1.60706   2417.18    369.11   2786.29  0.824053  -55.1996
    15000   12.4973   3954.72   228.859   289.375   1.22165    2424.5   369.553   2794.06  0.443374  -92.2429
    14900         0   5191.95    229.32   283.372         0   2428.34   370.227   2798.56 -0.673393  -264.441
    14800         0   5191.95   230.178   279.776         0   2433.05   371.126   2804.18 -0.899462   -226.74
    14700         0   5191.95   231.178   266.987         0   2439.07    373.31   2812.38  -2.18327  -195.218
    14600         0   5191.95   223.763   193.976         0   2490.13   385.387   2875.51   12.0771  -168.934
    14500         0   5191.95   221.651   167.405         0   2557.27   403.083   2960.36   17.6965  -152.681
    14400         0   5191.95    221.92   152.227         0   2630.64   422.517   3053.16   19.4339  -141.983
    14300         0   5191.95   223.031   139.633         0   2705.29   438.636   3143.93   16.1185  -134.764
    14200         0   5191.95   224.415   129.128         0   2785.02   452.773   3237.79   14.1373  -129.911
    14100   2.28902   5194.24   225.878   124.091         0    2863.8   465.229   3329.03   12.4557  -127.059
    14000         0   5420.86   231.367    118.09         0   2954.82   470.847   3425.66    5.6178  -160.626
    13900         0   5420.86   237.316   111.103         0   3053.03     474.1   3527.13   3.25393  -151.346
    13800    3.0937   5423.95   240.697   104.906         2   3142.82   476.283    3619.1  -2.18238  -145.099
    13700         0   5730.23   239.384   96.8997         0   3252.24   478.249   3730.49   1.96597  -186.816
    13600         0   5730.23    237.25   91.8976         0   3356.01   482.204   3838.22    3.9552  -172.933
    13500         0   5730.23   237.276   95.1628         0   3460.09    483.65   3943.74  -1.44644   -162.53
    13400         0   5730.23   238.119   102.747         0   3562.44   484.571   4047.01  0.921047  -154.471
    13300         0   5730.23   239.274   100.263         0   3664.91   486.985    4151.9  -2.41373  -148.155
    13200         0   5730.23   242.824   122.047         0   3749.21   489.894   4239.11  -2.90855  -143.916
    13100         0   5730.23   245.192   129.117         0   3827.05    499.22   4326.27  -9.32663  -139.582
    13000         0   5730.23   247.192   135.312         0   3912.61   507.926   4420.54  -8.70588  -135.649
    12900         0   5730.23   248.884    141.83         0   3982.79   518.103    4500.9  -10.1766  -132.133
    12800         0   5730.23   250.265   148.397         0   4044.54   527.486   4572.02  -9.38341  -128.966
    12700         0   5730.23   251.564   150.886         0   4111.38   536.448   4647.82  -8.96155  -126.167
    12600         0   5730.23   252.982   150.445         0   4196.73    544.28   4741.01  -7.83218  -123.899
    12500         0   5730.23   254.464    150.51         0   4279.35   551.756    4831.1   -7.4762  -122.169
    12400         0   5730.23   255.988   150.699         0   4363.88   561.645   4925.52  -9.88842  -120.855
    12300         0   5730.23   257.547   149.562         0   4437.25   572.406   5009.65  -10.7612  -119.906
    12200         0   5730.23   259.136   147.433         0   4495.96   582.239    5078.2   -9.8333  -119.333
    12100         0   5730.23   260.752   146.835         0   4545.42   590.549   5135.97  -8.31016  -119.077
    12000         0   5730.23   262.395   147.202         0   4585.74   602.847   5188.59  -12.2977  -118.995
    11900         0   5730.23   264.065   148.533         0    4620.8   612.358   5233.16  -9.51073  -119.001
    11800         0   5730.23   265.761   150.558         0   4649.35   623.078   5272.43  -10.7205  -119.017
    11700         0   5730.23   267.482   160.076         0   4665.02   633.979      5299  -10.9003  -118.871
    11600         0   5730.23   256.226   134.721         0   4699.42   635.116   5334.53   1.13761  -119.005
    11500         0   5730.23   252.712   117.301         0   4741.55   648.171   5389.72   13.0543  -121.394
    11400         0   5730.23   252.611   94.0467         0   4794.46   663.511   5457.97   15.3405  -124.953
    11300   2.49647   5732.72   253.767   83.2388         0   4853.33   675.221   5528.55   11.7103  -129.495
    11200         0   5979.87   259.892   74.9481         0   4921.02    680.18    5601.2    4.9584  -173.466
    11100         0   5979.87   266.754   64.5862         0   5011.63   682.034   5693.66  -1.85422  -167.617
    11000         0   5979.87   270.786   54.4623         0   5111.76    688.02   5799.78  -5.98594  -163.818
    10900         0   5979.87    273.67   48.7949         0   5202.84    694.09   5896.93  -6.06963  -161.462
    10800         0   5979.87   276.049   45.6494         0   5282.27   704.589   5986.86  -10.4992  -159.986
    10700         0   5979.87   278.176   41.7712         0   5363.16    716.54    6079.7  -11.9511  -159.108
    10600         0   5979.87    280.15   37.5704         0   5448.01    729.79    6177.8    -13.25  -158.737
    10500         0   5979.87   282.011   35.0926         0   5532.87   744.301   6277.17   -14.511  -158.746
    10400         0   5979.87    283.79   33.6194         0   5618.15   761.891   6380.04  -17.5902  -158.972
    10300   4.56316   5984.44   285.506   32.6975         2   5696.64   782.498   6479.14  -20.6064  -160.188
    10200         0   6436.19    281.07    26.279         0   5781.24   797.867   6579.11  -15.3696  -228.468
    10100         0   6436.19    275.63   21.6904         0   5884.36   809.798   6694.16  -11.9304  -213.606
    10000         0   6436.19   273.864   19.0987         0   5980.97   819.661   6800.63  -9.86372  -202.821
     9900         0   6436.19   273.634   16.8461         0   6066.25   828.995   6895.25  -9.33361  -195.145
     9800         0   6436.19   274.078   14.6846         0   6151.94   839.329   6991.27  -10.3338  -189.746
     9700         0   6436.19   274.842   12.4861         0   6229.71   850.983    7080.7  -11.6545  -186.023
     9600         0   6436.19   275.778   10.1901         0    6306.1    864.13   7170.23  -13.1471  -183.546
     9500         0   6436.19   276.821   7.76939         0   6386.14   878.877   7265.02  -14.7462  -182.008
     9400         0   6436.19   277.939   6.02099         0   6482.39   891.615      7374  -12.7389  -181.168
     9300         0   6436.19   279.114   4.63025         0   6577.31    906.93   7484.24  -15.3143  -180.822
     9200         0   6436.19   280.337   3.40063         0   6670.75   923.567   7594.31   -16.637  -180.831
     9100         0   6436.19     281.6   2.26603         0   6755.74   943.167   7698.91  -19.5998  -181.096
     9000         0   6436.19   282.893   1.20453         0   6838.28    966.76   7805.04  -23.5935  -181.546
     8900         0   6436.19    284.21  0.219934         0   6931.23    990.32   7921.55  -23.5602  -182.128
     8800         0   6436.19   285.547 -0.705271         0   7012.41   1015.34   8027.75  -25.0216    -182.8
     8700         0   6436.19   286.896  -1.57942         0   7085.88   1041.84   8127.71  -26.4963  -183.533
     8600         0   6436.19   288.244   -2.4034         0   7153.94   1069.53   8223.48  -27.6944  -184.302
     8500         0   6436.19   289.591  -3.18159         0   7228.03   1098.42   8326.45  -28.8911   -185.09
     8400         0   6436.19   290.935  -3.49248         0   7298.49   1128.06   8426.55  -29.6353  -185.878
     8300         0   6436.19    292.27  -3.50192         0   7380.25   1162.03   8542.28  -33.9702  -186.633
     8200         0   6436.19   293.597  -3.31143         0    7457.5   1196.75   8654.25  -34.7217  -187.339
     8100         0   6436.19   294.903  -2.94473         0   7537.79    1232.2   8769.99  -35.4533  -187.984
     8000         0   6436.19   296.192  -2.43449         0   7610.08   1268.67   8878.75  -36.4673  -188.564
     7900         0   6436.19   297.472  -1.73236         0   7691.53   1306.14   8997.67  -37.4717  -189.073
     7800         0   6436.19   298.747 -0.876647         0    7770.7   1345.19   9115.89  -39.0467  -189.504
     7700         0   6436.19   300.012  0.121723         0   7847.64    1384.8   9232.44  -39.6125  -189.856
     7600         0   6436.19   301.258   1.27491         0   7926.74   1425.96    9352.7  -41.1581  -190.123
     7500         0   6436.19   302.472   2.55728         0   8011.25   1468.61   9479.85  -42.6473  -190.302
     7400         0   6436.19   303.658   2.94512         0   8099.01   1512.72   9611.73  -44.1083  -190.413
     7300         0   6436.19   304.827   2.82189         0   8188.13   1556.27    9744.4  -43.5516  -190.508
     7200         0   6436.19   305.984   2.44358         0   8280.89   1599.25   9880.14  -42.9839  -190.606
     7100         0   6436.19   307.134   1.89446         0    8374.3   1644.09   10018.4  -44.8342  -190.718
     7000         0   6436.19   308.272   1.22179         0   8459.97   1694.76   10154.7  -50.6721  -190.847
     6900         0   6436.19   309.387  0.467464         0   8545.56   1746.04   10291.6  -51.2871  -190.994
     6800         0   6436.19   310.471 -0.348804         0   8629.26   1793.62   10422.9  -47.5711  -191.158
     6700         0   6436.19   311.523  -1.20435         0   8712.39   1843.04   10555.4  -49.4229  -191.341
     6600         0   6436.19   312.551  -2.07355         0   8796.11   1896.19   10692.3  -53.1507  -191.542
     6500         0   6436.19   313.561  -2.96769         0   8876.83   1948.65   10825.5  -52.4612  -191.759
     6400         0   6436.19   314.559  -3.58957         0   8956.87   2002.01   10958.9  -53.3588  -191.989
     6300         0   6436.19   315.547  -4.05163         0    9037.6   2054.61   11092.2  -52.5966  -192.214
     6200         0   6436.19   316.521  -4.42062         0   9126.21   2107.33   11233.5  -52.7209   -192.43
     6100         0   6436.19   317.472   -4.7048         0   9215.56   2160.15   11375.7  -52.8223  -192.634
     6000         0   6436.19   318.398  -4.93121         0   9293.91   2213.05     11507  -52.8977  -192.822
     5900         0   6436.19   319.292  -5.11025         0   9374.06   2268.64   11642.7  -55.5918  -192.994
     5800         0   6436.19   320.158  -5.25101         0   9460.35    2323.3   11783.6  -54.6582   -193.15
     5700         0   6436.19   321.005  -5.36006         0   9536.76    2378.4   11915.2   -55.105   -193.29
     5600         0   6436.19   321.838  -5.44154         0   9611.34   2434.09   12045.4  -55.6878  -193.415
     5500         0   6436.19    322.66  -5.49915         0   9695.75   2490.35   12186.1  -56.2603  -193.526
     5400         0   6436.19   323.476  -6.22408         0   9779.35    2547.4   12326.8  -57.0511  -193.636
     5300         0   6436.19   324.288  -7.35856         0   9855.23   2605.24   12460.5  -57.8379  -193.782
     5200         0   6436.19   325.093  -8.70965         0   9943.23   2660.53   12603.8  -55.2927  -193.978
     5100         0   6436.19   325.883  -10.1968         0     10018   2717.21   12735.2  -56.6827  -194.229
     5000         0   6436.19   326.656  -11.8059         0   10086.3   2775.27   12861.5  -58.0557  -194.537
     4900         0   6436.19   327.407  -13.4883         0   10152.9   2832.68   12985.5  -57.4073    -194.9
     4800         0   6436.19   328.132  -15.2406         0   10223.4   2890.06   13113.4  -57.3824  -195.317
     4700         0   6436.19   328.833  -17.0477         0   10299.6   2947.39   13246.9  -57.3329  -195.789
     4600         0   6436.19   329.514  -18.8816         0   10366.6   3007.11   13373.7  -59.7144  -196.312
     4500         0   6436.19   330.181  -20.7623         0   10431.6   3068.19   13499.8  -61.0812  -196.887
     4400         0   6436.19   330.836  -22.3357         0   10495.7   3127.92   13623.6  -59.7362  -197.504
     4300         0   6436.19   331.481   -23.736         0   10561.9   3187.91   13749.8  -59.9814  -198.146
     4200         0   6436.19   332.118  -25.0504         0   10623.4   3247.82   13871.3  -59.9183  -198.804
     4100         0   6436.19   332.748  -26.2961         0   10680.7   3308.87   13989.6  -61.0482  -199.474
     4000         0   6436.19   333.372  -27.5022         0   10737.3   3368.94   14106.2  -60.0715  -200.154
     3900         0   6436.19   333.984  -28.6817         0   10790.9   3428.03   14218.9  -59.0839  -200.842
     3800         0   6436.19   334.581  -29.8429         0   10845.7   3489.16   14334.9  -61.1306  -201.539
     3700         0   6436.19   335.161   -31.529         0   10896.1   3550.99   14447.1  -61.8359  -202.247
     3600         0   6436.19   335.724  -34.6864         0   10948.5   3613.52   14562.1   -62.524  -203.034
     3500         0   6436.19   336.268  -38.4648         0   11001.4   3674.79   14676.1  -61.2685  -203.952
     3400         0   6436.19   336.793  -42.4586         0   11057.7   3737.58   14795.2  -62.7934  -205.015
     3300         0   6436.19   337.299  -46.6651         0   11122.8   3800.53   14923.4  -62.9493   -206.22
     3200         0   6436.19   337.789  -50.5578         0   11186.3   3863.62   15049.9  -63.0886  -207.561
     3100         0   6436.19   338.265  -53.1829         0   11250.9   3927.23   15178.1   -63.615  -208.971
     3000         0   6436.19   338.731  -55.3697         0   11312.2   3991.36   15303.5  -64.1312  -210.396
     2900         0   6436.19   339.189  -57.2542         0   11372.7   4055.05   15427.7  -63.6892  -211.817
     2800         0   6436.19    339.64  -58.9279         0   11432.5   4119.39   15551.9  -64.3402  -213.223
     2700         0   6436.19   340.085  -60.6098         0   11499.1   4180.58   15679.6  -61.1854  -214.609
     2600         0   6436.19   340.527  -62.6197         0   11574.5   4247.21   15821.7  -66.6268  -215.994
     2500         0   6436.19   340.966  -64.7275         0   11637.3   4310.27   15947.6  -63.0659  -217.392
     2400         0   6436.19   341.404  -66.8628         0   11697.9   4374.08     16072  -63.8038  -218.807
     2300         0   6436.19   341.841   -69.023         0   11760.2   4438.77   16198.9   -64.691  -220.241
     2200         0   6436.19   342.278    -71.06         0   11828.7   4504.34   16333.1  -65.5779  -221.691
     2100         0   6436.19   342.713  -72.7086         0   11889.9   4570.26   16460.2  -65.9128  -223.139
     2000         0   6436.19   343.142  -74.2018         0     11951    4636.5   16587.5  -66.2422   -224.57
     1900         0   6436.19   343.565  -75.5783         0   12012.7   4702.53   16715.3  -66.0312  -225.978
     1800         0   6436.19   343.979   -76.865         0   12073.2   4768.84   16842.1  -66.3128   -227.36
     1700         0   6436.19   344.385  -78.1671         0   12132.2    4834.6   16966.8  -65.7584  -228.715
     1600         0   6436.19   344.779  -79.6521         0   12193.7   4899.09   17092.8  -64.4912  -230.052
     1500         0   6436.19   345.158  -81.1864         0   12255.5   4965.71   17221.2  -66.6134   -231.38
     1400         0   6436.19   345.523  -82.7557         0   12316.5   5034.28   17350.8  -68.5727  -232.702
     1300         0   6436.19   345.872  -84.3455         0   12381.1   5102.42   17483.5  -68.1359  -234.019
     1200         0   6436.19   346.207  -85.6862         0   12457.2   5170.11   17627.3  -67.6939   -235.33
     1100         0   6436.19    346.53  -86.3098         0   12530.1   5237.43   17767.5  -67.3204  -236.604
     1000         0   6436.19   346.843  -86.6296         0   12600.7   5304.51   17905.2  -67.0781  -237.812
      900         0   6436.19   347.147  -86.6256         0   12671.6      5372   18043.6  -67.4967  -238.945
      800         0   6436.19   347.442  -86.3782         0   12743.7   5436.13   18179.8  -64.1225  -239.993
      700         0   6436.19   347.731  -85.8431         0   12813.5   5499.79   18313.3  -63.6647   -240.95
      600         0   6436.19   348.014  -84.8699         0   12893.2   5566.63   18459.8  -66.8391  -241.801
      500         0   6436.19   348.291  -83.6369         0   12973.4   5634.28   18607.6  -67.6489  -242.538
      400         0   6436.19   348.564  -82.1209         0   13065.9   5700.12     18766  -65.8363  -243.153
      300         0   6436.19   348.832  -80.3729         0   13147.8   5771.22   18919.1  -71.1051  -243.643
      200         0   6436.19   349.096  -78.1871         0   13236.6   5843.02   19079.6  -71.8032  -244.002
      100         0   6436.19   349.356  -75.1506         0   13310.7   5910.93   19221.6   -67.901  -244.201
        0         0   6436.19   349.614  -71.6634         0   13371.9   5959.98   19331.9  -49.0557  -244.214