     20000          0          0    179.437    429.318          0    3.71217    14.2831    17.9952    14.2831    61.8944
     19900     2.0979     2.0979    179.437    428.357          0    6.50877    29.7356    36.2443    15.4525    61.1913
     19800          0     209.79    183.152    421.962          0    14.5268    42.6438    57.1706    12.9082    13.8827
     19700          0     209.79    187.635    417.267          0    19.9399    48.6084    68.5483     5.9646    23.9803
     19600    1.12938    210.919    189.846    415.094    1.12772    30.8543    50.1819    81.0362    1.57357    31.2117
     19500          0    322.728    191.121    409.558          0    35.3764    52.3532    87.7296   -2.17127    12.1293
     19400          0    322.728    191.851    404.345          0    51.5714    52.6842    104.256  -0.331003    21.8099
     19300          0    322.728    192.162    400.696          0    67.1758    53.2959    120.472  -0.611693    28.9203
     19200          0    322.728    192.228    397.615          0    74.7609    53.9435    128.704  -0.647622    34.1017
     19100          0    322.728    192.146    396.583          0    80.9781    54.9998    135.978   -1.05628    37.8689
     19000          0    322.728    191.977    396.799          0    86.4795    55.0766    141.556 -0.0768298    40.6619
     18900          0    322.728    191.757    395.353          0    90.7263    56.0298    146.756   0.953175    42.7377
     18800          0    322.728     191.51    392.975          0    105.991    57.5703    163.562   -1.54049    44.1917
     18700          0    322.728    191.254    391.451          0     132.52    57.5866    190.107  0.0162794    45.1483
     18600          0    322.728    190.997    390.342          0    171.988    60.4893    232.478    2.90275    45.7561
     18500          0    322.728    190.748    389.287          0    218.641    63.1173    281.758   -2.62794    46.1056
     18400          0    322.728     190.51     388.28          0    231.711    65.9568    297.668   -2.83958    46.2565
     18300          0    322.728    190.284    385.497          0    231.944    68.2208    300.164   -2.26392    46.2243
     18200          0    322.728    190.071      381.6          0    260.644    70.2722    330.916   -2.05147    45.9571
     18100          0    322.728    189.872    378.296          0    313.108    72.6509    385.759   -2.37866    45.4644
     18000          0    322.728    189.685    375.206          0    360.762    74.2824    435.044   -1.63151    44.8069
     17900          0    322.728    189.509    374.465          0    400.836    74.3215    475.158 -0.0391358    44.0518
     17800          0    322.728    189.344    375.174          0    438.802    75.3076     514.11   0.986111    43.3285
     17700          0    322.728    189.188    373.465          0    476.127    75.8395    551.966   0.531903    42.6452
     17600          0    322.728    189.041     370.42          0    502.387    80.5238     582.91    4.68422    41.8818
     17500   0.883832    323.612    188.901    370.626   0.515289     512.48    85.0076    597.488    4.48385    40.8275
     17400   0.837203    411.948     192.07    401.561    1.89722    538.531    85.2951    623.826  -0.287521    18.7816
     17300    7.28042    502.112    193.031    409.434    1.23912    563.325     85.603    648.928  -0.307858     2.2665
     17200    1.33482    1224.21    192.932    404.805   0.195406      585.2    89.7563    674.956    4.15329   -128.807
     17100    1.01078    1357.37    194.198    398.486   0.414909    616.536    94.1887    710.725    4.43238   -121.334
     17000    1.44932    1458.88    196.926    393.563   0.614993     637.36    99.3631    736.723    5.17444   -110.782
     16900          0    1602.37    200.261    383.354          0    644.184    102.727    746.911    3.36389   -110.511
     16800          0    1602.37    203.285      371.4          0    646.255    104.632    750.886    1.90455   -86.5874
     16700          0    1602.37     205.56     360.21          0    647.735    106.962    754.697    2.33044   -67.9421
     16600          0    1602.37    207.437    348.982          0    649.783    112.675    762.458     5.7127   -53.6517
     16500   0.874861    1603.24    209.096    349.186          2     651.81    113.418    765.227  -0.742843   -42.9212
     16400    1.17076    1691.02    209.969    356.188   0.268028    667.308    117.416    784.724    3.99881   -51.2861
     16300   0.690796    1807.62    211.573    359.025    1.83831    690.633    118.359    808.992   0.943101   -63.0028
     16200    1.34872    1877.36    213.484    360.278   0.125425     716.99    124.321    841.311     5.9612   -63.4312
     16100    1.26234    2012.14    216.254     348.91   0.169392     736.76    131.804    868.564    7.48306   -76.0716
     16000          0    2137.11    220.872    328.568          0    742.568    134.635    877.203    2.83113    -85.134
     15900    1.41099    2138.52    225.266    317.583          2    744.295    136.049    880.344   -1.41389   -71.1786
     15800    1.67141    2279.88    227.478    311.365          2    745.671    141.167    886.837   -5.11799   -86.3176
     15700          0    2445.35    227.324    305.767          0    749.604     144.98    894.584   -3.81368   -102.397
     15600    1.33868    2446.69    226.867    302.841          2    753.723    149.087     902.81   -4.10684   -86.4776
     15500          0    2579.22    226.155    299.131          0    759.532    151.712    911.244   -2.62502   -97.3957
     15400          0    2579.22    225.473    295.982          0    761.189     153.18    914.369   -1.46767   -82.9577
     15300   0.624143    2579.85    225.602     295.41   0.640496    767.919    154.895    922.814    1.71458   -71.8241
     15200    3.88258    2645.52    226.549    295.533    1.19774    775.562    156.418    931.981    1.52386   -75.3008
     15100   0.443565    3030.34    227.953    297.833    1.62379    788.046    157.239    945.285   0.820649   -132.743
     15000   0.575939    3074.83    229.189    305.403    1.78513    811.398    157.352     968.75   0.113012   -120.317
     14900    0.81577    3132.66    230.038    312.267          2    844.126    158.744    1002.87   -1.39177   -112.297
     14800    10.3162    3223.74    230.255    318.208    1.25908    887.273     159.72    1046.99  -0.975913   -111.513
     14700          0    4245.04    229.965     298.25          0    912.518     160.69    1073.21   -0.97074   -243.099
     14600          0    4245.04    220.784    215.823          0    941.729    175.747    1117.48    15.0561   -203.453
     14500          0    4245.04    217.766    187.204          0    989.075    197.328     1186.4    21.5819    -175.91
     14400          0    4245.04    217.513     171.18          0    1043.49     221.17    1264.66    23.8415   -156.285
     14300          0    4245.04    218.279    158.363          0    1099.41    242.041    1341.45     20.871   -142.101
     14200          0    4245.04    219.401    147.959          0    1160.31    261.192     1421.5    19.1512   -131.833
     14100          0    4245.04    220.645    143.201          0    1219.98     278.88    1498.86     17.688   -124.354
     14000          0    4245.04     221.94    141.806          0    1287.28    293.925     1581.2    15.0449   -118.745
     13900    1.73706    4246.78    223.261    138.139          0    1358.45    311.234    1669.69    17.3094   -114.827
     13800          0    4418.75    227.638    130.074          0    1423.08    322.111    1745.19    10.8767   -140.035
     13700          0    4418.75    232.362     124.36          0    1505.04    331.099    1836.14      8.988   -131.916
     13600          0    4418.75    235.138    120.765          0    1579.94    337.166    1917.11      6.067   -125.972
     13500          0    4418.75     237.18    124.047          0    1655.14    338.516    1993.65   -1.35039   -121.525
     13400          0    4418.75    238.936     131.41          0    1728.82     338.62    2067.44   0.104087   -117.881
     13300          0    4418.75    240.556    128.525          0    1803.03    342.317    2145.35   -3.69639   -114.855
     13200          0    4418.75    244.476    150.022          0    1859.36    346.877    2206.24   -4.56064    -112.88
     13100    1.59393    4420.34     247.14    156.777          2    1909.53    358.152    2267.68   -11.2748    -110.64
     13000          0    4578.14     248.05    161.262          0    1969.14    367.716    2336.86   -9.56415   -135.515
     12900          0    4578.14    248.078    166.611          0    2014.55    377.087    2391.64   -9.37099   -127.512
     12800          0    4578.14    248.419    172.722          0    2051.97    384.624    2436.59    -7.5368   -120.834
     12700          0    4578.14    249.017    174.953          0    2094.74    391.038    2485.78   -6.41412   -115.358
     12600          0    4578.14    249.946    174.361          0    2156.17    395.834    2552.01   -4.79566   -111.069
     12500          0    4578.14    251.076    174.354          0    2214.95    399.923    2614.87   -4.08882   -107.816
     12400          0    4578.14    252.344    174.514          0    2275.66    406.166    2681.83    -6.2436   -105.351
     12300          0    4578.14    253.709    173.357          0    2325.24     413.09    2738.33   -6.92309   -103.532
     12200          0    4578.14    255.148    171.212          0    2360.17    418.935    2779.11   -5.84571     -102.3
     12100    1.15945     4579.3    256.645    170.615          2    2385.86    423.138    2808.99   -4.20258   -101.784
     12000          0    4694.08    257.226     169.93          0    2403.45    430.267    2833.72    -7.1289   -121.823
     11900          0    4694.08    257.475    170.603          0    2416.44    433.187    2849.63   -2.92055   -117.278
     11800    1.00826    4695.09    258.252    172.484          2    2423.06    436.399    2859.46   -3.21169   -113.964
     11700          0    4794.91      258.5    181.201          0    2428.51    438.317    2866.83   -1.91827   -128.607
     11600          0    4794.91    245.243    154.878          0    2442.75    450.439    2893.19    12.1214    -122.35
     11500          0    4794.91    240.863    137.349          0    2464.83    475.342    2940.18    24.9038   -120.042
     11400          0    4794.91    240.273    113.982          0    2497.81    503.021    3000.83     27.679   -120.155
     11300          0    4794.91    241.062    103.276          0    2536.64    527.437    3064.07    24.4153   -121.678
     11200    1.34291    4796.25    242.323    99.5447          0    2579.73    549.963    3129.69    22.5266   -123.718
     11100          0     4929.2    246.153    89.7775          0    2645.15    568.711    3213.86    18.7471   -147.821
     11000   0.829474    4930.03    250.336    79.0643          0    2720.68    583.175    3303.86    14.4644   -144.778
     10900          0    5012.15    254.525    71.8919          0    2788.66     596.25    3384.91     13.075   -156.473
     10800          0    5012.15    258.319    67.7023          0    2846.04    603.481    3449.53    7.23104    -152.46
     10700          0    5012.15    260.909    63.3466          0    2905.35    608.797    3514.15    5.31582   -149.745
     10600          0    5012.15    263.005    58.8381          0    2968.94    612.691    3581.63    3.89458   -148.025
     10500          0    5012.15    264.877    56.1883          0     3032.7    615.314    3648.02    2.62269    -147.04
     10400          0    5012.15    266.633    54.6098          0    3096.99    615.747    3712.73  -0.432538   -146.531
     10300          0    5012.15    268.317    53.6243          0    3154.56    619.164    3773.72   -3.41735   -146.342
     10200          0    5012.15     269.95    52.5504          0    3212.88    623.414     3836.3   -4.25044   -146.371
     10100          0    5012.15    271.535    50.4513          0    3287.24    631.249    3918.49   -7.83463   -146.604
     10000          0    5012.15     273.07    48.0294          0    3354.92    640.319    3995.24   -9.07037   -147.033
      9900          0    5012.15     274.57     45.439          0    3411.61    650.589     4062.2   -10.2697   -147.635
      9800          0    5012.15    276.042     42.717          0    3469.27    662.888    4132.15   -12.2986   -148.385
      9700    1.44786     5013.6    277.495    39.8885          2    3519.64    677.195    4196.83   -14.3071   -149.547
      9600          0    5156.93     276.98    35.1878          0    3571.03    691.544    4262.57    -14.349   -174.058
      9500          0    5156.93    276.103    31.3693          0    3627.47    705.571    4333.04   -14.0276   -169.618
      9400          0    5156.93    276.388    29.0561          0    3700.68     716.76    4417.44   -11.1883   -166.744
      9300          0    5156.93    277.156    27.3425          0    3772.89    730.116    4503.01    -13.356   -164.985
      9200          0    5156.93    278.135    25.9329          0    3843.79     744.55    4588.34   -14.4346   -164.008
      9100          0    5156.93    279.214    24.7023          0    3906.35    761.764    4668.12   -17.2143   -163.581
      9000          0    5156.93    280.349    23.5921          0     3966.5    782.813    4749.31   -21.0489   -163.544
      8900    1.53378    5158.47    281.512    22.5854          2    4037.08    803.675    4840.76    -20.862   -164.075
      8800          0    5310.31    280.611    19.7942          0    4097.77    823.762    4921.53   -20.0863   -188.866
      8700          0    5310.31    279.349    18.0479          0    4151.61    842.711    4994.32   -18.9494   -183.732
      8600          0    5310.31     279.36    17.1461          0    4200.13    861.521    5061.65   -18.8095   -180.218
      8500          0    5310.31    279.914    16.4616          0    4254.56    880.734     5135.3   -19.2137   -177.887
      8400          0    5310.31    280.717    16.3238          0    4305.21    900.151    5205.36   -19.4166   -176.389
      8300          0    5310.31    281.643    16.5109          0    4366.96    923.494    5290.45   -23.3434    -175.46
      8200          0    5310.31    282.637    16.8942          0       4424    947.257    5371.26   -23.7624   -174.919
      8100          0    5310.31     283.67    17.4345          0    4483.91    971.477    5455.39   -24.2202   -174.641
      8000          0    5310.31    284.727    18.0951          0    4535.67    996.479    5532.15   -25.0018   -174.533
      7900          0    5310.31      285.8     18.926          0    4596.46    1022.28    5618.74   -25.7997   -174.531
      7800          0    5310.31    286.886    19.8902          0    4654.86    1049.46    5704.33    -27.186   -174.583
      7700          0    5310.31    287.985     20.978          0    4710.95    1077.05       5788   -27.5845   -174.655
      7600          0    5310.31    289.093    22.2029          0    4769.13    1106.04    5875.17   -28.9934   -174.716
      7500          0    5310.31    290.199     23.542          0    4832.65    1136.42    5969.06   -30.3743   -174.746
      7400          0    5310.31    291.295    23.9551          0     4899.4    1168.16    6067.56   -31.7445   -174.749
      7300          0    5310.31    292.383    23.8387          0     4967.5    1199.27    6166.77   -31.1077   -174.769
      7200          0    5310.31    293.467    23.4522          0    5039.26    1229.74    6268.99   -30.4672   -174.817
      7100          0    5310.31    294.543     22.885          0    5111.67    1261.98    6373.65    -32.243   -174.897
      7000          0    5310.31    295.601     22.187          0    5176.38    1299.98    6476.36   -38.0014   -175.009
      6900          0    5310.31    296.646    21.3999          0    5241.04    1338.53    6579.56   -38.5456    -175.15
      6800          0    5310.31    297.669     20.545          0    5303.84    1373.29    6677.13   -34.7689   -175.318
      6700          0    5310.31    298.667    19.6468          0    5366.12    1409.86    6775.98   -36.5672    -175.51
      6600          0    5310.31    299.647    18.7322          0    5429.04    1450.11    6879.15   -40.2469   -175.726
      6500          0    5310.31    300.613    17.7905          0       5489    1489.62    6978.62   -39.5132   -175.962
      6400          0    5310.31     301.57    17.1258          0    5548.32    1529.99    7078.31   -40.3695   -176.213
      6300          0    5310.31    302.517     16.623          0    5608.38    1569.56    7177.94   -39.5674   -176.462
      6200          0    5310.31    303.449    16.2165          0    5676.35    1609.21    7285.56   -39.6488   -176.704
      6100          0    5310.31    304.358    15.8968          0     5745.1    1648.92    7394.02    -39.708   -176.933
      6000          0    5310.31    305.243    15.6367          0    5802.88    1688.66    7491.54   -39.7433   -177.148
      5900          0    5310.31      306.1    15.4253          0     5862.5    1731.06    7593.56   -42.3996   -177.346
      5800          0    5310.31    306.932     15.253          0    5928.28    1772.49    7700.77   -41.4318   -177.529
      5700          0    5310.31    307.747    15.1134          0    5984.21    1814.34    7798.55    -41.847   -177.695
      5600          0    5310.31     308.55    15.0023          0    6038.35    1856.74    7895.09   -42.3999   -177.847
      5500          0    5310.31    309.343    14.9158          0    6102.35    1899.68    8002.03   -42.9434   -177.984
      5400          0    5310.31     310.13    14.1484          0    6165.58    1943.39    8108.96   -43.7049    -178.12
      5300          0    5310.31    310.911    12.9654          0    6221.13    1987.85    8208.98   -44.4612   -178.293
      5200          0    5310.31    311.682    11.5613          0    6288.86    2029.73    8318.59   -41.8818   -178.516
      5100          0    5310.31    312.436    10.0176          0    6343.43    2072.96    8416.39   -43.2364   -178.795
      5000          0    5310.31    313.174    8.34907          0    6391.54    2117.54    8509.08   -44.5744   -179.131
      4900          0    5310.31     313.89    6.60579          0    6438.03    2161.43    8599.46   -43.8904   -179.522
      4800          0    5310.31    314.581    4.79084          0    6488.52    2205.26    8693.78    -43.831   -179.969
      4700          0    5310.31     315.25    2.91992          0    6544.72    2249.01    8793.73   -43.7501   -180.471
      4600          0    5310.31    315.903    1.02151          0    6591.87    2295.11    8886.99   -46.1028   -181.025
      4500          0    5310.31    316.543  -0.924401          0    6637.02    2342.56    8979.58   -47.4426   -181.631
      4400          0    5310.31    317.172   -2.55621          0    6681.34    2388.63    9069.97   -46.0719   -182.281
      4300          0    5310.31    317.792    -4.0118          0    6727.85    2434.92    9162.77   -46.2923   -182.956
      4200          0    5310.31    318.405    -5.3786          0    6769.69    2481.13    9250.81   -46.2053   -183.646
      4100          0    5310.31    319.012    -6.6743          0    6807.32    2528.44    9335.75   -47.3118   -184.349
      4000          0    5310.31     319.61   -7.92829          0    6844.34    2574.75    9419.09   -46.3104   -185.061
      3900          0    5310.31    320.195   -9.15369          0     6878.4    2620.04    9498.44   -45.2953   -185.782
      3800          0    5310.31    320.764   -10.3596          0    6913.75    2667.36    9581.11   -47.3142   -186.511
      3700          0    5310.31    321.317   -12.1027          0    6944.73    2715.35    9660.08   -47.9917   -187.251
      3600          0    5310.31    321.852   -15.3419          0    6977.82       2764    9741.82   -48.6518   -188.071
      3500          0    5310.31    322.368   -19.2156          0    7011.38    2811.37    9822.75   -47.3681   -189.023
      3400          0    5310.31    322.865   -23.3111          0    7048.54    2860.23    9908.78   -48.8653   -190.123
      3300          0    5310.31    323.345   -27.6262          0    7094.66    2909.23    10003.9   -48.9951   -191.366
      3200          0    5310.31    323.811     -31.62          0    7139.17    2958.34    10097.5   -49.1109   -192.748
      3100          0    5310.31    324.266   -34.3255          0    7184.95    3007.96    10192.9    -49.616     -194.2
      3000          0    5310.31    324.712   -36.5825          0    7227.41    3058.07    10285.5   -50.1124   -195.668
      2900          0    5310.31    325.152   -38.5283          0    7269.19    3107.72    10376.9   -49.6515   -197.132
      2800          0    5310.31    325.585   -40.2566          0    7310.37       3158    10468.4   -50.2846    -198.58
      2700          0    5310.31    326.013    -41.992          0    7358.31    3205.12    10563.4   -47.1126   -200.008
      2600          0    5310.31    326.437    -44.059          0     7415.2    3257.65    10672.9   -52.5371   -201.434
      2500          0    5310.31     326.86   -46.2252          0     7459.5    3306.61    10766.1   -48.9598   -202.873
      2400          0    5310.31    327.282   -48.4192          0    7501.63     3356.3    10857.9   -49.6815    -204.33
      2300          0    5310.31    327.703   -50.6386          0    7545.53    3406.85    10952.4   -50.5528   -205.805
      2200          0    5310.31    328.123   -52.7312          0    7595.77    3458.27      11054    -51.423   -207.296
      2100          0    5310.31    328.538   -54.4283          0    7638.68    3510.01    11148.7   -51.7384   -208.786
      2000          0    5310.31    328.947    -55.966          0    7681.55    3562.06    11243.6   -52.0472   -210.258
      1900          0    5310.31    329.349   -57.3836          0    7725.05    3613.87    11338.9   -51.8157   -211.706
      1800          0    5310.31    329.743   -58.7086          0    7767.39    3665.95    11433.3   -52.0768   -213.127
      1700          0    5310.31    330.128   -60.0489          0    7808.24    3717.45    11525.7    -51.501    -214.52
      1600          0    5310.31    330.499   -61.5743          0     7851.7    3767.66    11619.4   -50.2113   -215.896
      1500          0    5310.31    330.855   -63.1496          0    7895.41    3819.97    11715.4   -52.3101   -217.261
      1400          0    5310.31    331.197   -64.7607          0    7938.42    3874.22    11812.6   -54.2465   -218.619
      1300          0    5310.31    331.524   -66.3929          0    7985.03    3928.01      11913   -53.7881   -219.973
      1200          0    5310.31    331.839   -67.7699          0    8043.24    3981.33    12024.6   -53.3262   -221.321
      1100          0    5310.31    332.144   -68.4175          0    8098.23    4034.27    12132.5   -52.9344    -222.63
      1000          0    5310.31     332.44   -68.7544          0    8150.98    4086.94    12237.9   -52.6754   -223.874
       900          0    5310.31    332.728   -68.7596          0    8204.05    4140.02    12344.1   -53.0785    -225.04
       800          0    5310.31     333.01   -68.5155          0    8258.28    4189.71      12448   -49.6897    -226.12
       700          0    5310.31    333.285   -67.9763          0    8310.23    4238.93    12549.2   -49.2182   -227.107
       600          0    5310.31    333.555   -66.9902          0    8372.02    4291.31    12663.3   -52.3796   -227.987
       500          0    5310.31    333.819   -65.7381          0    8434.27    4344.49    12778.8   -53.1769   -228.749
       400          0    5310.31     334.08   -64.1963          0    8508.92    4395.84    12904.8   -51.3524   -229.389
       300          0    5310.31    334.337   -62.4172          0    8572.87    4452.45    13025.3     -56.61     -229.9
       200          0    5310.31     334.59   -60.1897          0    8643.66    4509.75    13153.4   -57.2977   -230.279
       100          0    5310.31    334.841   -57.0959          0    8699.68    4563.13    13262.8   -53.3856   -230.494
         0          0    5310.31    335.089   -53.5412          0     8742.8    4597.66    13340.5   -34.5307    -230.52