    20000         0         0   179.437   429.318         0   3.71217   14.2831   17.9952   14.2831   61.8944
    19900    3.4965    3.4965   179.438   428.356         0   6.50827   29.7352   36.2435   15.4522   60.8115
    19800         0    349.65   185.644   418.142         0   18.3462   40.1512   58.4974    10.416   -15.645
    19700         0    349.65   193.197   410.578         0   30.4484   40.5537   71.0021  0.402507   0.38472
    19600         0    349.65   196.985   407.002         0     33.27   46.1192   79.3891  -5.56548   12.4658
    19500         0    349.65   198.983   403.025         0   44.3254   56.1524   100.478  -10.0333   21.6065
    19400         0    349.65   200.003   398.907         0   65.9582   64.6355   130.594  -8.48304    28.456
    19300         0    349.65   200.441   395.624         0   86.6346   73.5264   160.161  -8.89091   33.5396
    19200         0    349.65   200.519   392.762         0   99.0723   82.4657   181.538  -8.93936   37.2862
    19100         0    349.65   200.375   391.844         0   110.028   91.7508   201.779  -9.28506   40.0349
    19000         0    349.65   200.095    392.12         0   120.209   99.9463   220.155  -8.19549    42.101
    18900         0    349.65   199.737   390.732         0   129.077   106.973    236.05  -7.02679    43.655
    18800         0    349.65   199.336   388.402         0   148.915   116.339   265.254  -9.36624   44.7328
    18700         0    349.65   198.918   386.911         0   179.984   123.988   303.972  -7.64839   45.4178
    18600         0    349.65   198.499   385.832         0   223.962   128.587   352.548  -4.59884   45.8298
    18500         0    349.65   198.087   384.807         0   275.094   138.554   413.648  -9.96711   46.0376
    18400         0    349.65   197.689   383.831         0   292.613   148.573   441.186  -10.0191   46.0843
    18300         0    349.65   197.309   381.101         0   297.243   157.861   455.104   -9.2887   45.9745
    18200         0    349.65   196.948   377.263         0    330.28   166.789   497.069  -8.92775   45.6489
    18100         0    349.65   196.606   374.012         0   387.028   175.902   562.931  -9.11311   45.1118
    18000         0    349.65   196.284   370.975         0   438.913   184.133   623.046  -8.23074   44.4204
    17900         0    349.65   195.979   370.262         0   483.191   190.642   673.833  -6.50941   43.6391
    17800         0    349.65   195.691   370.989         0   525.341   196.003   721.345  -5.36103   42.8954
    17700         0    349.65   195.417   369.325         0   566.806   201.701   768.507  -5.69745   42.1958
    17600         0    349.65   195.157    366.33         0   597.156   203.133   800.289   -1.4322   41.4191
    17500   2.00547   351.656   194.909   366.551         2   611.325   204.657   815.982  -1.52352   40.0585
    17400   1.64688   551.844   195.882   396.341         2   632.156   208.756   840.912  -4.09924  -6.47575
    17300   1.58613   716.471   193.183   402.939  0.473166   650.455   209.216   859.671 -0.459682  -32.1813
    17200   2.56976   876.068   191.643   405.071 0.0666789   672.597   214.658   887.255   5.44231  -50.3075
    17100    13.895   1144.37   194.419   402.249   1.21626   707.696   218.869   926.565   4.21142  -84.9176
    17000         0   2519.98   198.455   382.391         0   717.347   222.514   939.861   3.64453  -266.083
    16900         0   2519.98   201.242   362.325         0   731.552   224.897   956.449   2.38323  -219.007
    16800         0   2519.98   203.238    346.72         0   754.162    226.85   981.012   1.95244  -179.389
    16700         0   2519.98   204.841    333.14         0   779.753   229.899   1009.65   3.04944   -147.41
    16600         0   2519.98   206.256   320.623         0    810.16   236.793   1046.95   6.89397   -122.12
    16500         0   2519.98   207.588   320.188         0   837.132   237.558   1074.69  0.765242  -102.228
    16400         0   2519.98   208.893   327.879         0   849.942   242.633   1092.58   5.07469  -86.1372
    16300   1.00598   2520.98     210.2   333.145  0.678197   852.497   244.948   1097.45    2.3156  -73.0486
    16200         0   2620.58   212.039   335.874         0   854.451   252.355   1106.81   7.40642  -80.0771
    16100         0   2620.58   214.096   327.234         0   856.357   261.996   1118.35    9.6414  -67.9724
    16000         0   2620.58    215.91   311.246         0   867.871    269.79   1137.66   7.79344  -58.8256
    15900         0   2620.58   217.608    303.53         0   883.652   276.035   1159.69   6.24493  -52.2557
    15800         0   2620.58   219.248   300.886         0   895.505   279.147   1174.65   3.11227  -47.3539
    15700  0.487089   2621.06   220.861    299.49 0.0585905   905.716   281.796   1187.51   2.64947  -43.7143
    15600         0   2669.29   223.005   298.423         0   914.252   282.041   1196.29 -0.244679  -50.2193
    15500   2.01373    2671.3   225.354   296.614         2   922.578   283.865   1206.44  -1.82364  -46.6571
    15400         0   2870.66   225.844    292.61         0   927.608   285.704   1213.31  -1.83943  -81.1508
    15300   1.10373   2871.76    225.59   290.976  0.609387   929.904   287.431   1217.33   1.72678  -71.5153
    15200  0.620635   2981.65   226.712   290.023   1.52248   932.037   288.792   1220.83   1.36132   -84.018
    15100  0.889026   3043.98   228.275   295.199   1.71548   941.886   289.291   1231.18  0.498426  -85.4117
    15000  0.826418   3132.82   229.211    304.83   1.66902   964.666   289.382   1254.05 0.0914441  -91.0348
    14900   1.18169   3215.82   229.669   312.078   1.92805   997.204   290.404   1287.61  -1.02226  -93.9838
    14800   16.3787   3349.19   229.442   317.848   1.17671   1039.99   290.568   1330.56 -0.163174  -104.989
    14700         0   4970.67   229.777   290.954         0   1057.94    291.35   1349.29   -0.7829  -307.699
    14600         0   4970.67   222.405   200.044         0   1102.93   304.786   1407.72   13.4352  -258.955
    14500         0   4970.67   220.042   169.032         0   1168.45   324.091   1492.54   19.3051  -223.244
    14400         0   4970.67   220.034   151.961         0   1242.08    345.41   1587.49   21.3196  -196.815
    14300         0   4970.67   220.909   138.847         0   1317.52   363.651   1681.17   18.2411  -177.104
    14200         0   4970.67   222.102   128.533         0   1397.84   380.102   1777.95   16.4509  -162.397
    14100         0   4970.67    223.42   124.013         0   1476.71   395.016   1871.72   14.9136  -151.377
    14000         0   4970.67   224.786   122.906         0    1562.9   407.215   1970.11   12.1987  -142.957
    13900         0   4970.67   226.172   119.563         0   1652.65   421.613   2074.27   14.3981  -136.483
    13800         0   4970.67    227.57   115.091         0   1732.26   432.558   2164.82   10.9454  -131.644
    13700         0   4970.67   228.991   111.972         0   1826.61   444.917   2271.53   12.3594  -128.112
    13600         0   4970.67   230.433   109.517         0   1912.76   455.689   2368.45   10.7717  -125.554
    13500         0   4970.67   231.884   113.487         0   1998.52   459.635   2458.15   3.94623  -123.637
    13400         0   4970.67   233.322   121.261         0   2082.35   465.353    2547.7   5.71804  -121.899
    13300   1.09895   4971.77   234.749   118.557   1.92051   2166.53   467.465   2633.99   2.11123  -120.532
    13200         0   5080.57   237.636   139.142         0   2233.74   469.743   2703.48    2.2788  -137.933
    13100         0   5080.57   239.042   145.365         0   2295.32    472.92   2768.24  -3.17651  -132.332
    13000         0   5080.57   240.462   151.183         0   2365.01   474.896   2839.91  -1.97562  -127.412
    12900         0   5080.57    241.77   157.481         0   2419.55   477.958   2897.51   -3.0625   -123.17
    12800         0   5080.57   242.883   163.923         0   2465.76   479.959   2945.72  -2.00058  -119.482
    12700         0   5080.57   243.984   166.301         0   2517.19    481.34   2998.53  -1.38136  -116.314
    12600         0   5080.57   245.253    165.76         0   2587.22   481.443   3068.67 -0.102878   -113.79
    12500         0   5080.57   246.621   165.756         0    2654.6    481.81   3136.41  0.366781  -111.886
    12400         0   5080.57   248.057   165.886         0   2723.94   483.766   3207.71   -1.9568  -110.457
    12300         0   5080.57   249.543    164.68         0   2782.19   486.524   3268.71   -2.7574  -109.437
    12200         0   5080.57    251.07   162.482         0   2825.85   488.291   3314.15  -1.76738  -108.824
    12100         0   5080.57    252.63   161.838         0   2860.32   488.479   3348.79 -0.187855  -108.551
    12000         0   5080.57   254.219   162.171         0   2885.67   492.601   3378.27  -4.12199  -108.467
    11900         0   5080.57   255.837   163.484         0   2905.77   493.884   3399.66  -1.28257  -108.483
    11800   1.78649   5082.36    257.48   165.503         2   2919.38   496.323    3415.7  -2.43961  -108.879
    11700         0   5259.22   257.677   173.512         0   2921.62   497.418   3419.03  -1.09481  -139.592
    11600         0   5259.22   243.842   146.452         0   2944.28    510.94   3455.22   13.5223  -132.482
    11500         0   5259.22   239.328   128.639         0   2975.07   537.379   3512.45   26.4391  -129.578
    11400         0   5259.22    238.73   105.107         0   3016.92   566.601   3583.52   29.2218  -129.301
    11300         0   5259.22   239.554   94.3117         0   3064.72   592.525   3657.24   25.9237  -130.564
    11200         0   5259.22   240.869   90.5193         0   3116.84   616.506   3733.34   23.9806   -132.16
    11100         0   5259.22   242.342   83.1319         0    3188.9   639.063   3827.96   22.5578  -133.722
    11000         0   5259.22    243.86   74.0546         0   3269.45   660.004   3929.45   20.9403  -135.393
    10900         0   5259.22   245.388    68.982         0   3340.33   682.216   4022.55   22.2122  -137.137
    10800         0   5259.22   246.918    66.131         0   3399.29   700.848   4100.14   18.6317  -138.757
    10700         0   5259.22    248.45   62.3036         0   3459.64   718.623   4178.26   17.7749  -140.238
    10600         0   5259.22   249.984   58.0363         0   3524.02   735.539   4259.56   16.9161  -141.678
    10500         0   5259.22   251.516   55.4972         0   3588.48   751.523      4340   15.9845  -143.086
    10400         0   5259.22   253.039   53.9519         0   3653.42   764.684   4418.11   13.1613  -144.399
    10300         0   5259.22   254.553   52.9657         0   3711.65   775.031   4486.68   10.3466  -145.603
    10200         0   5259.22   256.062   51.8658         0   3770.66   784.669   4555.33   9.63779  -146.702
    10100         0   5259.22   257.562   49.7219         0   3845.75   790.807   4636.56   6.13782  -147.759
    10000         0   5259.22   259.039   47.2505         0    3914.2   795.767   4709.97   4.96068  -148.824
     9900         0   5259.22   260.502   44.6103         0   3971.73   799.565   4771.29   3.79823  -149.917
     9800         0   5259.22   261.959   41.8393         0   4030.26   801.351   4831.61   1.78518  -151.048
     9700         0   5259.22   263.403   38.9665         0   4081.55   801.566   4883.12 -0.215249  -152.221
     9600   1.35488   5260.57   264.824   36.0149         2   4132.12   803.759   4935.88  -2.19281    -153.7
     9500         0   5394.71   264.462    31.335         0   4188.59   806.145   4994.74  -2.38656  -176.861
     9400         0   5394.71   263.821      28.3         0   4262.56   807.524   5070.08   1.37901  -173.009
     9300         0   5394.71   264.263   26.4087         0    4335.7   807.988   5143.69 -0.463313  -170.539
     9200    1.0697   5395.78   265.149   24.9078   1.93977   4407.63   809.437   5217.07   -1.4495  -169.261
     9100         0   5501.68   264.943   22.3309         0   4472.56    812.38   5284.94  -2.94286  -185.385
     9000         0   5501.68   264.627   20.5755         0   4535.73   817.707   5353.43  -5.32747  -181.155
     8900         0   5501.68    265.16   19.4976         0    4609.4   822.217   5431.62  -4.50964  -178.321
     8800         0   5501.68   266.053   18.6239         0   4671.25   827.745      5499  -5.52764  -176.501
     8700         0   5501.68   267.113   17.8644         0   4725.27   834.458   5559.73  -6.71348  -175.403
     8600         0   5501.68    268.26   17.1726         0   4773.77   842.168   5615.94  -7.70996  -174.819
     8500   1.84532   5503.52   269.455   16.5217         2   4828.15   850.923   5679.07  -8.75468  -174.946
     8400         0   5686.21   268.263   14.1345         0   4880.98   857.885   5738.87  -6.96256  -203.615
     8300         0   5686.21   266.715   13.1983         0   4946.04     866.3   5812.34  -8.41504  -197.163
     8200         0   5686.21   266.677   13.3909         0   5006.59   874.102   5880.69   -7.8018  -192.569
     8100         0   5686.21   267.274   13.9496         0   5069.98   881.926   5951.91  -7.82355  -189.328
     8000         0   5686.21   268.159   14.7274         0   5125.11    890.36   6015.47  -8.43389  -187.037
     7900   1.67698   5687.89   269.189   15.7153         2   5189.11   899.548   6088.66  -9.18864  -185.717
     7800         0   5853.91   268.106   14.8653         0   5252.54   907.954   6160.49  -8.40581  -210.198
     7700         0   5853.91   266.726   15.1822         0   5314.42    914.28    6228.7  -6.32553  -203.411
     7600         0   5853.91   266.736   16.4749         0   5378.33   920.916   6299.24  -6.63608  -198.405
     7500         0   5853.91   267.339   18.0457         0   5447.34   928.429   6375.77  -7.51362  -194.699
     7400         0   5853.91   268.215    18.722         0   5519.33   937.094   6456.42  -8.66473  -191.928
     7300         0   5853.91   269.233   18.8648         0    5592.4   945.052   6537.46  -7.95835  -189.873
     7200         0   5853.91   270.334   18.7062         0    5668.9   952.387   6621.29  -7.33409  -188.358
     7100         0   5853.91   271.488    18.325         0   5745.88   961.574   6707.45  -9.18786  -187.253
     7000         0   5853.91   272.681   17.7683         0   5815.01   976.655   6791.66  -15.0809  -186.462
     6900         0   5853.91   273.898   17.0838         0   5883.98   992.453   6876.43  -15.7975  -185.912
     6800         0   5853.91    275.12   16.2982         0   5951.03   1004.67    6955.7  -12.2204  -185.546
     6700         0   5853.91   276.342   15.4418         0   6017.52   1018.91   7036.43  -14.2417  -185.325
     6600         0   5853.91   277.564   14.5468         0   6084.62   1037.08    7121.7  -18.1636  -185.216
     6500         0   5853.91   278.791   13.6066         0   6148.76   1054.77   7203.53  -17.6909  -185.197
     6400         0   5853.91   280.022   12.9375         0   6212.28   1073.59   7285.87  -18.8225  -185.244
     6300         0   5853.91   281.244   12.4245         0   6276.53   1091.89   7368.42  -18.2939  -185.326
     6200   2.48693   5856.39   282.455    12.002         2   6348.72   1110.54   7459.26  -18.6548  -185.892
     6100         0    6102.6   280.288   8.72087         0   6424.64   1126.18   7550.82  -15.6384  -224.059
     6000         0    6102.6   277.536   7.08293         0   6490.98   1138.22   7629.19  -12.0363   -215.32
     5900         0    6102.6   276.826   6.74339         0   6559.28   1151.34   7710.62  -13.1262  -208.922
     5800         0    6102.6   276.982   6.70938         0    6633.6   1162.82   7796.42   -11.482  -204.263
     5700         0    6102.6   277.539    6.8194         0   6697.83   1174.46   7872.29   -11.639  -200.852
     5600         0    6102.6   278.299   6.98756         0   6759.98   1186.61   7946.59  -12.1495  -198.336
     5500         0    6102.6   279.177   7.16705         0   6831.72   1199.39   8031.11  -12.7773  -196.469
     5400         0    6102.6   280.132   6.60883         0   6902.49    1213.1   8115.59  -13.7066   -195.09
     5300         0    6102.6   281.134   5.59035         0   6965.42   1227.78    8193.2  -14.6845  -194.108
     5200         0    6102.6   282.167   4.30606         0   7040.41   1240.15   8280.56  -12.3667  -193.446
     5100         0    6102.6   283.219   2.84242         0   7102.15   1254.17   8356.32  -14.0187   -193.04
     5000         0    6102.6   284.286   1.22003         0   7157.39   1269.85   8427.24  -15.6858   -192.84
     4900         0    6102.6   285.366 -0.505277         0   7210.99   1285.22   8496.21  -15.3658  -192.812
     4800         0    6102.6   286.458  -2.32629         0    7268.6   1300.93   8569.53  -15.7079  -192.926
     4700         0    6102.6    287.56  -4.22094         0   7331.94   1316.98   8648.93  -16.0597   -193.16
     4600         0    6102.6   288.657  -6.15336         0   7386.27   1335.84   8722.11  -18.8571  -193.494
     4500         0    6102.6   289.744  -8.13995         0   7438.63   1356.49   8795.12  -20.6442  -193.916
     4400         0    6102.6   290.825  -9.80613         0    7490.2   1376.21   8866.42  -19.7247  -194.409
     4300         0    6102.6   291.902  -11.2966         0   7543.99   1396.61   8940.61  -20.4019  -194.946
     4200         0    6102.6   292.969  -12.6955         0   7593.15   1417.38   9010.53  -20.7692  -195.515
     4100         0    6102.6   294.019  -14.0191         0   7638.12    1439.7   9077.83  -22.3192  -196.108
     4000         0    6102.6   295.055  -15.2979         0   7682.52   1461.46   9143.98  -21.7548  -196.719
     3900         0    6102.6   296.068  -16.5443         0   7723.97   1482.62   9206.59  -21.1676  -197.343
     3800         0    6102.6   297.056  -17.7678         0   7766.73   1506.23   9272.96  -23.6064  -197.978
     3700         0    6102.6   298.028  -19.5452         0   7805.15   1530.93   9336.08  -24.7026  -198.628
     3600         0    6102.6   298.986  -22.8409         0   7845.74   1556.72   9402.46  -25.7864   -199.36
     3500         0    6102.6   299.936  -26.7801         0   7886.86   1581.65   9468.51  -24.9358  -200.228
     3400         0    6102.6   300.876  -30.9407         0   7931.65   1608.53   9540.19  -26.8761  -201.245
     3300         0    6102.6   301.798  -35.3201         0   7985.47   1635.98   9621.45   -27.448  -202.407
     3200         0    6102.6   302.698  -39.3577         0   8037.72   1663.98   9701.69   -27.998  -203.709
     3100         0    6102.6   303.573  -42.0802         0   8091.25    1692.9   9784.15  -28.9227   -205.08
     3000         0    6102.6   304.419  -44.3391         0   8141.47   1722.72   9864.19  -29.8187  -206.465
     2900         0    6102.6   305.242  -46.2746         0   8190.99   1752.46   9943.45  -29.7423  -207.844
     2800         0    6102.6    306.05  -47.9839         0   8239.89   1783.21   10023.1  -30.7502  -209.206
     2700         0    6102.6   306.846  -49.6988         0   8295.54   1811.16   10106.7  -27.9465  -210.548
     2600         0    6102.6   307.634  -51.7465         0   8360.12   1844.89     10205   -33.734  -211.887
     2500         0    6102.6   308.415  -53.8924         0   8412.09   1875.41   10287.5  -30.5151  -213.239
     2400         0    6102.6   309.191  -56.0644         0   8461.86      1907   10368.9  -31.5908  -214.608
     2300         0    6102.6   309.954   -58.259         0   8513.39    1939.8   10453.2  -32.8041  -215.994
     2200         0    6102.6   310.701    -60.32         0   8571.21    1973.8     10545  -34.0013  -217.397
     2100         0    6102.6   311.431  -61.9778         0   8621.68   2008.43   10630.1  -34.6314  -218.797
     2000         0    6102.6   312.138  -63.4706         0   8672.05   2043.67   10715.7  -35.2384  -220.178
     1900         0    6102.6   312.821  -64.8385         0   8723.01   2078.96     10802  -35.2875  -221.534
     1800         0    6102.6   313.483  -66.1103         0   8772.75   2114.78   10887.5  -35.8166  -222.863
     1700         0    6102.6    314.13  -67.3976         0   8820.95   2150.28   10971.2  -35.5037  -224.164
     1600         0    6102.6   314.765  -68.8721         0    8871.7   2184.76   11056.5  -34.4778  -225.447
     1500         0    6102.6    315.39  -70.3976         0   8922.66    2221.6   11144.3  -36.8453   -226.72
     1400         0    6102.6   316.007  -71.9605         0   8972.87   2260.66   11233.5  -39.0569  -227.988
     1300         0    6102.6   316.616  -73.5457         0   9026.64   2299.54   11326.2  -38.8803  -229.252
     1200         0    6102.6   317.219  -74.8711         0   9091.94   2338.25   11430.2  -38.7061  -230.511
     1100         0    6102.6   317.813  -75.4599         0   9153.97   2376.85   11530.8  -38.6032  -231.731
     1000         0    6102.6   318.392  -75.7342         0   9213.71   2415.48   11629.2  -38.6273  -232.886
      900         0    6102.6   318.955  -75.6719         0   9273.68   2454.78   11728.5  -39.3053  -233.965
      800         0    6102.6   319.502  -75.3574         0   9334.76   2490.96   11825.7  -36.1817  -234.956
      700         0    6102.6    320.03  -74.7431         0   9393.48   2526.93   11920.4  -35.9637  -235.854
      600         0    6102.6    320.54  -73.6769         0   9461.95   2566.29   12028.2   -39.365  -236.645
      500         0    6102.6   321.031  -72.3416         0    9530.8   2606.68   12137.5  -40.3884  -237.317
      400         0    6102.6   321.505  -70.7133         0   9611.97   2645.46   12257.4  -38.7776  -237.866
      300         0    6102.6   321.966  -68.8461         0   9682.35    2689.7     12372  -44.2396  -238.287
      200         0    6102.6   322.417  -66.5254         0   9759.48   2734.82   12494.3  -45.1249  -238.575
      100         0    6102.6    322.86  -63.3322         0   9821.74   2776.23     12598   -41.405    -238.7
        0         0    6102.6   323.296  -59.6757         0   9870.99   2798.97     12670  -22.7383  -238.636