      20000           0           0     179.437     429.318           0     3.71217     14.2831     17.9952     14.2831     61.8944
      19900      0.6993      0.6993     179.437     428.357           0     6.50927     29.7359     36.2452     15.4529     61.5714
      19800           0       69.93     180.672     425.786           0     10.7036     45.1239     55.8274     15.3879     45.2246
      19700    0.575416     70.5054      182.15     424.027           0     12.0507     56.5736     68.6243     11.4497     48.5519
      19600    0.614565     128.086      183.89     421.748    0.544958     29.6186     64.1039     93.7225     7.53028     37.8262
      19500           0     188.928     186.089     416.798           0     32.3362     66.9654     99.3015     2.86148      28.833
      19400           0     188.928     187.597     411.997           0     40.8795      70.888     111.767     3.92263     35.3295
      19300           0     188.928     188.333     408.367           0     48.8128     74.1051     122.918     3.21713     40.0339
      19200    0.132455     189.061     188.669     405.192           0     48.8207     77.0156     125.836     2.91051     43.3796
      19100    0.222006     202.396     189.017     403.669    0.650629     49.6895     79.0885     128.778     2.07283     42.7137
      19000   0.0564062     224.431     189.463     402.928           0     50.3178      81.525     131.843     2.43653     40.0964
      18900           0     230.015     189.822     400.647           0     51.3648     84.4129     135.778     2.88787     41.7409
      18800           0     230.015     189.972     397.726           0     61.8784     84.4145     146.293 -0.00160585     44.0822
      18700           0     230.015     189.941     395.835           0     84.0235      85.743     169.767     1.32858     45.6769
      18600           0     230.015     189.819     394.461           0     119.372     89.8238     209.196     4.08072     46.7466
      18500           0     230.015     189.649     393.214           0     162.098     91.3528      253.45    -1.52904     47.4316
      18400           0     230.015     189.455     392.067           0      171.38     93.1381     264.518    -1.78525     47.8262
      18300           0     230.015     189.252     389.177           0     174.827     94.3704     269.198    -1.23233     47.9714
      18200           0     230.015     189.049     385.197           0     199.931     95.3992      295.33    -1.02882     47.8333
      18100           0     230.015      188.85      381.83           0     248.861     96.7556     345.616    -1.35637     47.4342
      18000           0     230.015     188.658     378.692           0     293.029       97.36     390.389   -0.604429     46.8444
      17900           0     230.015     188.474     377.918           0     329.651     98.3556     428.007    0.995636     46.1381
      17800           0     230.015       188.3     378.604           0     364.187     100.386     464.573     2.02999     45.4499
      17700           0     230.015     188.135     376.873           0     398.104     101.971     500.075     1.58537     44.7917
      17600           0     230.015     187.978     373.809           0     420.975     107.718     528.693     5.74715      44.046
      17500    0.647654     230.663     187.829     374.005    0.713353      427.69     113.274     540.964     5.55582     43.0656
      17400     3.21738     297.998     190.707     405.377     1.22419     457.557      114.35     571.906     1.07562     25.6579
      17300     2.29184      618.81     191.778     410.277     1.20411     483.194     115.295     598.489    0.945643    -40.5701
      17200    0.451143     846.153     192.334      409.63     0.18942     509.893     120.046      629.94     4.75104    -69.6951
      17100    0.449088     891.266     193.263     408.597    0.191465     551.341     125.414     676.754     5.36743    -57.7315
      17000    0.520913     936.246     194.833     407.403   0.0365072     586.004     132.681     718.684     7.26683     -48.604
      16900    0.458365     988.275     197.005     400.816    0.156779     610.289       139.3      749.59      6.6198    -43.3367
      16800     0.38469     1034.04     199.597     390.575    0.302727     631.534     144.894     776.428     5.59339    -38.7453
      16700    0.382829      1072.5     202.277     379.462     0.29782     652.266     150.507     802.772     5.61293    -34.5304
      16600    0.511537     1110.92     204.965     367.497   0.0104886     668.733     158.692     827.424     8.18486     -32.049
      16500    0.302675     1161.86     207.953     366.259           2     687.832     159.092     846.923    0.400257    -33.3416
      16400    0.251663     1192.08     210.528     372.619    0.570062      719.76     162.532     882.292     3.43992     -30.309
      16300     0.28196     1217.27     212.622     376.333     1.96859     760.393     162.638      923.03   -0.105861    -26.6634
      16200    0.394055     1245.58     214.382     378.699    0.251257     805.172     167.701     972.873     5.06302    -24.3077
      16100      0.4891     1285.08     216.229       369.2   0.0283256     845.232     175.209     1020.44     7.50837    -24.8435
      16000    0.312896     1333.82     218.778     351.279    0.412647     873.751     180.135     1053.89     4.92572    -27.9462
      15900     1.52267     1366.32     221.588     341.472      1.2151     895.913     182.399     1078.31     2.26436    -28.1153
      15800    0.357347     1517.42     224.055     335.314           2     918.487     184.094     1102.58    -1.69504    -52.5717
      15700    0.359197     1553.15     225.865      330.83           2     939.617     186.449     1126.07     -2.3547    -49.2915
      15600    0.488919      1589.2     227.079     328.173           2      960.83     190.768      1151.6    -4.31925    -47.0885
      15500    0.405925     1638.01     227.818     324.984           2     980.874     195.056     1175.93    -4.28843    -48.1619
      15400    0.397047      1678.6     228.237     321.652           2     1004.89     199.289     1204.17    -4.23219    -47.7018
      15300    0.240665     1718.14     228.504     320.182     1.91393     1036.39     200.476     1236.86    -1.18712    -47.4276
      15200    0.219348     1742.19     228.813     320.171      1.8319     1068.67     201.215     1269.88   -0.739521    -44.3491
      15100    0.212506     1764.12     229.285     326.803     1.79776     1110.12     201.727     1311.85   -0.511334     -41.535
      15000    0.225941     1785.38     229.887     338.101      1.8358     1166.17     202.311     1368.48   -0.584587    -38.8364
      14900    0.311297     1808.06     230.562     347.105           2     1233.74     204.227     1437.96    -1.91567    -36.4599
      14800    0.298201     1839.18     231.164     354.811           2     1313.49     206.113      1519.6    -1.88571    -35.8161
      14700    0.404045      1869.1     231.594     346.693    0.163756     1387.18     208.712     1595.89    -2.59908    -34.8593
      14600    0.625819     1909.73     223.462     276.825           0     1418.97     221.089     1640.06     12.3777    -37.3353
      14500           0     1971.69     222.412     248.712           0     1433.13     238.024     1671.15     16.9351    -47.7967
      14400           0     1971.69     223.785     231.787           0     1439.32     255.593     1694.91     17.5689    -45.9951
      14300           0     1971.69     225.271     217.688           0     1442.72     269.472     1712.19     13.8786     -45.891
      14200           0     1971.69     226.738     205.777           0      1445.8     281.286     1727.09      11.814    -46.6784
      14100           0     1971.69     228.149     199.562           0     1449.11      291.47     1740.58     10.1843    -47.8473
      14000           0     1971.69     229.497     196.884           0     1461.33     298.958     1760.29     7.48771    -48.9865
      13900           0     1971.69      230.79     192.113           0     1478.53     308.738     1787.27     9.78043    -50.0011
      13800           0     1971.69     232.038     186.384           0     1486.85     315.215     1802.06     6.47674    -51.0338
      13700           0     1971.69     233.261     182.222           0     1510.95     323.304     1834.25     8.08857    -52.1076
      13600           0     1971.69      234.46     178.929           0     1527.69     330.048     1857.74     6.74474    -53.1632
      13500           0     1971.69     235.632      182.32           0     1544.61     330.246     1874.85    0.197812    -54.0822
      13400           0     1971.69     236.778     189.764           0     1559.94     332.508     1892.45     2.26154    -54.5596
      13300    0.366074     1972.05     237.902     186.748           2     1575.93      333.55     1909.48    -1.04199    -54.7985
      13200    0.309144      2008.6     241.263     207.988           2     1577.56     334.898     1912.46    -1.34803     -62.412
      13100    0.487024     2039.69     242.971     214.231           2     1584.84     342.004     1926.85    -7.10572     -66.334
      13000    0.413431     2088.32     243.892     219.499           2     1586.22     347.409     1933.63    -5.40571    -72.3866
      12900     0.39928     2129.65     244.165     225.106           2     1599.31     352.867     1952.18    -5.45751    -75.3618
      12800     0.29651     2169.48     243.954     230.852           2     1620.02     355.939     1975.96    -3.07218    -77.1331
      12700    0.284022     2199.12     243.636     232.584     1.58785     1634.88     356.973     1991.85    -1.03357    -76.4149
      12600           0     2227.23     243.613     231.416           0     1639.26     358.509     1997.77     1.53652     -75.678
      12500           0     2227.23     243.974     231.102           0     1641.29     361.523     2002.81     3.01383    -69.8918
      12400           0     2227.23     244.662     231.152           0     1645.37     362.961     2008.33       1.438    -65.5177
      12300    0.435191     2227.67     245.566     229.933     1.14597     1652.37     364.181     2016.55     1.21992    -62.3751
      12200    0.229465     2270.98     246.641     227.246    0.539668     1673.47     366.842     2040.31     2.66137      -68.67
      12100    0.329752     2294.03     247.987     225.986    0.279922     1703.16     371.297     2074.45      4.4552    -69.9724
      12000    0.216019     2326.89     249.772     225.556     1.89851     1741.19     371.622     2112.81    0.325072    -73.1988
      11900    0.233024     2348.51     251.504     226.147     0.52311     1783.74     374.672     2158.42     3.04964    -73.7958
      11800     6.49296     2378.07     253.182     227.499     1.20383     1832.14      376.53     2208.67     1.85816    -76.1096
      11700    0.636777     3021.51     254.796     229.655           0     1886.04     378.316     2264.36     1.78616    -182.959
      11600    0.618414     3085.17     244.199     193.446           0     1910.37     391.481     2301.86     13.1645    -166.421
      11500           0     3146.39     242.704     171.501           0     1922.44     414.543     2336.98     23.0624    -156.336
      11400           0     3146.39     244.088     145.879           0     1923.52     438.407     2361.92     23.8636    -141.082
      11300           0     3146.39     245.765     134.241           0     1931.38      458.12      2389.5      19.713    -130.858
      11200           0     3146.39      247.48     130.216           0     1943.81      475.49      2419.3     17.3703    -123.662
      11100           0     3146.39     249.151     122.902           0      1976.1     491.239     2467.34     15.7488    -118.492
      11000           0     3146.39     250.761     113.986           0     2016.71     505.278     2521.99     14.0388    -115.006
      10900           0     3146.39     252.309     109.089           0     2047.49     520.569     2568.06     15.2907    -112.797
      10800           0     3146.39       253.8     106.423           0     2066.15     532.319     2598.47     11.7504    -111.386
      10700           0     3146.39     255.238     102.761           0     2086.05     543.306     2629.35     10.9869    -110.544
      10600           0     3146.39     256.631     98.6161           0     2109.85     553.575     2663.43     10.2689    -110.205
      10500           0     3146.39      257.99     96.1609           0     2133.65     563.085     2696.73     9.50974    -110.256
      10400           0     3146.39     259.321     94.6777           0     2157.86     569.963     2727.83     6.87878    -110.535
      10300           0     3146.39     260.622     93.7344           0     2175.32     574.242     2749.57     4.27821    -110.953
      10200           0     3146.39     261.891      92.665           0     2193.53      578.05     2771.59     3.80865    -111.459
      10100           0     3146.39     263.133     90.5294           0     2227.82     578.617     2806.43    0.567029    -112.073
      10000           0     3146.39     264.352     88.0458           0     2255.47      578.97     2834.44   -0.352394    -112.813
       9900           0     3146.39     265.555     85.3772           0     2272.23     580.224     2852.46     -1.2547    -113.675
       9800    0.315749     3146.71     266.742     82.5658           2     2290.04     583.222     2873.26     -2.9981    -114.712
       9700    0.361542     3178.33      267.48     79.2255           2     2301.07     587.515     2888.59    -4.29213    -121.502
       9600           0     3214.12      267.63     75.5459           0     2312.11     592.513     2904.62     -4.9988    -127.705
       9500           0     3214.12     267.934     72.2181           0      2327.7     598.373     2926.07    -5.85918     -126.46
       9400           0     3214.12     268.631     69.8891           0     2360.07     601.804     2961.88    -3.43118    -125.955
       9300           0     3214.12     269.492      68.064           0     2391.56     607.496     2999.06    -5.69194    -125.953
       9200           0     3214.12     270.417     66.5044           0     2421.89     614.213     3036.11    -6.71694    -126.292
       9100           0     3214.12      271.36     65.1159           0     2444.04     623.573     3067.61    -9.36005    -126.865
       9000           0     3214.12     272.305     63.8559           0     2463.92     636.577      3100.5    -13.0047    -127.598
       8900           0     3214.12     273.249     62.7129           0     2494.38     649.176     3143.56    -12.5987    -128.438
       8800           0     3214.12     274.194     61.6582           0      2513.2     662.845     3176.05    -13.6691    -129.347
       8700           0     3214.12     275.142     60.6748           0     2524.41     677.587        3202    -14.7421    -130.299
       8600           0     3214.12     276.087     59.7557           0     2530.32     693.125     3223.45    -15.5374    -131.271
       8500           0     3214.12     277.018     58.8952           0     2542.33     709.443     3251.77    -16.3181    -132.249
       8400           0     3214.12     277.934     58.5259           0     2550.77     726.077     3276.85    -16.6337    -133.213
       8300           0     3214.12     278.838     58.4742           0     2570.56     746.614     3317.17    -20.5378    -134.134
       8200           0     3214.12     279.733     58.6359           0     2585.86     767.473     3353.33    -20.8583    -134.997
       8100           0     3214.12      280.62     58.9836           0     2604.22     788.643     3392.86    -21.1699    -135.793
       8000           0     3214.12     281.489     59.4858           0     2614.59     810.406     3424.99    -21.7637    -136.516
       7900    0.494859     3214.62     282.338      60.193           2     2634.11     832.744     3466.86    -22.3377    -137.263
       7800           0     3263.61      282.48      60.425           0     2651.98     855.524      3507.5    -22.7799    -146.491
       7700           0     3263.61     282.467     61.1602           0     2667.88     877.591     3545.47    -22.0672    -144.894
       7600           0     3263.61     282.858     62.3276           0     2685.93     900.349     3586.28    -22.7584    -143.773
       7500           0     3263.61     283.423     63.6873           0     2709.31     923.947     3633.25    -23.5979    -142.972
       7400           0     3263.61     284.065     64.1416           0     2735.88     948.462     3684.34    -24.5145     -142.39
       7300           0     3263.61     284.741      64.072           0     2763.74     971.928     3735.67    -23.4659    -141.999
       7200           0     3263.61     285.432     63.7289           0     2795.22     994.359     3789.58    -22.4316    -141.761
       7100           0     3263.61     286.128     63.1956           0     2827.32     1018.19     3845.51    -23.8281    -141.646
       7000           0     3263.61     286.827     62.5187           0      2851.7     1047.41     3899.11    -29.2271    -141.629
       6900           0     3263.61     287.527     61.7403           0     2876.02     1076.84     3952.86     -29.427    -141.691
       6800           0     3263.61     288.223     60.8816           0     2898.48     1102.16     4000.65     -25.323    -141.819
       6700           0     3263.61     288.911     59.9687           0     2920.44     1128.98     4049.42    -26.8105    -142.001
       6600           0     3263.61     289.589     59.0311           0     2943.06     1159.16     4102.23    -30.1886    -142.228
       6500           0     3263.61      290.26     58.0591           0     2962.75     1188.32     4151.08    -29.1602    -142.492
       6400           0     3263.61     290.926     57.3654           0     2981.84     1218.05     4199.89    -29.7265    -142.783
       6300           0     3263.61      291.58     56.8349           0     3001.68     1246.68     4248.36    -28.6301     -143.08
       6200           0     3263.61     292.215     56.4012           0     3029.47      1275.1     4304.57    -28.4152    -143.374
       6100           0     3263.61     292.834     56.0543           0     3058.06     1303.28     4361.34     -28.184     -143.66
       6000           0     3263.61      293.44     55.7652           0     3075.71     1331.22     4406.93    -27.9399    -143.936
       5900           0     3263.61     294.035     55.5221           0     3095.24     1361.56     4456.79    -30.3355    -144.198
       5800           0     3263.61     294.623     55.3159           0     3120.95     1390.68     4511.63    -29.1225    -144.448
       5700           0     3263.61     295.202     55.1409           0     3136.86     1419.98     4556.84    -29.3024    -144.684
       5600           0     3263.61     295.776     54.9936           0     3151.01     1449.61     4600.61    -29.6261    -144.906
       5500           0     3263.61     296.344     54.8707           0     3175.05     1479.55      4654.6     -29.944    -145.115
       5400           0     3263.61     296.902     54.0496           0     3198.38     1510.03      4708.4    -30.4766    -145.322
       5300           0     3263.61     297.445     52.8039           0     3214.09     1541.02     4755.11    -30.9946    -145.568
       5200           0     3263.61     297.972     51.3287           0     3242.06     1569.19     4811.25    -28.1724    -145.866
       5100           0     3263.61     298.485     49.7067           0     3256.93     1598.48     4855.41    -29.2853    -146.221
       5000           0     3263.61     298.982     47.9538           0     3265.44     1628.86      4894.3    -30.3818    -146.634
       4900           0     3263.61      299.46      46.121           0     3272.41     1658.32     4930.74    -29.4605    -147.105
       4800           0     3263.61     299.922     44.2113           0     3283.48     1687.49     4970.98    -29.1715    -147.633
       4700           0     3263.61     300.368     42.2415           0     3300.37     1716.36     5016.73    -28.8677    -148.217
       4600           0     3263.61     300.802      40.241           0      3308.3     1747.36     5055.66    -31.0024    -148.857
       4500           0     3263.61     301.228       38.19           0     3314.33     1779.49     5093.82    -32.1281     -149.55
       4400           0     3263.61     301.646     36.4607           0     3319.63     1810.04     5129.67    -30.5463    -150.288
       4300           0     3263.61     302.058      34.911           0     3327.22      1840.6     5167.81    -30.5583    -151.051
       4200           0     3263.61     302.465     33.4532           0     3330.23     1870.86     5201.09     -30.265    -151.831
       4100           0     3263.61     302.867     32.0691           0     3331.34     1902.03     5233.37     -31.167    -152.624
       4000      1.0794     3264.69     303.265     30.7277           2     3332.97     1931.99     5264.96     -29.965    -153.647
       3900    0.571559     3372.12     302.087     28.0445           2     3336.11     1959.18     5295.29    -27.1872    -173.066
       3800           0     3428.71     299.734     25.4041           0     3336.52     1985.46     5321.99    -26.2841    -179.021
       3700    0.552735     3429.26     298.137     23.1552           2     3340.81     2010.28     5351.08    -24.8119    -174.512
       3600           0     3483.98     296.676     19.1024           0     3342.16     2033.75     5375.91    -23.4758    -180.632
       3500           0     3483.98     295.486     14.8635           0     3342.68     2054.24     5396.92    -20.4859    -176.624
       3400    0.522378      3484.5     295.007     10.7169           2     3345.82     2075.24     5421.06    -21.0069    -174.214
       3300           0     3536.22     294.139     5.74929           0     3358.57     2095.03      5453.6     -19.789    -181.497
       3200           0     3536.22     293.306      1.4648           0     3369.99     2113.64     5483.63    -18.6064    -178.918
       3100           0     3536.22     293.044    -1.23953           0     3382.68     2132.03     5514.71    -18.3937    -177.477
       3000           0     3536.22     293.066    -3.44539           0     3392.01      2150.5     5542.51    -18.4658    -176.834
       2900    0.464505     3536.68     293.245    -5.32886           2     3400.59     2168.24     5568.83    -17.7451    -176.844
       2800           0     3582.67      292.86    -7.57654           0     3409.08      2185.8     5594.88    -17.5595    -184.885
       2700           0     3582.67     292.397    -9.55716           0     3424.59      2199.3     5623.89     -13.497    -183.658
       2600           0     3582.67      292.38    -11.6665           0     3449.08     2217.78     5666.87    -18.4797    -183.154
       2500           0     3582.67     292.581    -13.8528           0     3461.02     2232.46     5693.48    -14.6806    -183.195
       2400           0     3582.67     292.903    -16.0693           0     3470.79     2247.76     5718.55    -15.3025    -183.639
       2300           0     3582.67     293.299    -18.3261           0     3482.38     2263.91      5746.3     -16.149    -184.381
       2200           0     3582.67     293.744    -20.4661           0     3500.36     2280.96     5781.31    -17.0444    -185.346
       2100           0     3582.67      294.22    -22.2144           0     3511.06     2298.38     5809.43    -17.4204    -186.461
       2000           0     3582.67     294.713    -23.8119           0     3521.77     2316.19     5837.96    -17.8127     -187.67
       1900           0     3582.67     295.213    -25.2964           0     3533.19     2333.87     5867.06    -17.6798     -188.94
       1800           0     3582.67     295.716    -26.6941           0     3543.51     2351.92     5895.43    -18.0497    -190.246
       1700           0     3582.67     296.219    -28.1176           0     3552.43     2369.51     5921.94    -17.5925     -191.57
       1600           0     3582.67     296.719    -29.7394           0     3564.05     2385.94        5950    -16.4313    -192.913
       1500           0     3582.67     297.215    -31.4195           0     3576.03     2404.61     5980.64    -18.6699    -194.273
       1400           0     3582.67     297.709    -33.1426           0     3587.43     2425.37      6012.8    -20.7587    -195.646
       1300           0     3582.67     298.201    -34.8922           0     3602.53     2445.84     6048.37    -20.4647    -197.031
       1200           0     3582.67     298.688    -36.3744           0     3629.35     2466.01     6095.36    -20.1746    -198.422
       1100           0     3582.67     299.166    -37.1024           0     3653.02     2485.97     6138.99    -19.9563     -199.78
       1000           0     3582.67     299.632    -37.5056           0     3674.52     2505.83     6180.36    -19.8673    -201.076
        900           0     3582.67     300.084    -37.5595           0     3696.39     2526.27     6222.66    -20.4342    -202.297
        800           0     3582.67     300.524    -37.3519           0     3719.45     2543.47     6262.93     -17.204    -203.431
        700           0     3582.67     300.954    -36.8331           0     3740.27     2560.36     6300.63    -16.8872    -204.473
        600           0     3582.67     301.375     -35.849           0     3770.92     2580.56     6351.48    -20.2005    -205.406
        500           0     3582.67      301.79    -34.5866           0     3802.01     2601.71     6403.72    -21.1476    -206.218
        400           0     3582.67     302.199    -33.0207           0     3845.49     2621.18     6466.67    -19.4714    -206.905
        300           0     3582.67     302.603    -31.2075           0     3878.23     2646.06     6524.28    -24.8762    -207.461
        200           0     3582.67     303.003    -28.9238           0     3917.75     2671.77     6589.52    -25.7101     -207.88
        100           0     3582.67     303.399    -25.7426           0     3942.42     2693.71     6636.13    -21.9443    -208.131
          0           0     3582.67     303.795    -22.0817           0     3954.08     2696.95     6651.02    -3.23713    -208.188