      20000           0           0     179.437     415.631           0      17.399     14.2831      31.682     14.2831     51.8336    0.258968    0.460851    0.605054    0.634429     2456.76     1.6e+19     5.73044     4.59858     4.35318     4.39114
      19900           0           0     179.437      414.68           0     28.2793     29.7361     58.0154     15.4531     51.7019    0.258968    0.460851    0.605054    0.634429     2456.76     1.6e+19     5.73044     4.59858     4.35318     4.39114
      19800           0           0     179.437     414.027           0     44.2321     46.3592     90.5912     16.6231     51.5707    0.258968    0.460851    0.605054    0.634429     2456.76     1.6e+19     5.73044     4.59858     4.35318     4.39114
      19700           0           0     179.437     413.765           0     53.1471     60.5222     113.669     14.1631     51.4563    0.258968    0.460851    0.605054    0.634429     2456.76     1.6e+19     5.73044     4.59858     4.35318     4.39114
      19600   0.0512667   0.0512667     179.437     413.802           0     62.7691     72.5053     135.274      11.983     51.3611    0.258968    0.460851    0.605054    0.634429     2456.76     1.6e+19     5.73044     4.59858     4.35318     4.39114
      19500           0     5.12667     179.527     411.894           0     64.9554     81.9279     146.883     9.42261     50.0943    0.258968    0.460853    0.605142    0.634429     2456.76     1.6e+19     5.73045     4.59859     4.35361     4.39387
      19400           0     5.12667     179.635     408.946           0     76.5495     93.8126     170.362     11.8848     50.2086    0.258968    0.460882    0.605471    0.634429     2456.76     1.6e+19     5.73056     4.59871     4.35522     4.39744
      19300           0     5.12667     179.687     406.274           0     86.5753     105.675     192.251     11.8628     50.1448    0.258968    0.460962    0.605821    0.634429     2456.76     1.6e+19     5.73086     4.59906     4.35694     4.39934
      19200           0     5.12667     179.714     403.628           0     88.1475     117.542     205.689     11.8664     49.9433    0.258968     0.46109    0.606098    0.635328     2456.77     1.6e+19     5.73131     4.59961     4.35829      4.0003
      19100 0.000272965     5.12694     179.727     402.716           0     88.2319     128.905     217.137     11.3633     49.6509    0.258968    0.462072    0.606287    0.636076     2456.77     1.6e+19     5.73186     4.20025     4.35923     4.00055
      19000           0     5.15397     179.733     402.847           0     88.7784     141.073     229.851     12.1675     49.3567    0.258968    0.463832    0.606405    0.636038     2456.78     1.6e+19     5.73246     4.20073      4.3598     4.00053
      18900           0     5.15397     179.734     401.167           0     90.3455     154.049     244.394     12.9761     49.0805    0.258968    0.465132    0.606475    0.635729     2456.79     1.6e+19     5.73306     4.20109     4.36015     4.00043
      18800           0     5.15397     179.732     398.484           0     100.102     164.287     264.388     10.2379      48.726    0.258968    0.466094    0.606515    0.635333     2456.79     1.6e+19     5.73362     4.20135     4.36034      4.0003
      18700           0     5.15397     179.728     396.631           0     121.451     175.828     297.279     11.5416     48.2836    0.258968    0.466796    0.606535     0.63494      2456.8     1.6e+19     5.73413     4.20155     4.36044     4.00017
      18600           0     5.15397     179.724     395.181           0      156.08     190.005     346.085     14.1764     47.8022    0.258968    0.467296    0.606543    0.634583     2456.81     1.6e+19     5.73459     4.20169     4.36048     4.00005
      18500           0     5.15397     179.718      393.79           0      198.23     198.406     396.636     8.40166     47.2978    0.258968    0.467644    0.606543    0.634429     2456.82     1.6e+19     5.73498     4.20178     4.36048     4.39994
      18400           0     5.15397     179.713     392.461           0     207.119     206.364     413.483     7.95714     46.7743    0.258968    0.467877    0.606538    0.634429     2456.83     1.6e+19     5.73531     4.20185     4.36045     4.39979
      18300           0     5.15397     179.707     389.356           0     210.746     214.676     425.422     8.31261      46.206    0.258968    0.468023    0.606527    0.634429     2456.84     1.6e+19     5.73559     4.20189      4.3604     4.39962
      18200           0     5.15397     179.702     385.154           0     235.891     222.994     458.885     8.31795     45.5102    0.258968      0.4681    0.606511    0.634429     2456.84     1.6e+19     5.73581     4.20191     4.36032     4.39944
      18100           0     5.15397     179.697     381.574           0     285.077      230.79     515.868     7.79641     44.6727    0.258968    0.468124    0.606491    0.634429     2456.85     1.6e+19     5.73599     4.20192     4.36023     4.39926
      18000           0     5.15397     179.692     378.227           0     329.711     239.152     568.863      8.3613      43.736    0.258968    0.468107     0.60647    0.634429     2456.86     1.6e+19     5.73613     4.20191     4.36012     4.39908
      17900           0     5.15397     179.687     377.272           0     366.979     248.934     615.913      9.7826     42.7534    0.258968    0.468058    0.606447    0.634429     2456.87     1.6e+19     5.73622      4.2019     4.36001     4.39891
      17800           0     5.15397     179.683     377.792           0     402.327     259.581     661.909      10.647      41.843    0.258968    0.467984    0.606423    0.634429     2456.88     1.6e+19     5.73629     4.20188     4.35989     4.39874
      17700           0     5.15397     179.679     375.893           0     437.225     269.622     706.847     10.0411     41.0054    0.258968    0.467892    0.606399    0.634429     2456.89     1.6e+19     5.73633     4.20185     4.35977     4.39857
      17600           0     5.15397     179.675     372.675           0     461.229     283.672     744.902       14.05      40.115    0.258968    0.467785    0.606374    0.634429     2456.89     1.6e+19     5.73635     4.20182     4.35965     4.39841
      17500    0.251085     5.40505     179.671      372.75    0.544155     469.199     297.386     766.585     13.7136     39.1223    0.258968    0.467668    0.606349    0.634429     2456.91     1.6e+19     5.73635     4.20179     4.35953     4.39825
      17400    0.402066     30.6645     182.504     404.585    0.902561     498.274     306.665     804.939      9.2788     31.4542    0.258968     0.46023    0.606371    0.650139     2458.76     1.6e+19     5.72698     4.59592     4.35964     4.00523
      17300    0.352423     70.8215     183.649     413.759    0.853517     527.393     315.739     843.132     9.07465     23.0404    0.258968    0.458497    0.605078     0.64336     2461.92     1.6e+19     5.72397      4.5885      4.3533     4.00297
      17200    0.389539     106.101     184.503     418.879    0.751885     563.342     328.322     891.664     12.5825     17.8558    0.258968    0.456625      0.6029    0.634429     2464.67     1.6e+19     5.72786      4.5805     4.34266     4.39238
      17100    0.599118     145.264     185.448     421.579    0.906602     617.771     341.504     959.276     13.1824     12.9935    0.258968     0.45441    0.599933    0.634429     2467.35     1.6e+19     5.73647     4.57107     4.32823     4.37751
      17000     0.45198     205.029     186.597     422.299    0.731194      667.33     357.007     1024.34     15.5028     4.54321    0.258968    0.451639    0.596285    0.634429     2471.49     1.6e+19     5.74764     4.55931     4.31059     4.35795
      16900    0.341954     250.117      187.97     416.998    0.579094     707.798     372.662     1080.46     15.6548     1.01612    0.258968    0.460218    0.590007    0.634429     2474.32     1.6e+19     5.75969     4.54469     4.28966     4.33643
      16800    0.307879     284.278     189.549     407.782    0.518855      746.25     388.303     1134.55     15.6411      0.1535    0.258968    0.484658    0.580578    0.634429     2476.35     1.6e+19     5.77151     4.52538     4.26775     4.31759
      16700    0.257132     315.016     191.285     397.382     0.33703     784.902     404.907     1189.81     16.6045   -0.456413    0.258968    0.484658    0.571236    0.634429     2478.13     1.6e+19     5.78241     4.50366     4.24621     4.30116
      16600    0.383393     340.855     193.158     385.933    0.497569     819.806     424.899      1244.7     19.9917    -0.62512    0.258968    0.479838    0.562232    0.634429     2479.45     1.6e+19     5.79206     4.48047     4.22562     4.28738
      16500    0.485314     379.296     195.195     385.325    0.863042     857.971     438.057     1296.03     13.1581    -4.18176    0.259053    0.473954    0.553874    0.634429     2481.39     1.6e+19      5.0004     4.45652     4.20665     4.27694
      16400    0.595006     427.937      197.29     391.813    0.838642     909.094     454.735     1363.83     16.6777    -9.29371    0.260458     0.46039    0.548312    0.634429     2484.67     1.6e+19     5.00711     4.43239     4.58797     4.26184
      16300    0.704912     487.548     199.412     394.918    0.978081     968.312     467.839     1436.15     13.1037     -15.515    0.261633    0.412734    0.543596    0.634429     2488.41     1.6e+19     5.01272     4.41012     4.56646     4.23979
      16200    0.563544     557.898     201.553     396.134    0.787539     1030.53     485.731     1516.26     17.8922    -22.6386    0.262587    0.385486    0.538129    0.607089     2493.23     1.6e+19      5.0173     4.78927     4.54173     4.21045
      16100    0.436141     614.125     203.747      385.35    0.597985     1086.74     505.721     1592.46     19.9906    -25.4531    0.263318    0.380088    0.532002    0.572861      2496.5     1.6e+19      5.0208      4.7671     4.51428     4.58281
      16000    0.388551     657.691      206.07     366.602    0.617741     1130.58     523.355     1653.93     17.6333     -25.879    0.263817    0.393732    0.523094    0.572861     2498.66     1.6e+19      5.0232     4.74366     4.48768     4.56066
      15900    0.367995     696.526     208.468     356.224    0.676377     1167.49     538.739     1706.23      15.384    -26.2937    0.264111    0.412886     0.51218    0.572861     2500.69     1.6e+19     5.02461     4.71742     4.46402     4.54291
      15800    0.386471     733.344     210.864     350.994    0.849204     1205.75     550.235     1755.98     11.4958    -26.8657    0.264238    0.410511    0.502163    0.572861     2502.76     1.6e+19     5.02522     4.69133     4.44247     4.52543
      15700    0.396184     772.001     213.188     347.092    0.898955     1243.14     560.556     1803.69     10.3216    -28.1723    0.264229    0.404908    0.492254    0.572861     2505.29     1.6e+19     5.02518     4.66609     4.42133     4.50401
      15600    0.401228     811.624     215.418     344.323     1.01052      1280.5     567.898      1848.4     7.34162    -29.7898    0.264092    0.399428    0.481848    0.572861     2507.96     1.6e+19     5.02452     4.64163     4.79857     4.47721
      15500    0.385119     851.731     217.541     340.864     1.05024     1316.43     573.887     1890.31     5.98905    -31.4968    0.263807    0.358936    0.475699    0.572861     2510.91     1.6e+19     5.02315     4.61876     4.77201      4.4446
      15400    0.463348     890.321     219.549     337.095     1.12475     1355.88     578.343     1934.22      4.4559    -32.8818    0.263344    0.314703    0.468655    0.531049     2513.82     1.6e+19     5.02093     4.99827     4.74188     4.40711
      15300    0.568845     936.761     221.452     334.945     1.10266     1402.15     584.208     1986.35     5.86516    -35.9255    0.262668    0.309973    0.460965    0.505823     2517.34     1.6e+19     5.01768     4.97677     4.70937     4.76756
      15200    0.659763     993.737      223.29     333.784     1.14358     1448.04     588.991     2037.03      4.7831    -40.7124     0.26174     0.33798    0.446346    0.505823      2521.5     1.6e+19     5.01324     4.95258      4.6743     4.72176
      15100    0.847356      1059.9     225.083     338.845     1.18248     1501.53     592.681     2094.22     3.69016    -46.4126    0.260517     0.33798     0.42862    0.505823     2526.42     1.6e+19     5.00739     4.92568     4.63653     4.67085
      15000     1.01822     1144.81     226.806     348.082     1.21037     1567.57     595.178     2162.74     2.49699    -54.3424    0.258968    0.336732     0.41013    0.482164      2532.8     1.6e+19     5.79995      4.8975     4.99499     4.61273
      14900     1.16744     1246.78     228.436     354.525     1.24671     1642.55     595.389     2237.94    0.210872    -63.4274    0.258968    0.331028    0.399434    0.434418      2540.5     1.6e+19     5.79006     4.86808     4.94724     4.94838
      14800     1.07259     1363.43      229.94     359.289     1.25679     1726.78     596.051     2322.83   -0.661517    -72.9503    0.258968    0.333467     0.38496    0.434418      2549.5     1.6e+19     5.77786     4.83716     4.89349     4.87057
      14700   0.0292756     1469.64     231.262     348.214           0     1801.99     598.318     2400.31    -2.26765    -78.3281    0.258968    0.280788    0.372518     0.36527     2557.73     1.6e+19     5.76306     4.80526     4.83307     5.18529
      14600   0.0346276     1472.58     223.177      276.26           0     1833.21     610.981     2444.19     12.6627    -63.2125   0.0671832     0.33798    0.434418     0.36527     2555.95     1.6e+19      5.8142     4.94921     4.91588      5.1502
      14500           0        1476     220.674     249.137           0      1847.8     629.654     2477.45     18.6731    -56.1178   0.0117452    0.412886    0.486169     0.36527     2553.92     1.6e+19     6.78635      4.7409     4.62196     5.18783
      14400           0        1476     220.761      232.96           0     1855.17     650.247     2505.41     20.5932     -52.165  0.00194981    0.484658    0.505823    0.434418     2551.95     1.6e+19     6.54562     4.44753     4.65749     4.84513
      14300           0        1476     221.733     219.234           0     1860.12     667.665     2527.78     17.4175    -50.3477           0    0.484658    0.505823    0.434418     2549.97     1.6e+19       6.501     4.47539     4.65664     4.90083
      14200           0        1476     222.965     207.608           0     1861.36     683.252     2544.62     15.5878    -49.7861           0    0.484658    0.505823    0.434418     2547.92     1.6e+19       6.501     4.45848     4.64231     4.95078
      14100           0        1476     224.238     201.606           0     1862.63     697.348     2559.98     14.0955    -49.8987           0    0.482333    0.505823    0.434418     2545.81     1.6e+19       6.501     4.41909     4.62686     4.99365
      14000           0        1476     225.486     199.091           0     1872.64     708.847     2581.49     11.4991    -50.2127           0    0.412886    0.482308    0.505823     2543.63     1.6e+19       6.501     4.78254     4.61645      4.6232
      13900           0        1476     226.704     194.448           0     1887.51     722.713     2610.22     13.8663    -50.5812           0    0.412886    0.466948    0.505823     2541.42     1.6e+19       6.501     4.74623     4.61174     4.64671
      13800           0        1476     227.889     188.822           0     1893.39     733.339     2626.73     10.6261    -51.1077           0    0.412886    0.465289    0.505823     2539.16     1.6e+19       6.501     4.71292     4.61171     4.67159
      13700           0        1476      229.04     184.741           0     1914.96      745.65     2660.61     12.3105    -51.7856           0    0.412886    0.473414    0.505823     2536.88     1.6e+19       6.501     4.68538     4.61556     4.69764
      13600           0        1476     230.156     181.511           0     1929.12     756.699     2685.82     11.0493    -52.5322           0    0.412886     0.48822    0.505823     2534.61     1.6e+19       6.501     4.66456      4.6226     4.72463
      13500           0        1476     231.239     184.955           0     1943.41     761.291      2704.7      4.5914    -53.2093           0    0.412886    0.505823    0.505823     2532.34     1.6e+19       6.501     4.65043     4.63229     4.75233
      13400           0        1476      232.29     192.448           0     1956.06      768.04      2724.1     6.74953    -53.4971           0    0.412886    0.505823    0.505823     2530.08     1.6e+19       6.501     4.64255     4.64618     4.78079
      13300    0.104479     1476.11     233.316     189.483     1.19168     1969.31     771.584     2740.89     3.54371    -53.5273           0    0.412886    0.505823    0.537572     2527.82     1.6e+19       6.501     4.64038     4.66436     4.40896
      13200    0.140669     1486.59     236.926     210.917     1.11785     1973.88     774.573     2748.45     2.98898    -55.8443  0.00733304    0.412886    0.505823    0.572861     2528.49     1.6e+19     6.67546     4.63633     4.68959      4.4239
      13100    0.202249     1500.72     239.262     217.473     1.56275      1984.4      777.97     2762.37    -3.39735    -57.4615    0.034187    0.408553    0.505823    0.572861     2529.51     1.6e+19      6.3286     4.62807     4.70408     4.42979
      13000    0.101563     1520.84     241.093     223.128     1.74488     1986.65     780.577     2767.23     -2.6067    -59.4765   0.0630091     0.36122    0.505823    0.572861     2531.55     1.6e+19     6.53453     4.60969      4.7021      4.4218
      12900    0.322243     1531.22     242.468      229.21      1.4059     2003.85     784.338     2788.18    -3.76062    -58.7264    0.091201     0.33798    0.505823    0.516584      2532.8     1.6e+19     5.89733     4.98472     4.68726     4.40303
      12800    0.368965     1563.49      243.43     235.188     1.32658     2028.89     786.885     2815.78     -2.5476     -62.276    0.126826     0.33798    0.505823    0.505823      2535.7     1.6e+19     6.02537     4.95453     4.66563     4.77546
      12700    0.240082     1600.26     244.246     236.796     1.34368     2047.97     788.529     2836.49    -1.64378    -65.7685    0.149485     0.33798     0.49184    0.505823     2538.86     1.6e+19     6.12827     4.92227     4.63794     4.73644
      12600           0     1624.03     245.174      235.45           0     2048.31     788.553     2836.86  -0.0238213    -65.9748    0.153145    0.337966     0.44373    0.505823        2541     1.6e+19      5.4097     4.88733     4.60643     4.69326
      12500   0.0209326     1624.05     246.208     234.937     1.40947     2050.12     789.332     2839.45    0.779116    -61.5625    0.174999    0.308512    0.434418    0.505823     2541.21     1.6e+19     5.46833     4.85184     4.97151     4.65445
      12400           0     1626.12     247.338     234.742           0      2050.6      790.57     2841.18     -1.2384    -58.6627    0.191059     0.28225    0.434418    0.505823      2541.6     1.6e+19     5.51223     4.81753     4.93581     4.62096
      12300   0.0977575     1626.22     248.535     233.301     1.61024     2060.98     792.319     2853.29    -1.74922    -56.1666    0.202649    0.269662    0.427144    0.434418     2541.78     1.6e+19     5.54434     5.18373     4.90239     4.99441
      12200    0.319338     1636.22     249.744     230.815     1.26262     2085.65     792.761     2878.41   -0.441109    -56.4978    0.210797    0.269662    0.401683    0.434418     2542.88     1.6e+19     5.56715     5.14954     4.87353     4.96751
      12100    0.450517     1668.28     250.952     229.606     1.18401     2118.95      794.25      2913.2     1.48968    -61.5481    0.216285    0.269662    0.378528    0.434418     2545.45     1.6e+19     5.58261     5.11612     4.84582     4.93539
      12000    0.605766     1713.49     252.209     229.033     1.27904     2160.46     796.362     2956.82    -2.11147    -68.3664    0.219672    0.269662    0.355803    0.434418      2548.8     1.6e+19      5.5922     5.08365       4.817     4.89924
      11900    0.665584     1774.13     253.463     229.085     1.20186     2205.95     797.453     3003.41     1.09079    -76.9337    0.221356    0.269662    0.339839    0.434418     2553.57     1.6e+19     5.59698     5.05193     5.18518      4.8561
      11800    0.877456      1840.9     254.724     229.565     1.22097     2256.41     797.768     3054.18    0.315688    -84.9593    0.221598    0.244651     0.33188    0.392518      2558.5     1.6e+19     5.59766     5.02107     5.14767     4.80754
      11700    0.297774     1928.06     256.013     237.336    0.789148        2318     798.337     3116.34    0.569127     -95.096    0.220565    0.209552    0.323138     0.36527     2564.91     1.6e+19     5.59473     5.79201     5.10705     5.15674
      11600    0.190173     1957.73     243.874     209.305      0.3373     2358.19     811.827     3170.02     13.4897    -91.2806   0.0650306    0.269662    0.379637     0.36527     2564.29     1.6e+19     5.80687     5.14596     4.81965     5.14864
      11500   0.0611047     1976.62     240.092     190.549           0      2389.3     837.502     3226.81     25.6745    -88.9844   0.0226529     0.33798    0.434418    0.400938     2562.52     1.6e+19     6.25763     4.95158     4.94367     4.80988
      11400   0.0690614     1982.74      239.95     166.217           0     2408.57     865.503     3274.07     28.0018    -86.8358  0.00680568    0.412886     0.45994    0.434418     2560.39     1.6e+19     6.66248     4.67437      4.6083     4.88708
      11300   0.0735593     1989.65     241.082     154.764           0     2421.23     889.899     3311.12     24.3954    -86.8755   0.0021859    0.412886    0.505823    0.434418     2558.28     1.6e+19     6.55119     4.72446     4.62528     4.96563
      11200  0.00138203     1996.93     242.655      150.44           0     2429.03     912.094     3341.12     22.1954     -87.658           0    0.412886    0.505823    0.505823     2556.16     1.6e+19       6.501      4.7307     4.62903     4.62998
      11100           0     1997.07     244.224      142.71           0     2441.51      932.77     3374.28     20.6758    -87.2844           0    0.412886    0.505823    0.505823     2554.07     1.6e+19       6.501       4.714     4.62894     4.67573
      11000           0     1997.07     245.656     133.379           0     2462.73     951.914     3414.65     19.1443    -87.4851           0    0.412886    0.505823    0.505823     2551.93     1.6e+19       6.501     4.68855     4.62909     4.71269
      10900           0     1997.07     246.996     128.108           0     2474.49     972.518     3447.01     20.6037    -88.1323           0    0.412886    0.505823    0.505823     2549.76     1.6e+19       6.501     4.66247      4.6316     4.74423
      10800           0     1997.07     248.273     125.121           0     2474.53     989.795     3464.32     17.2766    -88.9356           0    0.412886    0.505823    0.505823     2547.56     1.6e+19       6.501     4.63993     4.63735      4.7729
      10700           0     1997.07     249.503     121.184           0        2476     1006.52     3482.52     16.7221    -89.8134           0    0.397829    0.505823    0.507206     2545.34     1.6e+19       6.501     4.62343     4.64659     4.40039
      10600           0     1997.07     250.697     116.811           0     2481.61     1022.72     3504.33     16.2029     -90.814 0.000930225    0.379582    0.505823    0.572861     2543.13     1.6e+19     6.52167      4.6171     4.65838      4.4196
      10500           0     1997.07     251.864     114.179           0     2487.38     1038.36     3525.74     15.6359    -91.9103  0.00202048    0.376947    0.505823    0.572861     2540.96     1.6e+19     6.54729     4.61684     4.67102     4.43645
      10400           0     1997.07     253.004     112.561           0     2493.72     1051.55     3545.27     13.1959    -93.0078  0.00316483    0.381911    0.505823    0.572861     2538.78     1.6e+19     6.57442     4.61997     4.68585     4.45637
      10300           0     1997.07     254.117     111.519           0     2494.04     1062.33     3556.38      10.783    -94.0709  0.00433879       0.391    0.505823    0.572861     2536.61     1.6e+19     6.60252     4.62536     4.70332     4.47871
      10200           0     1997.07     255.203     110.376           0     2494.54     1072.83     3567.37     10.4966    -95.0856  0.00552541      0.4025    0.505823    0.572861     2534.45     1.6e+19     6.63121     4.63249     4.72329     4.50311
      10100           0     1997.07     256.265     108.183           0     2511.17     1080.27     3591.43     7.43536     -96.103  0.00671314    0.412886    0.505823    0.572861      2532.3     1.6e+19     6.66021     4.64112     4.74545      4.5293
      10000           0     1997.07     257.303     105.652           0     2521.22     1086.96     3608.19     6.69729    -97.1658  0.00789453    0.412886    0.505823    0.572861     2530.16     1.6e+19     6.68934     4.65287     4.76948     4.55702
       9900           0     1997.07     258.322     102.943           0     2522.03     1092.94     3614.97     5.97799    -98.2868  0.00906609    0.412886    0.505823    0.572861     2528.01     1.6e+19     6.71852     4.66801     4.79516     4.58607
       9800           0     1997.07     259.326     100.095           0      2522.3     1097.36     3619.66     4.41741    -99.4697   0.0102266    0.412886    0.547427    0.614974     2525.92     1.6e+19     6.74771     4.68591     4.41805     4.21286
       9700   0.0346839      1997.1     260.311     97.1378     0.68025     2529.18     1100.24     3629.42     2.87691    -100.722   0.0113722    0.412886    0.572861    0.634429        2524     1.6e+19     6.77681     4.70585      4.4352     4.23042
       9600   0.0395749     2000.58     261.296     94.0362      1.0859     2536.64     1101.57     3638.21     1.33569     -102.69   0.0133813    0.412886    0.572861    0.634429     2522.23     1.6e+19     6.20527     4.72719     4.45399     4.24984
       9500  0.00567039      2004.5     262.268     90.8203           2     2539.65     1101.76     3641.41   -0.192768     -104.65   0.0183313    0.412886    0.572861    0.634429     2520.59     1.6e+19     6.23149     4.74969      4.4753     4.27108
       9400           0     2005.06     263.198     88.4142           0      2553.5     1103.77     3657.27     2.00216    -105.882   0.0225668    0.412886    0.572861    0.634429     2518.77     1.6e+19     6.25711      4.7732     4.49809     4.29329
       9300           0     2005.06     264.101     86.4913           0     2566.56     1104.07     3670.63   -0.300925    -107.061   0.0266755    0.412886    0.572861    0.634429     2516.88     1.6e+19     6.28218     4.79755     4.52191     4.31681
       9200           0     2005.06     264.991     84.8254           0     2578.57     1105.36     3683.93     -1.2906    -108.283   0.0306799    0.460638    0.572861    0.634429     2515.04     1.6e+19     6.30683     4.41669     4.54663      4.3417
       9100           0     2005.06      265.86     83.3343           0      2582.5     1109.22     3691.72    -3.86008    -109.524   0.0345841    0.484658    0.572861    0.634429     2513.26     1.6e+19     6.33108     4.42978     4.57193     4.36764
       9000           0     2005.06     266.705     81.9823           0     2584.26     1116.62     3700.88    -7.40513    -110.768   0.0383817    0.484658    0.572861    0.634429     2511.51     1.6e+19     6.35486     4.44483     4.59753     4.39433
       8900           0     2005.06     267.531     80.7605           0     2596.67      1123.5     3720.17    -6.88051    -112.002   0.0420795    0.484658    0.612168    0.682674     2509.83     1.6e+19     6.37821      4.4626     4.21872     4.01609
       8800           0     2005.06     268.334     79.6426           0      2597.5     1131.31     3728.82    -7.80857    -113.218   0.0456755    0.484658    0.634429    0.690526      2508.3     1.6e+19      6.4011     4.48205     4.23422     4.03109
       8700    0.052958     2005.11      269.11     78.6116           2     2604.23     1140.02     3744.25    -8.71033     -114.42   0.0491604    0.484658    0.634429    0.690526     2506.79     1.6e+19     6.42345      4.5024     4.25073     4.04719
       8600    0.102182     2010.46     269.793     77.5856           2     2616.15     1149.27     3765.42    -9.24317    -116.588   0.0525259    0.484658    0.634429    0.690526     2505.92     1.6e+19     6.44521     4.52333     4.26847     4.06157
       8500   0.0474873     2020.62     270.306     76.5272           2     2621.78     1158.87     3780.65    -9.60633    -119.385    0.055692    0.484658    0.634429    0.690526     2505.64     1.6e+19     6.46583     4.54456       4.285      4.0703
       8400   0.0828035     2025.41      270.76     76.0089           2     2630.82     1168.33     3799.15    -9.46034    -120.746   0.0585488    0.484658    0.634429    0.690526     2504.72     1.6e+19     6.48455      4.5656     4.29903     4.07714
       8300           0      2033.6     271.183     75.8024           0     2633.27     1181.22     3814.49    -12.8834    -122.635   0.0611181    0.484658    0.634429    0.690526     2504.22     1.6e+19      6.5015     4.58603     4.31163     4.08344
       8200   0.0213602     2033.63     271.663     75.9186           2     2635.25        1194     3829.26    -12.7876    -122.746   0.0630091     0.49736    0.634429    0.690526     2502.73     1.6e+19     6.51698     4.20495     4.32343     4.09275
       8100           0     2035.74     272.212      76.257           0     2636.34     1206.77      3843.1     -12.762    -123.396   0.0630091    0.526451    0.634429    0.690526     2501.54     1.6e+19     6.53208     4.21716     4.33653     4.10634
       8000   0.0707645     2035.81     272.791     76.7841           2     2643.26     1219.83      3863.1    -13.0662    -123.655   0.0630091      0.5446    0.634429    0.690526     2500.14     1.6e+19     6.54737     4.22592     4.35104     4.12276
       7900           0     2042.82       273.3     77.4423           0     2645.54     1233.13     3878.67    -13.2996    -125.258   0.0630091    0.551677    0.634429    0.690526      2499.6     1.6e+19     6.56291     4.23397     4.36652     4.13779
       7800  0.00992022     2042.83     273.798     78.3224           2     2645.57     1247.23      3892.8    -14.0979    -125.265   0.0630091    0.551677    0.634429    0.690526     2498.21     1.6e+19     6.57823     4.24387      4.3816     4.15313
       7700   0.0322538     2043.84     274.347     79.3813           2     2647.89     1261.18     3909.07    -13.9467    -125.529   0.0630091    0.551677    0.634429    0.690526     2496.95     1.6e+19     6.59347     4.25534     4.39757     4.17132
       7600   0.0139127     2047.05     274.877     80.5731           2     2648.08     1275.95     3924.04     -14.777    -126.179   0.0653941    0.551677     0.65367    0.690526     2495.97     1.6e+19      5.8081     4.26803     4.01229     4.18922
       7500           0     2048.43     275.398     81.9102           0     2653.23     1291.53     3944.76    -15.5734    -126.348   0.0693929    0.551677    0.671251    0.705473     2494.81     1.6e+19     5.82174     4.28154     4.02479     3.80548
       7400           0     2048.43     275.946     82.3363           0     2661.61     1307.92     3969.53    -16.3961    -126.234   0.0732699    0.551677    0.685129     0.73582     2493.57     1.6e+19     5.83503     4.29551     4.03596     3.81663
       7300           0     2048.43     276.511     82.2367           0     2671.31     1323.16     3994.47    -15.2362    -126.195   0.0771046    0.551677    0.690526    0.741151     2492.41     1.6e+19     5.84824     4.30971     4.04638     3.82651
       7200           0     2048.43     277.076     81.8609           0     2684.66     1337.24     4021.89    -14.0763    -126.226   0.0809348    0.551677    0.690526    0.741151     2491.25     1.6e+19     5.86149     4.32407     4.05827     3.83861
       7100           0     2048.43     277.637     81.2953           0     2698.66     1352.57     4051.23     -15.337     -126.32   0.0847678    0.551677    0.690526    0.741151      2490.1     1.6e+19     5.87482     4.33863     4.07156     3.85239
       7000           0     2048.43     278.192     80.5876           0     2704.97     1373.16     4078.13    -20.5922    -126.467   0.0886002    0.551677    0.690526    0.741151     2488.96     1.6e+19     5.88821     4.35345     4.08594     3.86738
       6900           0     2048.43     278.742     79.7807           0     2711.25     1393.81     4105.05    -20.6424    -126.661   0.0924258    0.551677    0.690526    0.741151     2487.82     1.6e+19     5.90164     4.36855     4.10114     3.88325
       6800           0     2048.43     279.288     78.8946           0      2715.7     1410.19     4125.89     -16.388    -126.896   0.0962386    0.551677    0.690526    0.741151      2486.7     1.6e+19     5.91509     4.38392     4.11695     3.89977
       6700           0     2048.43     279.829     77.9547           0     2719.67     1427.92      4147.6    -17.7295    -127.166    0.100034    0.551677    0.690526    0.741151     2485.58     1.6e+19     5.92854     4.39954     4.13322     3.91676
       6600           0     2048.43     280.367     76.9903           0     2724.33     1448.89     4173.22    -20.9666    -127.468    0.103806    0.577748    0.690526    0.741151     2484.48     1.6e+19     5.94197     4.01181     4.14981     3.93409
       6500           0     2048.43     280.895     75.9931           0     2726.09     1468.69     4194.77    -19.7947    -127.797    0.107535    0.595121    0.690526    0.741151     2483.43     1.6e+19     5.95532     4.02072     4.16649     3.95164
       6400           0     2048.43      281.41     75.2791           0     2727.26      1488.9     4216.16    -20.2099    -128.145    0.111199    0.608316    0.690526    0.741151     2482.41     1.6e+19     5.96849     4.02844      4.1831     3.96928
       6300           0     2048.43     281.912     74.7306           0     2729.21     1507.86     4237.07    -18.9618    -128.495    0.114783    0.613942    0.690526    0.741151     2481.41     1.6e+19     5.98144     4.03611     4.19957     3.98691
       6200           0     2048.43     282.402     74.2803           0     2739.12     1526.46     4265.58    -18.6015    -128.839    0.118284    0.613942    0.710475    0.750439     2480.43     1.6e+19     5.99414     4.04549     3.81341      3.6038
       6100           0     2048.43     282.879     73.9184           0     2749.85     1544.69     4294.53    -18.2288    -129.172    0.121698    0.613942    0.725124    0.777081     2479.54     1.6e+19     6.00658     4.05617      3.8245     3.61473
       6000           0     2048.43     283.341     73.6167           0     2750.05     1562.53     4312.58    -17.8414    -129.491    0.125014    0.613942    0.735516    0.786217     2478.72     1.6e+19     6.01872     4.06758     3.83355     3.62221
       5900           0     2048.43     283.788     73.3634           0     2751.73     1582.62     4334.35    -20.0876    -129.794    0.128223    0.613942    0.741151    0.786217     2477.92     1.6e+19     6.03051     4.07933     3.84186     3.63016
       5800           0     2048.43     284.219     73.1495           0     2759.61     1601.34     4360.94    -18.7187    -130.081    0.131324    0.613942    0.741151    0.786217     2477.14     1.6e+19     6.04195     4.09122     3.85102     3.63878
       5700   0.0161746     2048.44     284.638     72.9685           2     2761.53     1620.07      4381.6    -18.7379    -130.357    0.134325    0.613942    0.741151    0.786217     2476.36     1.6e+19     6.05307     4.10318     3.86094     3.64807
       5600   0.0323393     2050.08     285.025     72.7948           2     2765.18     1638.95     4404.13    -18.8748    -130.918    0.137232    0.613942    0.741151    0.786217     2475.78     1.6e+19     6.06388     4.11516     3.87119     3.65698
       5500           0     2053.28     285.353     72.6151           0     2771.48      1657.9     4429.38    -18.9531    -131.683    0.140007    0.613942    0.741151    0.786217     2475.39     1.6e+19     6.07424     4.12711     3.88104     3.66417
       5400           0     2053.28     285.679     71.7612           0      2777.1     1677.16     4454.25    -19.2542    -131.728    0.142598    0.613942    0.741151    0.786217     2474.62     1.6e+19     6.08395     4.13886     3.89021     3.67166
       5300  0.00453739     2053.28     286.034     70.4964           2     2779.07     1696.74     4475.81    -19.5841    -131.867    0.145065    0.613942    0.741151    0.786217     2473.86     1.6e+19     6.09322     4.15036     3.89955     3.68084
       5200           0     2053.73     286.393     68.9936           0     2789.37     1713.33     4502.71    -16.5933    -132.179    0.147484    0.613942    0.741151    0.786217     2473.16     1.6e+19     6.10233     4.16161     3.90933     3.69073
       5100  0.00916519     2053.74     286.755     67.3429           2     2792.14     1730.89     4523.02    -17.5545    -132.474    0.149485    0.613942    0.741151    0.786217     2472.41     1.6e+19      6.1114      4.1727     3.91947     3.70117
       5000   0.0675471     2054.72     287.107     65.5458           2     2801.22     1749.39     4550.62    -18.5072    -133.036    0.149485    0.613942    0.741151    0.786217     2471.77     1.6e+19     6.12073     4.18367      3.9299     3.71164
       4900   0.0799285     2061.48     287.362     63.5797           2     2811.71     1766.76     4578.46    -17.3622    -134.708    0.149485    0.613942    0.741151    0.786217     2471.84     1.6e+19      6.1302     4.19458     3.93978      3.7183
       4800   0.0386774     2069.43     287.491     61.4784           2      2817.9      1783.5      4601.4    -16.7411    -136.379    0.149485    0.621705    0.741151    0.786217     2472.05     1.6e+19       6.139      3.8046     3.94732     3.71947
       4700           0     2073.26     287.601     59.3568           0     2818.14      1799.6     4617.74    -16.1013    -137.093    0.149485    0.632558    0.741151    0.786217     2471.78     1.6e+19      6.1465     3.81161     3.95231     3.71949
       4600   0.0663083     2073.33     287.793     57.2815           2     2827.25     1817.59     4644.84    -17.9927    -137.171    0.149485    0.639637    0.741151    0.786217     2471.07     1.6e+19     6.15291     3.81687     3.95655     3.72297
       4500   0.0862535     2079.98     287.962     55.0995           2     2838.12     1836.45     4674.57    -18.8617    -138.684    0.149485    0.644679    0.741151    0.786217     2471.16     1.6e+19      6.1589     3.82123      3.9612     3.72614
       4400   0.0933713     2088.61     288.018     53.1854           2     2849.54     1853.37     4702.91    -16.9182    -140.434    0.149485    0.648495    0.741151    0.786217      2471.5     1.6e+19     6.16433     3.82511     3.96464     3.72496
       4300   0.0703378     2097.93     287.986     51.4294           2     2858.48     1869.86     4728.34    -16.4862    -142.119    0.149485    0.651289    0.741151    0.786217     2471.93     1.6e+19      6.1686     3.82855     3.96584     3.72011
       4200     0.11428        2105     287.932     49.7953           2     2871.81     1885.59      4757.4    -15.7318    -143.228    0.149485    0.653072    0.741151    0.786217     2472.09     1.6e+19     6.17144     3.83147     3.96493     3.71428
       4100    0.153809     2116.47     287.822     48.1985           2     2889.06     1901.71     4790.77     -16.122    -145.115    0.149485    0.653915    0.741151    0.786217     2472.78     1.6e+19     6.17299     3.83381     3.96252     3.70634
       4000     0.15661     2131.86     287.579     46.5773     1.94961     2906.53     1915.99     4822.52    -14.2785    -147.501    0.149485     0.65387    0.741151    0.786217     2473.94     1.6e+19     6.17308     3.83551     3.95763     3.69293
       3900    0.183427     2147.54     287.234     44.9615     1.74236     2926.59     1928.32     4854.92     -12.334    -149.617    0.149485     0.65286    0.741151    0.786217     2475.09     1.6e+19     6.17116      3.8364     3.94932     3.67512
       3800    0.160481     2165.86      286.87     43.3241     1.88358     2944.92     1941.74     4886.67    -13.4201     -151.96    0.149485    0.650823    0.741151    0.786217     2476.32     1.6e+19     6.16707     3.83626     3.93814     3.65583
       3700    0.214084     2181.96     286.496     41.1359     1.69846     2967.19     1954.91      4922.1    -13.1706     -153.62    0.149485    0.647837    0.741151    0.786217     2477.45     1.6e+19     6.16113     3.83502     3.92511     3.63602
       3600    0.151941     2203.31     286.101     37.3376     1.89302     2986.77     1967.82     4954.59    -12.9013    -156.176    0.149485    0.647474     0.73567    0.778842     2478.93     1.6e+19     6.15363     3.83249      3.9111     3.61545
       3500    0.140452     2218.49     285.703     32.9243     1.81383     3005.36     1978.52     4983.88    -10.7029    -157.457    0.149485    0.648951    0.728636    0.742721     2479.89     1.6e+19     6.14482     3.82784     3.89783     3.60064
       3400   0.0971064      2232.5     285.341     28.3275           2     3019.83     1989.86     5009.69    -11.3413    -158.713    0.149485    0.646273    0.722874    0.741151      2480.6     1.6e+19     6.13508     3.82193     3.88657     3.98983
       3300   0.0082177     2242.12     285.043     23.5698           2     3024.91     2000.55     5025.46    -10.6928     -159.41    0.149485    0.640328    0.718116    0.741151     2480.93     1.6e+19     6.12507     3.81586     3.87691     3.98113
       3200   0.0349029     2242.97     284.919     19.3044           2     3031.32     2010.77     5042.09    -10.2188    -158.926    0.149485    0.632721     0.71452    0.741151     2480.18     1.6e+19     6.11555     3.81028     3.86963     3.97991
       3100   0.0251355     2246.45      284.94     16.4032           2     3036.28     2021.06     5057.34    -10.2896    -159.519    0.148926    0.625006    0.712547    0.741151     2479.73     1.6e+19     6.10779     3.80562     3.86648     3.98543
       3000   0.0594559     2248.99     285.026     13.9805           2     3044.37     2031.49     5075.86    -10.4262    -160.241    0.147538    0.618439    0.711811    0.741151     2479.15     1.6e+19     6.10254     3.80215     3.86681     3.99414
       2900   0.0665878     2254.95     285.117     11.8454           2     3052.97      2041.1     5094.07    -9.61723    -161.808    0.146763    0.613942    0.711865     0.74782     2478.97     1.6e+19     6.09962     4.19988     3.86958     3.60273
       2800   0.0704201     2261.61     285.174     9.90465           2     3061.96     2050.98     5112.93    -9.87427    -163.516    0.146423    0.613942    0.712027     0.75854      2478.9     1.6e+19     6.09833     4.19815     3.87273     3.60712
       2700           0     2268.58     285.207      7.9356           0     3063.94     2057.29     5121.23    -6.30725    -165.252    0.146326    0.613942    0.711972    0.763448     2478.89     1.6e+19     6.09797     4.19679     3.87512     3.60913
       2600           0     2268.58     285.326     5.70337           0     3071.07     2068.71     5139.79    -11.4263    -165.734    0.146374    0.613942    0.711869    0.774005     2478.04     1.6e+19     6.09815     4.19584      3.8773     3.61346
       2500   0.0297263     2268.61     285.559     3.40387           2      3076.4     2076.37     5152.77    -7.65949    -166.521    0.146679    0.613942    0.712138    0.786217     2477.23     1.6e+19      6.0993      4.1954     3.88083     3.62043
       2400   0.0493185      2271.6     285.806      1.0385           2     3083.73     2084.58     5168.31    -8.20576    -168.058    0.147332    0.612301    0.712765    0.786217     2476.79     1.6e+19     6.10176     4.19588     3.88577     3.62847
       2300   0.0305311     2276.52     286.002    -1.40156           2     3089.06     2093.43     5182.49    -8.85163    -169.978    0.148243    0.611085    0.713523    0.786217     2476.57     1.6e+19      6.1052     4.19747     3.89133     3.63534
       2200           0     2279.54     286.182     -3.7034           0     3090.27     2102.91     5193.18    -9.48152    -171.517    0.149261    0.610234    0.714232    0.786217     2476.14     1.6e+19     6.10905     4.19995     3.89678      3.6418
       2100   0.0429197     2279.58     286.417    -5.55155           2     3096.24     2112.53     5208.77    -9.61695    -172.566    0.149485    0.615614    0.715024    0.786217     2475.35     1.6e+19     6.11322     3.80231     3.90267     3.65063
       2000   0.0426899     2283.87     286.649    -7.26919           2     3102.07     2122.28     5224.34    -9.74856    -174.499    0.149485    0.620334    0.716004    0.786217     2475.08     1.6e+19     6.11804     3.80433     3.90946     3.65957
       1900    0.035274     2288.13     286.834    -8.88303           2     3107.06     2131.58     5238.64    -9.30022    -176.334    0.149485    0.625058    0.716921    0.786217     2474.81     1.6e+19     6.12321     3.80629     3.91608     3.66661
       1800   0.0451316     2291.67     287.006    -10.3938           2     3113.04     2140.92     5253.96    -9.33933    -177.966    0.149485    0.629815    0.717709    0.786217     2474.47     1.6e+19     6.12836     3.80821     3.92217     3.67301
       1700   0.0562922      2296.2     287.164    -11.9311           2     3120.31     2149.45     5269.76    -8.53714    -179.738    0.149485    0.634512      0.7184    0.786217     2474.25     1.6e+19     6.13337     3.81006     3.92784     3.67869
       1600   0.0271348      2301.8     287.286    -13.6798           2     3124.74     2156.45     5281.19    -6.99843    -181.634    0.149485     0.63905    0.718953    0.786217     2474.17     1.6e+19     6.13813     3.81183     3.93285      3.6828
       1500   0.0224859     2304.51     287.418    -15.4522           2     3128.73     2165.32     5294.06    -8.87341    -182.939    0.149485    0.643295    0.719376    0.786217     2473.75     1.6e+19     6.14249     3.81347     3.93719     3.68716
       1400   0.0275078     2306.76      287.59     -17.241           2     3133.24     2175.96      5309.2    -10.6401    -184.223    0.149485    0.647288    0.719853    0.786217     2473.28     1.6e+19     6.14665       3.815     3.94174     3.69319
       1300           0     2309.48     287.776    -19.0531           0     3133.97     2186.01     5319.97    -10.0402    -185.649    0.149485    0.651239    0.720449    0.786217     2472.88     1.6e+19     6.15092      3.8165     3.94683     3.69999
       1200           0     2309.48     288.003    -20.5599           0     3144.97     2195.49     5340.46    -9.48919    -186.623    0.149485    0.655314    0.721178    0.786217     2472.15     1.6e+19     6.15541     3.81802     3.95255     3.70859
       1100           0     2309.48     288.276    -21.2906           0     3152.83     2204.56     5357.39    -9.06635    -187.689    0.149485    0.659716    0.722145    0.786217     2471.44     1.6e+19     6.16039     3.81964     3.95948     3.71941
       1000           0     2309.48     288.573    -21.6907           0     3158.52     2213.37     5371.88    -8.80817    -188.783    0.149485    0.661858    0.723337    0.786217     2470.73     1.6e+19     6.16606      3.8216     3.96759     3.73143
        900           0     2309.48     288.882    -21.7388           0     3164.56      2222.6     5387.16    -9.23221    -189.867    0.149485    0.662055    0.724699    0.786217     2470.02     1.6e+19     6.17242     3.82469     3.97663     3.74409
        800           0     2309.48     289.199    -21.5252           0      3171.8     2228.48     5400.28    -5.87906    -190.912    0.149485    0.662526    0.726179    0.786217     2469.32     1.6e+19     6.17942     3.82882     3.98635     3.75705
        700           0     2309.48     289.522    -20.9998           0     3176.78     2233.93     5410.71    -5.45486    -191.897    0.149485    0.663223    0.727737    0.786217     2468.61     1.6e+19     6.18695     3.83382     3.99654      3.7701
        600           0     2309.48     289.848    -20.0076           0     3191.59     2242.61     5434.19    -8.67315    -192.799    0.149485    0.664105    0.734056    0.786217     2467.92     1.6e+19     6.19493     3.83953     3.60643      3.7831
        500           0     2309.48     290.177    -18.7359           0     3206.83     2252.14     5458.97    -9.53447    -193.599    0.150603    0.665134     0.74163    0.786217     2467.24     1.6e+19     5.40296     3.84583      3.6155     3.79576
        400           0     2309.48     290.505    -17.1584           0     3234.44     2259.92     5494.36     -7.7779    -194.285    0.153424    0.666271    0.748251    0.800149     2466.59     1.6e+19     5.41044     3.85254      3.6242     3.40655
        300           0     2309.48      290.83    -15.3311           0     3251.31     2273.02     5524.33    -13.1038    -194.848    0.156182    0.667481     0.75355    0.815074     2465.99     1.6e+19     5.41777     3.85952     3.63196     3.41359
        200           0     2309.48     291.149    -13.0264           0     3274.93     2286.88     5561.81    -13.8562    -195.281    0.158888    0.668727    0.757587    0.825184     2465.43     1.6e+19     5.42498     3.86662     3.63868     3.41874
        100           0     2309.48     291.458    -9.81422           0     3283.67     2296.88     5580.56    -10.0024    -195.549    0.161535    0.669986    0.760807    0.825184      2464.9     1.6e+19     5.43206     3.87374     3.64476     3.42393
          0   0.0429927     2309.53     291.756    -6.11306           2     3287.99     2307.18     5595.17    -10.3012    -195.632    0.164115    0.671241    0.763689    0.825184     2464.38     1.6e+19     5.43897     3.88079     3.65076      3.4298