    20000         0         0   179.437    354.04       0.4   78.9895   14.2831   93.2726   14.2831    6.5598
    19900         0         0   179.437    353.13       0.4   151.419   29.7361   181.156   15.4531   6.43382
    19800         0         0   179.437   352.506       0.4   228.894   46.3592   275.253   16.6231   6.30822
    19700         0         0   179.437   352.255       0.4   299.319   60.5222   359.841   14.1631   6.19879
    19600         0         0   179.437    352.29       0.4   351.209   72.5053   423.714   11.9831   6.12087
    19500         0         0   179.437   350.597       0.4   414.692   82.0183    496.71   9.51306   6.05158
    19400         0         0   179.437   347.879       0.4   487.353   94.1014   581.454   12.0831   5.90477
    19300         0         0   179.437   345.374       0.4   558.279   106.214   664.494   12.1131   5.65656
    19200         0         0   179.437   342.873       0.4   620.606   118.358   738.963   12.1431   5.32496
    19100         0         0   179.437    342.02       0.4   681.386   130.011   811.397   11.6531   4.94128
    19000         0         0   179.437   342.156       0.4    741.53   142.474   884.004   12.4631   4.58749
    18900         0         0   179.437   340.553       0.4   800.577   155.747   956.323   13.2731   4.26219
    18800         0         0   179.437   337.986       0.4   870.831    166.28   1037.11   10.5331   3.87637
    18700         0         0   179.437    336.21       0.4   952.601   178.113   1130.71   11.8331   3.41716
    18600         0         0   179.437   334.818       0.4   1047.59   192.576   1240.17   14.4631   2.92873
    18500         0         0   179.437   333.482       0.4   1150.05   201.259   1351.31   8.68306   2.42444
    18400         0         0   179.437   332.205       0.4   1219.19   209.492   1428.69   8.23306    1.9065
    18300         0         0   179.437   329.228       0.4    1275.7   218.075   1493.77   8.58306   1.34924
    18200         0         0   179.437     325.2       0.4    1360.8   226.658   1587.45   8.58306  0.672723
    18100         0         0   179.437   321.768       0.4   1469.79   234.714    1704.5   8.05639 -0.137283
    18000         0         0   179.437   318.559       0.4   1574.09   243.331   1817.42   8.61639  -1.04056
    17900         0         0   179.437    317.64       0.4   1670.99   253.364   1924.35   10.0331  -1.98653
    17800         0         0   179.437   318.134       0.4      1766   264.257   2030.25   10.8931  -2.86227
    17700         0         0   179.437   316.312       0.4   1860.47    274.54   2135.01   10.2831  -3.66765
    17600         0         0   179.437   313.229       0.4   1943.92   288.828   2232.75   14.2881  -4.52282
    17500         0         0   179.437   313.298       0.4   2011.35   302.776   2314.12   13.9481  -5.41147
    17400         0         0   182.115   344.137       0.4   2042.72   312.444   2355.16   9.66738  -7.03503
    17300         0         0   182.934   353.815       0.4   2073.54   322.233   2395.78   9.78928  -7.23612
    17200         0         0    183.39   359.881       0.4   2096.59   335.928   2432.52    13.695  -7.02974
    17100         0         0   183.841   363.835       0.4   2099.91   350.717   2450.63   14.7892  -6.64495
    17000         0         0   184.395   366.328       0.4   2106.32   368.422   2474.74   17.7049  -6.19849
    16900         0         0   185.076   363.157       0.4   2119.69   386.971   2506.66   18.5487  -5.83044
    16800         0         0   185.879    356.08       0.4   2132.94   406.282   2539.22   19.3111  -5.80695
    16700         0         0   186.789   347.713       0.4   2143.96   427.383   2571.34   21.1008  -6.22983
    16600         0         0   187.792   338.163       0.4   2156.83    452.74   2609.57   25.3575  -7.09448
    16500         0         0   188.875   339.172       0.4   2164.82   472.218   2637.03   19.4779  -8.20911
    16400  0.361662  0.361662   190.027    347.24       0.4   2171.37   496.159   2667.52   23.9409  -9.07282
    16300  0.596282   36.7625   191.511   351.749       0.4   2187.41   517.164   2704.58   21.0054  -17.6002
    16200  0.345947   96.1404   193.594     353.9       0.4   2207.39   543.016   2750.41   25.8514  -29.1884
    16100         0   130.389    195.99   344.176       0.4   2222.43   570.763   2793.19   27.7471  -32.8816
    16000         0   130.389   198.185    327.02       0.4   2226.69   596.281   2822.97   25.5181  -29.0857
    15900         0   130.389   200.082    318.17       0.4   2227.83   620.051   2847.88   23.7703  -26.9644
    15800         0   130.389   201.815    314.32       0.4   2229.41   640.596   2870.01   20.5448   -25.764
    15700 0.0249703   130.414   203.451   311.809       0.4   2231.52   660.654   2892.17   20.0587  -25.1109
    15600 0.0471493   132.933   205.047   310.413       0.4   2234.97   678.368   2913.34   17.7133  -25.3657
    15500 0.0317382   137.633   206.647   308.295       0.4   2238.33    695.25   2933.58   16.8827  -26.2256
    15400  0.245962   141.021    208.25   305.826       0.4   2246.51   711.006   2957.52   15.7553   -26.826
    15300  0.535604   165.907   210.008   304.683       0.4   2262.52   728.314   2990.83   17.3082  -32.2449
    15200   0.72617   219.658   212.213   303.978       0.4   2278.61   744.175   3022.78   15.8605  -42.8948
    15100    1.0936   292.642   215.008   308.779       0.4   2302.03    757.94   3059.97   13.7656  -55.2963
    15000   1.37351   402.282   218.573   316.885       0.4   2336.87    768.67   3105.54     10.73   -72.178
    14900   1.54724   539.807   223.072   321.441       0.4   2378.77   774.244   3153.02   5.57436  -90.3256
    14800   1.27074   694.254   228.492   323.654       0.4   2427.37   775.031    3202.4  0.787008  -107.277
    14700         0   820.057   234.365   310.372       0.4   2464.73   780.402   3245.13  -5.37096  -115.246
    14600         0   820.057   231.071   237.853       0.4   2471.91   785.172   3257.08   4.76931  -97.9923
    14500         0   820.057    230.58   210.115       0.4   2496.35   793.939   3290.29   8.76708   -88.881
    14400         0   820.057   231.681   193.421       0.4   2528.52   803.611   3332.13   9.67271  -83.9117
    14300     0.005   820.062    233.29   179.458       0.4   2563.35   809.471   3372.82   5.85995  -81.2466
    14200         0   820.557   234.965   167.749       0.4   2604.46   813.058   3417.51   3.58706  -80.0788
    14100         0   820.557   236.555   161.562       0.4   2645.77   814.837   3460.61   1.77851    -79.59
    14000         0   820.557   238.019   158.834       0.4   2696.04   815.871   3511.91  -1.03426  -79.4185
    13900         0   820.557   239.364   154.206       0.4   2751.14   817.078   3568.22   1.20645  -79.3975
    13800         0   820.557   240.601   148.705       0.4   2797.14   819.164    3616.3  -2.08627  -79.6051
    13700         0   820.557   241.747   144.714       0.4   2858.75   819.561   3678.31 -0.397011  -80.0184
    13600         0   820.557   242.816   141.573       0.4   2912.84   821.172   3734.01  -1.61082  -80.5462
    13500         0   820.557   243.819   144.761       0.4   2967.32   829.161   3796.48  -7.98905  -81.0459
    13400         0   820.557   244.764    151.83       0.4   3020.59   834.885   3855.47  -5.72428  -81.2019
    13300         0   820.557   245.658   149.057       0.4   3074.27   843.683   3917.95  -8.79775  -81.1127
    13200         0   820.557    249.33   169.522       0.4   3111.09   853.098   3964.19  -9.41517  -81.2976
    13100         0   820.557   251.674   175.929       0.4   3142.12   868.907   4011.02  -15.8087   -80.526
    13000         0   820.557   253.554   181.649       0.4   3181.34   883.974   4065.32  -15.0677  -79.4249
    12900         0   820.557   255.042   187.737       0.4   3205.62   900.309   4105.93  -16.3349  -78.1762
    12800         0   820.557   256.144   193.924       0.4   3221.84   915.572   4137.41  -15.2624  -76.8391
    12700         0   820.557   257.116   196.192       0.4   3243.37   930.085   4173.45  -14.5137  -75.5311
    12600         0   820.557   258.187   195.605       0.4   3283.56   943.123   4226.68  -13.0373  -74.4867
    12500         0   820.557   259.307   195.485       0.4    3321.2   955.442   4276.65  -12.3193  -73.7684
    12400         0   820.557   260.457   195.483       0.4   3360.95   969.799   4330.75  -14.3572  -73.2985
    12300         0   820.557   261.631   194.195       0.4   3389.69   984.645   4374.33  -14.8455  -73.0631
    12200         0   820.557   262.826   191.939       0.4   3403.89   998.168   4402.06  -13.5235  -73.0976
    12100         0   820.557   264.042   191.159       0.4   3409.03   1009.77    4418.8  -11.5997  -73.3656
    12000   0.18962   820.747   265.282    191.33       0.4   3412.84   1024.95   4437.79  -15.1846  -73.7846
    11900  0.395268   839.914   266.704   192.217       0.4   3421.46    1037.1   4458.57  -12.1503  -78.1737
    11800  0.874418    879.92   268.544   193.341       0.4    3435.7   1050.61   4486.31  -13.5037  -85.9784
    11700         0   966.488    271.19   200.818       0.4   3460.77   1065.21   4525.98  -14.6084  -101.275
    11600         0   966.488   259.869   174.468       0.4   3466.12   1067.72   4533.84  -2.50513  -95.6146
    11500         0   966.488    255.77   157.202       0.4   3468.36   1077.72   4546.07   9.99713  -93.7037
    11400         0   966.488   255.105   134.382       0.4   3480.93   1090.56   4571.49   12.8469  -94.0753
    11300         0   966.488   255.744   123.611       0.4   3499.42    1100.3   4599.72   9.73303  -95.7576
    11200  0.185041   966.673   256.807    119.66       0.4    3522.4   1108.34   4630.74   8.04336  -97.6804
    11100  0.142717   985.135   258.186   112.052       0.4   3565.55   1115.05    4680.6   6.71364  -103.036
    11000 0.0974996   999.361   259.757   102.683       0.4   3617.46    1120.1   4737.56   5.04265  -106.787
    10900     0.005   1009.02   261.286   97.1746       0.4   3660.16   1126.41   4786.57   6.31383  -109.286
    10800 0.0478866   1009.56   262.624   94.0367       0.4   3691.21   1129.34   4820.54   2.92626  -109.802
    10700 0.0351811   1014.34   263.824   90.0565       0.4   3723.81   1131.74   4855.54   2.40142   -111.31
    10600 0.0247151   1017.84   264.957   85.6874       0.4   3760.54   1133.68   4894.22   1.94288  -112.578
    10500 0.0144517   1020.31    266.01   83.0133       0.4   3797.48   1135.17   4932.65   1.48966  -113.704
    10400         0   1021.74   266.982   81.3581       0.4   3835.02   1135.95   4970.97 -0.782444  -114.653
    10300         0   1021.74   267.871   80.3052       0.4   3865.91   1138.92   5004.83  -2.97123   -115.35
    10200         0   1021.74   268.692   79.1948       0.4   3897.59   1141.92    5039.5  -2.99216  -116.103
    10100         0   1021.74   269.467   77.0997       0.4    3945.3   1147.68   5092.98  -5.76686  -116.931
    10000         0   1021.74   270.206    74.692       0.4   3986.31   1153.89    5140.2   -6.2059  -117.855
     9900         0   1021.74   270.914   72.1192       0.4   4016.33    1160.5   5176.83  -6.61407  -118.875
     9800         0   1021.74   271.595   69.4161       0.4   4047.28   1168.35   5215.63  -7.85119  -119.985
     9700         0   1021.74   272.252   66.6063       0.4   4070.93   1177.42   5248.35   -9.0644  -121.177
     9600         0   1021.74   272.888   63.7096       0.4    4093.8   1187.68   5281.48  -10.2568  -122.447
     9500         0   1021.74   273.505   60.7377       0.4   4120.88   1199.11   5319.98  -11.4303   -123.79
     9400         0   1021.74   274.103   58.4889       0.4   4164.65   1208.01   5372.66  -8.90339  -125.186
     9300         0   1021.74   274.682    56.665       0.4   4207.54   1218.89   5426.43  -10.8825  -126.591
     9200         0   1021.74   275.244    55.071       0.4   4249.31   1230.44   5479.74  -11.5439  -127.985
     9100         0   1021.74   275.789   53.6345       0.4   4282.93   1244.23   5527.16  -13.7892  -129.359
     9000         0   1021.74   276.319   52.3244       0.4   4314.35   1261.24   5575.59  -17.0194  -130.708
     8900         0   1021.74   276.833   51.1357       0.4   4356.38   1277.43   5633.81   -16.183  -132.029
     8800         0   1021.74   277.328   50.0441       0.4   4386.82   1294.23   5681.05  -16.8025  -133.318
     8700         0   1021.74   277.801   49.0341       0.4   4409.67   1311.63    5721.3  -17.4012  -134.573
     8600         0   1021.74   278.255   48.0968       0.4   4427.24   1329.34   5756.57  -17.7052  -135.793
     8500         0   1021.74   278.692   47.2236       0.4   4450.91   1347.33   5798.24  -17.9923  -136.978
     8400         0   1021.74   279.115   46.8268       0.4   4471.06   1365.14    5836.2  -17.8155  -138.119
     8300         0   1021.74   279.528   46.7421       0.4   4502.57   1386.37   5888.95  -21.2276  -139.195
     8200         0   1021.74   279.931    46.869       0.4   4529.64   1407.43   5937.07  -21.0559  -140.196
     8100         0   1021.74   280.327   47.1801       0.4    4559.8    1428.3   5988.11   -20.877  -141.118
     8000         0   1021.74   280.717   47.6423       0.4   4582.02    1449.3   6031.31  -20.9919  -141.959
     7900         0   1021.74   281.101   48.3037       0.4   4613.43    1470.4   6083.83  -21.1013  -142.716
     7800         0   1021.74   281.481   49.1261       0.4    4642.6   1492.18   6134.78  -21.7812  -143.385
     7700         0   1021.74   281.858   50.0968       0.4   4669.57   1513.64    6183.2  -21.4578  -143.965
     7600         0   1021.74   282.232   51.2251       0.4   4698.72   1535.77   6234.49  -22.1324  -144.454
     7500         0   1021.74   282.603   52.4836       0.4    4733.3   1558.55   6291.85  -22.7784   -144.85
     7400         0   1021.74   282.968   52.8507       0.4   4771.16   1581.97   6353.12  -23.4181  -145.173
     7300         0   1021.74   283.326   52.7049       0.4   4810.39   1604.02   6414.41  -22.0508  -145.476
     7200         0   1021.74   283.677    52.294       0.4    4853.3   1624.69      6478  -20.6767   -145.78
     7100         0   1021.74   284.021   51.7025       0.4    4896.9   1646.41   6543.31  -21.7208  -146.094
     7000         0   1021.74   284.356   50.9772       0.4   4932.82   1673.17   6605.99  -26.7565  -146.424
     6900         0   1021.74   284.682   50.1597       0.4   4968.72   1699.75   6668.47  -26.5822  -146.771
     6800         0   1021.74   284.996   49.2694       0.4   5002.79   1721.85   6724.64  -22.0962  -147.136
     6700         0   1021.74   285.298   48.3304       0.4   5036.39   1745.05   6781.44   -23.198  -147.519
     6600         0   1021.74   285.588   47.3703       0.4   5070.67   1771.24   6841.91  -26.1881  -147.921
     6500         0   1021.74   285.868   46.3795       0.4   5102.04      1796   6898.05  -24.7678  -148.341
     6400         0   1021.74   286.139   45.6587       0.4   5132.83   1820.94   6953.78  -24.9386  -148.773
     6300         0   1021.74   286.402   45.0959       0.4   5164.42   1844.39   7008.81  -23.4515  -149.201
     6200         0   1021.74   286.658   44.6264       0.4   5203.98   1867.25   7071.23  -22.8576   -149.62
     6100         0   1021.74   286.908   44.2405       0.4   5244.39   1889.51    7133.9  -22.2577  -150.026
     6000         0   1021.74   287.153   43.9107       0.4   5273.89   1911.16   7185.05  -21.6525  -150.418
     5900         0   1021.74   287.393   43.6251       0.4   5305.31   1934.85   7240.17  -23.6929  -150.795
     5800         0   1021.74   287.629   43.3752       0.4   5342.97   1956.98   7299.95  -22.1295  -151.156
     5700         0   1021.74   287.863   43.1555       0.4   5370.86   1978.95   7349.81  -21.9628  -151.501
     5600         0   1021.74   288.093   42.9624       0.4   5397.04   2000.89   7397.93  -21.9431  -151.832
     5500         0   1021.74   288.321   42.7928       0.4   5433.16   2022.81   7455.97  -21.9206  -152.147
     5400         0   1021.74   288.546   41.9463       0.4   5468.59   2044.93   7513.52  -22.1207  -152.461
     5300         0   1021.74   288.768   40.6853       0.4   5496.42   2067.25   7563.67  -22.3184  -152.812
     5200         0   1021.74   288.989    39.196       0.4   5536.52   2086.44   7622.96  -19.1889  -153.212
     5100         0   1021.74   289.207   37.5584       0.4   5563.54   2106.45   7669.99  -20.0073  -153.667
     5000         0   1021.74   289.424    35.788       0.4   5584.22   2127.27   7711.49  -20.8238  -154.179
     4900         0   1021.74   289.638   33.9342       0.4   5603.38   2146.91   7750.29  -19.6384   -154.75
     4800         0   1021.74   289.851   32.0005       0.4   5626.66   2166.01   7792.67  -19.1012  -155.376
     4700         0   1021.74   290.061   30.0043       0.4   5655.78   2184.57   7840.35  -18.5613  -156.059
     4600         0   1021.74   290.267   27.9753       0.4   5675.98   2205.04   7881.01  -20.4674  -156.796
     4500         0   1021.74   290.469   25.8951       0.4   5694.31   2226.41   7920.71  -21.3688  -157.584
     4400         0   1021.74   290.665   24.1254       0.4   5711.94   2245.97   7957.91  -19.5655  -158.417
     4300         0   1021.74   290.858    22.529       0.4   5731.91   2265.33   7997.24  -19.3577  -159.274
     4200         0   1021.74   291.046   21.0225       0.4   5747.35   2284.17   8031.52  -18.8459  -160.148
     4100         0   1021.74    291.23   19.5887       0.4   5758.71   2303.71   8062.42  -19.5301  -161.033
     4000         0   1021.74    291.41   18.1978       0.4   5769.61   2321.82   8091.43    -18.11  -161.928
     3900         0   1021.74   291.585   16.8356       0.4   5777.68    2338.5   8116.18  -16.6854  -162.831
     3800         0   1021.74   291.756   15.4927       0.4   5787.18   2356.81   8143.99  -18.3059   -163.74
     3700         0   1021.74   291.921   13.6081       0.4   5792.44    2375.4   8167.85   -18.596   -164.66
     3600         0   1021.74    292.08   10.2339       0.4   5799.97   2394.28   8194.25    -18.88  -165.659
     3500         0   1021.74   292.233   6.21365       0.4   5808.09   2411.52    8219.6  -17.2329  -166.791
     3400         0   1021.74    292.38   1.95736       0.4   5819.99    2429.9   8249.88  -18.3798  -168.069
     3300         0   1021.74   292.521  -2.53244       0.4   5841.01   2448.07   8289.08  -18.1709  -169.492
     3200         0   1021.74   292.657  -6.70503       0.4   5860.61   2466.02   8326.63  -17.9565  -171.053
     3100         0   1021.74   292.787  -9.60245       0.4   5881.66   2484.16   8365.82  -18.1371  -172.686
     3000         0   1021.74   292.913   -12.047       0.4   5899.59   2502.47   8402.06  -18.3133  -174.336
     2900         0   1021.74   293.036  -14.1715       0.4   5917.01   2520.01   8437.02  -17.5358  -175.982
     2800         0   1021.74   293.155  -16.0699       0.4      5934   2537.86   8471.86  -17.8551  -177.612
     2700         0   1021.74   293.272  -17.9699       0.4   5957.92   2552.24   8510.15  -14.3718  -179.222
     2600         0   1021.74   293.386  -20.1937       0.4   5990.94   2571.72   8562.67  -19.4861  -180.829
     2500         0   1021.74   293.498  -22.5143       0.4   6011.54   2587.32   8598.86  -15.5985  -182.447
     2400         0   1021.74   293.609   -24.862       0.4    6030.1   2603.33   8633.43  -16.0091  -184.082
     2300         0   1021.74   293.718  -27.2349       0.4    6050.6    2619.9    8670.5  -16.5681  -185.733
     2200         0   1021.74   293.826  -29.4786       0.4   6077.59   2637.02   8714.61  -17.1258  -187.401
     2100         0   1021.74   293.932  -31.3277       0.4    6097.4   2654.16   8751.56  -17.1323  -189.065
     2000         0   1021.74   294.038  -33.0143       0.4   6117.32   2671.29   8788.61  -17.1376   -190.71
     1900         0   1021.74   294.142  -34.5772       0.4   6138.02    2687.9   8825.92  -16.6086  -192.331
     1800         0   1021.74   294.245   -36.044       0.4   6157.69   2704.48   8862.17  -16.5785  -193.924
     1700         0   1021.74   294.348  -37.5251       0.4   6176.02    2720.2   8896.22  -15.7209  -195.487
     1600         0   1021.74   294.449  -39.1894       0.4   6197.09   2734.36   8931.45  -14.1616  -197.032
     1500         0   1021.74    294.55  -40.9047       0.4   6218.55   2750.37   8968.92  -16.0047  -198.566
     1400         0   1021.74   294.649  -42.6577       0.4   6239.47   2768.07   9007.53  -17.6995  -200.093
     1300         0   1021.74   294.748  -44.4334       0.4   6264.11   2785.08   9049.19  -17.0124  -201.613
     1200         0   1021.74   294.847  -45.9506       0.4    6300.5   2801.41   9101.91  -16.3332  -203.127
     1100         0   1021.74   294.944  -46.7397       0.4   6333.81   2817.15   9150.96  -15.7338  -204.601
     1000         0   1021.74    295.04  -47.2126       0.4   6365.02   2832.42   9197.45  -15.2752  -206.009
      900         0   1021.74   295.136  -47.3456       0.4   6396.67   2847.91   9244.58  -15.4858  -207.338
      800         0   1021.74    295.23  -47.2228       0.4   6429.61   2859.82   9289.43  -11.9105  -208.579
      700         0   1021.74   295.324  -46.7963       0.4   6460.39   2871.08   9331.46  -11.2577  -209.726
      600         0   1021.74   295.417  -45.9168       0.4    6501.1   2885.32   9386.42  -14.2423  -210.764
      500         0   1021.74   295.509  -44.7639       0.4   6542.38   2900.18   9442.56  -14.8668  -211.682
      400         0   1021.74     295.6  -43.3132       0.4   6596.14   2913.06    9509.2  -12.8729  -212.474
      300         0   1021.74   295.691  -41.6187       0.4   6639.29   2931.02   9570.32   -17.964  -213.137
      200         0   1021.74    295.78  -39.4646       0.4   6689.36   2949.51   9638.87  -18.4874  -213.665
      100         0   1021.74   295.868  -36.4381       0.4   6724.73   2963.92   9688.65   -14.413  -214.026
        0     0.005   1021.74   295.956  -32.9397       0.4   6747.24   2968.52   9715.76   4.60232  -214.197