    20000         0         0   179.437    354.04         0   78.9895   14.2831   93.2726   14.2831    6.5598
    19900         0         0   179.437    353.13         0   151.419   29.7361   181.156   15.4531   6.43382
    19800         0         0   179.437   352.506         0   228.894   46.3592   275.253   16.6231   6.30822
    19700         0         0   179.437   352.255         0   299.319   60.5222   359.841   14.1631   6.19879
    19600         0         0   179.437    352.29         0   351.209   72.5053   423.714   11.9831   6.12087
    19500         0         0   179.437   350.597         0   414.692   82.0183    496.71   9.51306   6.05158
    19400         0         0   179.437   347.879         0   487.353   94.1014   581.454   12.0831   5.90477
    19300         0         0   179.437   345.374         0   558.279   106.214   664.494   12.1131   5.65656
    19200         0         0   179.437   342.873         0   620.606   118.358   738.963   12.1431   5.32496
    19100         0         0   179.437    342.02         0   681.386   130.011   811.397   11.6531   4.94128
    19000         0         0   179.437   342.156         0    741.53   142.474   884.004   12.4631   4.58749
    18900         0         0   179.437   340.553         0   800.577   155.747   956.323   13.2731   4.26219
    18800         0         0   179.437   337.986         0   870.831    166.28   1037.11   10.5331   3.87637
    18700         0         0   179.437    336.21         0   952.601   178.113   1130.71   11.8331   3.41716
    18600         0         0   179.437   334.818         0   1047.59   192.576   1240.17   14.4631   2.92873
    18500         0         0   179.437   333.482         0   1150.05   201.259   1351.31   8.68306   2.42444
    18400         0         0   179.437   332.205         0   1219.19   209.492   1428.69   8.23306    1.9065
    18300         0         0   179.437   329.228         0    1275.7   218.075   1493.77   8.58306   1.34924
    18200         0         0   179.437     325.2         0    1360.8   226.658   1587.45   8.58306  0.672723
    18100         0         0   179.437   321.768         0   1469.79   234.714    1704.5   8.05639 -0.137283
    18000         0         0   179.437   318.559         0   1574.09   243.331   1817.42   8.61639  -1.04056
    17900         0         0   179.437    317.64         0   1670.99   253.364   1924.35   10.0331  -1.98653
    17800         0         0   179.437   318.134         0      1766   264.257   2030.25   10.8931  -2.86227
    17700         0         0   179.437   316.312         0   1860.47    274.54   2135.01   10.2831  -3.66765
    17600         0         0   179.437   313.229         0   1943.92   288.828   2232.75   14.2881  -4.52282
    17500         0         0   179.437   313.298         0   2011.35   302.776   2314.12   13.9481  -5.41147
    17400         0         0   182.115   344.137         0   2042.72   312.444   2355.16   9.66738  -7.03503
    17300         0         0   182.934   353.815         0   2073.54   322.233   2395.78   9.78928  -7.23612
    17200         0         0    183.39   359.881         0   2096.59   335.928   2432.52    13.695  -7.02974
    17100         0         0   183.841   363.835         0   2099.91   350.717   2450.63   14.7892  -6.64495
    17000         0         0   184.395   366.328         0   2106.32   368.422   2474.74   17.7049  -6.19849
    16900         0         0   185.076   363.157         0   2119.69   386.971   2506.66   18.5487  -5.83044
    16800         0         0   185.879    356.08         0   2132.94   406.282   2539.22   19.3111  -5.80695
    16700         0         0   186.789   347.713         0   2143.96   427.383   2571.34   21.1008  -6.22983
    16600         0         0   187.792   338.163         0   2156.83    452.74   2609.57   25.3575  -7.09448
    16500         0         0   188.875   339.172         0   2164.82   472.218   2637.03   19.4779  -8.20911
    16400  0.361662  0.361662   190.027    347.24         0   2171.37   496.159   2667.52   23.9409  -9.07282
    16300  0.593032   36.7593   191.647   351.711         0   2187.38   517.028    2704.4   20.8693  -17.6067
    16200  0.336512   95.8059   194.136   353.744         0    2207.2   542.337   2749.54   25.3087   -29.161
    16100         0   129.121   197.067   343.866         0   2221.93   569.007   2790.93   26.6702   -32.742
    16000         0   129.121   199.681   326.571         0   2225.74   593.029   2818.77   24.0219   -29.075
    15900         0   129.121   201.845   317.588         0   2227.46   615.037    2842.5    22.008  -27.0467
    15800         0   129.121   203.755   313.624         0   2228.34   633.642   2861.99   18.6052  -25.9069
    15700         0   129.121   205.512   311.015         0   2229.66    651.64    2881.3   17.9977  -25.2844
    15600 0.0181113   129.139   207.173    309.57         0   2232.27   667.227    2899.5   15.5868  -25.0023
    15500 0.0037853   130.935   208.792   307.456         0   2234.79   681.965   2916.75   14.7383  -25.3358
    15400  0.219992    131.53    210.38   305.023         0   2242.17    695.59   2937.76   13.6254  -25.5285
    15300  0.510305    153.82   212.186   303.913         0    2257.4   710.721   2968.12   15.1311  -30.6795
    15200  0.697887   205.038   214.656   303.197         0   2272.71   724.139   2996.85   13.4172  -41.1721
    15100   1.05886   275.187   218.015   307.891         0   2295.25   734.897   3030.15   10.7586  -53.4414
    15000   1.32738   381.342   222.531   315.769         0   2328.97   741.669   3070.64    6.7715  -70.1912
    14900   1.48472   514.237   228.454   319.971         0    2369.4   741.862   3111.26  0.193064  -88.1484
    14800   1.19112   662.415   235.762   321.696         0   2416.04   748.345   3164.38  -6.48294  -104.802
    14700         0   780.336    243.78   308.016         0   2451.05    763.13   3214.18  -14.7856  -112.319
    14600         0   780.336   242.506   235.138         0   2460.95   769.796   3230.74  -6.66602   -95.861
    14500         0   780.336    242.95   207.146         0   2488.35   773.399   3261.75  -3.60285  -87.2628
    14400         0   780.336   244.609   190.294         0   2523.65   776.654    3300.3  -3.25527  -82.6278
    14300         0   780.336   246.606   176.263         0   2561.67   784.111   3345.78  -7.45606  -80.1763
    14200         0   780.336   248.561   164.532         0      2606   794.119   3400.11  -10.0085  -79.0455
    14100         0   780.336   250.351   158.283         0   2650.59   806.136   3456.72  -12.0175  -78.6592
    14000         0   780.336   251.956   155.489         0    2704.2   821.107   3525.31  -14.9705  -78.5494
    13900         0   780.336   253.387   150.865         0   2762.65   833.924   3596.57  -12.8171  -78.5637
    13800         0   780.336   254.665   145.388         0   2811.96   850.074   3662.03  -16.1496   -78.789
    13700         0   780.336   255.807   141.414         0   2876.87    864.53    3741.4  -14.4568  -79.2094
    13600         0   780.336   256.838   138.299         0   2934.24   880.163    3814.4  -15.6329  -79.7386
    13500         0   780.336   257.779   141.406         0   2992.07   902.113   3894.18  -21.9494   -80.237
    13400         0   780.336   258.644   148.361         0    3048.8   921.717   3970.52  -19.6041  -80.3911
    13300         0   780.336   259.442   145.667         0   3105.87   944.298   4050.17  -22.5816  -80.3006
    13200         0   780.336    263.18   165.886         0   3146.34   967.563    4113.9  -23.2647  -80.5473
    13100         0   780.336   265.558   172.159         0   3181.13   997.256   4178.38  -29.6929  -79.8483
    13000         0   780.336   267.446    177.78         0   3224.22   1026.22   4250.44  -28.9596   -78.814
    12900         0   780.336   268.917   183.757         0   3252.48   1056.42    4308.9   -30.209  -77.6262
    12800         0   780.336   269.978   189.835         0   3272.78   1085.52    4358.3  -29.0956  -76.3449
    12700         0   780.336   270.897   192.058         0   3298.45   1113.81   4412.27  -28.2944  -75.0878
    12600         0   780.336    271.91   191.453         0   3342.79   1140.57   4483.37  -26.7598  -74.0894
    12500         0   780.336   272.965   191.301         0   3384.62   1166.55   4551.17  -25.9778  -73.4123
    12400         0   780.336   274.047   191.278         0   3428.57    1194.5   4623.07  -27.9467  -72.9804
    12300         0   780.336   275.151   189.991         0   3461.51   1222.86   4684.38   -28.365  -72.7803
    12200         0   780.336   276.279   187.745         0   3479.91   1249.84   4729.75  -26.9765  -72.8463
    12100         0   780.336    277.43   186.948         0   3489.27   1274.83   4764.09  -24.9875  -73.1425
    12000     0.005   780.341   278.601   187.099         0   3489.69   1303.33   4793.02  -28.5037   -73.544
    11900   0.24826   781.084   279.801   188.185         0   3494.29   1328.58   4822.86  -25.2469   -74.138
    11800  0.734743   806.396   281.346   189.641         0   3504.82   1354.88   4859.71  -26.3056  -79.7721
    11700         0   879.136   283.995   197.344         0   3526.42    1382.3   4908.71  -27.4131  -93.7046
    11600         0   879.136   272.324   171.507         0   3528.81   1397.26   4926.06  -14.9597  -89.6135
    11500         0   879.136   267.874   154.643         0    3533.6   1399.36   4932.96  -2.10709   -88.841
    11400 0.0141201    879.15   266.962    132.22         0   3548.33   1400.35   4948.69  0.990274  -90.0462
    11300         0   880.548   267.455   121.606         0   3568.83   1402.33   4971.17   -1.9779  -92.6148
    11200         0   880.548   268.425   117.754         0   3593.72   1405.91   4999.63  -3.57463  -94.8867
    11100         0   880.548   269.494   110.621         0   3638.29    1410.5    5048.8  -4.59374  -96.9497
    11000         0   880.548   270.539   101.845         0   3691.05   1416.24   5107.29  -5.73859       -99
    10900         0   880.548   271.518   96.8146         0   3734.11   1420.16   5154.26  -3.91783  -101.039
    10800         0   880.548   272.428   93.9458         0   3765.24   1427.03   5192.28  -6.87759  -102.901
    10700         0   880.548    273.28   90.1993         0    3797.7   1434.09   5231.79  -7.05492  -104.592
    10600         0   880.548   274.081   86.0347         0   3834.09   1441.27   5275.36  -7.18057   -106.22
    10500         0   880.548   274.833   83.5007         0   3870.54    1448.6   5319.14   -7.3332  -107.804
    10400         0   880.548   275.543   81.9379         0    3907.5   1457.95   5365.44  -9.34325  -109.288
    10300         0   880.548   276.216   80.9239         0   3937.77   1469.26   5407.03  -11.3159  -110.661
    10200         0   880.548   276.855    79.829         0   3968.81   1480.42   5449.23  -11.1548  -111.928
    10100         0   880.548   277.463    77.745         0   4015.88   1494.18   5510.06  -13.7625  -113.152
    10000         0   880.548   278.041   75.3464         0   4056.24   1508.22   5564.46  -14.0412  -114.386
     9900         0   880.548   278.593   72.7826         0   4085.59   1522.51    5608.1  -14.2928  -115.648
     9800         0   880.548    279.12   70.0896         0   4115.87   1537.89   5653.76   -15.376   -116.95
     9700         0   880.548   279.625   67.2911         0   4138.84   1554.33   5693.17  -16.4373  -118.297
     9600         0   880.548    280.11   64.4067         0   4161.01   1571.81   5732.82  -17.4791  -119.693
     9500         0   880.548   280.579   61.4478         0   4187.37   1590.31   5777.68  -18.5035  -121.139
     9400         0   880.548   281.031   59.2046         0   4230.44   1606.14   5836.58  -15.8314  -122.622
     9300         0   880.548   281.471   57.3835         0   4272.61   1623.81   5896.42  -17.6706    -124.1
     9200         0   880.548   281.898   55.7891         0   4313.65   1642.01   5955.66   -18.198  -125.558
     9100         0   880.548   282.315   54.3495         0   4346.56   1662.32   6008.89  -20.3153  -126.988
     9000         0   880.548   282.724   53.0338         0   4377.27   1685.75   6063.02   -23.424  -128.388
     8900         0   880.548   283.125   51.8365         0    4418.6   1708.22   6126.83  -22.4751  -129.755
     8800         0   880.548    283.52    50.733         0   4448.35   1731.22   6179.57  -22.9949  -131.088
     8700         0   880.548   283.909   49.7073         0   4470.53   1754.73   6225.26  -23.5094  -132.386
     8600         0   880.548   284.292   48.7514         0   4487.44   1778.47   6265.91  -23.7422  -133.647
     8500         0   880.548   284.668   47.8571         0   4510.48   1802.44   6312.92  -23.9675  -134.872
     8400         0   880.548   285.036   47.4343         0   4530.02   1826.17   6356.19  -23.7356  -136.053
     8300         0   880.548   285.397   47.3211         0   4560.96   1853.27   6414.23  -27.0971  -137.167
     8200         0   880.548   285.752   47.4176         0   4587.48   1880.15   6467.63  -26.8775  -138.207
     8100         0   880.548   286.101   47.6973         0   4617.12    1906.8   6523.92  -26.6509  -139.166
     8000         0   880.548   286.441   48.1278         0   4638.85   1933.52   6572.37   -26.716  -140.043
     7900         0   880.548    286.77   48.7576         0   4669.81   1960.29    6630.1  -26.7703  -140.835
     7800         0   880.548   287.087   49.5495         0   4698.55   1987.67   6686.23  -27.3869  -141.538
     7700         0   880.548   287.391   50.4911         0   4725.13   2014.66   6739.79  -26.9909  -142.151
     7600         0   880.548   287.684   51.5921         0   4753.92   2042.25   6796.16  -27.5836  -142.671
     7500         0   880.548   287.967   52.8244         0   4788.15   2070.39   6858.54  -28.1415  -143.099
     7400         0   880.548   288.241   53.1728         0   4825.69   2099.08   6924.77  -28.6911  -143.453
     7300         0   880.548   288.508   53.0108         0   4864.62   2126.31   6990.93  -27.2334  -143.787
     7200         0   880.548   288.769   52.5861         0   4907.24   2152.08   7059.32  -25.7693  -144.121
     7100         0   880.548   289.025   51.9822         0   4950.55   2178.81   7129.36  -26.7246  -144.466
     7000         0   880.548   289.275   51.2448         0    4986.2   2210.48   7196.69  -31.6748  -144.826
     6900         0   880.548   289.521   50.4149         0   5021.85    2241.9   7263.75  -31.4205  -145.204
     6800         0   880.548   289.762   49.5111         0   5055.68   2268.76   7324.45  -26.8622    -145.6
     6700         0   880.548       290   48.5571         0   5089.06   2296.66   7385.72  -27.9001  -146.016
     6600         0   880.548   290.235   47.5805         0   5123.13    2327.5   7450.62  -30.8346  -146.451
     6500         0   880.548   290.466   46.5718         0    5154.3   2356.86   7511.17   -29.366  -146.904
     6400         0   880.548   290.695     45.83         0   5184.92   2386.36   7571.28  -29.4945  -147.368
     6300         0   880.548    290.92   45.2444         0   5216.36   2414.33   7630.69  -27.9703   -147.83
     6200         0   880.548   291.144   44.7507         0    5255.8   2441.67   7697.47  -27.3436  -148.282
     6100         0   880.548   291.365   44.3393         0    5296.1   2468.39   7764.49  -26.7145  -148.721
     6000         0   880.548   291.583    43.983         0   5325.54   2494.47   7820.01  -26.0833  -149.145
     5900         0   880.548     291.8   43.6702         0   5356.91   2522.57   7879.48  -28.0998  -149.554
     5800         0   880.548   292.014    43.393         0   5394.55   2549.08   7943.63  -26.5135  -149.947
     5700         0   880.548   292.222   43.1463         0   5422.45   2575.41   7997.86  -26.3221  -150.325
     5600         0   880.548   292.424   42.9269         0   5448.67   2601.68   8050.35  -26.2745  -150.688
     5500         0   880.548   292.621   42.7318         0   5484.84    2627.9   8112.75  -26.2206  -151.035
     5400         0   880.548   292.811   41.8646         0   5520.36   2654.29   8174.65  -26.3859   -151.38
     5300         0   880.548   292.996   40.5853         0   5548.29   2680.83   8229.13  -26.5458  -151.761
     5200         0   880.548   293.175   39.0798         0   5588.51   2704.21   8292.72  -23.3754  -152.191
     5100         0   880.548    293.35   37.4279         0   5615.66   2728.36   8344.02  -24.1496  -152.676
     5000         0   880.548   293.518   35.6448         0   5636.48   2753.28   8389.75  -24.9182  -153.218
     4900         0   880.548   293.681   33.7796         0   5655.79   2776.96   8432.75  -23.6811  -153.816
     4800         0   880.548   293.837   31.8358         0   5679.24   2800.04   8479.28  -23.0874  -154.471
     4700         0   880.548   293.987   29.8305         0   5708.53   2822.53   8531.06  -22.4867   -155.18
     4600         0   880.548   294.129    27.793         0   5728.91   2846.86   8575.77  -24.3292  -155.942
     4500         0   880.548   294.266   25.7046         0   5747.43   2872.03   8619.46  -25.1658  -156.756
     4400         0   880.548   294.397   23.9251         0   5765.27   2895.32   8660.59   -23.297  -157.614
     4300         0   880.548   294.523   22.3183         0   5785.44   2918.35   8703.79  -23.0233  -158.496
     4200         0   880.548   294.645   20.8009         0   5801.11   2940.79    8741.9  -22.4449  -159.394
     4100         0   880.548   294.763   19.3555         0    5812.7   2963.85   8776.56  -23.0625  -160.303
     4000         0   880.548   294.877   17.9526         0   5823.85   2985.43   8809.28  -21.5766  -161.222
     3900         0   880.548   294.988   16.5779         0   5832.18   3005.52   8837.69  -20.0877  -162.149
     3800         0   880.548   295.096   15.2219         0   5841.95   3027.16   8869.11  -21.6461  -163.083
     3700         0   880.548   295.202   13.3266         0   5847.49   3049.04   8896.53  -21.8772  -164.028
     3600         0   880.548   295.306     9.946         0    5855.3   3071.15   8926.45  -22.1063  -165.052
     3500         0   880.548   295.408   5.92141         0   5863.72   3091.56   8955.27  -20.4085  -166.209
     3400         0   880.548   295.509   1.66105         0   5875.91   3113.07   8988.97   -21.509  -167.512
     3300         0   880.548   295.608  -2.83231         0   5897.24   3134.32   9031.56   -21.258   -168.96
     3200         0   880.548   295.706  -7.01118         0   5917.14   3155.33   9072.47  -21.0056  -170.546
     3100         0   880.548   295.802  -9.91967         0   5938.51   3176.48   9114.99  -21.1517  -172.203
     3000         0   880.548   295.897  -12.3778         0   5956.77   3197.78   9154.55  -21.2966  -173.877
     2900         0   880.548    295.99  -14.5181         0   5974.53   3218.27    9192.8  -20.4903  -175.547
     2800         0   880.548   296.083   -16.434         0   5991.89   3239.05   9230.94  -20.7827  -177.201
     2700         0   880.548   296.174  -18.3516         0   6016.19   3256.32   9272.51  -17.2741  -178.835
     2600         0   880.548   296.264  -20.5924         0   6049.61   3278.69    9328.3  -22.3642  -180.466
     2500         0   880.548   296.353  -22.9297         0   6070.62   3297.14   9367.76  -18.4533  -182.108
     2400         0   880.548   296.441  -25.2941         0   6089.62   3315.98    9405.6  -18.8414  -183.766
     2300         0   880.548   296.528  -27.6834         0   6110.57   3335.36   9445.93  -19.3784   -185.44
     2200         0   880.548   296.615   -29.944         0   6138.02   3355.28    9493.3  -19.9146   -187.13
     2100         0   880.548     296.7  -31.8111         0   6158.32   3375.18   9533.49  -19.8999  -188.816
     2000         0   880.548   296.784  -33.5163         0   6178.73   3395.06   9573.79  -19.8843  -190.484
     1900         0   880.548   296.868   -35.098         0   6199.95    3414.4   9614.35  -19.3345  -192.127
     1800         0   880.548   296.951   -36.584         0   6220.16   3433.68   9653.84   -19.284  -193.741
     1700         0   880.548   297.033  -38.0839         0   6239.05   3452.09   9691.14  -18.4059  -195.326
     1600         0   880.548   297.114  -39.7664         0    6260.7   3468.91   9729.61  -16.8262  -196.892
     1500         0   880.548   297.194  -41.4994         0   6282.76   3487.56   9770.32   -18.649  -198.448
     1400         0   880.548   297.274  -43.2697         0   6304.28   3507.88   9812.17  -20.3235  -199.995
     1300         0   880.548   297.352  -45.0623         0   6329.56    3527.5   9857.06  -19.6162  -201.537
     1200         0   880.548    297.43  -46.5974         0    6366.6   3546.42   9913.01  -18.9169  -203.071
     1100         0   880.548   297.507  -47.4063         0   6400.57   3564.71   9965.29  -18.2974  -204.565
     1000         0   880.548   297.584     -47.9         0   6432.47   3582.53     10015  -17.8188  -205.993
      900         0   880.548   297.659  -48.0549         0   6464.83   3600.54   10065.4  -18.0094  -207.343
      800         0   880.548   297.734  -47.9549         0    6498.5   3614.96   10113.5  -14.4143  -208.603
      700         0   880.548   297.808   -47.552         0   6530.03    3628.7   10158.7  -13.7418   -209.77
      600         0   880.548   297.882  -46.6976         0   6571.53   3645.41   10216.9  -16.7068  -210.828
      500         0   880.548   297.954  -45.5705         0   6613.61   3662.72   10276.3  -17.3119  -211.767
      400         0   880.548   298.026  -44.1465         0   6668.21   3678.02   10346.2  -15.2988   -212.58
      300         0   880.548   298.097  -42.4794         0   6712.22   3698.39   10410.6  -20.3707  -213.263
      200         0   880.548   298.168  -40.3541         0   6763.18   3719.26   10482.4  -20.8753  -213.811
      100         0   880.548   298.237  -37.3588         0   6799.46   3736.04   10535.5  -16.7822  -214.194
        0 0.0556035   880.604   298.306  -33.8932         0   6822.93    3738.3   10561.2   2.25152  -214.396