     20000          0          0    179.437     354.04        1.3    78.9895    14.2831    93.2726    14.2831     6.5598
     19900          0          0    179.437     353.13        1.3    151.419    29.7361    181.156    15.4531    6.43382
     19800          0          0    179.437    352.506        1.3    228.894    46.3592    275.253    16.6231    6.30822
     19700          0          0    179.437    352.255        1.3    299.319    60.5222    359.841    14.1631    6.19879
     19600          0          0    179.437     352.29        1.3    351.209    72.5053    423.714    11.9831    6.12087
     19500          0          0    179.437    350.597        1.3    414.692    82.0183     496.71    9.51306    6.05158
     19400          0          0    179.437    347.879        1.3    487.353    94.1014    581.454    12.0831    5.90477
     19300          0          0    179.437    345.374        1.3    558.279    106.214    664.494    12.1131    5.65656
     19200          0          0    179.437    342.873        1.3    620.606    118.358    738.963    12.1431    5.32496
     19100          0          0    179.437     342.02        1.3    681.386    130.011    811.397    11.6531    4.94128
     19000          0          0    179.437    342.156        1.3     741.53    142.474    884.004    12.4631    4.58749
     18900          0          0    179.437    340.553        1.3    800.577    155.747    956.323    13.2731    4.26219
     18800          0          0    179.437    337.986        1.3    870.831     166.28    1037.11    10.5331    3.87637
     18700          0          0    179.437     336.21        1.3    952.601    178.113    1130.71    11.8331    3.41716
     18600          0          0    179.437    334.818        1.3    1047.59    192.576    1240.17    14.4631    2.92873
     18500          0          0    179.437    333.482        1.3    1150.05    201.259    1351.31    8.68306    2.42444
     18400          0          0    179.437    332.205        1.3    1219.19    209.492    1428.69    8.23306     1.9065
     18300          0          0    179.437    329.228        1.3     1275.7    218.075    1493.77    8.58306    1.34924
     18200          0          0    179.437      325.2        1.3     1360.8    226.658    1587.45    8.58306   0.672723
     18100          0          0    179.437    321.768        1.3    1469.79    234.714     1704.5    8.05639  -0.137283
     18000          0          0    179.437    318.559        1.3    1574.09    243.331    1817.42    8.61639   -1.04056
     17900          0          0    179.437     317.64        1.3    1670.99    253.364    1924.35    10.0331   -1.98653
     17800          0          0    179.437    318.134        1.3       1766    264.257    2030.25    10.8931   -2.86227
     17700          0          0    179.437    316.312        1.3    1860.47     274.54    2135.01    10.2831   -3.66765
     17600          0          0    179.437    313.229        1.3    1943.92    288.828    2232.75    14.2881   -4.52282
     17500          0          0    179.437    313.298        1.3    2011.35    302.776    2314.12    13.9481   -5.41147
     17400          0          0    182.115    344.137        1.3    2042.72    312.444    2355.16    9.66738   -7.03503
     17300          0          0    182.934    353.815        1.3    2073.54    322.233    2395.78    9.78928   -7.23612
     17200          0          0     183.39    359.881        1.3    2096.59    335.928    2432.52     13.695   -7.02974
     17100          0          0    183.841    363.835        1.3    2099.91    350.717    2450.63    14.7892   -6.64495
     17000          0          0    184.395    366.328        1.3    2106.32    368.422    2474.74    17.7049   -6.19849
     16900          0          0    185.076    363.157        1.3    2119.69    386.971    2506.66    18.5487   -5.83044
     16800          0          0    185.879     356.08        1.3    2132.94    406.282    2539.22    19.3111   -5.80695
     16700          0          0    186.789    347.713        1.3    2143.96    427.383    2571.34    21.1008   -6.22983
     16600          0          0    187.792    338.163        1.3    2156.83     452.74    2609.57    25.3575   -7.09448
     16500          0          0    188.875    339.172        1.3    2164.82    472.218    2637.03    19.4779   -8.20911
     16400   0.361662   0.361662    190.027     347.24        1.3    2171.37    496.159    2667.52    23.9409   -9.07282
     16300   0.603613    36.7699    191.205    351.833        1.3     2187.5     517.47    2704.97    21.3113   -17.5857
     16200   0.367509    96.8951    192.368    354.254        1.3    2207.83    544.547    2752.38    27.0771   -29.2502
     16100          0    133.278    193.538    344.888        1.3    2223.58    574.747    2798.33    30.1999   -33.2016
     16000          0    133.278    194.765     328.06        1.3    2228.88    603.685    2832.57     28.938    -29.113
     15900          0    133.278    196.057    319.521        1.3    2229.09     631.48    2860.57     27.795   -26.7813
     15800  0.0306065    133.309    197.394    315.937        1.3    2232.29    656.446    2888.74    24.9663   -25.4534
     15700  0.0898406    136.429     198.76    313.616        1.3     2236.2    681.197     2917.4    24.7502   -25.4055
     15600   0.112694    145.436    200.141    312.312        1.3    2241.56    703.815    2945.37    22.6188   -26.9084
     15500   0.096945     156.69    201.529    310.212        1.3    2246.83    725.817    2972.65    22.0012   -28.7831
     15400   0.309661    166.597    202.921    307.722        1.3    2256.91      746.9    3003.81    21.0837   -30.1975
     15300   0.601259    197.854    204.299    306.587        1.3    2274.82    769.918    3044.74    23.0174   -36.1853
     15200   0.802562    258.182    205.626    306.006        1.3    2292.93    792.365     3085.3    22.4472   -47.2184
     15100     1.1892    338.825    206.882    311.169        1.3    2318.75    814.257    3133.01    21.8917   -60.0038
     15000    1.50044    458.056    208.042    319.942        1.3    2356.64    835.517    3192.16    21.2606   -77.3055
     14900     1.7185    608.318    209.086     325.48        1.3    2402.58    855.078    3257.66    19.5609   -96.0404
     14800    1.48924    779.939    210.015    329.036        1.3    2456.56    874.342     3330.9    19.2638   -113.874
     14700          0    927.374     210.82    316.879        1.3    2500.43    892.516    3392.95    18.1744   -123.137
     14600          0    927.374    202.948    245.528        1.3    2500.93    925.409    3426.34    32.8924   -103.867
     14500          0    927.374    200.578    218.508        1.3    2516.97    964.179    3481.15    38.7699   -93.4483
     14400          0    927.374    200.631    202.251        1.3    2540.31     1004.9    3545.21    40.7227   -87.6139
     14300          0    927.374     201.52    188.479        1.3    2566.12    1042.53    3608.65    37.6304   -84.3773
     14200          0    927.374    202.662    176.868        1.3    2598.11    1078.42    3676.53    35.8907   -82.7436
     14100          0    927.374    203.862    170.865        1.3    2630.12    1112.89    3743.01    34.4718   -82.0461
     14000          0    927.374    205.059    168.315        1.3     2670.9    1144.82    3815.72    31.9263   -81.7526
     13900          0    927.374    206.238    163.681        1.3    2716.54    1179.15    3895.69    34.3317    -81.665
     13800          0    927.374    207.396    158.113        1.3    2753.12    1210.27    3963.39    31.1187   -81.8408
     13700      0.005    927.379    208.542    154.072        1.3    2805.37    1243.08    4048.45    32.8085   -82.2462
     13600          0    927.874    209.677    150.846        1.3    2850.19    1274.61     4124.8    31.5281   -82.8754
     13500          0    927.874    210.802    154.233        1.3     2895.2    1299.64    4194.84    25.0279   -83.3639
     13400          0    927.874    211.917    161.593        1.3     2938.7    1326.76    4265.46     27.123   -83.5154
     13300          0    927.874    213.018    158.605        1.3    2982.83     1350.6    4333.43    23.8416   -83.4219
     13200          0    927.874    216.543    179.587        1.3     3009.6    1373.97    4383.57    23.3719   -83.4414
     13100          0    927.874    218.807    186.318        1.3    3030.23    1391.03    4421.26    17.0576   -82.4744
     13000          0    927.874    220.664    192.274        1.3    3058.83    1408.85    4467.68     17.822   -81.1959
     12900          0    927.874    222.187     198.63        1.3    3072.21    1425.37    4497.59    16.5203   -79.7872
     12800          0    927.874    223.382    205.083        1.3    3077.27    1442.87    4520.14    17.5001   -78.3049
     12700          0    927.874    224.475    207.453        1.3    3087.54       1461    4548.54    18.1278   -76.8641
     12600          0    927.874    225.671    206.903        1.3    3116.44    1480.48    4596.92    19.4792    -75.699
     12500          0    927.874    226.919    206.854        1.3    3142.71    1500.55    4643.26    20.0686   -74.8715
     12400          0    927.874    228.201    206.902        1.3    3171.04    1518.45    4689.49    17.8992   -74.3023
     12300          0    927.874    229.508    205.607        1.3    3188.36    1535.73    4724.09    17.2784    -73.976
     12200          0    927.874    230.835    203.316        1.3    3191.19    1554.19    4745.38    18.4674   -73.9267
     12100   0.242559    928.116    232.181    202.571        1.3    3197.46    1574.45    4771.92     20.261   -74.1741
     12000   0.599806    952.729    233.517    202.519        1.3    3212.46    1591.03    4803.49    16.5804    -79.581
     11900   0.775347    1012.89    234.793    202.854        1.3    3231.72     1610.8    4842.52     19.761   -91.1434
     11800    1.23021    1090.88     235.99     203.33        1.3    3255.95    1629.85    4885.79    19.0501   -103.701
     11700   0.190973    1212.86    237.079     210.59        1.3    3290.79    1649.35    4940.13    19.5026   -121.673
     11600          0    1231.76    225.114    183.261        1.3    3304.93     1681.6    4986.53    32.2504   -115.337
     11500          0    1231.76    221.171    165.046        1.3    3310.54    1726.19    5036.74    44.5959    -109.59
     11400          0    1231.76    220.705     141.28        1.3    3316.22    1773.44    5089.66    47.2468   -107.153
     11300          0    1231.76     221.47     130.16        1.3    3328.16    1817.45    5145.61    44.0071   -106.777
     11200          0    1231.76    222.627     126.01        1.3    3344.79    1859.67    5204.47    42.2228   -107.138
     11100          0    1231.76    223.885    118.375        1.3    3381.61    1900.69     5282.3    41.0154   -107.771
     11000          0    1231.76    225.145    109.124        1.3    3427.09    1940.34    5367.43    39.6546   -108.743
     10900          0    1231.76    226.382    103.871        1.3    3463.09    1981.56    5444.65    41.2179   -109.962
     10800          0    1231.76    227.592    100.845        1.3    3487.33    2019.52    5506.85    37.9585   -111.192
     10700          0    1231.76    228.776    96.8855        1.3     3513.1    2056.97    5570.07    37.4485   -112.388
     10600          0    1231.76    229.941    92.5176        1.3       3543    2093.93    5636.93    36.9594   -113.623
     10500          0    1231.76    231.084    89.8842        1.3    3573.07    2130.34    5703.41    36.4156   -114.887
     10400          0    1231.76    232.207    88.2533        1.3    3603.71    2164.33    5768.05    33.9933   -116.105
     10300          0    1231.76     233.31     87.204        1.3    3627.71    2195.92    5823.63    31.5905   -117.252
     10200          0    1231.76    234.396    86.0593        1.3    3652.52    2227.23    5879.75    31.3039   -118.322
     10100          0    1231.76     235.47    83.8888        1.3    3693.44    2255.46     5948.9    28.2302   -119.372
     10000          0    1231.76    236.533    81.3857        1.3    3727.76    2282.93    6010.69    27.4667   -120.448
      9900      0.005    1231.77    237.586    78.7063        1.3    3751.19    2309.64    6060.83    26.7144   -121.568
      9800   0.655091    1232.92    238.615    75.8844        1.3    3775.68    2334.77    6110.45    25.1292    -122.97
      9700      0.005    1297.78    239.496    71.9638        1.3    3793.97    2358.46    6152.43    23.6916   -136.297
      9600   0.580607    1298.85    240.341      68.39        1.3    3812.16    2380.75    6192.91    22.2901   -134.944
      9500   0.547076    1356.88     241.14    64.2808        1.3    3835.69    2401.69    6237.38    20.9355   -144.849
      9400    0.61374    1411.65    241.834    60.6103        1.3    3877.35    2425.05     6302.4    23.3661   -152.155
      9300   0.561065    1472.98    242.455    57.2412        1.3    3919.66     2446.4    6366.06    21.3452   -159.296
      9200   0.543483    1529.06    243.029    54.1425        1.3    3962.35    2467.07    6429.42    20.6709   -164.266
      9100   0.483159    1583.35    243.583    51.2958        1.3    3998.32    2485.48     6483.8    18.4167   -168.227
      9000   0.395352    1631.58    244.135    48.7328        1.3    4033.32    2500.65    6533.97    15.1655   -170.699
      8900   0.415722    1671.14    244.703    46.5239        1.3    4079.97     2516.6    6596.57     15.947   -171.592
      8800   0.396469    1712.69    245.283    44.5138        1.3    4115.94    2531.84    6647.78    15.2423   -173.088
      8700   0.377061    1752.32    245.865    42.6561        1.3    4145.17    2546.37    6691.54    14.5345   -174.345
      8600   0.364846    1790.01    246.454    40.9441        1.3    4169.89    2560.47    6730.36    14.0958   -175.399
      8500      0.005    1826.13    247.049    39.3505        1.3    4201.44    2574.12    6775.56    13.6507   -176.333
      8400   0.347822    1826.98    247.717    38.7922        1.3    4229.61     2587.7    6817.32    13.5829   -171.387
      8300   0.249312    1861.66    248.402      38.36        1.3    4269.51     2597.6    6867.12    9.89787   -173.738
      8200   0.246406    1886.59    249.068    38.0858        1.3    4305.37    2607.41    6912.78    9.80665   -174.111
      8100   0.243375    1911.23    249.742    38.0289        1.3    4344.68    2617.12     6961.8    9.70789   -174.591
      8000   0.232192    1935.55    250.421    38.1216        1.3    4376.41    2626.42    7002.83     9.3041   -175.123
      7900   0.220944    1958.76    251.104    38.4242        1.3    4417.71    2635.32    7053.02    8.89572   -175.532
      7800   0.194182    1980.83    251.791    38.9042        1.3    4457.09    2643.23    7100.32    7.90926   -175.816
      7700   0.194126    2000.25    252.482     39.575        1.3    4494.58    2651.14    7145.73     7.9175   -175.719
      7600   0.167402    2019.63    253.177     40.422        1.3    4534.54    2658.07    7192.61    6.92331   -175.752
      7500   0.141419    2036.35    253.869    41.4392        1.3    4580.16    2664.02    7244.19    5.95617   -175.401
      7400    0.11553    2050.46    254.559     41.587        1.3    4629.29    2669.01     7298.3    4.99117   -174.758
      7300   0.143395    2062.04    255.247    41.2739        1.3    4679.95    2675.04    7354.99    6.02846   -173.929
      7200   0.171714    2076.41    255.923    40.6703        1.3    4734.49    2682.12    7416.61    7.07738   -173.893
      7100   0.135694    2093.55    256.579    39.8186        1.3    4789.97    2687.84    7477.81     5.7214   -174.461
      7000          0    2106.98    257.226    38.8473        1.3    4838.02    2688.21    7526.23   0.373958    -174.37
      6900          0    2106.98    257.901    37.9909        1.3    4886.09    2688.41     7574.5   0.198739    -172.08
      6800  0.0957797    2107.08    258.609    37.1677        1.3    4932.26     2692.7    7624.97    4.29143   -170.464
      6700  0.0559642    2116.62    259.311    36.1813        1.3    4978.01    2695.49    7673.51     2.7893   -170.999
      6600          0    2122.16    260.005    35.1572        1.3     5024.5     2696.1     7720.6  -0.605115   -170.802
      6500          0    2122.16    260.711    34.1888        1.3    5068.07    2696.49    7764.55     0.3893    -169.78
      6400          0    2122.16    261.422     33.538        1.3    5110.98    2696.71    7807.69  -0.221936   -169.098
      6300 0.00343863    2122.16    262.129    33.0539        1.3     5154.6    2697.53    7852.13   0.821367   -168.655
      6200      0.005     2122.5    262.827    32.6594        1.3    5206.13     2698.5    7904.64   0.972676   -168.442
      6100  0.0120974    2123.01    263.518    32.3407        1.3    5258.44    2699.64    7958.07     1.1323   -168.364
      6000  0.0167649    2124.23      264.2    32.0607        1.3    5299.79    2700.94    8000.73    1.30032   -168.482
      5900          0    2125.89    264.872     31.807        1.3    5343.03    2702.11    8045.14   -1.17247   -168.698
      5800          0    2125.89    265.536    31.6047        1.3    5392.46    2702.15     8094.6 -0.0356841    -168.61
      5700          0    2125.89    266.188    31.4428        1.3    5432.06    2702.43     8134.5  -0.287951   -168.584
      5600          0    2125.89     266.83    31.3096        1.3    5469.89    2703.11    8173.01   -0.67981     -168.6
      5500          0    2125.89    267.465       31.2        1.3     5517.6    2704.18    8221.78   -1.06508   -168.644
      5400          0    2125.89    268.091    30.3966        1.3    5564.59    2705.84    8270.43   -1.66589   -168.718
      5300          0    2125.89      268.7    29.1764        1.3    5603.93    2708.09    8312.02   -2.25004    -168.85
      5200          0    2125.89    269.292    27.7261        1.3     5655.5     2708.6     8364.1   0.508488    -169.05
      5100          0    2125.89    269.869    26.1271        1.3    5693.95    2709.27    8403.22  -0.668619   -169.318
      5000          0    2125.89    270.434    24.3956        1.3    5726.02    2711.11    8437.12   -1.83422   -169.654
      4900          0    2125.89     270.99    22.5823        1.3    5756.53     2712.1    8468.63  -0.990385   -170.056
      4800          0    2125.89    271.539    20.6906        1.3    5791.12    2712.88    8504.01  -0.788664   -170.521
      4700          0    2125.89     272.08    18.7382        1.3    5831.51    2713.46    8544.97  -0.580252   -171.047
      4600          0    2125.89    272.616    16.7548        1.3    5862.92    2716.28     8579.2   -2.81592   -171.631
      4500          0    2125.89    273.143    14.7225        1.3    5892.43    2720.32    8612.75    -4.0427    -172.27
      4400          0    2125.89    273.656    13.0115        1.3    5921.18    2722.88    8644.06    -2.5557   -172.956
      4300          0    2125.89    274.154    11.4791        1.3    5952.19    2725.53    8677.72   -2.65375   -173.667
      4200          0    2125.89    274.638    10.0419        1.3    5978.61    2727.97    8706.58   -2.43766   -174.397
      4100          0    2125.89    275.107    8.68215        1.3    6000.88    2731.38    8732.26   -3.40666   -175.139
      4000          0    2125.89    275.559    7.36963        1.3    6022.61    2733.64    8756.25   -2.25902   -175.891
      3900          0    2125.89    275.994    6.08967        1.3    6041.43    2734.73    8776.16   -1.09435    -176.65
      3800          0    2125.89    276.415    4.83172        1.3    6061.59     2737.7    8799.28   -2.96489   -177.417
      3700          0    2125.89    276.824    3.02069        1.3    6077.44    2741.19    8818.63   -3.49908   -178.195
      3600          0    2125.89    277.224  -0.296026        1.3    6095.49    2745.22    8840.71   -4.02441   -179.052
      3500          0    2125.89    277.618   -4.26619        1.3    6114.09    2747.84    8861.93   -2.61751   -180.044
      3400          0    2125.89    278.005   -8.47364        1.3    6136.42    2751.84    8888.26   -4.00454   -181.184
      3300          0    2125.89    278.386    -12.917        1.3    6167.83    2755.88    8923.71   -4.03637   -182.469
      3200          0    2125.89    278.764    -17.032        1.3    6197.75    2759.94    8957.69    -4.0637   -183.894
      3100          0    2125.89    279.137   -19.8564        1.3    6229.06    2764.43    8993.49   -4.48709   -185.391
      3000          0    2125.89    279.507   -22.2204        1.3    6257.17    2769.34     9026.5   -4.90741   -186.906
      2900          0    2125.89    279.876   -24.2586        1.3    6284.67    2773.71    9058.38   -4.37613   -188.417
      2800          0    2125.89    280.243    -26.067        1.3    6311.66    2778.65    9090.31   -4.94349   -189.914
      2700          0    2125.89    280.607   -27.8772        1.3    6345.48    2780.36    9125.84   -1.70663    -191.39
      2600          0    2125.89    280.964   -30.0133        1.3    6388.33    2787.43    9175.75   -7.06359   -192.864
      2500          0    2125.89    281.314   -32.2467        1.3    6418.65    2790.84    9209.49   -3.41412    -194.35
      2400          0    2125.89    281.658    -34.507        1.3    6446.87     2794.9    9241.76   -4.05838   -195.853
      2300          0    2125.89    281.995    -36.792        1.3    6476.92    2799.74    9276.67   -4.84508   -197.373
      2200          0    2125.89    282.322   -38.9443        1.3    6513.38    2805.37    9318.74   -5.62244   -198.909
      2100          0    2125.89    282.638    -40.697        1.3    6542.56     2811.2    9353.76    -5.8384   -200.442
      2000          0    2125.89    282.942   -42.2842        1.3    6571.74    2817.25    9388.99    -6.0419   -201.956
      1900          0    2125.89    283.233   -43.7447        1.3    6601.61    2822.95    9424.55   -5.69992   -203.446
      1800          0    2125.89    283.514   -45.1073        1.3    6630.34    2828.79    9459.14   -5.84711   -204.908
      1700          0    2125.89    283.785   -46.4843        1.3    6657.63    2833.95    9491.58   -5.15823   -206.342
      1600          0    2125.89    284.048   -48.0455        1.3    6687.56    2837.71    9525.27   -3.76041   -207.757
      1500          0    2125.89    284.304   -49.6581        1.3    6717.78    2843.47    9561.25   -5.75885   -209.162
      1400          0    2125.89    284.554    -51.309        1.3    6747.34    2851.07    9598.41   -7.60355   -210.561
      1300          0    2125.89    284.798   -52.9831        1.3    6780.54    2858.14    9638.68   -7.06184   -211.955
      1200          0    2125.89    285.038   -54.3948        1.3    6825.37    2864.66    9690.03   -6.52429   -213.343
      1100          0    2125.89    285.274   -55.0732        1.3    6867.01    2870.72    9737.74   -6.06357   -214.693
      1000          0    2125.89    285.506   -55.4332        1.3    6906.45    2876.46    9782.91   -5.74115   -215.976
       900          0    2125.89    285.736   -55.4505        1.3     6946.2    2882.55    9828.75    -6.0857   -217.182
       800          0    2125.89    285.963   -55.2109        1.3    6987.13    2885.19    9872.32    -2.6425   -218.301
       700          0    2125.89    286.187   -54.6654        1.3    7025.77    2887.31    9913.08   -2.12011   -219.326
       600          0    2125.89    286.409   -53.6649        1.3    7074.24    2892.55    9966.78   -5.23371   -220.244
       500          0    2125.89    286.628   -52.3902        1.3    7123.14    2898.53    10021.7   -5.98594   -221.042
       400          0    2125.89    286.846   -50.8167        1.3    7184.41    2902.65    10087.1   -4.11861   -221.716
       300          0    2125.89    287.062   -48.9995        1.3    7234.94    2911.99    10146.9   -9.33515   -222.261
       200          0    2125.89    287.276   -46.7196        1.3    7292.26    2921.97    10214.2   -9.98314   -222.672
       100          0    2125.89    287.488   -43.5631        1.3    7334.75       2928    10262.8   -6.03245   -222.917
         0   0.324157    2126.21    287.697   -39.9331        1.3    7364.26    2940.86    10305.1    12.8605   -223.035