     20000          0          0    179.437     354.04        0.1    78.9895    14.2831    93.2726    14.2831     6.5598
     19900          0          0    179.437     353.13        0.1    151.419    29.7361    181.156    15.4531    6.43382
     19800          0          0    179.437    352.506        0.1    228.894    46.3592    275.253    16.6231    6.30822
     19700          0          0    179.437    352.255        0.1    299.319    60.5222    359.841    14.1631    6.19879
     19600          0          0    179.437     352.29        0.1    351.209    72.5053    423.714    11.9831    6.12087
     19500          0          0    179.437    350.597        0.1    414.692    82.0183     496.71    9.51306    6.05158
     19400          0          0    179.437    347.879        0.1    487.353    94.1014    581.454    12.0831    5.90477
     19300          0          0    179.437    345.374        0.1    558.279    106.214    664.494    12.1131    5.65656
     19200          0          0    179.437    342.873        0.1    620.606    118.358    738.963    12.1431    5.32496
     19100          0          0    179.437     342.02        0.1    681.386    130.011    811.397    11.6531    4.94128
     19000          0          0    179.437    342.156        0.1     741.53    142.474    884.004    12.4631    4.58749
     18900          0          0    179.437    340.553        0.1    800.577    155.747    956.323    13.2731    4.26219
     18800          0          0    179.437    337.986        0.1    870.831     166.28    1037.11    10.5331    3.87637
     18700          0          0    179.437     336.21        0.1    952.601    178.113    1130.71    11.8331    3.41716
     18600          0          0    179.437    334.818        0.1    1047.59    192.576    1240.17    14.4631    2.92873
     18500          0          0    179.437    333.482        0.1    1150.05    201.259    1351.31    8.68306    2.42444
     18400          0          0    179.437    332.205        0.1    1219.19    209.492    1428.69    8.23306     1.9065
     18300          0          0    179.437    329.228        0.1     1275.7    218.075    1493.77    8.58306    1.34924
     18200          0          0    179.437      325.2        0.1     1360.8    226.658    1587.45    8.58306   0.672723
     18100          0          0    179.437    321.768        0.1    1469.79    234.714     1704.5    8.05639  -0.137283
     18000          0          0    179.437    318.559        0.1    1574.09    243.331    1817.42    8.61639   -1.04056
     17900          0          0    179.437     317.64        0.1    1670.99    253.364    1924.35    10.0331   -1.98653
     17800          0          0    179.437    318.134        0.1       1766    264.257    2030.25    10.8931   -2.86227
     17700          0          0    179.437    316.312        0.1    1860.47     274.54    2135.01    10.2831   -3.66765
     17600          0          0    179.437    313.229        0.1    1943.92    288.828    2232.75    14.2881   -4.52282
     17500          0          0    179.437    313.298        0.1    2011.35    302.776    2314.12    13.9481   -5.41147
     17400          0          0    182.115    344.137        0.1    2042.72    312.444    2355.16    9.66738   -7.03503
     17300          0          0    182.934    353.815        0.1    2073.54    322.233    2395.78    9.78928   -7.23612
     17200          0          0     183.39    359.881        0.1    2096.59    335.928    2432.52     13.695   -7.02974
     17100          0          0    183.841    363.835        0.1    2099.91    350.717    2450.63    14.7892   -6.64495
     17000          0          0    184.395    366.328        0.1    2106.32    368.422    2474.74    17.7049   -6.19849
     16900          0          0    185.076    363.157        0.1    2119.69    386.971    2506.66    18.5487   -5.83044
     16800          0          0    185.879     356.08        0.1    2132.94    406.282    2539.22    19.3111   -5.80695
     16700          0          0    186.789    347.713        0.1    2143.96    427.383    2571.34    21.1008   -6.22983
     16600          0          0    187.792    338.163        0.1    2156.83     452.74    2609.57    25.3575   -7.09448
     16500          0          0    188.875    339.172        0.1    2164.82    472.218    2637.03    19.4779   -8.20911
     16400   0.361662   0.361662    190.027     347.24        0.1    2171.37    496.159    2667.52    23.9409   -9.07282
     16300   0.593844    36.7601    191.613     351.72        0.1    2187.39    517.062    2704.45    20.9033    -17.605
     16200   0.338862    95.8895    194.001    353.783        0.1    2207.25    542.506    2749.76    25.4443   -29.1678
     16100          0    129.437    196.799    343.943        0.1    2222.05    569.445     2791.5    26.9386   -32.7768
     16000          0    129.437    199.309    326.682        0.1    2225.97     593.84    2819.81    24.3945   -29.0777
     15900          0    129.437    201.406    317.732        0.1    2227.55    616.286    2843.84    22.4469   -27.0263
     15800          0    129.437    203.272    313.796        0.1    2228.61    635.375    2863.98    19.0883   -25.8714
     15700 0.00319875     129.44    204.999    311.212        0.1    2230.12    653.886    2884.01     18.511   -25.2405
     15600  0.0255647    129.782    206.642    309.783        0.1    2232.94    670.004    2902.95    16.1179   -25.0255
     15500  0.0109717    132.324    208.256    307.671        0.1    2235.67    685.277    2920.95    15.2737   -25.5083
     15400    0.22663    133.637    209.852    305.229        0.1    2243.26    699.431    2942.69    14.1535   -25.8174
     15300   0.516693     156.59    211.652    304.109        0.1    2258.69    715.096    2973.79    15.6649   -31.0468
     15200   0.704915    208.448    214.063    303.394        0.1     2274.2    729.106     3003.3    14.0106   -41.5862
     15100    1.06737    279.302    217.287    308.112        0.1    2296.96    740.592    3037.55    11.4859   -53.8929
     15000    1.33859     386.31    221.573    316.042        0.1    2330.95    748.321    3079.27    7.72934   -70.6773
     14900    1.49986     520.33    227.147    320.329        0.1    2371.74    749.821    3121.56    1.49983   -88.6811
     14800    1.21034    670.027    233.989     322.17        0.1    2418.85    754.531    3173.38   -4.70988   -105.406
     14700          0     789.85    241.477    308.584        0.1    2454.43    767.014    3221.44   -12.4829   -113.031
     14600          0     789.85    239.697     235.79        0.1    2463.67    770.871    3234.55   -3.85694   -96.3774
     14500          0     789.85      239.9    207.859        0.1    2490.37    771.423    3261.79  -0.552539   -87.6525
     14400          0     789.85    241.413    191.045        0.1    2524.92    771.482     3296.4  -0.058604   -82.9346
     14300          0     789.85    243.306    177.031        0.1    2562.17    775.638    3337.81   -4.15578   -80.4301
     14200          0     789.85    245.192    165.305        0.1    2605.72    782.277       3388    -6.6394   -79.2668
     14100          0     789.85    246.935    159.071        0.1    2649.52    790.879     3440.4   -8.60162   -78.8615
     14000          0     789.85    248.509    156.292        0.1    2702.33    802.403    3504.73   -11.5239   -78.7415
     13900          0     789.85    249.924    151.666        0.1    2759.98    811.756    3571.74   -9.35365   -78.7513
     13800          0     789.85    251.197    146.182        0.1     2808.5    824.439    3632.94   -12.6824   -78.9757
     13700          0     789.85    252.349    142.201        0.1    2872.62    835.438    3708.05   -10.9989   -79.3969
     13600          0     789.85    253.395    139.079        0.1    2929.21    847.627    3776.84   -12.1896   -79.9269
     13500          0     789.85    254.349    142.206        0.1    2986.24    866.146    3852.39   -18.5187   -80.4255
     13400          0     789.85    255.224    149.191        0.1    3042.15     882.33    3924.47   -16.1835   -80.5791
     13300          0     789.85     256.03    146.482        0.1     3098.4    901.499     3999.9   -19.1695   -80.4874
     13200          0     789.85    259.744    166.764        0.1    3137.98    921.328    4059.31   -19.8294   -80.7174
     13100          0     789.85    262.106    173.072        0.1    3171.86     947.57    4119.43   -26.2412   -79.9992
     13000          0     789.85    263.984     178.72        0.1    3214.02    973.068    4187.08   -25.4984   -78.9472
     12900          0     789.85    265.452    184.727        0.1     3241.3    999.812    4241.12   -26.7443   -77.7431
     12800          0     789.85    266.513    190.835        0.1    3260.61    1025.44    4286.05   -25.6311    -76.447
     12700          0     789.85    267.433    193.072        0.1    3285.26    1050.27    4335.54    -24.831   -75.1772
     12600          0     789.85    268.449    192.475        0.1    3328.58    1073.57    4402.16   -23.2991   -74.1679
     12500          0     789.85    269.512    192.334        0.1    3369.38     1096.1    4465.48   -22.5241   -73.4814
     12400          0     789.85    270.607    192.317        0.1    3412.29    1120.61     4532.9   -24.5074   -73.0408
     12300          0     789.85    271.729     191.03        0.1    3444.19    1145.55    4589.74   -24.9431   -72.8323
     12200          0     789.85    272.872    188.783        0.1    3461.56    1169.12    4630.67   -23.5691   -72.8907
     12100          0     789.85    274.033    187.992        0.1    3469.86    1190.71    4660.57    -21.591   -73.1804
     12000  0.0665246    789.917    275.217    188.149        0.1    3470.49    1215.83    4686.32   -25.1192   -73.5911
     11900   0.283413    796.786    276.504    189.164        0.1    3476.06    1237.78    4713.84   -21.9496   -75.4535
     11800      0.005    824.849    278.179    190.517        0.1    3487.47    1260.92    4748.39   -23.1395   -81.3622
     11700          0    825.344    279.995    199.144        0.1    3510.87    1284.33     4795.2   -23.4132   -80.3006
     11600          0    825.344    266.669     174.61        0.1    3516.36    1293.63       4810   -9.30476   -79.2375
     11500          0    825.344    261.504    158.081        0.1    3517.72     1297.9    4815.61     4.2625    -80.694
     11400          0    825.344    260.244    135.735        0.1    3528.94     1305.6    4834.54    7.70774   -83.5596
     11300      0.005    825.349    260.517    125.203        0.1    3545.84    1310.57     4856.4    4.96053   -87.1032
     11200      0.005    825.849    261.344    121.372        0.1    3567.11    1314.07    4881.18    3.50566   -90.4777
     11100   0.041367    826.385    262.343    114.169        0.1    3608.13    1316.63    4924.76    2.55717   -93.3817
     11000      0.005    830.486     263.43    105.229        0.1     3657.5       1318     4975.5    1.37012   -96.7751
     10900  0.0568871    831.038    264.497    100.082        0.1    3697.29     1321.1    5018.39     3.1033    -99.151
     10800          0    836.669    265.567    97.0356        0.1    3725.34    1321.12    5046.46 -0.0166947   -102.272
     10700          0    836.669    266.579    93.1526        0.1    3754.84    1321.47    5076.32  -0.353668   -103.841
     10600          0    836.669    267.473    88.9046        0.1    3788.36    1322.04     5110.4  -0.572842   -105.391
     10500          0    836.669    268.296    86.3215        0.1    3821.99    1322.84    5144.83  -0.796085   -106.925
     10400          0    836.669    269.072    84.7258        0.1    3856.16    1325.71    5181.87   -2.87165   -108.374
     10300          0    836.669    269.812    83.6903        0.1    3883.67    1330.62    5214.29   -4.91244   -109.724
     10200          0    836.669    270.524    82.5759        0.1    3911.97    1335.45    5247.41   -4.82418   -110.974
     10100          0    836.669    271.209    80.4691        0.1    3956.31    1342.96    5299.26   -7.50918   -112.187
     10000          0    836.669    271.869    78.0466        0.1    3993.96    1350.83    5344.79   -7.86852   -113.412
      9900          0    836.669    272.503    75.4583        0.1    4020.64    1359.03    5379.67   -8.20304   -114.668
      9800          0    836.669    273.114    72.7403        0.1    4048.27     1368.4    5416.67   -9.36985   -115.965
      9700          0    836.669    273.701    69.9168        0.1    4068.61    1378.91    5447.53   -10.5138   -117.308
      9600          0    836.669    274.268    67.0077        0.1    4088.19    1390.55    5478.74   -11.6372     -118.7
      9500          0    836.669    274.818    64.0241        0.1    4111.97    1403.29    5515.27   -12.7435   -120.144
      9400          0    836.669    275.353    61.7629        0.1    4152.47    1413.45    5565.92   -10.1528   -121.623
      9300          0    836.669    275.871    59.9268        0.1     4192.1    1425.52    5617.62    -12.071   -123.097
      9200          0    836.669    276.372     58.321        0.1    4230.62    1438.19    5668.81   -12.6719    -124.55
      9100          0    836.669    276.855    56.8733        0.1       4261    1453.04    5714.05   -14.8547   -125.974
      9000          0    836.669     277.32    55.5525        0.1    4289.19    1471.06    5760.26     -18.02   -127.366
      8900          0    836.669     277.77     54.353        0.1    4328.01    1488.18    5816.19   -17.1198   -128.726
      8800          0    836.669    278.206    53.2497        0.1    4355.24    1505.86     5861.1   -17.6808   -130.049
      8700          0    836.669     278.63    52.2265        0.1     4374.9    1524.09    5898.99   -18.2296   -131.338
      8600          0    836.669    279.043    51.2743        0.1    4389.29    1542.59    5931.87   -18.4928   -132.589
      8500          0    836.669    279.447    50.3848        0.1     4409.8    1561.33    5971.14   -18.7468   -133.804
      8400          0    836.669    279.843    49.9702        0.1     4426.8    1579.88    6006.68   -18.5434   -134.975
      8300          0    836.669    280.234    49.8669        0.1     4455.2    1601.81    6057.01   -21.9336   -136.079
      8200          0    836.669    280.618    49.9746        0.1    4479.16    1623.55    6102.72   -21.7433   -137.107
      8100          0    836.669    280.999    50.2661        0.1    4506.23     1645.1    6151.34   -21.5485   -138.056
      8000          0    836.669    281.376    50.7081        0.1    4525.38    1666.75    6192.14   -21.6509   -138.923
      7900          0    836.669     281.75    51.3491        0.1    4553.75     1688.5    6242.26   -21.7499   -139.705
      7800          0    836.669    282.117    52.1518        0.1    4579.89    1710.92    6290.81   -22.4175   -140.398
      7700          0    836.669    282.477     53.104        0.1    4603.85       1733    6336.85   -22.0774   -141.002
      7600          0    836.669     282.83    54.2151        0.1    4630.02    1755.73    6385.75   -22.7301   -141.514
      7500          0    836.669    283.176    55.4576        0.1    4661.62    1779.08     6440.7   -23.3509   -141.933
      7400          0    836.669    283.514    55.8096        0.1    4696.52    1803.04    6499.56   -23.9636   -142.277
      7300          0    836.669    283.842    55.6493        0.1    4732.81    1825.61    6558.42   -22.5673   -142.601
      7200          0    836.669    284.161    55.2248        0.1    4772.79    1846.77    6619.56   -21.1607   -142.925
      7100          0    836.669    284.467    54.6207        0.1    4813.47    1868.94    6682.41   -22.1674   -143.258
      7000          0    836.669    284.762    53.8835        0.1    4846.48     1896.1    6742.58   -27.1623   -143.606
      6900          0    836.669    285.046    53.0542        0.1    4879.49    1923.05    6802.53   -26.9465   -143.971
      6800          0    836.669    285.321    52.1518        0.1    4910.68    1945.47    6856.15   -22.4213   -144.355
      6700          0    836.669    285.588    51.1998        0.1    4941.41    1968.96    6910.37   -23.4879   -144.758
      6600          0    836.669    285.847    50.2259        0.1    4972.83     1995.4    6968.24   -26.4473    -145.18
      6500          0    836.669      286.1    49.2206        0.1    5001.36     2020.4    7021.77   -25.0004   -145.619
      6400          0    836.669    286.348    48.4845        0.1    5029.33    2045.55    7074.88   -25.1479   -146.071
      6300          0    836.669     286.59    47.9059        0.1     5058.1    2069.19     7127.3   -23.6404   -146.519
      6200          0    836.669    286.829    47.4203        0.1    5094.87    2092.22    7187.09   -23.0287   -146.958
      6100          0    836.669    287.063    47.0178        0.1     5132.5    2114.63    7247.13   -22.4134   -147.385
      6000          0    836.669    287.295     46.671        0.1    5159.24    2136.43    7295.67   -21.7948   -147.796
      5900          0    836.669    287.523    46.3684        0.1    5187.92    2160.25    7348.17   -23.8234   -148.192
      5800          0    836.669    287.749    46.1014        0.1    5222.85     2182.5    7405.35   -22.2493   -148.573
      5700          0    836.669    287.973    45.8644        0.1    5248.03    2204.57    7452.61   -22.0727   -148.938
      5600          0    836.669    288.194    45.6542        0.1    5271.52    2226.62    7498.14   -22.0439   -149.288
      5500          0    836.669    288.413    45.4674        0.1    5304.96    2248.63     7553.6    -22.013   -149.622
      5400          0    836.669     288.63    44.6036        0.1    5337.74    2270.84    7608.58    -22.205   -149.955
      5300          0    836.669    288.845    43.3252        0.1    5362.93    2293.23    7656.17   -22.3951   -150.324
      5200          0    836.669    289.058    41.8184        0.1    5400.41    2312.49     7712.9   -19.2583   -150.742
      5100          0    836.669    289.269    40.1633        0.1    5424.83    2332.56    7757.39   -20.0694   -151.216
      5000          0    836.669    289.477    38.3758        0.1    5442.91    2353.44    7796.35   -20.8768   -151.747
      4900          0    836.669     289.68    36.5055        0.1     5459.5    2373.12    7832.62   -19.6796   -152.335
      4800          0    836.669    289.877    34.5558        0.1    5480.23    2392.24    7872.47   -19.1275   -152.979
      4700          0    836.669    290.071    32.5441        0.1    5506.81    2410.81    7917.62   -18.5708    -153.68
      4600          0    836.669     290.26    30.4997        0.1    5524.48    2431.27    7955.75   -20.4599   -154.434
      4500          0    836.669    290.445     28.404        0.1     5540.3    2452.62    7992.92    -21.345    -155.24
      4400          0    836.669    290.626    26.6189        0.1    5555.45    2472.15    8027.59   -19.5258    -156.09
      4300          0    836.669    290.802    25.0075        0.1    5572.93    2491.45    8064.38   -19.3022   -156.964
      4200          0    836.669    290.974    23.4862        0.1    5585.91    2510.22    8096.13    -18.774   -157.854
      4100          0    836.669     291.14    22.0379        0.1    5594.82    2529.66    8124.49   -19.4404   -158.756
      4000          0    836.669    291.301     20.633        0.1    5603.29    2547.66    8150.95   -18.0009   -159.666
      3900          0    836.669    291.455    19.2573        0.1    5608.94    2564.22    8173.15   -16.5554   -160.584
      3800          0    836.669    291.604     17.901        0.1    5616.03    2582.37     8198.4   -18.1537   -161.509
      3700          0    836.669    291.746     16.003        0.1    5618.89    2600.79    8219.69   -18.4212   -162.445
      3600          0    836.669    291.883    12.6145        0.1    5624.04    2619.48    8243.51    -18.683   -163.459
      3500          0    836.669    292.015    8.57937        0.1    5629.79    2636.49    8266.28   -17.0147   -164.606
      3400          0    836.669    292.142    4.30751        0.1    5639.34    2654.63    8293.97   -18.1417   -165.901
      3300          0    836.669    292.265  -0.198504        0.1    5658.04    2672.55    8330.58   -17.9147   -167.339
      3200          0    836.669    292.384   -4.38756        0.1    5675.31    2690.23    8365.54   -17.6845   -168.917
      3100          0    836.669    292.501   -7.30108        0.1    5694.06    2708.08    8402.14   -17.8514   -170.567
      3000          0    836.669    292.616   -9.76153        0.1    5709.71     2726.1    8435.81   -18.0158   -172.233
      2900          0    836.669    292.728   -11.9018        0.1    5724.86    2743.33    8468.18   -17.2278   -173.896
      2800          0    836.669    292.838   -13.8158        0.1    5739.59    2760.86    8500.45   -17.5376   -175.542
      2700          0    836.669    292.945   -15.7312        0.1    5761.27    2774.91    8536.18   -14.0452   -177.169
      2600          0    836.669    293.051   -17.9705        0.1    5792.07    2794.06    8586.13   -19.1511   -178.792
      2500          0    836.669    293.156   -20.3067        0.1    5810.46    2809.32    8619.77   -15.2557   -180.427
      2400          0    836.669    293.259     -22.67        0.1    5826.83    2824.97    8651.81    -15.659   -182.077
      2300          0    836.669    293.361   -25.0585        0.1    5845.16    2841.19    8686.35   -16.2114   -183.745
      2200          0    836.669    293.463   -27.3176        0.1    5869.98    2857.95    8727.93   -16.7629   -185.428
      2100          0    836.669    293.564   -29.1818        0.1    5887.65    2874.71    8762.36   -16.7636   -187.107
      2000          0    836.669    293.663   -30.8833        0.1    5905.43    2891.48    8796.91   -16.7635   -188.768
      1900          0    836.669    293.763   -32.4607        0.1    5924.02    2907.71    8831.72   -16.2293   -190.404
      1800          0    836.669    293.861    -33.942        0.1    5941.59     2923.9    8865.49   -16.1944   -192.012
      1700          0    836.669    293.959   -35.4373        0.1    5957.83    2939.23    8897.06   -15.3321   -193.591
      1600          0    836.669    294.056   -37.1159        0.1    5976.83       2953    8929.83   -13.7683    -195.15
      1500          0    836.669    294.152   -38.8453        0.1    5996.23    2968.61    8964.84    -15.607   -196.699
      1400          0    836.669    294.248   -40.6124        0.1     6015.1     2985.9       9001   -17.2976   -198.239
      1300          0    836.669    294.342   -42.4021        0.1    6037.72    3002.51    9040.23   -16.6064   -199.775
      1200          0    836.669    294.436   -43.9329        0.1    6072.09    3018.43    9090.52   -15.9231   -201.303
      1100          0    836.669     294.53    -44.735        0.1    6103.39    3033.75    9137.14   -15.3197   -202.791
      1000          0    836.669    294.622   -45.2204        0.1    6132.61    3048.61    9181.22   -14.8572   -204.212
       900          0    836.669    294.714   -45.3654        0.1    6162.28    3063.68    9225.96   -15.0639   -205.555
       800          0    836.669    294.805   -45.2542        0.1    6193.25    3075.16    9268.41   -11.4848   -206.809
       700          0    836.669    294.895   -44.8387        0.1    6222.07    3085.99    9308.05   -10.8281   -207.968
       600          0    836.669    294.984   -43.9697        0.1    6260.84     3099.8    9360.63   -13.8089   -209.019
       500          0    836.669    295.072   -42.8269        0.1    6300.17    3114.23     9414.4   -14.4297    -209.95
       400          0    836.669     295.16   -41.3857        0.1    6352.01    3126.66    9478.67   -12.4321   -210.755
       300          0    836.669    295.246   -39.7003        0.1    6393.24    3144.18    9537.42   -17.5194   -211.429
       200          0    836.669    295.332   -37.5546        0.1     6441.4    3162.22    9603.62   -18.0392   -211.969
       100          0    836.669    295.416   -34.5357        0.1    6474.86    3176.18    9651.04   -13.9611   -212.342
         0   0.126772    836.796      295.5   -31.0443        0.1    6495.48    3181.24    9676.72    5.05782   -212.548