    20000         0         0   179.437    354.04       1.5   78.9895   14.2831   93.2726   14.2831    6.5598
    19900         0         0   179.437    353.13       1.5   151.419   29.7361   181.156   15.4531   6.43382
    19800         0         0   179.437   352.506       1.5   228.894   46.3592   275.253   16.6231   6.30822
    19700         0         0   179.437   352.255       1.5   299.319   60.5222   359.841   14.1631   6.19879
    19600         0         0   179.437    352.29       1.5   351.209   72.5053   423.714   11.9831   6.12087
    19500         0         0   179.437   350.597       1.5   414.692   82.0183    496.71   9.51306   6.05158
    19400         0         0   179.437   347.879       1.5   487.353   94.1014   581.454   12.0831   5.90477
    19300         0         0   179.437   345.374       1.5   558.279   106.214   664.494   12.1131   5.65656
    19200         0         0   179.437   342.873       1.5   620.606   118.358   738.963   12.1431   5.32496
    19100         0         0   179.437    342.02       1.5   681.386   130.011   811.397   11.6531   4.94128
    19000         0         0   179.437   342.156       1.5    741.53   142.474   884.004   12.4631   4.58749
    18900         0         0   179.437   340.553       1.5   800.577   155.747   956.323   13.2731   4.26219
    18800         0         0   179.437   337.986       1.5   870.831    166.28   1037.11   10.5331   3.87637
    18700         0         0   179.437    336.21       1.5   952.601   178.113   1130.71   11.8331   3.41716
    18600         0         0   179.437   334.818       1.5   1047.59   192.576   1240.17   14.4631   2.92873
    18500         0         0   179.437   333.482       1.5   1150.05   201.259   1351.31   8.68306   2.42444
    18400         0         0   179.437   332.205       1.5   1219.19   209.492   1428.69   8.23306    1.9065
    18300         0         0   179.437   329.228       1.5    1275.7   218.075   1493.77   8.58306   1.34924
    18200         0         0   179.437     325.2       1.5    1360.8   226.658   1587.45   8.58306  0.672723
    18100         0         0   179.437   321.768       1.5   1469.79   234.714    1704.5   8.05639 -0.137283
    18000         0         0   179.437   318.559       1.5   1574.09   243.331   1817.42   8.61639  -1.04056
    17900         0         0   179.437    317.64       1.5   1670.99   253.364   1924.35   10.0331  -1.98653
    17800         0         0   179.437   318.134       1.5      1766   264.257   2030.25   10.8931  -2.86227
    17700         0         0   179.437   316.312       1.5   1860.47    274.54   2135.01   10.2831  -3.66765
    17600         0         0   179.437   313.229       1.5   1943.92   288.828   2232.75   14.2881  -4.52282
    17500         0         0   179.437   313.298       1.5   2011.35   302.776   2314.12   13.9481  -5.41147
    17400         0         0   182.115   344.137       1.5   2042.72   312.444   2355.16   9.66738  -7.03503
    17300         0         0   182.934   353.815       1.5   2073.54   322.233   2395.78   9.78928  -7.23612
    17200         0         0    183.39   359.881       1.5   2096.59   335.928   2432.52    13.695  -7.02974
    17100         0         0   183.841   363.835       1.5   2099.91   350.717   2450.63   14.7892  -6.64495
    17000         0         0   184.395   366.328       1.5   2106.32   368.422   2474.74   17.7049  -6.19849
    16900         0         0   185.076   363.157       1.5   2119.69   386.971   2506.66   18.5487  -5.83044
    16800         0         0   185.879    356.08       1.5   2132.94   406.282   2539.22   19.3111  -5.80695
    16700         0         0   186.789   347.713       1.5   2143.96   427.383   2571.34   21.1008  -6.22983
    16600         0         0   187.792   338.163       1.5   2156.83    452.74   2609.57   25.3575  -7.09448
    16500         0         0   188.875   339.172       1.5   2164.82   472.218   2637.03   19.4779  -8.20911
    16400  0.361662  0.361662   190.027    347.24       1.5   2171.37   496.159   2667.52   23.9409  -9.07282
    16300  0.605245   36.7715   191.137   351.852       1.5   2187.52   517.538   2705.06   21.3793  -17.5825
    16200  0.372361   97.0631   192.095   354.333       1.5   2207.93   544.888   2752.82   27.3503  -29.2641
    16100         0   133.927   192.987    345.05       1.5   2223.84   575.639   2799.48   30.7506  -33.2736
    16000         0   133.927   193.995   328.297       1.5   2229.38   605.347   2834.72   29.7081  -29.1185
    15900         0   133.927   195.151    319.83       1.5    2229.9   634.048   2863.95   28.7015  -26.7389
    15800 0.0444661   133.971   196.398   316.307       1.5   2233.46    660.01   2893.47   25.9616  -25.3848
    15700  0.104365   138.478   197.696   314.023       1.5   2237.79   685.824   2923.61   25.8141  -25.6243
    15600  0.127716   148.938   199.003   312.741       1.5   2243.57   709.581   2953.15   23.7566  -27.3703
    15500  0.112405   161.694   200.302   310.656       1.5   2249.28   732.809   2982.09   23.2285  -29.4478
    15400  0.325447   173.148   201.596   308.176       1.5   2259.82   755.219   3015.04   22.4095  -31.0339
    15300  0.618242   205.985   202.832   307.062       1.5    2278.2   779.704   3057.91   24.4848  -37.1526
    15200  0.822843   268.014   203.906    306.53       1.5   2296.84   803.871   3100.71   24.1676  -48.2869
    15100   1.21485    350.69   204.761   311.801       1.5   2323.29   827.883   3151.18    24.012  -61.1827
    15000   1.53439   472.495    205.33   320.759       1.5      2362   851.855   3213.86   23.9723  -78.6098
    14900   1.76403   626.163   205.554   326.559       1.5   2409.02   874.949   3283.97   23.0931  -97.5154
    14800   1.54742   802.349   205.442   330.472       1.5   2464.43   898.786   3363.22    23.837  -115.593
    14700         0   955.543   205.081   318.621       1.5   2510.05   922.699   3432.75   23.9132  -125.209
    14600         0   955.543   196.202   247.626       1.5   2512.64   962.337   3474.98   39.6378  -105.441
    14500         0   955.543   193.462   220.807       1.5   2526.38   1008.22    3534.6    45.885  -94.6979
    14400         0   955.543   193.321   204.672       1.5   2547.31   1056.25   3603.56   48.0329   -88.644
    14300         0   955.543   194.073   190.956       1.5   2570.64   1101.33   3671.97   45.0772  -85.2587
    14200         0   955.543   195.105   179.376       1.5   2600.11   1144.78   3744.89   43.4471  -83.5255
    14100         0   955.543   196.219   173.424       1.5   2629.57   1186.89   3816.46   42.1143  -82.7624
    14000         0   955.543   197.355   170.923       1.5   2667.74   1226.52   3894.26   39.6297  -82.4242
    13900         0   955.543   198.489   166.293       1.5   2710.76    1268.6   3979.37   42.0811  -82.3069
    13800         0   955.543   199.613   160.713       1.5   2744.75   1307.51   4052.26   38.9024  -82.4644
    13700         0   955.543   200.733   156.665       1.5   2794.41   1348.12   4142.53   40.6173  -82.8578
    13600         0   955.543   201.854   153.435       1.5   2836.64   1387.47   4224.12    39.351  -83.3842
    13500         0   955.543   202.975   156.887       1.5   2878.99   1420.33   4299.32   32.8553  -83.8929
    13400         0   955.543   204.094   164.333       1.5   2919.76   1455.28   4375.03   34.9463  -84.0618
    13300         0   955.543   205.211   161.297       1.5   2961.19   1486.93   4448.12   31.6492  -83.9826
    13200         0   955.543   208.686   182.383       1.5   2985.16   1518.15   4503.32   31.2289  -83.9692
    13100         0   955.543   210.912   189.199       1.5   3002.91   1543.11   4546.02   24.9531  -82.9584
    13000         0   955.543   212.741   195.216       1.5   3028.57   1568.85   4597.43   25.7453  -81.6395
    12900         0   955.543   214.249   201.644       1.5   3038.94   1593.31   4632.26   24.4586  -80.1939
    12800 0.0154214   955.559   215.442   208.168       1.5   3040.92   1618.75   4659.67   25.4397  -78.6815
    12700         0   957.086   216.536   210.551       1.5   3048.09   1644.82   4692.91   26.0664  -77.5233
    12600         0   957.086   217.731   210.002       1.5   3073.88   1672.24   4746.12   27.4192  -76.2648
    12500         0   957.086   218.979   209.971       1.5   3097.04   1700.24   4797.29   28.0084  -75.3614
    12400         0   957.086   220.262   210.033       1.5   3122.24   1726.08   4848.32   25.8378  -74.7302
    12300         0   957.086   221.573   208.739       1.5   3136.43    1751.3   4887.73   25.2134  -74.3528
    12200         0   957.086   222.906   206.443       1.5   3136.73   1777.69   4914.42   26.3961  -74.2609
    12100   0.35778   957.443   224.261    205.71       1.5   3146.14   1805.87   4952.01   28.1805  -74.4999
    12000  0.706902    993.57   225.528   205.554       1.5   3164.17   1830.44   4994.61   24.5698  -82.2351
    11900  0.877212   1064.43   226.558   205.743       1.5   3186.32   1858.44   5044.76   27.9963  -95.3577
    11800   1.32945    1152.6   227.319   206.098       1.5   3213.31   1886.16   5099.47   27.7208  -108.934
    11700  0.256948   1284.48   227.746   213.387       1.5   3250.95      1915   5165.95   28.8364  -127.475
    11600         0   1309.91   215.333   185.959       1.5   3267.79   1957.03   5224.82    42.031  -121.121
    11500         0   1309.91   211.257   167.559       1.5   3275.92   2011.54   5287.45   54.5096  -114.263
    11400         0   1309.91   210.733   143.579       1.5   3279.29   2068.76   5348.05   57.2187  -111.008
    11300         0   1309.91   211.452   132.407       1.5   3288.99   2122.78   5411.77   54.0259  -110.031
    11200         0   1309.91    212.57   128.237       1.5   3303.39   2175.06   5478.45   52.2799  -109.949
    11100         0   1309.91   213.802   120.519       1.5   3338.07   2226.16   5564.23   51.0979  -110.254
    11000         0   1309.91   215.056   111.178       1.5   3381.49    2275.9    5657.4   49.7435  -110.981
    10900         0   1309.91   216.308   105.886       1.5   3415.48   2327.19   5742.67   51.2922  -112.017
    10800         0   1309.91   217.548    102.83       1.5   3437.73    2375.2   5812.93   48.0019  -113.108
    10700         0   1309.91   218.775   98.8218       1.5   3461.57   2422.65   5884.21   47.4497  -114.196
    10600         0   1309.91   219.995   94.4022       1.5   3489.58   2469.55   5959.13    46.905  -115.347
    10500         0   1309.91   221.207    91.739       1.5    3517.8   2515.84   6033.64   46.2926  -116.547
    10400     0.005   1309.92   222.406   90.0837       1.5   3546.61   2559.64   6106.25    43.794  -117.714
    10300     0.005   1310.42   223.585   89.0103       1.5    3568.8   2600.95   6169.75   41.3146  -118.912
    10200         0   1310.91   224.743   87.8349       1.5   3591.84   2641.91   6233.74   40.9567  -120.015
    10100         0   1310.91   225.886   85.6325       1.5   3631.01   2679.72   6310.74   37.8141  -120.993
    10000         0   1310.91   227.019   83.0975       1.5   3663.62    2716.7   6380.32   36.9808  -122.011
     9900         0   1310.91   228.146   80.3839       1.5   3685.37   2752.86   6438.23   36.1544  -123.081
     9800         0   1310.91    229.26   77.5325       1.5   3708.21   2787.34   6495.55   34.4837  -124.206
     9700     0.005   1310.92   230.353    74.573       1.5    3723.9   2820.18   6544.07   32.8344  -125.388
     9600         0   1311.41   231.427   71.5193       1.5   3738.96   2851.38   6590.34   31.2039  -126.721
     9500     0.005   1311.42   232.491   68.3951       1.5   3758.37   2880.96   6639.34   29.5844  -127.997
     9400         0   1311.91   233.543   66.0389       1.5    3794.6   2912.62   6707.22   31.6575  -129.412
     9300     0.005   1311.92   234.577   64.1323       1.5   3830.02   2941.85   6771.87   29.2231  -130.715
     9200  0.737256   1313.15   235.593   62.4717       1.5   3864.38   2969.95   6834.34   28.1069   -132.26
     9100  0.687469   1386.83   236.216   59.9173       1.5   3891.73   2995.74   6887.46   25.7839  -147.185
     9000  0.614688    1455.5   236.425   57.0124       1.5   3918.45   3018.61   6937.07   22.8751  -157.686
     8900     0.005   1516.36   236.495   54.2537       1.5   3957.37   3042.77   7000.14   24.1547  -164.565
     8800  0.629986   1517.49   236.814   52.5106       1.5   3985.34   3066.48   7051.82    23.711  -159.728
     8700  0.624494   1580.48   237.133    50.488       1.5   4006.74   3089.74   7096.48   23.2669  -167.411
     8600  0.629353   1642.93   237.229   48.2414       1.5   4024.16   3113.07   7137.23   23.3213   -173.49
     8500     0.005   1705.24   237.215   46.0288       1.5   4049.03   3136.55   7185.58   23.4853  -178.459
     8400  0.636798   1706.38   237.441   45.1999       1.5    4070.8   3160.41   7231.21   23.8585  -172.209
     8300  0.555885   1769.98   237.672   44.3174       1.5   4104.74   3181.04   7285.78   20.6282  -178.556
     8200  0.571681   1825.58   237.723   43.4356       1.5   4135.25   3202.19   7337.44    21.152  -182.307
     8100  0.588555   1882.76   237.718   42.7283       1.5   4169.86   3223.92   7393.78   21.7323   -185.74
     8000  0.598222   1941.63   237.673   42.1436       1.5   4197.57   3245.97   7443.55   22.0522  -188.942
     7900  0.608454   2001.46     237.6   41.7482       1.5   4235.54   3268.37   7503.92      22.4   -191.84
     7800  0.603599    2062.3   237.506   41.5091       1.5   4272.32   3290.57   7562.89   22.1937  -194.498
     7700  0.625616   2122.68   237.404   41.4364       1.5   4307.95   3313.56   7621.52   22.9964  -196.721
     7600  0.621006   2185.24   237.294   41.5132       1.5   4346.82   3336.37   7683.19   22.8061  -199.025
     7500  0.616828   2247.34   237.182   41.7281       1.5   4392.15   3359.01   7751.16   22.6432   -200.94
     7400  0.612292   2309.02   237.078   41.0155       1.5   4441.85   3381.49   7823.33   22.4724  -202.569
     7300  0.661576   2370.29   236.985   39.7962       1.5   4493.99   3405.78   7899.77   24.2896  -204.023
     7200  0.712031    2436.5   236.881   38.2431       1.5   4550.95   3431.89   7982.85    26.119  -206.211
     7100  0.698495   2507.69   236.735   36.4028       1.5   4609.85   3457.46   8067.31   25.5649  -208.967
     7000  0.576111   2577.42   236.565   34.4006       1.5   4662.34   3478.49   8140.84   21.0355  -211.142
     6900  0.591278   2635.05   236.448   32.4719       1.5   4715.93   3500.15   8216.08   21.6515  -211.221
     6800  0.722658    2694.3   236.392   30.5457       1.5   4768.73   3526.65   8295.38   26.5078  -211.881
     6700  0.705325   2766.55   236.301   28.4129       1.5   4822.25   3552.45    8374.7    25.799  -214.754
     6600  0.636212   2837.02   236.169   26.1947       1.5    4877.7   3575.68   8453.39   23.2314  -216.983
     6500   0.68462   2900.69   236.062   24.0318       1.5   4931.42   3600.72   8532.14   25.0376  -217.968
     6400  0.690374   2969.15   235.971   22.1431       1.5   4985.73   3625.95   8611.68   25.2286  -219.806
     6300  0.741106   3038.24   235.872   20.3911       1.5   5042.02   3653.03   8695.05   27.0779  -221.629
     6200  0.768835   3112.38   235.747   18.6694       1.5   5107.54   3681.08   8788.62   28.0529  -224.113
     6100   0.79763   3189.29   235.584   16.9664       1.5   5175.22   3710.15   8885.36   29.0656  -226.743
     6000     0.005   3268.26   235.386   15.2626       1.5   5233.37   3740.26   8973.63   30.1144  -229.355
     5900    0.7614   3269.52   235.537   14.6221       1.5   5293.79   3768.42   9062.22   28.1633  -219.798
     5800   0.81021   3345.71   235.759   13.6095       1.5   5361.21   3798.17   9159.38   29.7407  -224.319
     5700  0.824891   3426.74   235.751   12.1535       1.5   5420.11   3828.31   9248.42   30.1488  -228.707
     5600  0.837204   3509.25   235.631   10.5772       1.5   5478.67   3858.83    9337.5   30.5194  -232.505
     5500  0.850414   3592.98   235.453   8.94941       1.5   5548.63   3889.78   9438.41   30.9471  -235.851
     5400  0.858022   3678.03   235.244   6.56206       1.5   5619.45   3920.96   9540.41   31.1814    -238.9
     5300  0.865943   3763.84   235.018   3.73566       1.5   5684.23   3952.39   9636.63   31.4318  -241.691
     5200  0.964425   3850.53   234.782  0.670046       1.5   5762.86   3987.41   9750.27   35.0182  -244.337
     5100  0.958802   3946.97   234.493  -2.65973       1.5    5830.1   4022.12   9852.22   34.7069  -248.177
     5000     0.005   4041.89   234.153  -6.16476       1.5   5892.72   4056.57   9949.29    34.447  -251.283
     4900  0.974447   4043.36   234.226   -8.5344       1.5   5954.36   4092.34   10046.7   35.7739  -240.547
     4800   1.00044   4140.83   234.344  -11.5078       1.5   6021.14   4128.75   10149.9   36.4063  -246.827
     4700   1.03053   4240.91   234.162  -15.0811       1.5   6095.35   4166.08   10261.4   37.3384   -252.32
     4600  0.996183   4343.93   233.843  -18.8469       1.5   6162.37   4202.04   10364.4   35.9568  -257.316
     4500  0.988415   4443.54   233.484  -22.6859       1.5   6229.28   4237.66   10466.9   35.6158   -261.09
     4400   1.05386   4542.44   233.127   -26.168       1.5   6297.21   4275.63   10572.8   37.9731  -264.357
     4300   1.07765   4647.85   232.744  -29.5263       1.5   6369.23   4314.39   10683.6   38.7557  -268.239
     4200   1.11097   4755.65    232.32  -32.8321       1.5   6438.52   4354.27   10792.8   39.8801  -272.013
     4100   1.11274   4866.75    231.85  -36.0944       1.5   6505.57   4394.12   10899.7   39.8503  -275.834
     4000   1.17145   4978.08   231.357  -39.3117       1.5   6573.98   4436.06     11010   41.9433  -279.283
     3900   1.23136   5095.29   230.848  -42.5486       1.5   6641.43   4480.11   11121.5   44.0522  -283.208
     3800   1.21003    5218.4   230.301  -45.8497       1.5   6712.28   4523.26   11235.5   43.1486  -287.491
     3700   1.22447   5339.42   229.734  -49.7348       1.5   6780.88   4566.85   11347.7   43.5911  -291.003
     3600    1.2392   5461.88    229.16  -55.1312       1.5   6853.77   4610.89   11464.7   44.0396   -294.47
     3500   1.30691   5585.87   228.578  -61.1862       1.5   6929.29   4657.31   11586.6   46.4219  -297.985
     3400   1.30005   5716.55   227.964  -67.5287       1.5   7010.68   4703.35     11714   46.0358   -302.23
     3300   1.33006   5846.59   227.322  -74.1116       1.5   7103.28   4750.38   11853.7   47.0279  -306.126
     3200     0.005   5978.27   226.666  -80.3301       1.5    7196.5   4798.41   11994.9   48.0337  -310.052
     3100   1.34009   5980.11   226.574  -83.7213       1.5   7291.67   4846.49   12138.2   48.0762  -297.462
     3000   1.35015   6114.12   226.571  -87.2474       1.5    7384.8   4894.52   12279.3   48.0288  -305.295
     2900    1.3905   6249.18   226.229  -91.0978       1.5   7479.15   4943.79   12422.9   49.2712  -311.895
     2800   1.40323   6388.24   225.743  -94.9024       1.5   7574.97   4993.34   12568.3   49.5566  -317.973
     2700   1.52136   6528.68   225.188  -98.8138       1.5   7679.73   5047.05   12726.8   53.7117  -323.365
     2600   1.40686   6680.71   224.555  -103.208       1.5   7795.77    5096.4   12892.2   49.3445  -329.487
     2500   1.53742   6821.52   223.907  -107.638       1.5   7901.49   5150.39   13051.9   53.9933   -333.49
     2400   1.55303   6975.28   223.233  -112.147       1.5   8007.34   5204.76   13212.1   54.3671  -338.748
     2300   1.56531   7130.59   222.507  -116.727       1.5   8117.33    5259.4   13376.7   54.6431  -343.624
     2200   1.57774   7287.14   221.756  -121.153       1.5   8235.99   5314.35   13550.3    54.944  -348.184
     2100     0.005   7443.34   221.002  -125.158       1.5   8349.64   5370.14   13719.8   55.7979  -352.295
     2000   1.58704   7445.42    220.88  -127.314       1.5   8463.85   5426.17     13890   56.0204  -338.619
     1900     0.005   7602.54   220.831  -129.979       1.5   8579.95   5482.87   14062.8   56.7019  -346.576
     1800   1.59912   7604.64   221.009  -131.605       1.5   8695.19   5539.53   14234.7   56.6582  -335.229
     1700   1.63964   7764.59   221.097  -134.106       1.5    8810.1   5597.05   14407.2   57.5294  -345.518
     1600   1.70633   7928.62   220.703  -137.663       1.5   8929.64   5656.64   14586.3   59.5844  -354.164
     1500   1.68295   8099.23   220.094  -141.566       1.5   9051.77   5715.09   14766.9   58.4506  -361.941
     1400   1.66383   8267.51   219.395  -145.608       1.5   9175.63   5772.64   14948.3   57.5546  -368.149
     1300   1.71053   8433.94   218.676  -149.658       1.5    9305.5    5831.7   15137.2   59.0604  -373.287
     1200    1.7582   8605.04   217.937  -153.427       1.5   9449.37   5892.28   15341.6   60.5763  -378.332
     1100   1.80512    8780.9   217.166  -156.476       1.5   9592.41   5954.33   15546.7   62.0444  -383.286
     1000   1.84972   8961.46   216.354  -159.228       1.5   9735.64   6017.74   15753.4   63.4113  -388.129
      900   1.87717   9146.46   215.499  -161.652       1.5    9881.6   6081.89   15963.5   64.1512  -392.836
      800   2.01154   9334.31   214.608  -163.829       1.5   10031.1    6150.6   16181.7   68.7123   -397.26
      700   2.06825   9535.52    213.65  -165.793       1.5   10180.9   6221.02   16401.9   70.4171  -402.478
      600   2.02519    9742.3   212.616  -167.389       1.5   10343.1   6289.58   16632.7   68.5591  -407.485
      500   2.04726   9944.85    211.56  -168.678       1.5   10508.3   6358.66   16866.9   69.0822  -411.378
      400     0.005   10147.5   210.504   -169.63       1.5   10688.4   6430.88   17119.3   72.2235  -414.808
      300     0.005     10148   210.151  -168.399       1.5   10858.3   6498.46   17356.8   67.5761  -398.481
      200   1.94316   10150.5   210.574  -165.426       1.5   11034.3   6565.18   17599.5   66.7181  -385.953
      100   2.08196   10344.9    210.62  -163.124       1.5   11196.4   6636.01   17832.4   70.8356  -396.032
        0   2.64787   10553.7   210.014  -161.546       1.5   11347.5   6726.56   18074.1   90.5442  -405.028