    20000         0         0   179.437    354.04       0.2   78.9895   14.2831   93.2726   14.2831    6.5598
    19900         0         0   179.437    353.13       0.2   151.419   29.7361   181.156   15.4531   6.43382
    19800         0         0   179.437   352.506       0.2   228.894   46.3592   275.253   16.6231   6.30822
    19700         0         0   179.437   352.255       0.2   299.319   60.5222   359.841   14.1631   6.19879
    19600         0         0   179.437    352.29       0.2   351.209   72.5053   423.714   11.9831   6.12087
    19500         0         0   179.437   350.597       0.2   414.692   82.0183    496.71   9.51306   6.05158
    19400         0         0   179.437   347.879       0.2   487.353   94.1014   581.454   12.0831   5.90477
    19300         0         0   179.437   345.374       0.2   558.279   106.214   664.494   12.1131   5.65656
    19200         0         0   179.437   342.873       0.2   620.606   118.358   738.963   12.1431   5.32496
    19100         0         0   179.437    342.02       0.2   681.386   130.011   811.397   11.6531   4.94128
    19000         0         0   179.437   342.156       0.2    741.53   142.474   884.004   12.4631   4.58749
    18900         0         0   179.437   340.553       0.2   800.577   155.747   956.323   13.2731   4.26219
    18800         0         0   179.437   337.986       0.2   870.831    166.28   1037.11   10.5331   3.87637
    18700         0         0   179.437    336.21       0.2   952.601   178.113   1130.71   11.8331   3.41716
    18600         0         0   179.437   334.818       0.2   1047.59   192.576   1240.17   14.4631   2.92873
    18500         0         0   179.437   333.482       0.2   1150.05   201.259   1351.31   8.68306   2.42444
    18400         0         0   179.437   332.205       0.2   1219.19   209.492   1428.69   8.23306    1.9065
    18300         0         0   179.437   329.228       0.2    1275.7   218.075   1493.77   8.58306   1.34924
    18200         0         0   179.437     325.2       0.2    1360.8   226.658   1587.45   8.58306  0.672723
    18100         0         0   179.437   321.768       0.2   1469.79   234.714    1704.5   8.05639 -0.137283
    18000         0         0   179.437   318.559       0.2   1574.09   243.331   1817.42   8.61639  -1.04056
    17900         0         0   179.437    317.64       0.2   1670.99   253.364   1924.35   10.0331  -1.98653
    17800         0         0   179.437   318.134       0.2      1766   264.257   2030.25   10.8931  -2.86227
    17700         0         0   179.437   316.312       0.2   1860.47    274.54   2135.01   10.2831  -3.66765
    17600         0         0   179.437   313.229       0.2   1943.92   288.828   2232.75   14.2881  -4.52282
    17500         0         0   179.437   313.298       0.2   2011.35   302.776   2314.12   13.9481  -5.41147
    17400         0         0   182.115   344.137       0.2   2042.72   312.444   2355.16   9.66738  -7.03503
    17300         0         0   182.934   353.815       0.2   2073.54   322.233   2395.78   9.78928  -7.23612
    17200         0         0    183.39   359.881       0.2   2096.59   335.928   2432.52    13.695  -7.02974
    17100         0         0   183.841   363.835       0.2   2099.91   350.717   2450.63   14.7892  -6.64495
    17000         0         0   184.395   366.328       0.2   2106.32   368.422   2474.74   17.7049  -6.19849
    16900         0         0   185.076   363.157       0.2   2119.69   386.971   2506.66   18.5487  -5.83044
    16800         0         0   185.879    356.08       0.2   2132.94   406.282   2539.22   19.3111  -5.80695
    16700         0         0   186.789   347.713       0.2   2143.96   427.383   2571.34   21.1008  -6.22983
    16600         0         0   187.792   338.163       0.2   2156.83    452.74   2609.57   25.3575  -7.09448
    16500         0         0   188.875   339.172       0.2   2164.82   472.218   2637.03   19.4779  -8.20911
    16400  0.361662  0.361662   190.027    347.24       0.2   2171.37   496.159   2667.52   23.9409  -9.07282
    16300  0.594656   36.7609   191.579    351.73       0.2    2187.4   517.096   2704.49   20.9373  -17.6034
    16200  0.341218   95.9731   193.865   353.822       0.2    2207.3   542.676   2749.97   25.5799  -29.1747
    16100         0   129.754    196.53   344.021       0.2   2222.18   569.884   2792.06   27.2076  -32.8116
    16000         0   129.754   198.935   326.794       0.2   2226.21   594.652   2820.86   24.7681  -29.0804
    15900         0   129.754   200.966   317.877       0.2   2227.64   617.539   2845.18   22.8869  -27.0057
    15800         0   129.754   202.787    313.97       0.2   2228.87   637.111   2865.99   19.5725  -25.8357
    15700 0.0104164   129.764   204.484    311.41       0.2   2230.58   656.137   2886.72   19.0256  -25.1974
    15600 0.0326993   130.828   206.113   309.992       0.2   2233.62   672.784    2906.4    16.647  -25.1378
    15500 0.0177959   134.083   207.725   307.877       0.2   2236.55   688.588   2925.14   15.8047  -25.7452
    15400  0.232929   136.078   209.327   305.425       0.2   2244.34   703.267    2947.6   14.6781  -26.1508
    15300  0.522802   159.661   211.118   304.296       0.2   2259.95   719.465   2979.42   16.1987  -31.4419
    15200  0.711748    212.13   213.465   303.583       0.2   2275.65   734.074   3009.72   14.6088  -42.0162
    15100    1.0758   283.669    216.55   308.327       0.2   2298.62   746.297   3044.92    12.223  -54.3522
    15000   1.34984   391.523     220.6   316.314       0.2   2332.89       755   3087.89   8.70265  -71.1671
    14900   1.51517   526.672   225.819   320.687       0.2   2374.03   757.827   3131.86   2.82721  -89.2159
    14800   1.22988   677.904   232.191   322.649       0.2   2421.62   760.739   3182.36  -2.91185  -106.014
    14700         0   799.662   239.145   309.162       0.2   2457.78   770.889   3228.67  -10.1505  -113.749
    14600         0   799.662    236.86   236.456       0.2   2466.36   771.909   3238.27  -1.01966  -96.8995
    14500         0   799.662   236.827   208.588       0.2   2492.32    774.43   3266.75   2.52072   -88.048
    14400         0   799.662   238.198   191.813       0.2    2526.1   777.586   3303.69   3.15649  -83.2482
    14300         0   799.662   239.993   177.816       0.2   2562.57   778.429      3341 -0.842652  -80.6914
    14200         0   799.662   241.803   166.099       0.2   2605.33   781.679   3387.01  -3.25038  -79.4942
    14100         0   799.662   243.487   159.884       0.2   2648.32   786.833   3435.15  -5.15365  -79.0675
    14000         0   799.662   245.008   157.126       0.2   2700.29   794.856   3495.15  -8.02343   -78.934
    13900         0   799.662   246.376   152.506       0.2    2757.1   800.662   3557.77  -5.80589  -78.9356
    13800         0   799.662   247.609   147.023       0.2   2804.78   809.756   3614.54  -9.09369  -79.1559
    13700         0   799.662   248.729   143.046       0.2   2868.06   817.135   3685.19  -7.37939  -79.5763
    13600         0   799.662    249.76   139.924       0.2    2923.8    825.69   3749.49   -8.5548  -80.1076
    13500         0   799.662   250.715   143.076       0.2   2979.97   840.575   3820.54  -14.8847  -80.6088
    13400         0   799.662   251.604   150.093       0.2   3034.97   853.139   3888.11  -12.5643  -80.7657
    13300         0   799.662   252.436   147.363       0.2   3090.34   868.715   3959.05   -15.576  -80.6774
    13200         0   799.662   256.137   167.708       0.2   3128.98   884.937   4013.92  -16.2223  -80.8946
    13100         0   799.662   258.494    174.05       0.2   3161.88   907.566   4069.45  -22.6286  -80.1605
    13000         0   799.662   260.373   179.722       0.2   3203.03   929.453   4132.49  -21.8874  -79.0939
    12900         0   799.662    261.85   185.755       0.2   3229.29   952.596   4181.89  -23.1426  -77.8766
    12800         0   799.662   262.929   191.888       0.2   3247.55   974.643   4222.19  -22.0475  -76.5683
    12700         0   799.662   263.875   194.134       0.2   3271.14   995.916   4267.05  -21.2721  -75.2866
    12600         0   799.662   264.918   193.536       0.2    3313.4   1015.68   4329.08  -19.7678   -74.266
    12500         0   799.662   266.007     193.4       0.2   3353.13    1034.7   4387.83  -19.0192   -73.569
    12400         0   799.662   267.123   193.387       0.2   3394.97   1055.73   4450.69  -21.0227  -73.1185
    12300         0   799.662    268.26     192.1       0.2    3425.8    1077.2      4503  -21.4741  -72.9017
    12200         0   799.662   269.421   189.849       0.2   3442.09   1097.32   4539.41  -20.1184   -72.953
    12100         0   799.662   270.608   189.059       0.2   3449.34   1115.48   4564.82   -18.166   -73.236
    12000  0.108023    799.77   271.821   189.218       0.2   3451.03   1137.21   4588.24  -21.7231  -73.6497
    11900     0.005   810.469    273.17   190.186       0.2   3457.62   1155.82   4613.45  -18.6156  -76.2921
    11800   0.83614     811.8   274.596   191.861       0.2   3470.38   1175.38   4645.76  -19.5563  -76.5312
    11700         0   894.578    276.87   199.758       0.2   3494.39   1195.67   4690.06  -20.2882  -93.2086
    11600         0   894.578   265.122   173.924       0.2    3499.2   1203.42   4702.62  -7.75776  -89.2171
    11500         0   894.578   260.728   156.937       0.2    3501.7   1208.46   4710.16   5.03873  -88.5422
    11400         0   894.578   259.869   134.336       0.2   3514.31   1216.55   4730.86   8.08262  -89.8342
    11300         0   894.578   260.377   123.666       0.2   3532.75   1221.65    4754.4   5.10041  -92.2062
    11200 0.0641715   894.642   261.357   119.769       0.2   3555.62   1225.14   4780.76   3.49321  -94.6206
    11100 0.0305835   901.026   262.558    112.43       0.2   3598.39   1227.48   4825.87   2.34239  -98.0317
    11000         0   904.053   263.812   103.433       0.2   3649.56   1228.47   4878.03  0.987555  -100.461
    10900     0.005   904.058   264.958   98.2852       0.2   3691.14   1231.11   4922.25   2.64164  -102.216
    10800         0   904.553   265.993    95.338       0.2   3720.89   1231.55   4952.44 -0.442594  -103.968
    10700         0   904.553   266.944    91.528       0.2   3752.02   1232.27   4984.29 -0.718844  -105.484
    10600         0   904.553   267.825    87.317       0.2   3787.12    1233.2   5020.32 -0.925441  -106.982
    10500         0   904.553   268.655   84.7584       0.2   3822.31   1234.35   5056.67  -1.15492  -108.467
    10400         0   904.553   269.446   83.1789       0.2   3858.03    1237.6   5095.63  -3.24594  -109.874
    10300         0   904.553   270.204   82.1545       0.2   3887.07    1242.9   5129.98  -5.30427  -111.186
    10200         0   904.553   270.932   81.0485       0.2    3916.9   1248.14   5165.03  -5.23224  -112.404
    10100         0   904.553   271.632   78.9492       0.2   3962.76   1256.07   5218.83  -7.93156  -113.588
    10000         0   904.553   272.304   76.5336       0.2   4001.93   1264.37    5266.3  -8.30396  -114.789
     9900         0   904.553   272.951   73.9516       0.2   4030.11   1273.02   5303.14  -8.65128  -116.023
     9800         0   904.553   273.575   71.2396       0.2   4059.24   1282.85    5342.1  -9.83166  -117.302
     9700         0   904.553   274.178   68.4217       0.2   4081.08   1293.85   5374.93  -10.9908  -118.628
     9600         0   904.553   274.762   65.5179       0.2   4102.14   1305.98   5408.12  -12.1304  -120.006
     9500         0   904.553   275.327     62.54       0.2   4127.41   1319.23   5446.64  -13.2524  -121.436
     9400         0   904.553   275.876    60.284       0.2    4169.4    1329.9    5499.3  -10.6763  -122.903
     9300         0   904.553   276.407   58.4532       0.2    4210.5   1342.51   5553.01  -12.6074  -124.366
     9200         0   904.553   276.919   56.8528       0.2   4250.48   1355.73   5606.21  -13.2191  -125.808
     9100         0   904.553    277.41   55.4109       0.2   4282.33   1371.14   5653.47    -15.41  -127.222
     9000         0   904.553   277.881   54.0963       0.2   4311.97   1389.72   5701.69  -18.5809  -128.605
     8900         0   904.553   278.334   52.9033       0.2   4352.24   1407.41   5759.64  -17.6843  -129.956
     8800         0   904.553   278.773   51.8066       0.2   4380.91   1425.65   5806.57  -18.2478  -131.271
     8700         0   904.553   279.198     50.79       0.2   4402.01   1444.45   5846.46  -18.7985  -132.551
     8600         0   904.553   279.613   49.8446       0.2   4417.83   1463.51   5881.34  -19.0629  -133.794
     8500         0   904.553   280.018   48.9618       0.2   4439.77   1482.83    5922.6   -19.318  -135.002
     8400         0   904.553   280.415   48.5535       0.2   4458.18   1501.95   5960.13  -19.1154  -136.164
     8300         0   904.553   280.806   48.4562       0.2   4487.99   1524.45   6012.44  -22.5064  -137.261
     8200         0   904.553   281.192   48.5696       0.2   4513.36   1546.77   6060.13  -22.3169  -138.282
     8100         0   904.553   281.573   48.8665       0.2   4541.83   1568.89   6110.72  -22.1228  -139.224
     8000         0   904.553   281.951   49.3139       0.2   4562.37   1591.12   6153.49  -22.2258  -140.083
     7900         0   904.553   282.326   49.9598       0.2   4592.13   1613.45   6205.58  -22.3255  -140.859
     7800         0   904.553   282.694   50.7673       0.2   4619.65   1636.44   6256.09  -22.9938  -141.546
     7700         0   904.553   283.055   51.7239       0.2      4645   1659.09   6304.09  -22.6546  -142.143
     7600         0   904.553   283.408   52.8394       0.2   4672.54    1682.4   6354.94   -23.308  -142.649
     7500         0   904.553   283.755   54.0859       0.2   4705.51   1706.33   6411.84  -23.9296  -143.061
     7400         0   904.553   284.093   54.4427       0.2   4741.78   1730.88   6472.65  -24.5433    -143.4
     7300         0   904.553   284.423   54.2876       0.2   4779.43   1754.02   6533.45  -23.1478  -143.719
     7200         0   904.553   284.742   53.8686       0.2   4820.77   1775.76   6596.53  -21.7421  -144.037
     7100         0   904.553    285.05   53.2702       0.2    4862.8   1798.51   6661.31  -22.7497  -144.364
     7000         0   904.553   285.345   52.5388       0.2   4897.15   1826.26   6723.41  -27.7454  -144.706
     6900         0   904.553    285.63   51.7155       0.2    4931.5   1853.79   6785.29  -27.5302  -145.066
     6800         0   904.553   285.906    50.819       0.2   4964.02    1876.8   6840.82  -23.0055  -145.444
     6700         0   904.553   286.173   49.8731       0.2   4996.08   1900.87   6896.95  -24.0726  -145.842
     6600         0   904.553   286.432   48.9052       0.2   5028.82    1927.9   6956.72  -27.0323  -146.258
     6500         0   904.553   286.686   47.9059       0.2   5058.67   1953.49   7012.15  -25.5858  -146.693
     6400         0   904.553   286.933   47.1755       0.2   5087.94   1979.22   7067.16  -25.7335  -147.139
     6300         0   904.553   287.176   46.6025       0.2   5118.02   2003.45   7121.47  -24.2263  -147.582
     6200         0   904.553   287.415   46.1222       0.2   5156.09   2027.06   7183.15  -23.6149  -148.016
     6100         0   904.553    287.65   45.7249       0.2   5195.01   2050.06   7245.07  -22.9999  -148.437
     6000         0   904.553   287.882   45.3832       0.2   5223.04   2072.44   7295.48  -22.3818  -148.844
     5900         0   904.553   288.111   45.0855       0.2      5253   2096.85   7349.85  -24.4108  -149.235
     5800         0   904.553   288.337   44.8232       0.2   5289.21   2119.69    7408.9  -22.8371  -149.611
     5700         0   904.553   288.561    44.591       0.2   5315.66   2142.35   7458.02   -22.661  -149.971
     5600         0   904.553   288.783   44.3854       0.2   5340.42   2164.98    7505.4  -22.6326  -150.316
     5500         0   904.553   289.002   44.2031       0.2   5375.13   2187.59   7562.71   -22.602  -150.646
     5400         0   904.553   289.219   43.3445       0.2   5409.16   2210.38   7619.54  -22.7945  -150.974
     5300         0   904.553   289.435   42.0714       0.2   5435.61   2233.37   7668.98   -22.985  -151.338
     5200         0   904.553   289.649   40.5702       0.2   5474.34   2253.21   7727.55  -19.8486  -151.752
     5100         0   904.553    289.86   38.9209       0.2   5499.99   2273.87   7773.87  -20.6602  -152.221
     5000         0   904.553   290.068   37.1392       0.2   5519.32   2295.34   7814.66  -21.4682  -152.748
     4900         0   904.553   290.272   35.2748       0.2   5537.14   2315.61   7852.75  -20.2717  -153.331
     4800         0   904.553    290.47   33.3311       0.2   5559.09   2335.33   7894.42  -19.7205  -153.971
     4700         0   904.553   290.665   31.3253       0.2   5586.89    2354.5   7941.38  -19.1646  -154.667
     4600         0   904.553   290.854   29.2868       0.2   5605.77   2375.55   7981.32  -21.0545  -155.417
     4500         0   904.553    291.04    27.197       0.2    5622.8   2397.49   8020.29  -21.9403  -156.218
     4400         0   904.553   291.222   25.4176       0.2   5639.14   2417.62   8056.76   -20.122  -157.064
     4300         0   904.553   291.399   23.8115       0.2   5657.83   2437.52   8095.34  -19.8993  -157.933
     4200         0   904.553   291.572   22.2954       0.2   5671.99   2456.89   8128.88  -19.3719  -158.819
     4100         0   904.553   291.739   20.8522       0.2   5682.09   2476.93   8159.02  -20.0394  -159.717
     4000         0   904.553   291.901   19.4522       0.2   5691.74   2495.53   8187.27   -18.601  -160.623
     3900         0   904.553   292.056   18.0812       0.2   5698.56   2512.68   8211.25  -17.1565  -161.537
     3800         0   904.553   292.206   16.7297       0.2   5706.83   2531.44   8238.27  -18.7559  -162.457
     3700         0   904.553   292.349    14.837       0.2   5710.86   2550.46   8261.32  -19.0243  -163.389
     3600         0   904.553   292.487   11.4549       0.2   5717.16   2569.75   8286.91  -19.2872  -164.399
     3500         0   904.553    292.62   7.42684       0.2   5724.07   2587.37   8311.44  -17.6197  -165.542
     3400         0   904.553   292.748   3.16239       0.2   5734.76   2606.12   8340.88  -18.7476  -166.832
     3300         0   904.553   292.872  -1.33587       0.2    5754.6   2624.64   8379.24  -18.5215  -168.266
     3200         0   904.553   292.992  -5.51756       0.2      5773   2642.93   8415.93   -18.292   -169.84
     3100         0   904.553    293.11  -8.42468       0.2   5792.87   2661.39   8454.27  -18.4596  -171.485
     3000         0   904.553   293.225  -10.8793       0.2   5809.64   2680.02   8489.66  -18.6247  -173.146
     2900         0   904.553   293.338  -13.0142       0.2    5825.9   2697.85   8523.76  -17.8377  -174.804
     2800         0   904.553   293.449  -14.9233       0.2   5841.74      2716   8557.75  -18.1488  -176.447
     2700         0   904.553   293.558   -16.834       0.2   5864.52   2730.66   8595.19  -14.6583  -178.068
     2600         0   904.553   293.666  -19.0685       0.2   5896.43   2750.43   8646.85  -19.7664  -179.687
     2500         0   904.553   293.773  -21.3998       0.2    5915.9    2766.3    8682.2  -15.8732  -181.318
     2400         0   904.553   293.879  -23.7584       0.2   5933.37   2782.58   8715.95  -16.2788  -182.964
     2300         0   904.553   293.983   -26.142       0.2   5952.78   2799.41   8752.19  -16.8334  -184.627
     2200         0   904.553   294.087  -28.3965       0.2   5978.68    2816.8   8795.48   -17.387  -186.306
     2100         0   904.553    294.19  -30.2564       0.2   5997.42   2834.19   8831.61  -17.3896  -187.981
     2000         0   904.553   294.291  -31.9538       0.2   6016.27   2851.58   8867.86  -17.3914  -189.638
     1900         0   904.553   294.392  -33.5273       0.2   6035.92   2868.44   8904.36  -16.8589   -191.27
     1800         0   904.553   294.492  -35.0047       0.2   6054.56   2885.27   8939.82  -16.8256  -192.874
     1700         0   904.553   294.591  -36.4963       0.2   6071.86   2901.23   8973.09  -15.9648  -194.448
     1600         0   904.553    294.69  -38.1709       0.2   6091.91   2915.63   9007.54  -14.4024  -196.004
     1500         0   904.553   294.787  -39.8964       0.2   6112.36   2931.88   9044.24  -16.2424  -197.548
     1400         0   904.553   294.884  -41.6595       0.2   6132.28   2949.81   9082.09  -17.9341  -199.085
     1300         0   904.553    294.98  -43.4452       0.2   6155.94   2967.05   9122.99   -17.244  -200.617
     1200         0   904.553   295.075  -44.9722       0.2   6191.35   2983.62   9174.97  -16.5617  -202.141
     1100         0   904.553   295.169  -45.7712       0.2   6223.69   2999.57   9223.27  -15.9592  -203.625
     1000         0   904.553   295.263  -46.2539       0.2   6253.94   3015.07   9269.02  -15.4975  -205.043
      900         0   904.553   295.355  -46.3966       0.2   6284.65   3030.78   9315.42   -15.705  -206.382
      800         0   904.553   295.446  -46.2833       0.2   6316.64    3042.9   9359.55  -12.1265  -207.632
      700         0   904.553   295.537  -45.8662       0.2   6346.49   3054.37   9400.86  -11.4704  -208.789
      600         0   904.553   295.627  -44.9961       0.2   6386.29   3068.83   9455.11  -14.4518  -209.836
      500         0   904.553   295.715  -43.8524       0.2   6426.65    3083.9   9510.54   -15.073  -210.763
      400         0   904.553   295.803  -42.4107       0.2   6479.51   3096.97   9576.48  -13.0758  -211.566
      300         0   904.553    295.89  -40.7251       0.2   6521.77   3115.14   9636.91  -18.1634  -212.237
      200         0   904.553   295.976  -38.5798       0.2   6570.95   3133.82   9704.77  -18.6835  -212.774
      100         0   904.553   296.061  -35.5619       0.2   6605.44   3148.43   9753.86  -14.6056  -213.144
        0  0.110324   904.664   296.145  -32.0722       0.2   6627.08   3152.84   9779.92   4.41312  -213.345