    20000         0         0   179.437    354.04       1.7   78.9895   14.2831   93.2726   14.2831    6.5598
    19900         0         0   179.437    353.13       1.7   151.419   29.7361   181.156   15.4531   6.43382
    19800         0         0   179.437   352.506       1.7   228.894   46.3592   275.253   16.6231   6.30822
    19700         0         0   179.437   352.255       1.7   299.319   60.5222   359.841   14.1631   6.19879
    19600         0         0   179.437    352.29       1.7   351.209   72.5053   423.714   11.9831   6.12087
    19500         0         0   179.437   350.597       1.7   414.692   82.0183    496.71   9.51306   6.05158
    19400         0         0   179.437   347.879       1.7   487.353   94.1014   581.454   12.0831   5.90477
    19300         0         0   179.437   345.374       1.7   558.279   106.214   664.494   12.1131   5.65656
    19200         0         0   179.437   342.873       1.7   620.606   118.358   738.963   12.1431   5.32496
    19100         0         0   179.437    342.02       1.7   681.386   130.011   811.397   11.6531   4.94128
    19000         0         0   179.437   342.156       1.7    741.53   142.474   884.004   12.4631   4.58749
    18900         0         0   179.437   340.553       1.7   800.577   155.747   956.323   13.2731   4.26219
    18800         0         0   179.437   337.986       1.7   870.831    166.28   1037.11   10.5331   3.87637
    18700         0         0   179.437    336.21       1.7   952.601   178.113   1130.71   11.8331   3.41716
    18600         0         0   179.437   334.818       1.7   1047.59   192.576   1240.17   14.4631   2.92873
    18500         0         0   179.437   333.482       1.7   1150.05   201.259   1351.31   8.68306   2.42444
    18400         0         0   179.437   332.205       1.7   1219.19   209.492   1428.69   8.23306    1.9065
    18300         0         0   179.437   329.228       1.7    1275.7   218.075   1493.77   8.58306   1.34924
    18200         0         0   179.437     325.2       1.7    1360.8   226.658   1587.45   8.58306  0.672723
    18100         0         0   179.437   321.768       1.7   1469.79   234.714    1704.5   8.05639 -0.137283
    18000         0         0   179.437   318.559       1.7   1574.09   243.331   1817.42   8.61639  -1.04056
    17900         0         0   179.437    317.64       1.7   1670.99   253.364   1924.35   10.0331  -1.98653
    17800         0         0   179.437   318.134       1.7      1766   264.257   2030.25   10.8931  -2.86227
    17700         0         0   179.437   316.312       1.7   1860.47    274.54   2135.01   10.2831  -3.66765
    17600         0         0   179.437   313.229       1.7   1943.92   288.828   2232.75   14.2881  -4.52282
    17500         0         0   179.437   313.298       1.7   2011.35   302.776   2314.12   13.9481  -5.41147
    17400         0         0   182.115   344.137       1.7   2042.72   312.444   2355.16   9.66738  -7.03503
    17300         0         0   182.934   353.815       1.7   2073.54   322.233   2395.78   9.78928  -7.23612
    17200         0         0    183.39   359.881       1.7   2096.59   335.928   2432.52    13.695  -7.02974
    17100         0         0   183.841   363.835       1.7   2099.91   350.717   2450.63   14.7892  -6.64495
    17000         0         0   184.395   366.328       1.7   2106.32   368.422   2474.74   17.7049  -6.19849
    16900         0         0   185.076   363.157       1.7   2119.69   386.971   2506.66   18.5487  -5.83044
    16800         0         0   185.879    356.08       1.7   2132.94   406.282   2539.22   19.3111  -5.80695
    16700         0         0   186.789   347.713       1.7   2143.96   427.383   2571.34   21.1008  -6.22983
    16600         0         0   187.792   338.163       1.7   2156.83    452.74   2609.57   25.3575  -7.09448
    16500         0         0   188.875   339.172       1.7   2164.82   472.218   2637.03   19.4779  -8.20911
    16400  0.361662  0.361662   190.027    347.24       1.7   2171.37   496.159   2667.52    23.941  -9.07282
    16300  0.606878   36.7731   191.069   351.871       1.7   2187.54   517.606   2705.14   21.4472  -17.5793
    16200  0.377238   97.2313   191.821   354.412       1.7   2208.03    545.23   2753.26   27.6238   -29.278
    16100         0   134.578   192.434   345.212       1.7    2224.1   576.533   2800.63   31.3032  -33.3459
    16000         0   134.578   193.221   328.537       1.7   2229.88   607.015   2836.89   30.4819  -29.1239
    15900         0   134.578    194.24   320.142       1.7   2230.71   636.627   2867.34   29.6122  -26.6969
    15800 0.0584727   134.636   195.399   316.681       1.7   2234.65   663.588   2898.24   26.9609  -25.3157
    15700  0.119167   140.544   196.623   314.436       1.7   2239.39   690.475   2929.86   26.8874  -25.8442
    15600  0.143199   152.485   197.843    313.18       1.7   2245.61   715.392      2961   24.9169  -27.8364
    15500  0.128541    166.79   199.034   311.114       1.7   2251.78   739.888   2991.67   24.4957  -30.1227
    15400  0.342156   179.858    200.21   308.651       1.7   2262.79   763.683   3026.48   23.7951    -31.89
    15300  0.636455   214.368   201.283   307.564       1.7   2281.68   789.716   3071.39   26.0333  -38.1498
    15200  0.844749   278.222   202.081   307.091       1.7   2300.88   815.709   3116.59   25.9921  -49.3959
    15100    1.2426   363.095   202.512   312.483       1.7   2328.01    841.97   3169.98    26.261  -62.4172
    15000     1.571   487.682   202.466   321.641       1.7    2367.6   868.806   3236.41   26.8363  -79.9872
    14900   1.81306   645.025    201.85   327.723       1.7   2415.79   895.603   3311.39   26.7971  -99.0808
    14800    1.6101   826.127   200.679    332.02       1.7   2472.75   924.202   3396.95   28.5993  -117.428
    14700         0   985.528   199.141   320.502       1.7   2520.24   954.056    3474.3   29.8538   -127.43
    14600         0   985.528    189.28   249.903       1.7   2525.11   1000.62   3525.73   46.5599  -107.141
    14500         0   985.528   186.221   223.291       1.7   2536.37   1053.74   3590.11   53.1269  -96.0608
    14400         0   985.528   185.924   207.279       1.7   2554.69   1109.17   3663.86   55.4298  -89.7769
    14300         0   985.528   186.576   193.613       1.7   2575.36   1161.75   3737.11   52.5742   -86.234
    14200         0   985.528   187.538   182.053       1.7   2602.16   1212.76   3814.92    51.014  -84.3935
    14100         0   985.528   188.599   176.144       1.7   2628.89    1262.5   3891.39   49.7348  -83.5573
    14000         0   985.528   189.691    173.69       1.7    2664.3   1309.79   3974.09    47.294  -83.1727
    13900         0   985.528     190.8   169.055       1.7   2704.56   1359.56   4064.12   49.7702  -83.0273
    13800         0   985.528   191.917   163.452       1.7   2735.81   1406.16   4141.97   46.5975  -83.1686
    13700         0   985.528   193.041   159.387       1.7   2782.74   1454.47   4237.21   48.3089   -83.554
    13600         0   985.528    194.17   156.135       1.7   2822.28    1501.5   4323.78   47.0354  -84.0769
    13500         0   985.528   195.299   159.643       1.7   2861.87   1542.03   4403.91    40.531  -84.5823
    13400         0   985.528   196.421   167.177       1.7   2899.79   1584.65   4484.44   42.6193  -84.7475
    13300         0   985.528   197.522   164.104       1.7   2938.42   1623.99   4562.41   39.3381  -84.6632
    13200         0   985.528   200.923   185.292       1.7   2959.48   1662.98   4622.46   38.9924  -84.6023
    13100         0   985.528   203.076   192.207       1.7   2974.22   1695.77      4670   32.7888  -83.5349
    13000         0   985.528   204.842   198.301       1.7    2996.8   1729.42   4726.21   33.6439  -82.1644
    12900         0   985.528     206.3   204.818       1.7      3004   1761.82   4765.82   32.4078  -80.6719
    12800  0.135509   985.663   207.458   211.432       1.7   3005.29   1795.25   4800.53   33.4237  -79.1444
    12700         0   999.079   208.466   213.733       1.7   3009.28   1829.38   4838.66   34.1362  -80.3791
    12600         0   999.079   209.557   213.123       1.7   3031.95   1864.98   4896.93   35.5931  -78.5809
    12500         0   999.079   210.735   213.095       1.7   3051.99   1901.23   4953.22   36.2521  -77.2553
    12400         0   999.079   211.967   213.172       1.7   3074.05   1935.36   5009.41   34.1334  -76.2966
    12300         0   999.079   213.234   211.886       1.7   3085.09   1968.91      5054   33.5515  -75.6644
    12200  0.101166    999.18   214.532   209.598       1.7   3088.54   2003.68   5092.23   34.7705  -75.3965
    12100  0.467424   1009.66   215.808   208.789       1.7   3101.03   2040.32   5141.35   36.6344  -77.5721
    12000  0.809878   1056.75   216.863   208.493       1.7      3122   2073.55   5195.55   33.2343  -86.9255
    11900  0.977255    1137.9   217.495   208.566       1.7   3146.97   2110.61   5257.59    37.059  -101.055
    11800   1.42997   1236.08   217.675   208.855       1.7   3176.72   2147.98    5324.7   37.3651  -115.263
    11700  0.326742   1377.97   217.312    216.26       1.7   3217.23   2187.25   5404.48     39.27  -134.117
    11600 0.0347855   1410.36   204.386   188.867       1.7   3236.99   2240.22   5477.21   52.9784  -127.691
    11500         0    1413.8    200.14   170.264       1.7   3247.81   2305.85   5553.67   65.6262  -120.291
    11400         0    1413.8   199.532   146.049       1.7   3248.72   2374.27   5622.99   68.4195  -116.024
    11300         0    1413.8   200.184   134.839       1.7   3255.99   2439.56   5695.55   65.2937  -114.297
    11200         0    1413.8   201.244   130.663       1.7   3267.96   2503.17   5771.13   63.6062  -113.658
    11100         0    1413.8   202.432   122.864       1.7   3300.29   2565.64   5865.93   62.4684  -113.547
    11000         0    1413.8   203.658   113.432       1.7   3341.46   2626.78   5968.24   61.1424  -113.962
    10900         0    1413.8    204.89    108.11       1.7   3373.22   2689.49   6062.71   62.7097  -114.759
    10800         0    1413.8   206.112   105.038       1.7   3393.27   2748.93    6142.2   59.4376  -115.668
    10700         0    1413.8   207.317   100.994       1.7   3414.93   2807.84   6222.77   58.9076  -116.614
    10600         0    1413.8   208.505   96.5414       1.7   3440.81   2866.23   6307.04   58.3947  -117.653
    10500         0    1413.8   209.682   93.8745       1.7   3466.89   2924.05   6390.94   57.8176  -118.763
    10400         0    1413.8   210.854   92.2212       1.7   3493.56   2979.39   6472.96    55.346  -119.856
    10300         0    1413.8   212.023    91.163       1.7    3513.6   3032.27   6545.87   52.8772  -120.901
    10200         0    1413.8   213.191   89.9969       1.7   3534.47   3084.78   6619.25   52.5094  -121.886
    10100         0    1413.8   214.359   87.7813       1.7    3571.5   3134.12   6705.62   49.3414  -122.862
    10000         0    1413.8   215.525   85.2196       1.7   3601.99    3182.6   6784.58   48.4746  -123.871
     9900         0    1413.8   216.688   82.4724       1.7   3621.65   3230.21   6851.86   47.6116  -124.929
     9800         0    1413.8   217.848   79.5803       1.7   3642.44    3276.1   6918.54   45.8955   -126.04
     9700         0    1413.8   219.007   76.5727       1.7   3656.13   3320.28   6976.41   44.1807  -127.209
     9600         0    1413.8   220.165   73.4736       1.7   3669.23   3362.75   7031.98   42.4666  -128.434
     9500         0    1413.8   221.311   70.3007       1.7   3686.74   3403.52   7090.26   40.7642  -129.714
     9400         0    1413.8   222.442    67.915       1.7   3721.09   3446.27   7167.37   42.7577  -131.034
     9300         0    1413.8   223.566   65.9777       1.7   3754.67   3486.51   7241.18   40.2343  -132.351
     9200     0.005   1413.81   224.685    64.293       1.7   3787.21   3525.52   7312.73   39.0148   -133.65
     9100     0.005   1414.31   225.792   62.7772       1.7   3811.69   3561.73   7373.42   36.2076  -135.014
     9000         0    1414.8   226.875   61.4017       1.7   3834.03   3594.16   7428.19   32.4252  -136.322
     8900     0.005   1414.81   227.933   60.1703       1.7   3867.03   3626.87   7493.91   32.7173  -137.487
     8800         0    1415.3   228.973    59.043       1.7   3888.47   3658.42   7546.89   31.5522  -138.718
     8700         0    1415.3   230.004   58.0086       1.7   3902.35   3688.82   7591.17   30.3957  -139.804
     8600         0    1415.3   231.034   57.0551       1.7   3910.96   3718.34   7629.29   29.5164  -140.863
     8500         0    1415.3   232.053   56.1723       1.7   3925.68   3746.98   7672.67   28.6472  -141.893
     8400  0.743097   1416.04    233.05   55.8027       1.7   3936.85   3775.23   7712.08   28.2497   -143.04
     8300  0.672713   1490.28   233.419   54.7252       1.7   3960.39   3800.11    7760.5   24.8806  -157.645
     8200     0.005   1556.89   233.147   53.4557       1.7   3980.87   3825.84   7806.71   25.7284  -167.278
     8100  0.705466   1558.09   233.156    53.252       1.7   4004.96   3852.14    7857.1   26.2943  -163.197
     8000  0.728034   1628.66   233.082    52.734       1.7   4022.08   3878.78   7900.86   26.6432  -172.683
     7900  0.757359   1701.49   232.552   52.0528       1.7   4049.75   3906.23   7955.97   27.4483  -180.385
     7800     0.005   1776.47   231.782    51.463       1.7   4076.57   3934.15   8010.72   27.9178  -186.757
     7700  0.786033   1777.75   231.467   52.0482       1.7   4101.59   3963.08   8064.67   28.9327  -179.349
     7600     0.005   1855.58    231.14   52.3261       1.7   4129.64   3992.04   8121.68   28.9597  -186.992
     7500         0   1856.07   230.985   53.4054       1.7    4163.3   4020.88   8184.18   28.8398  -179.832
     7400         0   1856.07   231.346   54.0382       1.7   4199.97   4049.08   8249.05   28.2042  -174.397
     7300     0.005   1856.08    231.94   54.2529       1.7   4237.66   4078.42   8316.07   29.3346  -170.357
     7200         0   1856.57   232.649    54.201       1.7   4278.66   4108.77   8387.43   30.3514  -167.441
     7100         0   1856.57    233.42   53.9391       1.7   4320.02   4137.65   8457.67   28.8797  -165.195
     7000  0.615757   1857.19   234.234   53.4967       1.7   4353.42   4161.01   8514.44   23.3663  -163.669
     6900  0.635491   1918.78    234.58   52.0653       1.7   4387.42   4184.53   8571.95   23.5201  -173.418
     6800   0.77897   1982.47   234.361   50.0598       1.7    4420.7   4213.07   8633.77   28.5387  -181.174
     6700  0.782411   2060.37   233.765   47.6799       1.7   4454.95   4241.41   8696.36   28.3347  -189.586
     6600  0.737995   2138.57   232.912   45.1459       1.7   4491.46    4267.9   8759.35   26.4883  -196.182
     6500  0.811913   2212.44   231.971   42.6376       1.7   4526.57   4297.03   8823.59   29.1294   -200.74
     6400  0.846572   2293.67   230.952   40.3954       1.7   4562.62   4327.27    8889.9   30.2481  -205.716
     6300  0.928498   2378.41   229.831   38.2878       1.7   4601.01   4360.39   8961.41   33.1194  -210.376
     6200  0.990682   2471.32   228.588   36.2056       1.7      4649   4395.61    9044.6   35.2124  -215.539
     6100   1.05667   2570.46   227.212   34.1301       1.7   4699.51   4433.04   9132.56   37.4383  -220.762
     6000     0.005   2675.07   225.711   32.0323       1.7    4740.9   4472.83   9213.73   39.7889  -225.893
     5900   1.07529   2676.64   224.912   31.3192       1.7   4784.62   4511.62   9296.24   38.7884  -214.254
     5800   1.16221   2784.26   224.165   30.0448       1.7   4835.61   4552.96   9388.56   41.3351  -222.285
     5700   1.22125   2900.54   222.832   28.1526       1.7    4878.5   4596.02   9474.53   43.0676   -229.91
     5600   1.28192   3022.72   221.198   26.0654       1.7   4921.58   4640.98   9562.55   44.9518  -236.839
     5500   1.34695   3150.98   219.384   23.8566       1.7   4976.63   4687.99   9664.62   47.0157  -243.308
     5400   1.40993   3285.74   217.437   20.7998       1.7   5033.21   4736.98   9770.19   48.9881  -249.531
     5300   1.47656    3426.8   215.373   17.2242       1.7   5084.51   4788.06   9872.57   51.0772  -255.595
     5200   1.63742   3574.61   213.204   13.3252       1.7   5150.48   4844.65   9995.13   56.5964  -261.636
     5100   1.69764   3738.42   210.885   9.07824       1.7   5205.98   4902.97   10108.9    58.315  -268.932
     5000   1.76122   3908.24   208.435   4.56259       1.7   5257.88   4963.13     10221   60.1651  -275.817
     4900     0.005   4082.61   205.897 -0.110911       1.7   5311.09   5027.24   10338.3   64.1027  -282.194
     4800   1.90486   4085.01   204.466  -2.83601       1.7    5369.2   5093.52   10462.7   66.2844  -264.906
     4700   1.99922   4275.59   203.056  -6.59208       1.7   5434.92   5161.96   10596.9   68.4437  -277.607
     4600   2.03955   4475.55   200.773  -11.4303       1.7   5494.52   5230.99   10725.5   69.0272  -288.796
     4500   2.11208   4679.58   198.151  -16.5954       1.7   5555.34   5301.94   10857.3    70.949  -298.265
     4400         0   4888.68    195.39  -21.5676       1.7   5618.67   5377.65   10996.3     75.71  -306.625
     4300         0   4888.68   193.863  -24.0845       1.7   5685.25   5455.29   11140.5   77.6373  -287.717
     4200         0   4888.68   193.716  -25.0417       1.7   5746.75   5533.77   11280.5   78.4843  -273.272
     4100         0   4888.68   194.117   -25.524       1.7   5803.23   5611.36   11414.6   77.5835  -262.286
     4000         0   4888.68   194.775  -25.8432       1.7   5858.17   5689.88   11548.1   78.5252  -253.947
     3900         0   4888.68   195.579  -26.1641       1.7   5909.24    5769.2   11678.4   79.3212  -247.638
     3800         0   4888.68   196.479   -26.572       1.7   5960.81   5846.17     11807    76.971  -242.891
     3700         0   4888.68   197.451  -27.7515       1.7   6007.43   5922.05   11929.5   75.8743  -239.356
     3600   2.11202   4890.79   198.479  -30.6712       1.7   6055.85   5996.77   12052.6    74.721   -237.19
     3500     0.005   5099.88   198.154  -36.9374       1.7   6107.13   6073.61   12180.7   76.8461  -266.197
     3400   2.17796   5102.56   197.784  -42.4499       1.7   6163.43   6149.83   12313.3    76.216  -258.847
     3300   2.25908   5320.43   196.928  -49.7465       1.7   6231.68   6227.25   12458.9   77.4225  -284.054
     3200   2.35719   5546.44   194.899   -57.875       1.7   6302.44   6307.05   12609.5   79.8013  -303.928
     3100     0.005   5779.81   192.381  -64.9493       1.7   6378.84   6389.32   12768.2   82.2687  -320.015
     3000   2.44452   5782.75   191.075  -69.0544       1.7   6453.78   6472.85   12926.6   83.5255   -304.46
     2900   2.55699   6027.31   189.701  -73.8089       1.7   6530.83   6558.65   13089.5   85.7994  -323.471
     2800   2.65634   6283.11   187.248  -79.4302       1.7   6611.18    6646.7   13257.9   88.0523  -339.335
     2700   2.87081   6548.96   184.355  -85.3107       1.7   6702.44   6741.24   13443.7   94.5448  -352.869
     2600   2.85528   6836.02   181.191  -91.7487       1.7   6807.02   6833.95     13641   92.7089  -365.967
     2500   3.09358   7121.79   177.906    -98.28       1.7   6903.38   6933.95   13837.3   99.9941  -376.422
     2400   3.22051   7431.27   174.513  -104.907       1.7   7001.99   7037.03     14039   103.087  -387.512
     2300   3.34877   7753.45   170.997  -111.628       1.7   7106.89   7143.19   14250.1   106.153  -397.941
     2200   3.48185   8088.46   167.406  -118.203       1.7    7222.6   7252.48   14475.1   109.294   -407.89
     2100   3.63534    8436.8   163.765  -124.359       1.7   7335.44   7365.52     14701   113.035  -417.505
     2000         0    8796.7   160.085  -130.354       1.7    7452.7   7482.33     14935   116.815  -426.641
     1900         0    8796.7   157.994  -133.172       1.7   7571.99   7601.87   15173.9   119.539  -402.668
     1800         0    8796.7   157.552  -133.596       1.7   7689.21   7721.99   15411.2   120.115  -383.797
     1700         0    8796.7   157.678  -133.334       1.7   7803.35   7842.94   15646.3   120.949   -369.03
     1600         0    8796.7   158.028  -133.015       1.7   7918.25    7965.2   15883.4    122.26  -357.531
     1500         0    8796.7    158.49  -132.752       1.7   8031.56   8085.25   16116.8   120.055  -348.631
     1400         0    8796.7   159.024  -132.669       1.7   8142.48   8203.18   16345.7   117.926  -341.794
     1300         0    8796.7   159.613  -132.809       1.7   8255.51    8321.3   16576.8   118.123  -336.595
     1200         0    8796.7   160.246  -132.838       1.7   8378.78   8439.57   16818.4   118.268  -332.691
     1100         0    8796.7   160.917  -132.274       1.7   8497.63   8557.86   17055.5   118.293  -329.783
     1000         0    8796.7   161.622   -131.54       1.7   8613.17      8676   17289.2   118.143  -327.629
      900         0    8796.7   162.357  -130.583       1.7   8728.05    8793.3   17521.4   117.293  -326.047
      800         0    8796.7    163.12  -129.489       1.7   8843.26    8913.5   17756.8     120.2  -324.892
      700         0    8796.7   163.908  -128.169       1.7    8955.4   9033.66   17989.1   120.159   -324.05
      600         0    8796.7   164.719   -126.46       1.7   9076.67   9150.11   18226.8   116.456  -323.423
      500         0    8796.7   165.553   -124.54       1.7   9197.71    9265.2   18462.9    115.09  -322.935
      400         0    8796.7   166.406  -122.369       1.7   9330.54   9381.52   18712.1   116.321  -322.528
      300     0.005   8796.71   167.279  -120.005       1.7   9452.08   9491.97     18944   110.447  -322.155
      200         0    8797.2   168.168  -117.171       1.7   9579.85   9601.09   19180.9   109.125  -321.845
      100         0    8797.2   169.073  -113.437       1.7   9692.21   9713.48   19405.7   112.382  -321.399
        0         0    8797.2   169.997  -109.232       1.7   9791.02   9844.04   19635.1   130.561  -320.857