     20000          0          0    179.437     354.04        0.7    78.9895    14.2831    93.2726    14.2831     6.5598
     19900          0          0    179.437     353.13        0.7    151.419    29.7361    181.156    15.4531    6.43382
     19800          0          0    179.437    352.506        0.7    228.894    46.3592    275.253    16.6231    6.30822
     19700          0          0    179.437    352.255        0.7    299.319    60.5222    359.841    14.1631    6.19879
     19600          0          0    179.437     352.29        0.7    351.209    72.5053    423.714    11.9831    6.12087
     19500          0          0    179.437    350.597        0.7    414.692    82.0183     496.71    9.51306    6.05158
     19400          0          0    179.437    347.879        0.7    487.353    94.1014    581.454    12.0831    5.90477
     19300          0          0    179.437    345.374        0.7    558.279    106.214    664.494    12.1131    5.65656
     19200          0          0    179.437    342.873        0.7    620.606    118.358    738.963    12.1431    5.32496
     19100          0          0    179.437     342.02        0.7    681.386    130.011    811.397    11.6531    4.94128
     19000          0          0    179.437    342.156        0.7     741.53    142.474    884.004    12.4631    4.58749
     18900          0          0    179.437    340.553        0.7    800.577    155.747    956.323    13.2731    4.26219
     18800          0          0    179.437    337.986        0.7    870.831     166.28    1037.11    10.5331    3.87637
     18700          0          0    179.437     336.21        0.7    952.601    178.113    1130.71    11.8331    3.41716
     18600          0          0    179.437    334.818        0.7    1047.59    192.576    1240.17    14.4631    2.92873
     18500          0          0    179.437    333.482        0.7    1150.05    201.259    1351.31    8.68306    2.42444
     18400          0          0    179.437    332.205        0.7    1219.19    209.492    1428.69    8.23306     1.9065
     18300          0          0    179.437    329.228        0.7     1275.7    218.075    1493.77    8.58306    1.34924
     18200          0          0    179.437      325.2        0.7     1360.8    226.658    1587.45    8.58306   0.672723
     18100          0          0    179.437    321.768        0.7    1469.79    234.714     1704.5    8.05639  -0.137283
     18000          0          0    179.437    318.559        0.7    1574.09    243.331    1817.42    8.61639   -1.04056
     17900          0          0    179.437     317.64        0.7    1670.99    253.364    1924.35    10.0331   -1.98653
     17800          0          0    179.437    318.134        0.7       1766    264.257    2030.25    10.8931   -2.86227
     17700          0          0    179.437    316.312        0.7    1860.47     274.54    2135.01    10.2831   -3.66765
     17600          0          0    179.437    313.229        0.7    1943.92    288.828    2232.75    14.2881   -4.52282
     17500          0          0    179.437    313.298        0.7    2011.35    302.776    2314.12    13.9481   -5.41147
     17400          0          0    182.115    344.137        0.7    2042.72    312.444    2355.16    9.66738   -7.03503
     17300          0          0    182.934    353.815        0.7    2073.54    322.233    2395.78    9.78928   -7.23612
     17200          0          0     183.39    359.881        0.7    2096.59    335.928    2432.52     13.695   -7.02974
     17100          0          0    183.841    363.835        0.7    2099.91    350.717    2450.63    14.7892   -6.64495
     17000          0          0    184.395    366.328        0.7    2106.32    368.422    2474.74    17.7049   -6.19849
     16900          0          0    185.076    363.157        0.7    2119.69    386.971    2506.66    18.5487   -5.83044
     16800          0          0    185.879     356.08        0.7    2132.94    406.282    2539.22    19.3111   -5.80695
     16700          0          0    186.789    347.713        0.7    2143.96    427.383    2571.34    21.1008   -6.22983
     16600          0          0    187.792    338.163        0.7    2156.83     452.74    2609.57    25.3575   -7.09448
     16500          0          0    188.875    339.172        0.7    2164.82    472.218    2637.03    19.4779   -8.20911
     16400   0.361662   0.361662    190.027     347.24        0.7    2171.37    496.159    2667.52    23.9409   -9.07282
     16300   0.598723     36.765    191.409    351.777        0.7    2187.44    517.266    2704.71    21.1074   -17.5954
     16200   0.353083    96.3917    193.186    354.017        0.7    2207.54    543.525    2751.07    26.2592   -29.2089
     16100          0    131.347    195.177    344.411        0.7    2222.81    572.086     2794.9    28.5602   -32.9871
     16000          0    131.347    197.053    327.362        0.7    2227.41    598.736    2826.15    26.6502   -29.0936
     15900          0    131.347    198.749    318.614        0.7    2228.11    623.839    2851.95    25.1035   -26.9028
     15800          0    131.347     200.35    314.851        0.7    2230.22     645.85    2876.07    22.0104    -25.659
     15700  0.0469847    131.394    201.897    312.415        0.7    2232.93    667.462     2900.4    21.6126   -24.9861
     15600  0.0692121    136.115    203.436    311.054        0.7    2237.03    686.786    2923.82     19.324   -25.7143
     15500  0.0533328     143.02    204.996    308.936        0.7    2241.03     705.32    2946.35    18.5341   -26.9551
     15400   0.266555    148.566    206.568    306.451        0.7    2249.84    722.758    2972.59    17.4374    -27.854
     15300   0.556269    175.512    208.243    305.296        0.7    2266.45    741.832    3008.28    19.0738   -33.4757
     15200   0.749705    231.332    210.198    304.616        0.7    2283.18    759.707    3042.89    17.8751   -44.2549
     15100    1.12268    306.675    212.524    309.516        0.7    2307.34    775.956     3083.3    16.2492   -56.7752
     15000    1.41201    419.233    215.333    317.817        0.7    2343.11    789.926    3133.04      13.97   -73.7794
     14900    1.59922    560.621    218.724    322.667        0.7    2386.24    799.849    3186.09    9.92312   -92.0966
     14800    1.33698     720.28    222.684    325.284        0.7    2436.46    806.444    3242.91    6.59487   -109.307
     14700          0    852.641    226.901    312.338        0.7     2475.8    808.537    3284.33     2.0931   -117.659
     14600          0    852.641    222.071    240.148        0.7    2480.68    822.306    3302.99     13.769   -99.7684
     14500          0    852.641    220.912    212.624        0.7    2502.61    840.742    3343.35    18.4358   -90.2457
     14400          0    852.641    221.631     196.06        0.7    2532.14    860.465    3392.61    19.7235   -85.0069
     14300          0    852.641    222.977    182.153        0.7    2564.27    876.638    3440.91    16.1731   -82.1651
     14200          0    852.641    224.459    170.479        0.7    2602.65    890.732    3493.38    14.0938   -80.7886
     14100          0    852.641    225.911     164.35        0.7    2641.18    903.155    3544.33    12.4226   -80.2538
     14000          0    852.641    227.287    161.675        0.7     2688.6    912.853    3601.45    9.69847   -80.0582
     13900          0    852.641    228.579    157.044        0.7    2740.87    924.845    3665.72    11.9914   -80.0261
     13800          0    852.641    229.792    151.521        0.7    2784.05    933.568    3717.62    8.72345   -80.2307
     13700          0    852.641    230.934    147.516        0.7    2842.85    943.984    3786.84    10.4156    -80.646
     13600          0    852.641    232.016    144.356        0.7    2894.17    953.172    3847.34    9.18851   -81.1783
     13500          0    852.641    233.046    147.613        0.7     2945.8    955.956    3901.75    2.78387   -81.6834
     13400          0    852.641    234.031     154.78        0.7    2996.11    960.966    3957.08     5.0095    -81.844
     13300          0    852.641    234.976    151.946        0.7     3046.9     962.85    4009.75    1.88416   -81.7578
     13200          0    852.641    238.592    172.595        0.7    3080.65    964.173    4044.83    1.32299   -81.8937
     13100          0    852.641      240.9     179.11        0.7    3108.49    969.208     4077.7   -5.03533   -81.0638
     13000          0    852.641    242.765     184.91        0.7    3144.46    973.487    4117.95   -4.27914   -79.9094
     12900          0    852.641    244.259    191.087        0.7    3165.39    979.039    4144.43   -5.55149   -78.6124
     12800          0    852.641    245.386    197.362        0.7    3178.17    983.543    4161.71   -4.50446   -77.2312
     12700          0    852.641    246.395    199.665        0.7    3196.23    987.336    4183.56   -3.79299   -75.8826
     12600          0    852.641    247.506    199.092        0.7    3232.93    989.692    4222.62   -2.35579   -74.8011
     12500          0    852.641    248.664    198.998        0.7    3267.06    991.369    4258.43   -1.67657   -74.0491
     12400          0    852.641    249.852    199.016        0.7    3303.27    995.121    4298.39   -3.75219   -73.5492
     12300          0    852.641    251.065     197.73        0.7    3328.47      999.4    4327.87   -4.27904   -73.2874
     12200          0    852.641    252.304    195.466        0.7    3339.15     1002.4    4341.55   -3.00118   -73.2978
     12100          0    852.641     253.57    194.696        0.7    3340.76    1003.53    4344.28    -1.1277   -73.5436
     12000   0.324617    852.966    254.862    194.881        0.7    3348.11    1008.29    4356.41   -4.76474   -73.9734
     11900   0.519509    885.622    256.341    195.638        0.7    3360.16    1010.08    4370.24   -1.78669   -81.1171
     11800   0.988444    938.042    258.168    196.538        0.7    3377.59    1013.21     4390.8   -3.12821   -90.7986
     11700  0.0372473    1035.94    260.538    203.892        0.7    3405.74    1017.16     4422.9   -3.95558   -107.196
     11600          0    1039.62    249.264     177.16        0.7    3413.78    1025.26    4439.04    8.10043   -101.004
     11500          0    1039.62    245.352    159.563        0.7    3413.91    1045.68    4459.59    20.4143   -98.0363
     11400          0    1039.62    244.825    136.423        0.7    3424.44    1068.81    4493.25    23.1271   -97.6389
     11300          0    1039.62    245.551    125.517        0.7    3441.03    1088.73    4529.76    19.9264   -98.7599
     11200          0    1039.62    246.674    121.483        0.7    3462.19    1106.91    4569.09    18.1762   -100.226
     11100          0    1039.62    247.877    114.084        0.7     3503.3    1123.93    4627.23    17.0227   -101.684
     11000          0    1039.62    249.058    105.066        0.7    3552.83    1139.67     4692.5    15.7422   -103.277
     10900   0.438677    1040.06    250.196    99.9137        0.7    3592.79    1157.08    4749.86    17.4044   -105.064
     10800   0.335738    1083.83    251.628    96.2136        0.7    3621.66       1171    4792.66    13.9222    -115.03
     10700   0.306243    1117.37     253.33    91.3324        0.7    3652.98    1183.89    4836.88     12.895   -120.923
     10600   0.277717    1147.97    255.061    86.0492        0.7    3689.35    1195.73    4885.09    11.8385   -125.274
     10500   0.248955    1175.71     256.76    82.4919        0.7    3726.82    1206.47    4933.29    10.7397   -128.511
     10400   0.171709    1200.53    258.397    80.0047        0.7    3765.71    1214.28    4979.98    7.80328   -130.829
     10300  0.0988027    1217.63    259.921    78.2616        0.7    3798.64    1219.25    5017.89    4.97857   -131.532
     10200  0.0866883    1227.49     261.29    76.6646        0.7    3832.85    1223.67    5056.51    4.41043   -131.059
     10100 0.00230599    1236.08    262.528    74.2131        0.7    3883.45    1224.84    5108.28     1.1719   -130.791
     10000          0    1236.31    263.625    71.6479        0.7     3927.5    1225.21    5152.72   0.374597   -129.389
      9900          0    1236.31    264.598    69.0362        0.7     3960.6    1225.51    5186.11  -0.297675   -128.621
      9800          0    1236.31    265.494    66.3403        0.7    3994.63    1227.26    5221.89   -1.75004   -128.376
      9700          0    1236.31    266.334    63.5587        0.7    4021.33    1230.41    5251.74   -3.14653   -128.537
      9600          0    1236.31     267.13    60.6975        0.7    4047.22    1234.91    5282.12   -4.49893   -129.016
      9500          0    1236.31    267.892     57.761        0.7    4077.26    1240.72    5317.99   -5.81711   -129.746
      9400          0    1236.31    268.623    55.5492        0.7    4123.98    1244.15    5368.13   -3.42314   -130.665
      9300          0    1236.31    269.324    53.7594        0.7    4169.78    1249.67    5419.44    -5.5236   -131.694
      9200          0    1236.31    269.996    52.1966        0.7    4214.41    1255.96    5470.38   -6.29556    -132.79
      9100          0    1236.31    270.643    50.7883        0.7    4250.89    1264.61    5515.49   -8.64301   -133.925
      9000          0    1236.31     271.27    49.5033        0.7    4285.12    1276.58     5561.7   -11.9698   -135.082
      8900          0    1236.31    271.879    48.3368        0.7    4329.96    1287.81    5617.76    -11.229   -136.245
      8800          0    1236.31    272.473    47.2639        0.7    4363.17    1299.75    5662.93   -11.9483   -137.405
      8700          0    1236.31    273.055    46.2689        0.7    4388.79    1312.41     5701.2   -12.6549   -138.553
      8600          0    1236.31    273.626    45.3435        0.7    4409.11    1325.49    5734.59   -13.0756   -139.684
      8500          0    1236.31    274.186    44.4797        0.7    4435.53    1338.97     5774.5   -13.4862   -140.793
      8400          0    1236.31    274.733    44.0938        0.7    4458.41     1352.4    5810.81   -13.4331   -141.869
      8300          0    1236.31    275.263     44.021        0.7    4492.65    1369.37    5862.01   -16.9631   -142.887
      8200          0    1236.31    275.776    44.1615        0.7    4522.42    1386.27    5908.69   -16.9013   -143.837
      8100          0    1236.31    276.274     44.488        0.7    4555.28    1403.09    5958.37   -16.8241   -144.713
      8000          0    1236.31    276.756    44.9678        0.7    4580.16    1420.12    6000.29   -17.0312    -145.51
      7900          0    1236.31    277.221    45.6496        0.7    4614.23    1437.35    6051.58   -17.2211   -146.225
      7800          0    1236.31    277.668    46.4951        0.7    4646.03    1455.31    6101.34   -17.9683   -146.853
      7700          0    1236.31    278.099    47.4919        0.7     4675.6    1473.01    6148.61   -17.6994   -147.392
      7600          0    1236.31    278.518    48.6487        0.7    4707.33    1491.43    6198.76   -18.4176   -147.842
      7500          0    1236.31    278.926    49.9372        0.7    4744.46    1510.53    6254.99   -19.1008     -148.2
      7400          0    1236.31    279.326    50.3302        0.7    4784.83    1530.31    6315.14   -19.7759   -148.485
      7300          0    1236.31    279.719    50.2091        0.7    4826.57    1548.75    6375.32   -18.4443   -148.751
      7200          0    1236.31    280.107    49.8216        0.7    4871.95    1565.86    6437.81   -17.1068   -149.019
      7100          0    1236.31    280.489    49.2521        0.7       4918    1584.05    6502.04   -18.1893   -149.299
      7000          0    1236.31    280.867    48.5472        0.7    4956.34    1607.32    6563.66   -23.2674   -149.594
      6900          0    1236.31    281.242    47.7483        0.7    4994.66    1630.46    6625.11   -23.1419   -149.908
      6800          0    1236.31    281.614    46.8743        0.7    5031.13    1649.17     6680.3   -18.7144   -150.242
      6700          0    1236.31    281.985    45.9492        0.7    5067.11    1669.06    6736.16   -19.8854   -150.596
      6600          0    1236.31    282.353    45.0015        0.7    5103.76    1692.01    6795.77   -22.9525   -150.969
      6500          0    1236.31    282.713    44.0222        0.7    5137.48    1713.62    6851.11   -21.6134    -151.36
      6400          0    1236.31    283.068    43.3133        0.7    5170.62    1735.49    6906.11   -21.8676   -151.764
      6300          0    1236.31    283.416    42.7624        0.7    5204.54    1755.96    6960.49   -20.4655   -152.165
      6200          0    1236.31    283.756    42.3053        0.7    5246.42    1775.91    7022.34   -19.9561   -152.556
      6100          0    1236.31    284.088    41.9327        0.7    5289.14    1795.35    7084.49   -19.4378   -152.935
      6000          0    1236.31    284.408    41.6174        0.7    5320.93    1814.26    7135.19   -18.9082   -153.298
      5900          0    1236.31    284.716    41.3481        0.7    5354.63    1835.27     7189.9   -21.0163   -153.645
      5800          0    1236.31    285.012    41.1163        0.7    5394.54    1854.79    7249.33    -19.512   -153.976
      5700          0    1236.31    285.296    40.9163        0.7    5424.68    1874.18    7298.86   -19.3964   -154.291
      5600          0    1236.31    285.571    40.7444        0.7    5453.07     1893.6    7346.68   -19.4211   -154.591
      5500          0    1236.31    285.837    40.5972        0.7    5491.39    1913.04    7404.43   -19.4374   -154.876
      5400          0    1236.31    286.096     39.772        0.7    5528.99    1932.71    7461.71   -19.6714   -155.159
      5300          0    1236.31    286.349    38.5325        0.7    5558.98    1952.61    7511.59   -19.8989   -155.478
      5200          0    1236.31    286.596     37.065        0.7    5601.21    1969.41    7570.62   -16.7958   -155.848
      5100          0    1236.31    286.838    35.4493        0.7    5630.34    1987.05    7617.39   -17.6379   -156.272
      5000          0    1236.31    287.076    33.7009        0.7     5653.1    2005.52    7658.62   -18.4759   -156.754
      4900          0    1236.31     287.31    31.8693        0.7    5674.33    2022.83    7697.16   -17.3104   -157.295
      4800          0    1236.31    287.542    29.9578        0.7    5699.65    2039.62    7739.28   -16.7918   -157.891
      4700          0    1236.31     287.77    27.9836        0.7    5730.79    2055.89    7786.69   -16.2704   -158.545
      4600          0    1236.31    287.996    25.9763        0.7    5752.99    2074.09    7827.08   -18.1964   -159.252
      4500          0    1236.31     288.22    23.9172        0.7     5773.3    2093.21    7866.51   -19.1199   -160.011
      4400          0    1236.31    288.441     22.169        0.7    5792.89    2110.55    7903.44   -17.3412   -160.816
      4300          0    1236.31     288.66    20.5938        0.7    5814.79    2127.71     7942.5   -17.1604   -161.644
      4200          0    1236.31    288.878    19.1082        0.7    5832.14    2144.39    7976.53   -16.6776    -162.49
      4100          0    1236.31    289.093    17.6949        0.7     5845.4    2161.78    8007.18   -17.3929   -163.348
      4000          0    1236.31    289.306     16.324        0.7    5858.18    2177.79    8035.97   -16.0064   -164.215
      3900          0    1236.31    289.518    14.9813        0.7     5868.1    2192.41    8060.51   -14.6178   -165.091
      3800          0    1236.31    289.726    13.6575        0.7    5879.43    2208.68    8088.12   -16.2759   -165.974
      3700          0    1236.31    289.929      11.79        0.7    5886.51    2225.29     8111.8   -16.6045   -166.869
      3600          0    1236.31    290.128     8.4301        0.7    5895.84    2242.21    8138.06   -16.9284   -167.842
      3500          0    1236.31    290.323    4.42284        0.7    5905.75    2257.54    8163.29   -15.3227   -168.949
      3400          0    1236.31    290.513   0.178859        0.7    5919.43    2274.05    8193.48   -16.5128   -170.204
      3300          0    1236.31    290.699   -4.29932        0.7    5942.23     2290.4    8232.63   -16.3489   -171.603
      3200          0    1236.31    290.881   -8.45913        0.7    5963.57    2306.58    8270.15   -16.1808   -173.141
      3100          0    1236.31    291.058   -11.3419        0.7    5986.36    2322.99    8309.35   -16.4084   -174.751
      3000          0    1236.31    291.231   -13.7707        0.7    6006.02    2339.62    8345.64   -16.6314   -176.377
      2900          0    1236.31    291.399   -15.8785        0.7    6025.15    2355.52    8380.67   -15.8992   -177.999
      2800          0    1236.31    291.561   -17.7594        0.7    6043.82    2371.78     8415.6   -16.2612   -179.606
      2700          0    1236.31    291.717   -19.6414        0.7    6069.41     2384.6    8454.01   -12.8171   -181.191
      2600          0    1236.31    291.867    -21.847        0.7    6104.09    2402.56    8506.66   -17.9669   -182.774
      2500          0    1236.31    292.011    -24.149        0.7    6126.32    2416.68    8542.99   -14.1108   -184.368
      2400          0    1236.31    292.149   -26.4776        0.7     6146.5    2431.22    8577.73   -14.5491   -185.978
      2300          0    1236.31    292.282    -28.831        0.7     6168.6    2446.36    8614.96    -15.132   -187.605
      2200          0    1236.31     292.41   -31.0544        0.7    6197.16    2462.07    8659.23   -15.7103   -189.247
      2100          0    1236.31    292.534   -32.8824        0.7    6218.53     2477.8    8696.33   -15.7345   -190.887
      2000          0    1236.31    292.655   -34.5475        0.7    6239.98    2493.56    8733.53   -15.7553   -192.508
      1900          0    1236.31    292.773   -36.0885        0.7    6262.19     2508.8    8770.98   -15.2398   -194.105
      1800          0    1236.31    292.889   -37.5332        0.7    6283.35    2524.02    8807.37   -15.2219   -195.673
      1700          0    1236.31    293.002   -38.9923        0.7    6303.14    2538.39    8841.54   -14.3751   -197.213
      1600          0    1236.31    293.113   -40.6349        0.7    6325.66    2551.22    8876.88   -12.8257   -198.734
      1500          0    1236.31    293.223   -42.3285        0.7    6348.55     2565.9    8914.44   -14.6779   -200.245
      1400          0    1236.31    293.331   -44.0602        0.7    6370.86    2582.28    8953.14   -16.3812   -201.748
      1300          0    1236.31    293.438   -45.8147        0.7     6396.9    2597.98    8994.87   -15.7022   -203.246
      1200          0    1236.31    293.544   -47.3103        0.7    6434.64    2613.01    9047.65   -15.0307   -204.738
      1100          0    1236.31    293.649   -48.0773        0.7    6469.29    2627.45    9096.74   -14.4387    -206.19
      1000          0    1236.31    293.752   -48.5279        0.7    6501.82    2641.44    9143.25   -13.9874   -207.575
       900          0    1236.31    293.855   -48.6382        0.7    6534.76    2655.64     9190.4   -14.2052   -208.883
       800          0    1236.31    293.957   -48.4928        0.7    6568.97    2666.28    9235.25   -10.6371   -210.102
       700          0    1236.31    294.058   -48.0433        0.7    6600.99    2676.27    9277.26   -9.99137   -211.227
       600          0    1236.31    294.158   -47.1407        0.7    6642.93    2689.25    9332.18   -12.9832   -212.244
       500          0    1236.31    294.257   -45.9646        0.7     6685.4    2702.87    9388.27    -13.615   -213.141
       400          0    1236.31    294.356   -44.4906        0.7    6740.35     2714.5    9454.84   -11.6284   -213.913
       300          0    1236.31    294.454   -42.7729        0.7    6784.65    2731.22    9515.88   -16.7268   -214.554
       200          0    1236.31     294.55   -40.5951        0.7    6835.85    2748.48    9584.33   -17.2578   -215.062
       100          0    1236.31    294.646   -37.5443        0.7    6872.32    2761.67    9633.99    -13.191   -215.403
         0      0.005    1236.31    294.741   -34.0215        0.7    6895.92    2767.49    9663.41    5.81662   -215.554