    20000         0         0   179.437    354.04       1.1   78.9895   14.2831   93.2726   14.2831    6.5598
    19900         0         0   179.437    353.13       1.1   151.419   29.7361   181.156   15.4531   6.43382
    19800         0         0   179.437   352.506       1.1   228.894   46.3592   275.253   16.6231   6.30822
    19700         0         0   179.437   352.255       1.1   299.319   60.5222   359.841   14.1631   6.19879
    19600         0         0   179.437    352.29       1.1   351.209   72.5053   423.714   11.9831   6.12087
    19500         0         0   179.437   350.597       1.1   414.692   82.0183    496.71   9.51306   6.05158
    19400         0         0   179.437   347.879       1.1   487.353   94.1014   581.454   12.0831   5.90477
    19300         0         0   179.437   345.374       1.1   558.279   106.214   664.494   12.1131   5.65656
    19200         0         0   179.437   342.873       1.1   620.606   118.358   738.963   12.1431   5.32496
    19100         0         0   179.437    342.02       1.1   681.386   130.011   811.397   11.6531   4.94128
    19000         0         0   179.437   342.156       1.1    741.53   142.474   884.004   12.4631   4.58749
    18900         0         0   179.437   340.553       1.1   800.577   155.747   956.323   13.2731   4.26219
    18800         0         0   179.437   337.986       1.1   870.831    166.28   1037.11   10.5331   3.87637
    18700         0         0   179.437    336.21       1.1   952.601   178.113   1130.71   11.8331   3.41716
    18600         0         0   179.437   334.818       1.1   1047.59   192.576   1240.17   14.4631   2.92873
    18500         0         0   179.437   333.482       1.1   1150.05   201.259   1351.31   8.68306   2.42444
    18400         0         0   179.437   332.205       1.1   1219.19   209.492   1428.69   8.23306    1.9065
    18300         0         0   179.437   329.228       1.1    1275.7   218.075   1493.77   8.58306   1.34924
    18200         0         0   179.437     325.2       1.1    1360.8   226.658   1587.45   8.58306  0.672723
    18100         0         0   179.437   321.768       1.1   1469.79   234.714    1704.5   8.05639 -0.137283
    18000         0         0   179.437   318.559       1.1   1574.09   243.331   1817.42   8.61639  -1.04056
    17900         0         0   179.437    317.64       1.1   1670.99   253.364   1924.35   10.0331  -1.98653
    17800         0         0   179.437   318.134       1.1      1766   264.257   2030.25   10.8931  -2.86227
    17700         0         0   179.437   316.312       1.1   1860.47    274.54   2135.01   10.2831  -3.66765
    17600         0         0   179.437   313.229       1.1   1943.92   288.828   2232.75   14.2881  -4.52282
    17500         0         0   179.437   313.298       1.1   2011.35   302.776   2314.12   13.9481  -5.41147
    17400         0         0   182.115   344.137       1.1   2042.72   312.444   2355.16   9.66738  -7.03503
    17300         0         0   182.934   353.815       1.1   2073.54   322.233   2395.78   9.78928  -7.23612
    17200         0         0    183.39   359.881       1.1   2096.59   335.928   2432.52    13.695  -7.02974
    17100         0         0   183.841   363.835       1.1   2099.91   350.717   2450.63   14.7892  -6.64495
    17000         0         0   184.395   366.328       1.1   2106.32   368.422   2474.74   17.7049  -6.19849
    16900         0         0   185.076   363.157       1.1   2119.69   386.971   2506.66   18.5487  -5.83044
    16800         0         0   185.879    356.08       1.1   2132.94   406.282   2539.22   19.3111  -5.80695
    16700         0         0   186.789   347.713       1.1   2143.96   427.383   2571.34   21.1008  -6.22983
    16600         0         0   187.792   338.163       1.1   2156.83    452.74   2609.57   25.3575  -7.09448
    16500         0         0   188.875   339.172       1.1   2164.82   472.218   2637.03   19.4779  -8.20911
    16400  0.361662  0.361662   190.027    347.24       1.1   2171.37   496.159   2667.52   23.9409  -9.07282
    16300  0.601982   36.7682   191.273   351.814       1.1   2187.48   517.402   2704.88   21.2434  -17.5889
    16200  0.362678   96.7271   192.641   354.174       1.1   2207.73   544.206   2751.94   26.8041  -29.2364
    16100         0   132.632   194.086   344.728       1.1   2223.32   573.858   2797.18   29.6514  -33.1297
    16000         0   132.632   195.532   327.825       1.1   2228.39   602.029   2830.42   28.1717  -29.1071
    15900         0   132.632   196.959   319.215       1.1   2228.48   628.922   2857.41   26.8931  -26.8232
    15800 0.0168826   132.649   198.385   315.571       1.1   2231.31   652.898   2884.21   23.9754  -25.5229
    15700 0.0755688   134.396   199.815   313.214       1.1   2234.83   676.593   2911.42    23.695  -25.1894
    15600 0.0981082   141.976   201.258   311.891       1.1   2239.76   698.095   2937.85   21.5016  -26.4509
    15500 0.0821371    151.77   202.718   309.783       1.1    2244.6   718.907   2963.51   20.8121   -28.127
    15400  0.294784   160.197   204.188   307.289       1.1   2254.25   738.723   2992.97   19.8166  -29.3771
    15300  0.585461   189.966   205.686   306.141       1.1   2271.71   760.354   3032.07   21.6308  -35.2454
    15200  0.783794    248.71   207.244   305.518       1.1   2289.34   781.183   3070.52   20.8293  -46.1911
    15100   1.16549   327.471   208.878   310.583       1.1   2314.57   801.078   3115.65   19.8951  -58.8794
    15000   1.46896   444.324   210.608   319.186       1.1   2351.71   819.773   3171.48   18.6944    -76.07
    14900    1.6761   591.427   212.452   324.478       1.1   2396.65   835.967   3232.61   16.1942  -94.6525
    14800   1.43511   758.796   214.408   327.701       1.1   2449.29   850.838   3300.13   14.8708  -112.261
    14700         0   900.872   216.365   315.261       1.1   2491.54   863.468   3355.01   12.6299  -121.198
    14600         0   900.872   209.501   243.598       1.1   2492.98   889.807   3382.79   26.3394  -102.408
    14500         0   900.872   207.517   216.396       1.1   2511.13   921.638   3432.77   31.8309  -92.3037
    14400         0   900.872   207.784   200.026       1.1    2536.7   955.208   3491.91   33.5699    -86.68
    14300         0   900.872   208.823   186.203       1.1   2564.79   985.535   3550.32   30.3272   -83.585
    14200         0   900.872   210.077   174.567       1.1   2599.07   1014.01   3613.08   28.4751  -82.0451
    14100         0   900.872    211.36   168.518       1.1   2633.43   1040.98   3674.41   26.9729  -81.4068
    14000         0   900.872   212.613   165.924       1.1   2676.61   1065.36   3741.96    24.372  -81.1482
    13900         0   900.872   213.823   161.293       1.1   2724.63    1092.1   3816.73   26.7466  -81.0807
    13800         0   900.872   215.004   155.739       1.1   2763.59   1115.61    3879.2    23.511  -81.2679
    13700         0   900.872   216.161   151.708       1.1    2818.2    1140.8      3959   25.1888  -81.6776
    13600         0   900.872   217.296   148.507       1.1   2865.36   1164.71   4030.08   23.9095  -82.2113
    13500         0   900.872   218.407   151.848       1.1   2912.76   1182.13   4094.89   17.4235  -82.7201
    13400         0   900.872   219.492   159.136       1.1   2958.72   1201.68    4160.4   19.5477  -82.8845
    13300         0   900.872   220.554     156.2       1.1   3005.25   1217.99   4223.24   16.3062  -82.8007
    13200     0.005   900.877   224.116   177.073       1.1   3034.53   1233.79   4268.31   15.7989  -82.8671
    13100         0   901.372   226.405   183.722       1.1   3057.76   1243.25      4301   9.46035  -82.0527
    13000         0   901.372   228.274   189.618       1.1   3089.01   1253.46   4342.47   10.2118  -80.8005
    12900         0   901.372   229.797   195.908       1.1   3105.12   1262.37   4367.49   8.91075  -79.4176
    12800         0   901.372   230.977   202.295       1.1   3112.97   1272.28   4385.24    9.9048  -77.9605
    12700         0   901.372    232.05   204.639       1.1   3126.05   1282.83   4408.88    10.553  -76.5441
    12600         0   901.372   233.224    204.08       1.1   3157.77   1294.75   4452.52    11.926  -75.4023
    12500         0   901.372   234.449   204.014       1.1   3186.88   1307.29   4494.17   12.5382  -74.5966
    12400         0   901.372   235.707    204.05       1.1   3218.06   1317.68   4535.75   10.3926  -74.0478
    12300         0   901.372   236.991   202.757       1.1   3238.24   1327.48   4565.72   9.79522  -73.7405
    12200         0   901.372   238.295   200.475       1.1    3243.9   1338.49   4582.39   11.0073  -73.7091
    12100  0.136454   901.509   239.619   199.721       1.1   3247.33   1351.31   4598.64   12.8227  -73.9494
    12000  0.502133    915.52   240.977   199.771       1.1   3259.57   1360.43      4620    9.1208  -77.1862
    11900  0.683649   965.915   242.404   200.258       1.1   3276.24   1372.58   4648.82   12.1502  -87.2922
    11800   1.14227   1034.74   243.922   200.868       1.1      3298    1383.7    4681.7   11.1177  -98.9081
    11700  0.133818   1147.96   245.557   208.133       1.1   3330.39   1394.72   4725.11   11.0251  -116.367
    11600         0   1161.21   233.937   180.961       1.1   3342.23   1418.15   4760.38   23.4265  -110.085
    11500         0   1161.21   230.068   162.943       1.1   3345.74   1453.85   4799.59   35.6989   -105.35
    11400         0   1161.21   229.613    139.39       1.1   3353.31   1492.19   4845.49   38.3394  -103.658
    11300         0   1161.21   230.385   128.334       1.1   3367.08   1527.28   4894.36   35.0921  -103.829
    11200         0   1161.21    231.55   124.216       1.1    3385.5   1560.58   4946.08   33.2997  -104.593
    11100         0   1161.21   232.807   116.661       1.1   3424.04   1592.67   5016.71   32.0927  -105.526
    11000         0   1161.21   234.057   107.492       1.1   3471.14   1623.42   5094.56   30.7428  -106.725
    10900         0   1161.21   235.273   102.273       1.1   3508.74   1655.74   5164.48   32.3269  -108.115
    10800         0   1161.21   236.452   99.2711       1.1   3534.55   1684.84    5219.4   29.0981  -109.476
    10700         0   1161.21   237.597   95.3507       1.1   3561.86   1713.47   5275.33    28.628  -110.774
    10600         0   1161.21    238.71   91.0227       1.1   3593.26   1741.66   5334.91   28.1897  -112.087
    10500         0   1161.21   239.792   88.4101       1.1    3624.8   1769.37   5394.17   27.7079  -113.416
    10400         0   1161.21   240.847   86.7945       1.1    3656.9   1794.72   5451.62   25.3532  -114.685
    10300         0   1161.21   241.879   85.7544       1.1   3682.34   1817.74   5500.08   23.0214  -115.876
    10200  0.590281    1161.8   242.889   84.6228       1.1   3708.59   1840.55   5549.15   22.8107  -117.113
    10100   0.50618   1220.74   243.952   81.5437       1.1   3751.86    1860.3   5612.16   19.7482  -129.303
    10000  0.483502   1271.33   245.069   77.7337       1.1   3789.83   1879.23   5669.06   18.9307  -137.214
     9900  0.460924   1319.66   246.196   73.7079       1.1   3818.26   1897.34   5715.59   18.1043  -143.197
     9800     0.005    1365.3   247.317    69.575       1.1   3849.05   1913.76   5762.82   16.4267  -147.718
     9700  0.373981   1366.17   248.371   66.0741       1.1   3873.24   1928.58   5801.82   14.8168  -143.652
     9600     0.005    1403.2   249.392   62.3689       1.1   3897.45   1941.82   5839.27   13.2393  -147.559
     9500     0.005    1403.7   250.377   58.9841       1.1   3926.28   1953.52   5879.79   11.6977  -144.443
     9400  0.349699   1404.54   251.307   56.6576       1.1   3971.88   1967.41   5939.29   13.8928  -142.579
     9300  0.286213   1439.45   252.246   54.3334       1.1   4017.11   1978.96   5996.07   11.5544   -147.72
     9200  0.257955   1468.04   253.201   52.0786       1.1   4061.86   1989.46   6051.32   10.4988  -150.853
     9100  0.187587   1493.77   254.143   50.0085       1.1   4099.11   1997.32   6096.43   7.85726  -153.111
     9000  0.091286   1512.43   255.054   48.1831       1.1   4134.67   2001.57   6136.24   4.24611  -153.959
     8900     0.005   1521.47   255.926    46.692       1.1   4181.15   2006.29   6187.44   4.72389  -153.259
     8800 0.0796562   1522.05   256.759   45.5363       1.1   4216.09   2010.05   6226.15   3.76566  -151.547
     8700 0.0545431   1529.99   257.574   44.4611       1.1   4243.52   2012.88    6256.4   2.82583  -151.875
     8600 0.0373067   1535.42    258.38   43.4663       1.1   4265.71   2015.05   6280.76    2.1696  -151.955
     8500 0.0206963   1539.14    259.17   42.5742       1.1   4294.04   2016.58   6310.62   1.53033   -151.97
     8400 0.0167501    1541.2   259.937   42.2061       1.1    4318.8   2017.94   6336.75   1.36339  -151.923
     8300         0   1542.86   260.683   42.1714       1.1   4354.89   2020.33   6375.22  -2.38271  -152.015
     8200         0   1542.86   261.411   42.3784       1.1   4386.45   2022.86   6409.32  -2.53596  -151.955
     8100         0   1542.86   262.125   42.7816       1.1   4421.01   2025.54   6446.55   -2.6749  -152.053
     8000         0   1542.86   262.828   43.3345       1.1   4447.53   2028.64   6476.17  -3.10336  -152.246
     7900         0   1542.86   263.522   44.0834       1.1   4483.17   2032.16   6515.33  -3.52202  -152.488
     7800         0   1542.86   264.201   44.9894       1.1   4516.47   2036.66   6553.13    -4.501  -152.742
     7700         0   1542.86   264.864   46.0405       1.1    4547.5   2041.13   6588.62  -4.46354  -152.983
     7600         0   1542.86   265.513   47.2462       1.1   4580.63   2046.54   6627.17  -5.41347  -153.191
     7500         0   1542.86   266.154   48.5787       1.1   4619.11   2052.87   6671.98  -6.32919  -153.349
     7400         0   1542.86   266.781   48.9964       1.1   4660.82    2060.1   6720.92  -7.23106  -153.467
     7300         0   1542.86   267.389   48.8945       1.1   4703.87   2066.21   6770.08  -6.11365   -153.59
     7200         0   1542.86   267.979   48.5211       1.1   4750.55   2071.19   6821.75  -4.97854  -153.734
     7100         0   1542.86   268.554   47.9626       1.1   4797.89   2077.45   6875.34  -6.25425  -153.903
     7000         0   1542.86   269.118   47.2669       1.1   4837.52   2088.97   6926.48  -11.5185    -154.1
     6900         0   1542.86   269.673   46.4763       1.1    4877.1   2100.54   6977.64  -11.5732  -154.324
     6800         0   1542.86    270.22   45.6108       1.1   4914.84   2107.86    7022.7  -7.32001  -154.575
     6700         0   1542.86    270.76   44.6948       1.1   4952.07   2116.52   7068.59  -8.65996  -154.851
     6600         0   1542.86   271.293   43.7568       1.1   4989.97   2128.41   7118.38  -11.8933  -155.151
     6500         0   1542.86   271.815   42.7886       1.1   5024.93   2139.13   7164.05  -10.7155  -155.472
     6400         0   1542.86   272.323   42.0974       1.1   5059.28   2150.25   7209.53  -11.1228  -155.809
     6300         0   1542.86   272.815   41.5678       1.1   5094.39   2160.12   7254.51  -9.86525  -156.145
     6200         0   1542.86   273.293   41.1355       1.1   5137.45   2169.61   7307.06  -9.49344  -156.473
     6100         0   1542.86   273.756   40.7908       1.1    5181.3   2178.72   7360.02  -9.10607  -156.788
     6000         0   1542.86   274.202    40.506       1.1   5214.21   2187.42   7401.63  -8.70164  -157.088
     5900         0   1542.86   274.631   40.2691       1.1   5248.98   2198.35   7447.33  -10.9306  -157.373
     5800         0   1542.86   275.046   40.0708       1.1   5289.94   2207.89   7497.84  -9.54584  -157.642
     5700         0   1542.86   275.451   39.9049       1.1   5321.09   2217.44   7538.53  -9.55064  -157.897
     5600         0   1542.86   275.847   39.7671       1.1   5350.46   2227.14    7577.6  -9.69715  -158.136
     5500         0   1542.86   276.237   39.6541       1.1   5389.72   2236.98    7626.7  -9.83682   -158.36
     5400         0   1542.86   276.621    38.854       1.1   5428.24   2247.17   7675.42  -10.1957  -158.584
     5300         0   1542.86       277   37.6365       1.1   5459.13   2257.72   7716.85  -10.5496  -158.844
     5200         0   1542.86   277.374    36.188       1.1   5502.23    2265.3   7767.53  -7.57417  -159.156
     5100         0   1542.86   277.745   34.5895       1.1   5532.23   2273.84   7806.07  -8.54498  -159.523
     5000         0   1542.86   278.113   32.8567       1.1   5555.83   2283.36   7839.18  -9.51311  -159.947
     4900         0   1542.86    278.48   31.0399       1.1   5577.89   2291.84   7869.72  -8.47994  -160.431
     4800         0   1542.86   278.845   29.1426       1.1   5604.02   2299.93   7903.96  -8.09459  -160.971
     4700         0   1542.86   279.204   27.1833       1.1   5635.96   2307.63    7943.6  -7.70407  -161.569
     4600         0   1542.86   279.557   25.1917       1.1   5658.94   2317.39   7976.34  -9.75714  -162.221
     4500         0   1542.86   279.904   23.1491       1.1   5680.02    2328.2   8008.22  -10.8039  -162.925
     4400         0   1542.86   280.244   21.4227       1.1   5700.36   2337.34    8037.7  -9.14414  -163.674
     4300         0   1542.86   280.576    19.872       1.1   5722.98   2346.42    8069.4  -9.07625  -164.448
     4200         0   1542.86   280.898   18.4142       1.1   5741.03   2355.11   8096.15  -8.69839  -165.238
     4100         0   1542.86   281.209   17.0316       1.1   5754.95   2364.62   8119.58  -9.50876  -166.039
     4000         0   1542.86   281.507   15.6943       1.1   5768.36   2372.83   8141.19  -8.20675   -166.85
     3900         0   1542.86   281.793   14.3877       1.1   5778.87   2379.72    8158.6  -6.89305  -167.669
     3800         0   1542.86   282.069   13.1015       1.1   5790.76   2388.34   8179.11  -8.61907  -168.495
     3700         0   1542.86   282.336   11.2656       1.1   5798.37   2397.35   8195.72  -9.01119  -169.332
     3600         0   1542.86   282.596   7.92702       1.1    5808.2   2406.75   8214.95  -9.39561  -170.249
     3500         0   1542.86   282.848   3.93558       1.1    5818.6    2414.6    8233.2  -7.84828    -171.3
     3400         0   1542.86   283.095 -0.294491       1.1   5832.75   2423.69   8256.44  -9.09501    -172.5
     3300         0   1542.86   283.337   -4.7613       1.1   5856.01   2432.68   8288.68  -8.98668  -173.845
     3200         0   1542.86   283.574  -8.90476       1.1    5877.8   2441.55   8319.35  -8.87414   -175.33
     3100         0   1542.86   283.808  -11.7621       1.1   5901.01   2450.71   8351.72  -9.15796  -176.888
     3000         0   1542.86   284.039  -14.1613       1.1   5921.06   2460.15    8381.2  -9.43855  -178.463
     2900         0   1542.86   284.266   -16.236       1.1   5940.54   2468.92   8409.46  -8.76623  -180.035
     2800         0   1542.86   284.491  -18.0818       1.1   5959.54   2478.11   8437.65  -9.19125  -181.592
     2700         0   1542.86   284.714  -19.9294       1.1   5985.42   2483.92   8469.34  -5.81383  -183.128
     2600         0   1542.86   284.934  -22.1031       1.1   6020.35   2494.95   8515.31  -11.0341  -184.663
     2500         0   1542.86   285.152  -24.3746       1.1   6042.81   2502.21   8545.01  -7.25228  -186.209
     2400         0   1542.86   285.368   -26.674       1.1   6063.19   2509.98   8573.16  -7.76841  -187.772
     2300         0   1542.86   285.583  -28.9992       1.1   6085.45   2518.41   8603.86  -8.43262  -189.353
     2200         0   1542.86   285.795  -31.1936       1.1   6114.15    2527.5   8641.65  -9.09499   -190.95
     2100         0   1542.86   286.006  -32.9907       1.1   6135.63   2536.71   8672.34  -9.20551  -192.544
     2000         0   1542.86   286.213  -34.6238       1.1   6157.15   2546.02   8703.17  -9.31323   -194.12
     1900         0   1542.86   286.417  -36.1317       1.1   6179.41   2554.91   8734.31  -8.88341  -195.672
     1800         0   1542.86   286.616  -37.5425       1.1   6200.58   2563.85   8764.43  -8.94891  -197.196
     1700         0   1542.86    286.81  -38.9679       1.1   6220.35   2572.04   8792.38  -8.18313  -198.691
     1600         0   1542.86       287  -40.5777       1.1   6242.81   2578.75   8821.56  -6.71218  -200.168
     1500         0   1542.86   287.186   -42.239       1.1    6265.6   2587.39   8852.99  -8.64056  -201.635
     1400         0   1542.86   287.367  -43.9385       1.1    6287.8   2597.81   8885.61  -10.4174  -203.094
     1300         0   1542.86   287.545   -45.661       1.1   6313.68   2607.62   8921.29  -9.80894  -204.549
     1200         0   1542.86   287.718  -47.1218       1.1   6351.23   2616.82   8968.06  -9.20467  -205.997
     1100         0   1542.86   287.886  -47.8492       1.1   6385.65    2625.5   9011.15   -8.6761  -207.405
     1000         0   1542.86   288.049  -48.2574       1.1   6417.91   2633.78   9051.69  -8.28358  -208.746
      900         0   1542.86   288.205  -48.3221       1.1   6450.54   2642.34   9092.87  -8.55505  -210.009
      800         0   1542.86   288.355  -48.1286       1.1   6484.38   2647.37   9131.75  -5.03543  -211.183
      700         0   1542.86     288.5  -47.6281       1.1   6515.99    2651.8   9167.79  -4.43318  -212.264
      600         0   1542.86   288.639  -46.6711       1.1   6557.46   2659.27   9216.73  -7.46356  -213.235
      500         0   1542.86   288.772  -45.4384       1.1   6599.41    2667.4    9266.8  -8.12937  -214.086
      400         0   1542.86     288.9  -43.9054       1.1   6653.76   2673.57   9327.33  -6.17284  -214.812
      300         0   1542.86   289.025  -42.1269       1.1   6697.42   2684.87   9382.29  -11.2979  -215.408
      200         0   1542.86   289.145  -39.8847       1.1   6747.91   2696.72   9444.63  -11.8528  -215.869
      100         0   1542.86   289.263  -36.7644       1.1    6783.6   2704.53   9488.13  -7.80782  -216.164
        0  0.282856   1543.14   289.378   -33.169       1.1   6806.34   2715.71   9522.05   11.1797  -216.323