    20000         0         0   179.437    354.04         1   78.9895   14.2831   93.2726   14.2831    6.5598
    19900         0         0   179.437    353.13         1   151.419   29.7361   181.156   15.4531   6.43382
    19800         0         0   179.437   352.506         1   228.894   46.3592   275.253   16.6231   6.30822
    19700         0         0   179.437   352.255         1   299.319   60.5222   359.841   14.1631   6.19879
    19600         0         0   179.437    352.29         1   351.209   72.5053   423.714   11.9831   6.12087
    19500         0         0   179.437   350.597         1   414.692   82.0183    496.71   9.51306   6.05158
    19400         0         0   179.437   347.879         1   487.353   94.1014   581.454   12.0831   5.90477
    19300         0         0   179.437   345.374         1   558.279   106.214   664.494   12.1131   5.65656
    19200         0         0   179.437   342.873         1   620.606   118.358   738.963   12.1431   5.32496
    19100         0         0   179.437    342.02         1   681.386   130.011   811.397   11.6531   4.94128
    19000         0         0   179.437   342.156         1    741.53   142.474   884.004   12.4631   4.58749
    18900         0         0   179.437   340.553         1   800.577   155.747   956.323   13.2731   4.26219
    18800         0         0   179.437   337.986         1   870.831    166.28   1037.11   10.5331   3.87637
    18700         0         0   179.437    336.21         1   952.601   178.113   1130.71   11.8331   3.41716
    18600         0         0   179.437   334.818         1   1047.59   192.576   1240.17   14.4631   2.92873
    18500         0         0   179.437   333.482         1   1150.05   201.259   1351.31   8.68306   2.42444
    18400         0         0   179.437   332.205         1   1219.19   209.492   1428.69   8.23306    1.9065
    18300         0         0   179.437   329.228         1    1275.7   218.075   1493.77   8.58306   1.34924
    18200         0         0   179.437     325.2         1    1360.8   226.658   1587.45   8.58306  0.672723
    18100         0         0   179.437   321.768         1   1469.79   234.714    1704.5   8.05639 -0.137283
    18000         0         0   179.437   318.559         1   1574.09   243.331   1817.42   8.61639  -1.04056
    17900         0         0   179.437    317.64         1   1670.99   253.364   1924.35   10.0331  -1.98653
    17800         0         0   179.437   318.134         1      1766   264.257   2030.25   10.8931  -2.86227
    17700         0         0   179.437   316.312         1   1860.47    274.54   2135.01   10.2831  -3.66765
    17600         0         0   179.437   313.229         1   1943.92   288.828   2232.75   14.2881  -4.52282
    17500         0         0   179.437   313.298         1   2011.35   302.776   2314.12   13.9481  -5.41147
    17400         0         0   182.115   344.137         1   2042.72   312.444   2355.16   9.66738  -7.03503
    17300         0         0   182.934   353.815         1   2073.54   322.233   2395.78   9.78928  -7.23612
    17200         0         0    183.39   359.881         1   2096.59   335.928   2432.52    13.695  -7.02974
    17100         0         0   183.841   363.835         1   2099.91   350.717   2450.63   14.7892  -6.64495
    17000         0         0   184.395   366.328         1   2106.32   368.422   2474.74   17.7049  -6.19849
    16900         0         0   185.076   363.157         1   2119.69   386.971   2506.66   18.5487  -5.83044
    16800         0         0   185.879    356.08         1   2132.94   406.282   2539.22   19.3111  -5.80695
    16700         0         0   186.789   347.713         1   2143.96   427.383   2571.34   21.1008  -6.22983
    16600         0         0   187.792   338.163         1   2156.83    452.74   2609.57   25.3575  -7.09448
    16500         0         0   188.875   339.172         1   2164.82   472.218   2637.03   19.4779  -8.20911
    16400  0.361662  0.361662   190.027    347.24         1   2171.37   496.159   2667.52   23.9409  -9.07282
    16300  0.601167   36.7674   191.307   351.805         1   2187.47   517.368   2704.84   21.2094  -17.5906
    16200  0.360271   96.6432   192.777   354.135         1   2207.69   544.036   2751.72   26.6678  -29.2295
    16100         0    132.31    194.36   344.649         1   2223.19   573.414   2796.61   29.3778  -33.0938
    16000         0    132.31   195.913   327.709         1   2228.14   601.204   2829.35     27.79  -29.1039
    15900         0    132.31   197.409   319.064         1   2228.39   627.648   2856.04    26.444  -26.8438
    15800 0.0100774    132.32   198.878   315.389         1   2231.04    651.13   2882.17   23.4819  -25.5572
    15700  0.068523   133.386   200.339   313.015         1   2234.35   674.301   2908.65   23.1711  -25.0826
    15600 0.0909647   140.261   201.809   311.684         1   2239.08   695.252   2934.33   20.9507  -26.2248
    15500 0.0749616   149.341   203.299   309.573         1   2243.71   715.483   2959.19   20.2311  -27.8025
    15400  0.287665    157.05   204.801    307.08         1   2253.15   734.687   2987.84    19.204  -28.9727
    15300  0.577987   186.107    206.35   305.927         1    2270.4   755.653   3026.05   20.9665  -34.7846
    15200  0.774957   244.103   208.016   305.287         1    2287.8   775.711   3063.51   20.0577  -45.6911
    15100   1.15431   321.978   209.831   310.306         1   2312.75   794.653    3107.4   18.9422  -58.3369
    15000   1.45407   437.709   211.839   318.829         1   2349.53   812.117   3161.65   17.4638   -75.478
    14900   1.65601   583.318   214.077   324.005         1   2393.99   826.687   3220.68   14.5701  -93.9887
    14800   1.40944   748.673   216.539   327.069         1      2446   839.427   3285.43   12.7402  -111.492
    14700         0   888.207   219.065   314.495         1   2487.49   849.356   3336.85   9.92897  -120.276
    14600         0   888.207   212.708   242.689         1   2489.84   872.488   3362.33   23.1317  -101.717
    14500         0   888.207   210.925   215.401         1   2508.99    900.91    3409.9   28.4222  -91.7623
    14400         0   888.207   211.304   198.978         1   2535.61    930.96   3466.57   30.0498  -86.2391
    14300         0   888.207   212.423    185.13         1   2564.76   957.687   3522.45   26.7273  -83.2102
    14200         0   888.207   213.735   173.483         1   2600.13   982.505   3582.64   24.8179  -81.7128
    14100         0   888.207   215.061   167.412         1    2635.6   1005.78   3641.37   23.2721   -81.102
    14000     0.005   888.212   216.353   164.793         1    2679.9   1026.41   3706.31   20.6318  -80.8619
    13900         0   888.707     217.6   160.149         1   2729.07   1049.38   3778.45     22.97  -80.9009
    13800         0   888.707     218.8   154.595         1   2769.17   1069.09   3838.27   19.7155  -81.0705
    13700         0   888.707   219.954   150.569         1   2824.92   1090.49   3915.41   21.3958  -81.4654
    13600     0.005   888.712   221.068   147.381         1   2873.21   1110.63   3983.84   20.1368  -81.9879
    13500     0.005   889.212   222.148   150.695         1   2921.76   1124.31   4046.07   13.6819  -82.5864
    13400         0   889.707     223.2   157.942         1   2968.91   1140.15   4109.06   15.8396  -82.8196
    13300         0   889.707   224.226    155.03         1   3016.62   1152.78    4169.4   12.6343  -82.6924
    13200         0   889.707   227.801    175.85         1   3047.12    1164.9   4212.01   12.1144  -82.7483
    13100         0   889.707   230.091    182.47         1    3071.6   1170.67   4242.27   5.77359  -81.8329
    13000         0   889.707   231.956   188.346         1   3104.13    1177.2   4281.33   6.52993  -80.6025
    12900         0   889.707   233.468    194.61         1   3121.53   1182.44   4303.97   5.23962  -79.2379
    12800         0   889.707   234.631   200.972         1    3130.7   1188.69   4319.39    6.2508  -77.7965
    12700         0   889.707   235.682   203.309         1   3145.11   1195.61   4340.73   6.92038  -76.3947
    12600         0   889.707   236.833    202.75         1   3178.16   1203.93   4382.09    8.3166  -75.2665
    12500         0   889.707   238.035   202.681         1   3208.61   1212.88   4421.49   8.95285  -74.4736
    12400         0   889.707   239.271   202.715         1   3241.12   1219.71   4460.83   6.82897  -73.9367
    12300         0   889.707   240.537   201.424         1   3262.63   1225.96   4488.59    6.2486   -73.641
    12200         0   889.707    241.83   199.146         1   3269.63   1233.43   4503.06   7.47227  -73.6206
    12100 0.0862679   889.794   243.146   198.387         1   3271.71   1242.73   4514.44    9.2958  -73.8584
    12000  0.456324   898.791   244.499   198.487         1   3282.68   1248.33      4531   5.59853  -76.0648
    11900  0.639854   944.606   245.962   199.053         1   3298.14   1256.92   4555.06   8.59231   -85.479
    11800   1.10233   1009.05   247.587    199.74         1   3318.77   1264.37   4583.14   7.45254  -96.6272
    11700  0.108532   1118.29   249.438   207.024         1   3350.05   1271.51   4621.56    7.1442  -113.864
    11600         0   1129.04   237.935   179.955         1   3360.89   1290.94   4651.83    19.429  -107.636
    11500         0   1129.04   234.076   162.038         1   3363.49   1322.63   4686.13   31.6911  -103.379
    11400         0   1129.04   233.615   138.586         1   3371.86   1356.97   4728.83   34.3367  -102.038
    11300         0   1129.04   234.395    127.56         1   3386.41   1388.05   4774.46   31.0826  -102.466
    11200         0   1129.04   235.572   123.454         1   3405.59   1417.33   4822.92   29.2777  -103.421
    11100         0   1129.04   236.835   115.934         1   3444.85    1445.4   4890.25   28.0652  -104.499
    11000         0   1129.04   238.089   106.797         1   3492.66   1472.11   4964.76   26.7113  -105.805
    10900         0   1129.04   239.311   101.588         1   3530.94    1500.4   5031.34   28.2891  -107.276
    10800     0.005   1129.04   240.495   98.5899         1   3557.43   1525.45   5082.89   25.0553  -108.701
    10700     0.005   1129.54   241.643   94.6714         1   3585.42   1550.03   5135.45   24.5824  -110.143
    10600         0   1130.04   242.758   90.3404         1    3617.5   1574.18   5191.67   24.1416  -111.568
    10500  0.610645   1130.65   243.844   87.7209         1   3649.73   1597.83   5247.56   23.6559  -113.025
    10400  0.537924   1191.64   245.073   85.1198         1   3683.51   1618.96   5302.47    21.127  -125.822
    10300  0.464598   1245.36   246.451   82.6322         1   3712.07   1637.41   5349.48   18.4493  -134.327
    10200     0.005   1291.36   247.846   80.0666         1   3742.88   1655.26   5398.14   17.8539  -139.666
    10100  0.364905   1292.22   249.097   77.2444         1   3790.44   1669.87   5460.31   14.6027  -135.953
    10000  0.339584   1328.69   250.287   73.9878         1   3832.16   1683.58   5515.74   13.7129  -140.041
     9900  0.314523   1362.62   251.506   70.4311         1   3863.86   1696.37   5560.24   12.7942  -143.112
     9800   0.26722   1394.02   252.717   66.7882         1   3897.45    1707.4   5604.84   11.0269  -145.448
     9700  0.221267    1420.7   253.898   63.1447         1   3924.56   1716.69   5641.25   9.28915  -146.854
     9600  0.176903   1442.78   255.031   59.5523         1   3951.59   1724.29   5675.88   7.59982  -147.586
     9500  0.134081   1460.43   256.108   56.0295         1   3983.37   1730.26   5713.62   5.96693  -147.832
     9400  0.191096   1473.89    257.13   53.3872         1   4032.25   1738.33   5770.57   8.07035  -147.736
     9300  0.126916   1492.94   258.128    51.156         1   4080.65      1744   5824.64   5.67159  -149.078
     9200  0.098769    1505.6   259.106    49.231         1   4128.25   1748.59   5876.84   4.59405  -149.342
     9100     0.005   1515.39   260.046   47.5612         1   4167.95   1750.55   5918.49   1.95417  -149.392
     9000         0   1515.88   260.925   46.2023         1   4205.49   1752.17   5957.66  -1.62481  -148.096
     8900         0   1515.88   261.744   45.0701         1   4253.59   1753.26   6006.85  -1.09406  -147.326
     8800         0   1515.88   262.526   44.0667         1      4290   1755.27   6045.26  -2.00122   -147.02
     8700         0   1515.88   263.284   43.1516         1   4318.73   1758.15   6076.88  -2.88394  -147.048
     8600         0   1515.88   264.024   42.3042         1   4342.09   1761.62   6103.72  -3.47405  -147.318
     8500         0   1515.88   264.751   41.5108         1   4371.48   1765.67   6137.16   -4.0505  -147.759
     8400         0   1515.88   265.462   41.1902         1   4397.26   1769.84    6167.1  -4.16202  -148.314
     8300         0   1515.88   266.154   41.1746         1   4434.35   1777.69   6212.04  -7.85448  -148.922
     8200         0   1515.88   266.829   41.3648         1   4466.92   1785.64   6252.57  -7.95389  -149.547
     8100         0   1515.88   267.491   41.7336         1   4502.53   1793.68   6296.21  -8.04069  -150.162
     8000         0   1515.88   268.141   42.2493         1   4530.14    1802.1   6332.24  -8.41568  -150.748
     7900         0   1515.88   268.773    42.963         1   4566.89   1810.87   6377.77  -8.77304   -151.29
     7800         0   1515.88   269.385   43.8375         1   4601.34   1820.56    6421.9  -9.68478  -151.775
     7700         0   1515.88   269.979   44.8607         1   4633.55   1830.14   6463.69  -9.57899  -152.193
     7600         0   1515.88   270.559   46.0423         1   4667.89    1840.6   6508.48  -10.4591  -152.539
     7500         0   1515.88   271.128   47.3543         1   4707.59    1851.9   6559.49  -11.3027  -152.807
     7400         0   1515.88   271.687     47.76         1   4750.54   1864.04   6614.58  -12.1367  -153.012
     7300         0   1515.88   272.237   47.6485         1   4794.83      1875   6669.83  -10.9625  -153.208
     7200         0   1515.88   272.781   47.2674         1   4842.77   1884.78   6727.55  -9.78132  -153.411
     7100         0   1515.88   273.317    46.703         1   4891.37    1895.8   6787.17  -11.0171  -153.631
     7000         0   1515.88    273.84    46.004         1   4932.26   1912.04    6844.3  -16.2398  -153.871
     6900         0   1515.88   274.347   45.2128         1   4973.11   1928.28   6901.39   -16.247  -154.132
     6800         0   1515.88   274.839   44.3492         1    5012.1   1940.22   6952.33  -11.9394  -154.416
     6700         0   1515.88   275.317   43.4375         1   5050.59   1953.44   7004.04  -13.2172   -154.72
     6600         0   1515.88   275.779   42.5061         1   5089.74   1969.82   7059.56  -16.3788  -155.044
     6500         0   1515.88   276.223   41.5459         1   5125.94   1984.94   7110.88  -15.1231  -155.387
     6400         0   1515.88   276.651   40.8611         1   5161.53   2000.39   7161.92  -15.4512  -155.742
     6300         0   1515.88   277.066   40.3367         1   5197.88   2014.51   7212.38  -14.1163  -156.093
     6200         0   1515.88   277.472   39.9078         1   5242.16   2028.18   7270.34  -13.6716  -156.436
     6100         0   1515.88   277.869    39.564         1   5287.24    2041.4   7328.64  -13.2189  -156.767
     6000         0   1515.88   278.259   39.2773         1   5321.38   2054.16   7375.54  -12.7595  -157.084
     5900         0   1515.88   278.644   39.0357         1   5357.39    2069.1   7426.49  -14.9445  -157.386
     5800         0   1515.88   279.025   38.8304         1   5399.58   2082.63   7482.21  -13.5246  -157.672
     5700         0   1515.88     279.4   38.6555         1   5431.98   2096.13   7528.11  -13.5005  -157.945
     5600         0   1515.88   279.773   38.5075         1   5462.61   2109.75   7572.36  -13.6227  -158.202
     5500         0   1515.88   280.143   38.3828         1   5503.14   2123.49   7626.63  -13.7428  -158.444
     5400         0   1515.88   280.512   37.5738         1   5542.95   2137.58   7680.53  -14.0866  -158.686
     5300         0   1515.88   280.878   36.3482         1   5575.12   2152.01   7727.13  -14.4276  -158.964
     5200         0   1515.88   281.238   34.8933         1   5619.52   2163.45   7782.97  -11.4379  -159.293
     5100         0   1515.88   281.592   33.2896         1   5650.81   2175.84   7826.65  -12.3917  -159.677
     5000         0   1515.88   281.939   31.5531         1   5675.72   2189.18   7864.89  -13.3392  -160.119
     4900         0   1515.88    282.28   29.7341         1   5699.08   2201.46   7900.54  -12.2799  -160.619
     4800         0   1515.88   282.612   27.8363         1   5726.52   2213.32   7939.84  -11.8619  -161.176
     4700         0   1515.88   282.933   25.8776         1   5759.77   2224.75   7984.52  -11.4334  -161.788
     4600         0   1515.88   283.243   23.8879         1   5784.05    2238.2   8022.25  -13.4427  -162.453
     4500         0   1515.88    283.54   21.8485         1   5806.43   2252.63   8059.06  -14.4395   -163.17
     4400         0   1515.88   283.825   20.1241         1   5828.07   2265.36   8093.43  -12.7249  -163.931
     4300         0   1515.88     284.1   18.5751         1   5851.99   2277.96   8129.95  -12.6002  -164.717
     4200         0   1515.88   284.367    17.118         1   5871.33   2290.13   8161.46  -12.1669  -165.519
     4100         0   1515.88   284.626   15.7347         1   5886.55   2303.05    8189.6  -12.9261  -166.334
     4000         0   1515.88   284.879   14.3952         1   5901.26   2314.63   8215.89  -11.5787  -167.158
     3900         0   1515.88   285.126    13.085         1   5913.07   2324.86   8237.93  -10.2255  -167.991
     3800         0   1515.88   285.367   11.7939         1   5926.27   2336.77   8263.05  -11.9174  -168.832
     3700         0   1515.88   285.605   9.95517         1   5935.19   2349.05   8284.24  -12.2803  -169.684
     3600         0   1515.88    285.84   6.61805         1   5946.32   2361.69   8308.02  -12.6395  -170.616
     3500         0   1515.88   286.071   2.63017         1   5958.03   2372.76    8330.8  -11.0706  -171.682
     3400         0   1515.88   286.299  -1.59579         1   5973.48   2385.06   8358.55  -12.2988  -172.896
     3300         0   1515.88   286.524  -6.05762         1   5998.04   2397.24   8395.27  -12.1744  -174.254
     3200         0   1515.88   286.748  -10.1986         1   6021.12   2409.29   8430.41  -12.0476  -175.753
     3100         0   1515.88   286.969  -13.0582         1   6045.63    2421.6   8467.23  -12.3185  -177.324
     3000         0   1515.88   287.187   -15.462         1   6066.98   2434.19   8501.17  -12.5873  -178.913
     2900         0   1515.88   287.404  -17.5434         1   6087.77    2446.1   8533.86  -11.9041  -180.497
     2800         0   1515.88   287.619  -19.3974         1   6108.08   2458.41    8566.5  -12.3189  -182.067
     2700         0   1515.88   287.832  -21.2534         1   6135.28   2467.35   8602.63  -8.93197  -183.617
     2600         0   1515.88   288.043  -23.4348         1   6171.55   2481.49   8653.04  -14.1431  -185.164
     2500         0   1515.88   288.251  -25.7134         1   6195.34   2491.84   8687.18  -10.3511  -186.723
     2400         0   1515.88   288.455  -28.0193         1   6217.07    2502.7   8719.76  -10.8548  -188.298
     2300         0   1515.88   288.654  -30.3502         1   6240.69    2514.2   8754.88  -11.5038  -189.891
     2200         0   1515.88   288.848  -32.5506         1   6270.74   2526.35   8797.09  -12.1482  -191.499
     2100         0   1515.88   289.038  -34.3545         1   6293.58   2538.59   8832.17  -12.2383  -193.105
     2000         0   1515.88   289.224  -35.9948         1   6316.48   2550.91   8867.39  -12.3244  -194.693
     1900         0   1515.88   289.406  -37.5104         1   6340.11   2562.78   8902.89  -11.8731  -196.256
     1800         0   1515.88   289.584  -38.9292         1   6362.67    2574.7   8937.37  -11.9175  -197.792
     1700         0   1515.88   289.757  -40.3624         1   6383.83   2585.83   8969.66  -11.1306  -199.298
     1600         0   1515.88   289.925  -41.9793         1    6407.7   2595.47   9003.17  -9.63787  -200.785
     1500         0   1515.88   290.088  -43.6471         1    6431.9   2607.01   9038.91  -11.5427  -202.262
     1400         0   1515.88   290.244  -45.3526         1   6455.51   2620.31   9075.81  -13.2941  -203.732
     1300         0   1515.88   290.394  -47.0805         1    6482.8   2632.96   9115.77  -12.6583  -205.196
     1200         0   1515.88   290.539  -48.5477         1   6521.79   2644.99   9166.78  -12.0252  -206.653
     1100         0   1515.88   290.677  -49.2837         1   6557.64   2656.46    9214.1  -11.4672  -208.071
     1000         0   1515.88    290.81  -49.7016         1   6591.34    2667.5   9258.85  -11.0454  -209.422
      900         0   1515.88   290.939  -49.7777         1   6625.43   2678.79   9304.22  -11.2889  -210.695
      800         0   1515.88   291.063  -49.5969         1   6660.74   2686.53   9347.27  -7.74321   -211.88
      700         0   1515.88   291.184  -49.1106         1   6693.83   2693.65   9387.48   -7.1174  -212.971
      600         0   1515.88   291.302  -48.1699         1    6736.8   2703.78   9440.58   -10.127  -213.954
      500         0   1515.88   291.417  -46.9548         1   6780.26   2714.55   9494.81  -10.7748  -214.817
      400         0   1515.88    291.53  -45.4409         1   6836.16   2723.36   9559.51  -8.80299  -215.556
      300         0   1515.88   291.642  -43.6828         1   6881.37   2737.27   9618.64  -13.9151  -216.164
      200         0   1515.88   291.751  -41.4631         1   6933.44   2751.73   9685.17  -14.4589  -216.639
      100         0   1515.88    291.86  -38.3683         1   6970.73   2762.13   9732.87  -10.4043  -216.947
        0  0.216687    1516.1   291.966  -34.8003         1    6995.1   2770.73   9765.83    8.5915  -217.106