     20000    1.27657    1.27657    179.437     354.04        1.1    78.9898     14.283    93.2729     14.283    6.23079
     19900    1.16151    128.819    179.649    350.497        1.1    154.053    29.5236    183.577    15.2406   -21.8007
     19800    1.20069    245.009      180.1    345.748        1.1    238.285    45.4838    283.769    15.9602   -40.0301
     19700   0.956544    364.833    180.659    340.782        1.1    320.183    58.4247    378.607    12.9409   -54.5514
     19600   0.738489    460.269    181.237    336.268        1.1    388.095    68.6078    456.703    10.1831    -61.034
     19500   0.500086     533.88    181.757    330.687        1.1    471.488    75.8009    547.289     7.1931   -62.2104
     19400   0.687525    584.076     182.18    324.991        1.1    567.037     85.141    652.178    9.34013   -59.1566
     19300    0.66024    652.801    182.556    319.711        1.1    663.625    94.1353    757.761    8.99426   -61.0197
     19200   0.634346    718.799    182.922    314.561        1.1    754.264    102.793    857.057     8.6577   -62.4462
     19100   0.566899    782.166    183.272    311.239        1.1    845.825    110.611    956.435    7.81754   -63.5288
     19000   0.609524    838.899    183.599    309.164        1.1    938.961    118.912    1057.87    8.30143   -63.4953
     18900   0.650382    899.892    183.912    305.479        1.1    1033.08     127.71    1160.79    8.79798   -64.6854
     18800   0.394015    964.674    184.231    300.823        1.1     1140.5    133.448    1273.95    5.73853   -66.7658
     18700   0.486872    1004.17    184.515    297.444        1.1    1261.04    140.204    1401.24    6.75546   -63.9669
     18600   0.684365    1053.05    184.766    294.627        1.1    1396.22    149.338    1545.56    9.13437   -64.0594
     18500   0.163065    1120.97    185.048    291.522        1.1    1540.64    152.411    1693.05    3.07245   -68.1569
     18400   0.112971    1137.22    185.279    289.256        1.1    1652.73    154.802    1807.53    2.39075   -61.7237
     18300   0.139188    1148.55    185.417    286.021        1.1    1752.44    157.405    1909.84    2.60312   -56.1581
     18200   0.133185    1162.46    185.511    282.001        1.1    1880.74    159.914    2040.65    2.50935   -52.7624
     18100   0.082351    1175.73    185.586    278.694        1.1    2032.81    161.821    2194.63      1.907   -50.3965
     18000   0.126504    1184.01    185.645    275.769        1.1     2179.9    164.229    2344.13    2.40815   -47.9154
     17900   0.248033    1196.78      185.7    275.086        1.1    2319.35    167.999    2487.35    3.77005   -47.2024
     17800   0.312579    1221.65    185.782     275.51        1.1    2456.98    172.547    2629.53    4.54808   -49.2694
     17700   0.243196    1252.84    185.906    273.341        1.1    2594.43    176.361    2770.79    3.81413   -52.2819
     17600   0.469337    1277.38     186.05     269.88        1.1    2721.23    184.037    2905.27    7.67535   -53.5572
     17500   0.341561    1324.19    186.236    269.068        1.1    2832.88    191.185    3024.07     7.1487    -59.262
     17400  0.0501511    1358.05    189.018    299.313        1.1    2909.08     193.95    3103.03    2.76457   -62.7788
     17300   0.101785    1363.12    189.946    308.582        1.1    2985.14    196.727    3181.86    2.77684   -58.7905
     17200   0.586471    1373.78    190.497    314.396        1.1    3053.67    203.315    3256.99    6.58824   -56.4923
     17100    0.66144     1432.5     191.09    317.541        1.1    3103.28    210.855    3314.14    7.54015   -64.2634
     17000   0.942112    1498.93    191.864    318.674        1.1    3157.35    221.092    3378.44    10.2365   -71.8263
     16900   0.962894    1593.16    192.848    313.609        1.1    3220.27    231.869    3452.14    10.7772   -83.2356
     16800   0.973861    1689.46    194.032    304.247        1.1    3285.35    243.027    3528.38    11.1584   -92.9007
     16700    1.10298    1786.98    195.375    293.392        1.1    3350.69    255.542    3606.23    12.5149   -101.291
     16600    1.49754    1897.67     196.86    281.121        1.1     3420.6    271.832    3692.43    16.2901   -110.999
     16500   0.733628    2046.66    198.509    278.467        1.1    3489.29    281.676    3770.97     9.8439   -125.975
     16400    1.18749    2120.48     200.23    283.096        1.1    3546.88    295.414     3842.3     13.738   -124.794
     16300   0.799065    2238.84    201.997    284.735        1.1    3597.85    305.934    3903.78    10.5193   -131.631
     16200    1.38779    2319.33    203.804    285.102        1.1    3646.67    321.574    3968.24    15.6408   -130.696
     16100    1.63389    2458.36    205.681    273.815        1.1    3701.99    339.631    4041.62    18.0566    -140.26
     16000    1.39265     2621.5    207.685    254.204        1.1    3770.55    355.649     4126.2    16.0183    -152.53
     15900    1.17076    2760.55    209.765    242.273        1.1    3847.58    369.736    4217.32     14.087   -159.259
     15800   0.753101    2877.21    211.855    235.371        1.1    3924.95    380.241    4305.19    10.5047   -161.762
     15700   0.658622    2952.42    213.896    230.318        1.1    4004.34    389.855    4394.19    9.61411   -157.803
     15600   0.318954    3017.94    215.871    226.878        1.1    4084.42    396.745    4481.16     6.8895   -153.663
     15500    0.18109     3049.7    217.769    223.461        1.1     4165.9    402.505     4568.4    5.76056    -145.33
     15400 0.00641016    3067.64    219.587    220.359        1.1    4243.18    406.923     4650.1    4.41821   -136.762
     15300   0.243668    3068.51    221.329    219.413        1.1    4312.44    412.911    4725.35    5.98742   -127.301
     15200   0.111981    3092.75    223.038    219.672        1.1    4380.66    417.946    4798.61    5.03499   -123.937
     15100 0.00606237    3103.84    224.733    226.139        1.1    4439.87    421.986    4861.86    4.04005   -118.949
     15000 0.00440602    3104.45    226.402     237.12        1.1     4484.8    424.887    4909.69    2.90086   -112.703
     14900          0    3104.88    228.048    245.996        1.1    4518.35    425.485    4943.83   0.598386    -107.09
     14800   0.470912    3105.35    229.681    253.748        1.1    4539.66    425.887    4965.55  -0.402421   -102.093
     14700   0.607485    3152.58    231.293    246.054        1.1    4566.61    428.186     4994.8   -2.29846   -106.408
     14600    1.17932     3213.9    224.192    179.873        1.1    4631.77    439.834    5071.61     11.648   -113.337
     14500    1.33872    3331.99    222.435     152.63        1.1    4713.69    456.746    5170.44    16.9124   -132.272
     14400     1.3415    3465.87     223.22    134.299        1.1    4804.99    474.881    5279.87    18.1343   -150.892
     14300   0.971348    3599.65     224.92    117.682        1.1    4901.59    489.111     5390.7      14.23   -165.997
     14200   0.746595    3696.56    226.841    103.448        1.1       5007    500.822    5507.82    11.7112   -172.635
     14100   0.560272    3771.03    228.727     95.187        1.1    5114.69    510.428    5625.11    9.60662   -175.081
     14000   0.258354    3826.76    230.515    90.8493        1.1    5232.94    516.898    5749.83    6.46951    -174.62
     13900   0.472987    3852.81    232.181    85.3443        1.1    5356.91    525.287    5882.19     8.3892   -170.055
     13800   0.089679    3899.72    233.784    79.0684        1.1    5472.54    530.018    6002.56    4.73143   -170.329
     13700   0.244761    3908.84    235.323    74.8101        1.1    5604.05    536.045    6140.09    6.02655   -164.959
     13600  0.0679672    3933.14    236.816    71.4977        1.1    5728.22    540.434    6268.66    4.38872    -163.63
     13500          0    3939.87    238.273    74.6372        1.1    5852.82    542.877     6395.7   -2.44287   -159.949
     13400          0    3939.87    239.681    81.7772        1.1    5976.14    543.518    6519.66  -0.641173   -155.862
     13300          0    3939.87    241.057    79.2182        1.1    6099.66    547.715    6647.37   -4.19719   -152.549
     13200          0    3939.87    244.812    99.7627        1.1    6206.25    552.612    6758.86   -4.89661   -150.404
     13100          0    3939.87    247.337    106.303        1.1    6306.89    564.084    6870.98    -11.472   -147.775
     13000          0    3939.87    249.442    112.067        1.1     6415.7     575.04    6990.74   -10.9563   -145.205
     12900          0    3939.87    251.191    118.161        1.1    6509.55    587.523    7097.08   -12.4833   -142.785
     12800          0    3939.87    252.586    124.322        1.1    6595.37    599.228     7194.6   -11.7042   -140.505
     12700          0    3939.87    253.871    126.601        1.1     6686.5    610.496    7296.99    -11.268    -138.43
     12600          0    3939.87    255.258    126.078        1.1    6796.21    620.604    7416.82   -10.1083    -136.75
     12500          0    3939.87    256.696    126.034        1.1    6903.31    630.312    7533.62   -9.70865   -135.497
     12400          0    3939.87    258.166    126.112        1.1    7012.43    642.379     7654.8   -12.0663   -134.572
     12300          0    3939.87    259.662    124.926        1.1    7110.43    655.255    7765.68   -12.8757   -133.943
     12200          0    3939.87     261.18    122.795        1.1    7193.78    667.132    7860.91   -11.8771   -133.632
     12100          0    3939.87     262.72    122.124        1.1    7267.96     677.41    7945.37   -10.2784   -133.591
     12000          0    3939.87    264.285    122.383        1.1     7333.1    691.598     8024.7   -14.1877   -133.689
     11900          0    3939.87    265.875    123.572        1.1    7393.12    702.919    8096.03   -11.3208   -133.848
     11800          0    3939.87     267.49    125.435        1.1    7446.79    715.368    8162.15   -12.4496   -133.998
     11700    0.29054    3940.16    269.129    134.468        1.1    7488.07    727.915    8215.98   -12.5473   -134.034
     11600   0.406332    3969.33    257.253    109.848        1.1    7547.34    728.026    8275.36   0.111051   -139.346
     11500    1.15289    4010.71    253.382     92.386        1.1    7614.38    740.411     8354.8    12.3844   -147.691
     11400    1.18673    4126.03    253.226    68.0035        1.1    7693.34    755.137    8448.47    14.7264     -168.1
     11300   0.753139    4244.27    254.523     54.752        1.1    7780.69    766.091    8546.78    10.9541   -184.957
     11200   0.495165    4319.33    256.271    48.5526        1.1    7874.78     774.67    8649.45    8.57888   -191.501
     11100   0.308433    4368.66    258.076    39.7406        1.1    7990.23    781.494    8771.73    6.82405   -193.053
     11000   0.101661     4399.3    259.823    29.9707        1.1    8114.86    786.471    8901.33    4.97711   -192.047
     10900   0.257547    4409.62    261.482    24.5614        1.1    8230.17     792.59    9022.76    6.11808   -188.754
     10800 0.00405063    4435.12    263.085    21.3678        1.1    8333.89    795.054    9128.94    2.46456    -189.07
     10700          0    4435.52    264.629    17.6397        1.1     8438.9     796.65    9235.55    1.59608    -185.67
     10600          0    4435.52    266.109    13.7342        1.1    8547.59    797.441    9345.03    0.79056   -183.369
     10500          0    4435.52     267.55    11.5063        1.1    8656.04    797.491    9453.53 -0.0504742   -181.944
     10400          0    4435.52    268.964    10.2351        1.1     8764.7    800.255    9564.95   -2.76405   -181.102
     10300          0    4435.52    270.357    9.48074        1.1    8866.41    805.712    9672.12   -5.45704   -180.662
     10200          0    4435.52     271.73    8.60896        1.1    8968.68    811.742    9780.42   -6.02983     -180.5
     10100          0    4435.52    273.076     6.7351        1.1    9086.75    821.118    9907.87   -9.37563   -180.583
     10000          0    4435.52    274.395    4.53004        1.1    9197.93    831.512    10029.4   -10.3947   -180.892
      9900          0    4435.52    275.691    2.14577        1.1    9297.92    842.904    10140.8   -11.3911   -181.394
      9800          0    4435.52    276.962  -0.376929        1.1    9398.66    856.122    10254.8   -13.2183    -182.06
      9700          0    4435.52    278.205   -3.01034        1.1    9491.93     871.14    10363.1   -15.0178   -182.866
      9600          0    4435.52    279.428   -5.73293        1.1    9584.25    887.936    10472.2   -16.7964   -183.791
      9500          0    4435.52    280.635   -8.53134        1.1    9680.59    906.496    10587.1     -18.56   -184.821
      9400          0    4435.52    281.819   -10.6258        1.1    9793.48    923.115    10716.6   -16.6188   -185.927
      9300          0    4435.52    282.974   -12.3094        1.1    9905.34    942.289    10847.6   -19.1745    -187.06
      9200          0    4435.52     284.11    -13.775        1.1      10016    962.699    10978.7   -20.4095   -188.197
      9100          0    4435.52     285.23   -15.0933        1.1    10118.3    985.929    11104.2   -23.2302   -189.327
      9000          0    4435.52     286.34    -16.294        1.1    10218.3    1012.97    11231.3   -27.0397   -190.443
      8900          0    4435.52    287.431   -17.3799        1.1    10328.9    1039.75    11368.6   -26.7808   -191.539
      8800          0    4435.52    288.499    -18.374        1.1    10427.7    1067.72    11495.5   -27.9739   -192.611
      8700          0    4435.52    289.544   -19.2909        1.1    10518.9    1096.87    11615.8   -29.1435   -193.655
      8600          0    4435.52    290.558   -20.1376        1.1    10604.7    1126.87    11731.6   -30.0082   -194.669
      8500          0    4435.52    291.548   -20.9225        1.1    10696.5    1157.72    11854.3   -30.8477   -195.652
      8400          0    4435.52    292.519   -21.2475        1.1    10784.8    1188.94    11973.7   -31.2188   -196.596
      8300          0    4435.52    293.476    -21.273        1.1    10884.3    1224.12    12108.4    -35.176   -197.479
      8200          0    4435.52    294.422   -21.0983        1.1    10979.3    1259.66      12239   -35.5475   -198.293
      8100          0    4435.52    295.357   -20.7492        1.1    11077.4    1295.57      12373   -35.9065   -199.032
      8000          0    4435.52    296.269   -20.2555        1.1    11167.5    1332.12    12499.6   -36.5437   -199.695
      7900          0    4435.52    297.158   -19.5707        1.1    11266.8    1369.27    12636.1   -37.1579   -200.279
      7800          0    4435.52     298.02     -18.73        1.1    11363.8    1407.59    12771.4   -38.3196   -200.778
      7700          0    4435.52    298.853   -17.7456        1.1    11458.7    1446.05    12904.7   -38.4528   -201.193
      7600          0    4435.52    299.665   -16.6093        1.1    11555.6    1485.61    13041.3   -39.5648    -201.52
      7500          0    4435.52    300.462    -15.349        1.1    11658.1    1526.25    13184.3   -40.6368   -201.759
      7400          0    4435.52    301.248   -14.9478        1.1    11763.7    1567.94    13331.7   -41.6975    -201.93
      7300          0    4435.52    302.024   -15.0411        1.1    11870.7    1608.69    13479.4   -40.7495   -202.083
      7200          0    4435.52    302.795    -15.384        1.1    11981.3    1648.49    13629.8    -39.795   -202.238
      7100          0    4435.52    303.558   -15.8949        1.1    12092.5    1689.75    13782.2   -41.2584   -202.405
      7000          0    4435.52    304.307   -16.5284        1.1    12195.9    1736.46    13932.4   -46.7075   -202.587
      6900          0    4435.52     305.04   -17.2454        1.1    12299.2     1783.4    14082.6   -46.9404   -202.787
      6800          0    4435.52    305.756   -18.0276        1.1    12400.6    1826.25    14226.8   -42.8557   -203.005
      6700          0    4435.52    306.447   -18.8518        1.1    12501.4     1870.6      14372   -44.3474    -203.24
      6600          0    4435.52    307.116   -19.6921        1.1    12602.7    1918.31      14521   -47.7155   -203.493
      6500          0    4435.52    307.765   -20.5586        1.1      12701    1964.98      14666   -46.6652   -203.762
      6400          0    4435.52      308.4   -21.1646        1.1    12798.6    2012.18    14810.8   -47.2005   -204.043
      6300          0    4435.52    309.024   -21.6174        1.1    12896.9    2058.25    14955.2   -46.0743    -204.32
      6200          0    4435.52    309.639   -21.9817        1.1    13003.1    2104.09    15107.2   -45.8385   -204.589
      6100          0    4435.52    310.245   -22.2671        1.1      13110    2149.69    15259.7   -45.5947   -204.846
      6000          0    4435.52    310.844   -22.5002        1.1    13205.9    2195.03      15401   -45.3441   -205.089
      5900          0    4435.52    311.437    -22.692        1.1    13303.7    2242.77    15546.4   -47.7369   -205.318
      5800          0    4435.52    312.019   -22.8495        1.1    13407.5    2289.29    15696.8   -46.5188   -205.533
      5700          0    4435.52    312.585   -22.9771        1.1    13501.6    2335.97    15837.5   -46.6853   -205.734
      5600          0    4435.52    313.136   -23.0779        1.1    13593.8    2382.96    15976.7   -46.9857   -205.921
      5500          0    4435.52     313.67   -23.1547        1.1    13695.8    2430.23    16126.1   -47.2695   -206.093
      5400          0    4435.52    314.185   -23.8752        1.1    13797.1    2477.99    16275.1   -47.7604   -206.264
      5300          0    4435.52    314.682   -24.9904        1.1    13890.6    2526.22    16416.8   -48.2323   -206.469
      5200          0    4435.52    315.161   -26.3168        1.1    13996.2    2571.58    16567.8    -45.361   -206.722
      5100          0    4435.52    315.624   -27.7782        1.1    14088.6    2618.01    16706.6   -46.4243   -207.027
      5000          0    4435.52    316.076   -29.3615        1.1    14174.4    2665.48    16839.9   -47.4757   -207.387
      4900          0    4435.52    316.518   -31.0203        1.1    14258.5       2712    16970.5   -46.5178   -207.802
      4800          0    4435.52    316.952   -32.7524        1.1    14346.6     2758.2    17104.8   -46.2022   -208.272
      4700          0    4435.52     317.38   -34.5422        1.1    14440.2    2804.08    17244.3   -45.8802   -208.795
      4600          0    4435.52    317.803   -36.3619        1.1    14524.8    2852.08    17376.8   -48.0025   -209.371
      4500          0    4435.52     318.22   -38.2301        1.1    14607.2     2901.2    17508.4   -49.1203   -209.996
      4400          0    4435.52    318.635    -39.803        1.1    14688.8    2948.74    17637.5   -47.5351   -210.664
      4300          0    4435.52    319.048   -41.2105        1.1    14772.5    2996.29    17768.8   -47.5483   -211.355
      4200          0    4435.52    319.461   -42.5354        1.1    14851.5    3043.55      17895   -47.2609   -212.063
      4100          0    4435.52    319.873   -43.7941        1.1    14926.2    3091.72    18017.9   -48.1728   -212.784
      4000          0    4435.52    320.281   -45.0144        1.1    15000.3     3138.7      18139   -46.9813   -213.513
      3900          0    4435.52    320.684   -46.2093        1.1    15071.5    3184.49    18255.9   -45.7836   -214.252
      3800          0    4435.52    321.079   -47.3874        1.1    15143.8    3232.12    18375.9   -47.6289   -214.997
      3700          0    4435.52    321.468    -49.078        1.1    15211.8    3280.26      18492   -48.1425   -215.755
      3600          0    4435.52    321.848   -52.1958        1.1    15281.7    3328.91    18610.6   -48.6477   -216.588
      3500          0    4435.52    322.216   -55.9217        1.1      15352    3376.12    18728.1   -47.2161    -217.55
      3400          0    4435.52     322.57   -59.8629        1.1    15425.7    3424.69    18850.4   -48.5705   -218.653
      3300          0    4435.52     322.91   -64.0164        1.1    15508.2    3473.25    18981.5   -48.5601   -219.893
      3200          0    4435.52    323.236    -67.867        1.1      15589    3521.79    19110.8   -48.5356   -221.265
      3100          0    4435.52    323.549   -70.4915        1.1    15670.9    3570.69    19241.6   -48.8986   -222.706
      3000          0    4435.52    323.851   -72.6882        1.1    15749.5    3619.94    19369.4   -49.2509   -224.161
      2900          0    4435.52    324.144   -74.5874        1.1    15827.3    3668.58    19495.9   -48.6439   -225.613
      2800          0    4435.52    324.429   -76.2778        1.1    15904.5    3717.71    19622.2   -49.1289    -227.05
      2700          0    4435.52    324.707   -77.9737        1.1    15988.4    3763.52      19752   -45.8069   -228.468
      2600          0    4435.52    324.979   -79.9846        1.1    16081.3     3814.6    19895.9   -51.0786   -229.883
      2500          0    4435.52    325.245   -82.0893        1.1    16161.4    3861.94    20023.4   -47.3448   -231.311
      2400          0    4435.52    325.506   -84.2201        1.1    16239.4    3909.85    20149.2   -47.9061   -232.756
      2300          0    4435.52    325.763   -86.3747        1.1      16319    3958.46    20277.5   -48.6131   -234.217
      2200          0    4435.52    326.016   -88.4082        1.1    16404.9    4007.78    20412.7   -49.3164   -235.695
      2100          0    4435.52    326.266   -90.0646        1.1    16483.5    4057.24    20540.7   -49.4665    -237.17
      2000          0    4435.52    326.514   -91.5689        1.1    16561.9    4106.86    20668.8   -49.6136   -238.628
      1900          0    4435.52    326.758   -92.9586        1.1      16641    4156.08    20797.1   -49.2246   -240.064
      1800          0    4435.52        327   -94.2599        1.1    16718.9    4205.41    20924.3   -49.3331   -241.473
      1700          0    4435.52    327.239   -95.5763        1.1    16795.3    4254.03    21049.3   -48.6126   -242.856
      1600          0    4435.52    327.477   -97.0704        1.1    16874.2    4301.22    21175.4   -47.1891   -244.222
      1500          0    4435.52    327.712   -98.6136        1.1    16953.4    4350.38    21303.8   -49.1667   -245.578
      1400          0    4435.52    327.945   -100.193        1.1    17031.8    4401.38    21433.2   -50.9949   -246.929
      1300          0    4435.52    328.176   -101.793        1.1    17113.9    4451.82    21565.7   -50.4401   -248.275
      1200          0    4435.52    328.405   -103.152        1.1    17207.4    4501.71    21709.2   -49.8921   -249.616
      1100          0    4435.52    328.632   -103.814        1.1    17297.8    4551.13      21849   -49.4218    -250.92
      1000          0    4435.52    328.854    -104.18        1.1      17386    4600.22    21986.2   -49.0888    -252.16
       900          0    4435.52    329.071   -104.228        1.1    17474.5    4649.64    22124.2   -49.4209   -253.327
       800          0    4435.52    329.283   -104.036        1.1    17564.3     4695.6    22259.9   -45.9632    -254.41
       700          0    4435.52    329.491   -103.562        1.1    17651.8    4741.03    22392.9   -45.4242   -255.405
       600          0    4435.52    329.694    -102.66        1.1    17749.3    4789.55    22538.8   -48.5193   -256.296
       500          0    4435.52    329.894   -101.501        1.1    17847.3     4838.8    22686.1   -49.2511   -257.074
       400          0    4435.52    330.088   -100.065        1.1    17957.8    4886.16      22844    -47.361   -257.734
       300          0    4435.52    330.279   -98.4001        1.1    18057.8    4938.71    22996.5   -52.5522   -258.271
       200          0    4435.52    330.465    -96.305        1.1    18164.7    4991.88    23156.5   -53.1721    -258.68
       100          0    4435.52    330.645   -93.3804        1.1      18257    5041.07      23298   -49.1897   -258.932
         0          0    4435.52    330.819   -90.0128        1.1    18336.6    5071.34    23407.9   -30.2614   -259.002