     20000    2.85871    2.85871    179.437     354.04        1.2    78.9902     14.283    93.2732     14.283    5.82332
     19900    2.65663    288.528    179.502    347.414        1.2    157.136    29.6706    186.806    15.3876   -54.6527
     19800    2.72912    554.263    179.667    337.893        1.2    249.222    46.0635    295.286    16.3929   -92.6956
     19700    2.32673    826.773    179.893    327.588        1.2    344.315    59.7709    404.086    13.7074    -121.36
     19600    1.96363    1059.08    180.139    317.749        1.2    430.745    71.0514    501.797    11.2805   -136.178
     19500    1.55012    1255.03    180.374    307.232        1.2    537.593    79.6278    617.221    8.57641   -142.232
     19400    1.90281     1410.4    180.577    297.187        1.2    660.946     90.571    751.517    10.9432   -141.392
     19300    1.86461    1600.64    180.776    287.728        1.2    789.519    101.345    890.864    10.7744    -147.39
     19200    1.82701    1787.06    180.987    278.511        1.2    916.207    111.938    1028.15    10.5928   -152.305
     19100    1.71314    1969.65    181.206    271.293        1.2    1047.71    121.822    1169.54    9.88362    -156.38
     19000    1.79224    2141.04    181.429    265.534        1.2    1184.48    132.293    1316.77    10.4711   -158.628
     18900    1.86597    2320.34    181.664    258.318        1.2    1325.76    143.339     1469.1    11.0463   -162.374
     18800    1.40447    2506.48    181.919    250.215        1.2    1483.79     151.39    1635.18    8.05073   -167.105
     18700    1.56899    2647.09     182.17    243.748        1.2    1658.02     160.49    1818.51    9.09966   -164.783
     18600    1.91269    2804.33    182.425    238.036        1.2    1849.79    171.965    2021.76    11.4754   -166.345
     18500   0.936138    2994.62    182.716    231.931        1.2     2053.8    177.369    2231.17    5.40418    -173.19
     18400   0.812965    3088.11    182.992    227.217        1.2    2227.94    182.048    2409.98     4.6784   -164.804
     18300   0.841288    3169.44    183.233    222.139        1.2    2391.53    186.835    2578.36    4.78723   -157.173
     18200   0.796915    3253.52     183.47    216.574        1.2    2585.25    191.385    2776.64    4.54962   -152.391
     18100   0.638192    3333.06    183.716    211.924        1.2    2804.09    195.162    2999.25    3.77717   -148.647
     18000   0.707464    3396.94    183.966    207.936        1.2    3019.01    199.249    3218.26    4.08735    -143.88
     17900   0.938652    3467.92    184.225    206.291        1.2    3227.26    204.494    3431.76     5.2449   -141.851
     17800    1.04024    3561.89    184.509    205.601        1.2     3434.8    210.315    3645.12    5.82101   -144.365
     17700   0.857544    3665.73    184.822    202.198        1.2     3643.4    215.213    3858.61    4.89791   -148.226
     17600    1.30773    3751.93     185.15    197.627        1.2    3842.45    223.788    4066.24    8.57487   -148.894
     17500    1.03034    3882.43    185.507     195.43        1.2    4027.74    231.666     4259.4    7.87836   -156.871
     17400   0.285839    3984.72    188.398    225.217        1.2    4178.03    235.051    4413.08    3.38477   -161.424
     17300   0.383854     4013.4    189.487    234.125        1.2    4328.55    238.288    4566.83    3.23671   -152.482
     17200    1.40311    4052.81    190.214    239.735        1.2    4471.74    245.159     4716.9    6.87106    -146.93
     17100    1.51799    4193.23     190.96    242.224        1.2    4596.67    252.828     4849.5    7.66956   -158.804
     17000    1.99993    4345.51    191.842    242.273        1.2    4727.13    263.086    4990.22    10.2583   -169.908
     16900    2.03047    4545.54     192.88    235.848        1.2    4867.82    273.831    5141.65    10.7448   -185.867
     16800    2.05275    4748.61    194.066     224.97        1.2    5012.18    284.955    5297.13    11.1242   -199.035
     16700    2.27984    4954.11    195.371    212.539        1.2    5158.37    297.474    5455.84    12.5186   -210.246
     16600    2.93219    5182.74    196.782     198.62        1.2    5310.78    313.842    5624.62    16.3681   -222.908
     16500    1.70145    5474.73    198.303    193.871        1.2    5464.07    323.893    5787.96    10.0505   -241.632
     16400    2.48899    5645.67    199.878    196.323        1.2    5608.43    337.982    5946.42    14.0894   -241.062
     16300    1.87998    5893.96    201.496    195.758        1.2    5748.38    349.002    6097.38    11.0204   -250.575
     16200    2.86949    6082.94    203.148    193.941        1.2    5888.35      365.3    6253.65    16.2974   -251.032
     16100    3.28683    6370.31    204.846    180.576        1.2    6036.92    384.191    6421.11    18.8912   -263.834
     16000    2.95454    6698.66    206.619    158.902        1.2    6200.78    401.276    6602.05    17.0847   -279.344
     15900    2.65637    6993.82    208.432    144.768        1.2    6375.32    416.696    6792.02    15.4205   -288.686
     15800    2.04535    7258.84    210.246    135.598        1.2    6552.46     428.81    6981.27     12.114   -293.556
     15700    1.94651    7463.28    212.027    128.376        1.2    6733.79    440.293    7174.08    11.4828   -291.621
     15600    1.43773    7657.42    213.769    122.846        1.2     6917.9    449.284    7367.18    8.99084   -289.726
     15500    1.25397    7801.01    215.468    117.479        1.2    7105.36    457.346    7562.71    8.06207   -283.345
     15400   0.982416    7926.14    217.124    112.574        1.2    7290.43    464.227    7754.65    6.88102   -276.815
     15300    1.45355    8024.85    218.744    109.911        1.2     7469.2      472.8       7942    8.57263    -269.13
     15200    1.26149    8170.01    220.354    108.349        1.2    7648.74    480.519    8129.26    7.71949   -268.804
     15100    1.04232    8295.94    221.959     112.73        1.2    7821.36    487.333    8308.69    6.81422    -266.58
     15000   0.747939    8399.88    223.546    121.478        1.2    7981.93     493.09    8475.02    5.75631    -262.14
     14900 0.00599128    8473.93    225.107    128.409        1.2    8133.06    496.629    8629.69    3.53922   -254.736
     14800    1.69671    8476.22    226.628    135.129        1.2    8272.99     499.28    8772.27    2.65063   -239.668
     14700      1.851    8646.04    228.104    126.485        1.2    8419.51     500.17    8919.68   0.890518   -248.424
     14600    2.80617     8832.1     221.75    60.1026        1.2    8604.44     514.26     9118.7    14.0901   -257.328
     14500     3.0919       9113    220.316    32.1029        1.2    8806.89    533.292    9340.18    19.0317   -278.599
     14400    3.13545    9422.24    221.042    12.5424        1.2    9019.94    553.604    9573.55    20.3125   -299.212
     14300    2.58159    9735.23     222.49   -5.51605        1.2    9239.74    570.265    9810.01    16.6602   -316.129
     14200    2.25666    9993.06    224.114   -21.2002        1.2     9469.8    584.703    10054.5    14.4384   -324.368
     14100    1.98741    10218.5    225.734   -30.9887        1.2    9703.66    597.302      10301    12.5993   -328.444
     14000    1.50578    10416.7    227.311   -36.9482        1.2    9949.71    606.977    10556.7     9.6743   -329.678
     13900    1.90812    10567.7    228.832   -43.9241        1.2    10202.9    618.714    10821.7    11.7378   -326.601
     13800    1.26559    10757.9    230.334   -51.6671        1.2    10449.3    626.896    11076.2    8.18133   -328.918
     13700    1.56791    10884.7    231.806   -57.3586        1.2      10713    636.439    11349.4    9.54367   -325.007
     13600    1.26708    11041.2    233.264   -62.1522        1.2    10970.8    644.381    11615.2    7.94147   -325.645
     13500          0    11166.7    234.709    -60.741        1.2    11230.8    645.501    11876.3    1.12058   -323.423
     13400          0    11166.7    236.105   -54.2397        1.2    11490.1    648.436    12138.6    2.93468     -308.6
     13300          0    11166.7    237.477   -56.3105        1.2    11749.2    649.053    12398.2  -0.616599   -296.852
     13200          0    11166.7     240.96   -35.7003        1.2    11991.2    650.098    12641.3   -1.04493   -288.636
     13100          0    11166.7    243.281   -28.8149        1.2      12227    657.514    12884.5   -7.41595   -281.103
     13000          0    11166.7    245.232   -22.8742        1.2    12470.7    664.259      13135   -6.74557   -274.616
     12900          0    11166.7    246.879   -16.6576        1.2    12699.4    672.431    13371.8   -8.17151   -269.049
     12800          0    11166.7     248.23   -10.4223        1.2      12920    679.778    13599.8   -7.34756   -264.232
     12700          0    11166.7    249.495   -7.95494        1.2    13145.7    686.671    13832.3   -6.89241   -260.092
     12600          0    11166.7    250.862   -8.15989        1.2    13389.6    692.383      14082   -5.71209   -256.708
     12500          0    11166.7    252.279   -7.86108        1.2    13630.6    697.674    14328.3    -5.2916   -254.033
     12400          0    11166.7    253.728   -7.43391        1.2    13873.3    705.303    14578.6   -7.62838   -251.912
     12300          0    11166.7    255.203     -8.224        1.2    14104.4    713.719    14818.1   -8.41655   -250.265
     12200          0    11166.7    256.698    -9.9146        1.2    14320.5    721.115    15041.6   -7.39558   -249.073
     12100          0    11166.7    258.213   -10.1784        1.2      14527    726.886    15253.8   -5.77126   -248.263
     12000          0    11166.7    259.747    -9.5602        1.2      14724    736.536    15460.6   -9.64987   -247.689
     11900          0    11166.7      261.3   -8.06684        1.2    14915.7    743.282      15659    -6.7463   -247.257
     11800          0    11166.7    262.872   -5.95526        1.2    15100.8    751.114    15851.9   -7.83224   -246.889
     11700    1.69681    11168.4    264.464    3.05911        1.2    15273.5    758.996    16032.4   -7.88156   -246.679
     11600    1.78816    11338.1    254.227   -22.2928        1.2    15464.9    762.133      16227     3.1372    -268.57
     11500     3.0468    11518.2    251.332    -41.745        1.2      15666    776.568    16442.6    14.4346   -287.757
     11400    3.09404    11822.9    251.539   -68.0355        1.2      15881    792.981      16674    16.4133   -317.428
     11300     2.3749    12131.6    252.832   -83.5465        1.2    16106.7    805.626    16912.3    12.6453   -340.403
     11200    1.94093    12368.7    254.453   -92.0687        1.2    16341.4    816.023    17157.4    10.3968   -350.891
     11100     1.6163    12562.4    256.137   -102.786        1.2    16599.4    824.786    17424.2    8.76274   -355.302
     11000    1.21837    12723.7    257.809   -114.037        1.2      16868    831.777    17699.8    6.99076   -356.414
     10900    1.53995    12845.8    259.453   -120.735        1.2    17128.6    839.924    17968.5    8.14716   -354.345
     10800   0.335281    12998.6     261.08   -125.279        1.2      17379    844.394    18223.4     4.4697   -356.431
     10700 0.00558735    13031.8    262.682   -129.462        1.2    17631.1    847.936      18479    3.54257   -346.754
     10600 0.00412943    13032.4    264.271   -132.876        1.2    17886.4    850.565      18737    2.62897   -336.328
     10500          0    13032.8    265.866   -134.327        1.2    18140.7    852.199    18992.9    1.63373   -328.531
     10400          0    13032.8    267.474   -134.799        1.2    18394.4    853.473    19247.8   -1.27405   -322.653
     10300          0    13032.8    269.095   -134.811        1.2    18640.4    857.668      19498   -4.19503   -318.256
     10200          0    13032.8    270.729   -135.019        1.2    18886.3    862.697      19749   -5.02901   -314.975
     10100          0    13032.8    272.376   -136.263        1.2    19147.3    871.373    20018.7   -8.67584   -312.586
     10000          0    13032.8    274.036   -137.892        1.2    19400.9    881.408    20282.3   -10.0355   -310.921
      9900          0    13032.8    275.708   -139.754        1.2    19642.8    892.817    20535.6   -11.4083   -309.834
      9800          0    13032.8    277.394   -141.799        1.2      19885    906.467    20791.5   -13.6507   -309.207
      9700          0    13032.8    279.094   -143.995        1.2    20119.3    922.374    21041.6   -15.9069   -308.948
      9600          0    13032.8    280.809   -146.309        1.2    20352.1    940.552    21292.7   -18.1775   -308.984
      9500          0    13032.8    282.538   -148.722        1.2    20588.7    961.014    21549.7   -20.4628   -309.259
      9400          0    13032.8    284.282   -150.486        1.2    20841.4    980.097    21821.5   -19.0822   -309.717
      9300          0    13032.8    286.042   -151.891        1.2    21092.9    1002.34    22095.2   -22.2425   -310.286
      9200          0    13032.8    287.819   -153.118        1.2    21342.8    1026.46    22369.3    -24.119   -310.928
      9100          0    13032.8    289.612   -154.229        1.2    21584.3    1054.07    22638.4   -27.6123   -311.616
      9000          0    13032.8    291.423   -155.249        1.2    21823.3    1086.19    22909.5   -32.1227   -312.333
      8900          0    13032.8     293.25   -156.179        1.2    22072.7    1118.79    23191.4   -32.6005   -313.065
      8800          0    13032.8    295.095   -157.038        1.2    22310.2    1153.36    23463.5   -34.5697   -313.801
      8700          0    13032.8    296.955   -157.839        1.2    22539.9    1189.92    23729.8   -36.5549   -314.532
      8600          0    13032.8    298.832   -158.588        1.2    22764.1     1228.2    23992.3   -38.2817   -315.255
      8500          0    13032.8    300.725    -159.29        1.2    22994.3    1268.23    24262.6   -40.0255   -315.962
      8400          0    13032.8    302.632   -159.567        1.2    23220.9    1309.56    24530.4   -41.3321   -316.645
      8300          0    13032.8    304.548   -159.576        1.2    23458.7    1355.81    24814.5   -46.2477   -317.279
      8200          0    13032.8    306.473   -159.412        1.2    23692.1     1403.4    25095.5   -47.5978   -317.858
      8100          0    13032.8    308.409   -159.099        1.2    23928.5    1452.36    25380.9   -48.9589   -318.376
      8000          0    13032.8    310.358   -158.666        1.2      24157    1502.99      25660   -50.6326   -318.831
      7900          0    13032.8    312.312   -158.068        1.2    24394.8    1555.31    25950.1   -52.3117   -319.218
      7800          0    13032.8    314.267   -157.337        1.2    24630.4    1609.87    26240.3   -54.5666   -319.535
      7700          0    13032.8    316.226   -156.487        1.2      24864     1665.7    26529.7   -55.8261   -319.778
      7600          0    13032.8    318.187   -155.507        1.2    25099.9    1723.79    26823.7   -58.0869   -319.946
      7500          0    13032.8    320.148   -154.422        1.2    25341.4    1784.11    27125.5   -60.3234   -320.038
      7400          0    13032.8     322.11   -154.148        1.2    25586.2    1846.67    27432.9   -62.5602    -320.07
      7300          0    13032.8    324.069   -154.329        1.2    25832.5    1909.46    27741.9   -62.7937    -320.09
      7200          0    13032.8    326.027   -154.729        1.2    26082.4    1972.49    28054.9   -63.0267   -320.114
      7100          0    13032.8    327.973   -155.268        1.2      26333    2038.16    28371.1   -65.6727   -320.149
      7000          0    13032.8     329.91   -155.909        1.2    26575.8    2110.47    28686.3   -72.3095   -320.198
      6900          0    13032.8    331.845   -156.616        1.2    26818.5    2184.22    29002.7   -73.7451   -320.259
      6800          0    13032.8    333.775   -157.375        1.2    27059.2    2255.09    29314.3   -70.8748   -320.335
      6700          0    13032.8    335.697   -158.164        1.2    27299.3    2328.69      29628   -73.5967   -320.425
      6600          0    13032.8    337.604   -158.961        1.2    27539.9    2406.89    29946.8   -78.2042   -320.529
      6500          0    13032.8    339.494   -159.774        1.2    27777.4    2485.29    30262.7   -78.3937   -320.647
      6400          0    13032.8    341.374   -160.341        1.2    28014.2    2565.46    30579.7   -80.1736   -320.774
      6300          0    13032.8    343.247   -160.763        1.2    28251.6    2645.76    30897.4   -80.2972   -320.896
      6200          0    13032.8    345.098   -161.101        1.2    28496.9    2727.06      31224   -81.2981   -321.008
      6100          0    13032.8    346.932   -161.366        1.2      28743    2809.34    31552.3   -82.2825   -321.107
      6000          0    13032.8    348.763   -161.582        1.2    28977.9     2892.6    31870.5   -83.2625   -321.192
      5900          0    13032.8    350.591   -161.761        1.2    29214.8    2979.49    32194.2   -86.8914   -321.261
      5800          0    13032.8    352.415   -161.909        1.2    29457.7    3066.41    32524.1   -86.9148   -321.316
      5700          0    13032.8    354.215   -162.027        1.2    29690.8    3154.72    32845.5   -88.3151   -321.356
      5600          0    13032.8     355.99   -162.119        1.2      29922    3244.56    33166.6   -89.8403   -321.383
      5500          0    13032.8    357.752   -162.189        1.2    30163.1    3335.91      33499   -91.3515   -321.397
      5400          0    13032.8    359.506   -162.845        1.2    30403.4    3428.99    33832.3   -93.0807   -321.408
      5300          0    13032.8     361.25   -163.856        1.2    30635.7    3523.79    34159.5   -94.7995    -321.45
      5200          0    13032.8    362.972   -165.045        1.2    30880.1    3616.97      34497   -93.1718   -321.533
      5100          0    13032.8    364.677   -166.343        1.2      31111    3712.44    34823.4   -95.4767   -321.663
      5000          0    13032.8    366.373    -167.74        1.2    31335.2    3810.22    35145.4    -97.773   -321.839
      4900          0    13032.8    368.066   -169.195        1.2    31557.5    3908.28    35465.8   -98.0659   -322.063
      4800          0    13032.8    369.756   -170.708        1.2    31783.5    4007.29    35790.8   -99.0064   -322.333
      4700          0    13032.8    371.426   -172.262        1.2    32014.9    4107.21    36122.1   -99.9258   -322.648
      4600          0    13032.8    373.054   -173.831        1.2    32236.9    4210.47    36447.3   -103.254   -323.006
      4500          0    13032.8    374.652   -175.434        1.2    32456.5    4316.02    36772.5   -105.552   -323.406
      4400          0    13032.8    376.232   -176.765        1.2      32675    4421.15    37096.2   -105.132   -323.842
      4300          0    13032.8    377.802   -177.941        1.2    32895.5    4527.45    37422.9   -106.302   -324.296
      4200          0    13032.8    379.366   -179.042        1.2      33111    4634.62    37745.6   -107.166   -324.763
      4100          0    13032.8     380.91   -180.082        1.2      33322    4743.83    38065.9    -109.21   -325.238
      4000          0    13032.8    382.412   -181.083        1.2    33532.2    4852.94    38385.1   -109.112    -325.72
      3900          0    13032.8     383.87   -182.058        1.2    33739.2    4961.91    38701.1    -108.97   -326.207
      3800          0    13032.8    385.299   -183.016        1.2    33947.2    5073.76    39020.9   -111.849   -326.699
      3700          0    13032.8     386.71   -184.425        1.2    34150.5    5187.15    39337.6   -113.385   -327.201
      3600          0    13032.8    388.111   -187.122        1.2    34355.3    5302.06    39657.4   -114.911   -327.771
      3500          0    13032.8    389.505   -190.346        1.2      34560    5416.56    39976.6   -114.505   -328.455
      3400          0    13032.8    390.883    -193.74        1.2    34767.6    5533.44    40301.1   -116.883   -329.266
      3300          0    13032.8    392.232     -197.3        1.2    34983.4    5651.33    40634.7   -117.882   -330.197
      3200          0    13032.8    393.538   -200.579        1.2    35196.9    5770.17    40967.1   -118.838   -331.245
      3100          0    13032.8    394.804   -202.738        1.2    35411.1    5890.32    41301.4   -120.154   -332.349
      3000          0    13032.8    396.039   -204.519        1.2    35621.5    6011.76    41633.2   -121.439   -333.464
      2900          0    13032.8    397.252   -206.046        1.2    35830.8    6133.51    41964.3   -121.752   -334.573
      2800          0    13032.8    398.447   -207.398        1.2    36039.1    6256.66    42295.7   -123.147   -335.668
      2700          0    13032.8    399.629   -208.762        1.2    36253.8    6377.39    42631.2   -120.729   -336.744
      2600          0    13032.8    400.798   -210.418        1.2      36477    6504.28    42981.3   -126.898    -337.82
      2500          0    13032.8    401.942   -212.157        1.2    36687.3    6628.33    43315.6   -124.042   -338.906
      2400          0    13032.8    403.058   -213.916        1.2    36894.9    6753.78    43648.7   -125.458   -340.008
      2300          0    13032.8    404.142   -215.692        1.2    37103.9    6880.78    43984.6   -126.992   -341.124
      2200          0    13032.8    405.194   -217.359        1.2    37318.7    7009.27      44328   -128.494   -342.254
      2100          0    13032.8    406.223   -218.686        1.2    37525.9    7138.69    44664.6   -129.423   -343.382
      2000          0    13032.8    407.237    -219.88        1.2    37732.7    7269.03    45001.7   -130.337   -344.494
      1900          0    13032.8     408.24   -220.977        1.2    37939.8    7399.74    45339.5   -130.707   -345.587
      1800          0    13032.8    409.236       -222        1.2    38145.4    7531.31    45676.7    -131.57   -346.657
      1700          0    13032.8    410.227   -223.039        1.2    38349.3    7662.91    46012.2   -131.601   -347.704
      1600          0    13032.8    411.215    -224.24        1.2    38555.4    7793.84    46349.2   -130.927   -348.737
      1500          0    13032.8    412.193   -225.485        1.2    38761.4    7927.48    46688.9   -133.648   -349.764
      1400          0    13032.8     413.15   -226.759        1.2    38966.4    8063.68    47030.1     -136.2   -350.786
      1300          0    13032.8    414.081   -228.049        1.2    39174.7    8200.03    47374.7   -136.345   -351.805
      1200          0    13032.8    414.984   -229.127        1.2    39394.3     8336.5    47730.8    -136.47    -352.82
      1100          0    13032.8    415.853   -229.581        1.2    39610.4    8473.14    48083.6   -136.643   -353.802
      1000          0    13032.8    416.692   -229.776        1.2    39824.2    8610.07    48434.3   -136.927   -354.728
       900          0    13032.8    417.507     -229.7        1.2    40038.2    8747.93    48786.1   -137.857   -355.588
       800          0    13032.8    418.303   -229.419        1.2    40253.3    8882.91    49136.2   -134.983   -356.375
       700          0    13032.8    419.084   -228.899        1.2    40466.2    9017.93    49484.1   -135.017   -357.085
       600          0    13032.8    419.852   -228.006        1.2      40689     9156.6    49845.6   -138.677   -357.705
       500          0    13032.8     420.61   -226.895        1.2    40912.4    9296.57      50209   -139.968   -358.226
       400          0    13032.8     421.36   -225.548        1.2    41148.4     9435.2    50583.6   -138.632   -358.643
       300          0    13032.8    422.102   -224.006        1.2      41374    9579.58    50953.5   -144.375   -358.954
       200          0    13032.8    422.837   -222.099        1.2    41606.7    9725.12    51331.8   -145.544   -359.154
       100          0    13032.8     423.56   -219.461        1.2      41825    9867.23    51692.3   -142.105   -359.216
         0          0    13032.8    424.268   -216.442        1.2    42031.1    9990.94      52022    -123.71   -359.119