     20000    0.21728    0.21728    179.437     354.04        0.5    78.9896     14.283    93.2726     14.283    6.50379
     19900   0.217575    21.9456    179.662    352.618        0.5    151.932    29.5106    181.442    15.2276    1.50056
     19800   0.217404    43.7029    180.157    351.104        0.5    230.807    45.4132     276.22    15.9026   -2.37644
     19700   0.170127     65.396    180.783     349.79        0.5    303.697    58.2306    361.928    12.8173    -5.4047
     19600   0.126445     82.365    181.425     348.77        0.5    359.107    68.2257    427.333    9.99514   -6.76976
     19500  0.0852421    94.9683    181.995    346.159        0.5    427.028    75.1809    502.209    6.95525   -6.96986
     19400   0.115639    103.523    182.451    342.718        0.5     504.85    84.2498      589.1    9.06882   -6.42532
     19300   0.111745    115.083    182.848    339.543        0.5    581.607    92.9522     674.56    8.70246   -6.88584
     19200   0.108343    126.254    183.226    336.408        0.5      650.4    101.306    751.706    8.35423   -7.36679
     19100  0.0942738    137.074    183.581    334.951        0.5    718.249    108.815    827.064    7.50886   -7.85603
     19000    0.10338    146.511    183.902    334.542        0.5    786.007    116.813     902.82    7.99782   -8.05288
     18900   0.111132    156.856      184.2    332.436        0.5    853.171    125.323    978.493    8.50971   -8.51829
     18800   0.067066    167.926    184.498    329.367        0.5    932.043    130.795    1062.84    5.47247   -9.22535
     18700   0.082341    174.647     184.75    327.187        0.5    1022.84    137.315    1160.15    6.52007    -9.0346
     18600    0.12043     182.92     184.96    325.434        0.5    1127.21    146.255    1273.47    8.93973   -9.41564
     18500   0.028927    194.871    185.199    323.664        0.5    1239.49    149.176    1388.66    2.92116   -10.6848
     18400  0.0319985    197.767    185.381    322.111        0.5    1318.73    151.465    1470.19    2.28887   -9.85436
     18300  0.0441971    200.979    185.469    319.004        0.5    1385.45    154.016    1539.47    2.55126   -9.48532
     18200  0.0454528      205.4    185.524    314.883        0.5    1480.87    156.512    1637.38     2.4956   -9.74209
     18100  0.0357416    209.936    185.573     311.36        0.5    1600.27    158.433     1758.7    1.92057   -10.2747
     18000  0.0493207    213.523    185.607    308.093        0.5    1715.04    160.879    1875.92    2.44625   -10.7754
     17900  0.0722623    218.478    185.641    307.076        0.5     1822.5    164.707    1987.21    3.82857   -11.7289
     17800  0.0725034    225.705    185.711    307.392        0.5    1928.25    169.327    2097.58    4.61941   -13.1237
     17700  0.0560945    232.939    185.815    305.373        0.5    2033.67    173.232     2206.9    3.90503   -14.3487
     17600  0.0855746    238.578    185.921    302.114        0.5    2128.23    181.036    2309.27     7.8042   -15.2043
     17500  0.0651565    247.115    186.048    301.912        0.5    2207.04    188.374    2395.41    7.33747   -16.7513
     17400  0.0186023    253.584    188.757     332.48        0.5    2250.07    191.399    2441.47    3.02524    -18.664
     17300  0.0320041    255.457    189.598    341.913        0.5     2292.8    194.524    2487.32    3.12502   -18.1231
     17200   0.117082    258.743    190.062    347.779        0.5    2327.95    201.547    2529.49    7.02328   -17.6742
     17100    0.13144    270.465     190.58    351.432        0.5    2343.67    209.597    2553.26    8.04993   -19.0031
     17000   0.183517    283.662    191.296    353.513        0.5    2362.89    220.401    2583.29     10.804   -20.2809
     16900   0.186019    302.016    192.242     349.85        0.5    2389.57    231.784    2621.36    11.3833   -22.4694
     16800   0.187282    320.619    193.405    342.203        0.5     2416.7    243.569    2660.27    11.7846   -24.5855
     16700   0.214132    339.374    194.744    333.217        0.5    2442.21    256.715    2698.93    13.1459   -26.8063
     16600   0.291274    360.864    196.242    322.995        0.5    2470.25    273.623    2743.87    16.9077   -29.7682
     16500   0.138568    389.839    197.931    322.991        0.5    2494.42    284.045    2778.46     10.422   -34.2437
     16400    0.22755    403.785    199.697     330.04        0.5    2505.07    298.316    2803.38     14.271   -34.5332
     16300   0.149794    426.462     201.51    334.101        0.5    2506.67    309.322    2815.99     11.006   -36.4189
     16200   0.262222    441.554    203.365    336.693        0.5    2509.44    325.401    2834.84    16.0796   -36.1739
     16100   0.308864    467.823    205.296     327.73        0.5    2510.85    343.843    2854.69     18.442   -38.4817
     16000   0.253523    498.654    207.374    310.762        0.5    2522.85    360.173    2883.02    16.3297    -41.975
     15900   0.209662    523.962    209.539    301.568        0.5    2540.59    374.487    2915.08    14.3138   -44.4546
     15800    0.12899    544.848    211.709    297.213        0.5    2556.12    385.138    2941.25     10.651   -46.0059
     15700   0.109629    557.727    213.816     294.19        0.5    2571.63    394.832    2966.46     9.6945   -45.9002
     15600  0.0512171    568.632    215.835    292.335        0.5    2586.25    401.757    2988.01     6.9246   -45.6826
     15500   0.028403    573.731    217.756    289.933        0.5    2601.26     407.53    3008.79    5.77359   -44.5065
     15400 0.00619342    576.549    219.572    287.315        0.5    2611.58    411.964    3023.55    4.43331   -43.3265
     15300   0.039094    577.201    221.295     286.41        0.5    2613.85    417.986    3031.84     6.0221   -42.1276
     15200  0.0195301    581.091     222.97    286.652        0.5    2615.09    423.089    3038.18    5.10321   -41.9646
     15100 0.00613254     583.03    224.618    293.125        0.5    2622.87    427.244    3050.11    4.15499   -41.3453
     15000 0.00462484    583.642    226.227    304.026        0.5    2644.84     430.32    3075.16     3.0756   -40.1316
     14900          0      584.1      227.8    312.718        0.5    2678.02    431.166    3109.19   0.846263   -38.5268
     14800  0.0890139    584.189    229.345    320.255        0.5    2723.22    431.232    3154.45 -0.0657906   -36.6392
     14700   0.117193    593.119    230.865    312.523        0.5    2762.73    433.102    3195.84   -1.87086   -36.7852
     14600   0.241822    604.962    223.098    245.924        0.5    2763.62    445.844    3209.47     12.742   -39.0162
     14500   0.249362    629.152    220.939    219.531        0.5    2778.64    464.253    3242.89    18.4083   -47.5012
     14400   0.248498    654.087    221.524    202.878        0.5    2801.36    484.083    3285.44    19.8299   -56.1383
     14300   0.182547    678.871    223.117    188.251        0.5    2827.39    500.115    3327.51    16.0325   -63.8651
     14200   0.146711     697.09    224.966    175.676        0.5    2860.57    513.701    3374.27    13.5862   -69.2925
     14100   0.117542    711.732    226.774    168.668        0.5    2894.78    525.261    3420.04    11.5591   -73.3334
     14000  0.0734867    723.442    228.471    165.205        0.5    2938.67    533.774    3472.45    8.51391   -76.1509
     13900   0.107883    730.825    230.022    159.947        0.5    2988.04    544.323    3532.36    10.5484   -77.6612
     13800  0.0555207    741.561    231.485    153.848        0.5    3028.89    551.353    3580.25    7.03005   -79.7976
     13700  0.0787818    747.137    232.857    149.392        0.5    3085.82    559.846    3645.67     8.4934   -80.7438
     13600  0.0593049    754.995    234.153    145.837        0.5    3135.65    566.899    3702.55    7.05239   -82.2027
     13500          0    760.867    235.394     148.74        0.5    3186.15    567.335    3753.49   0.436123   -83.0808
     13400          0    760.867    236.517    155.701        0.5    3235.55    569.858    3805.41    2.52328   -82.4176
     13300          0    760.867    237.528    152.793        0.5    3285.49    570.526    3856.02  -0.667859   -81.7396
     13200          0    760.867    241.209    173.375        0.5    3318.47     571.82    3890.29   -1.29393    -81.515
     13100          0    760.867    243.563    179.829        0.5    3345.59    579.518     3925.1   -7.69842   -80.4185
     13000          0    760.867    245.457    185.587        0.5    3380.87     586.49    3967.36   -6.97137   -79.0655
     12900          0    760.867    246.966    191.728        0.5    3401.16    594.749    3995.91   -8.25889   -77.6206
     12800          0    760.867    248.097    197.972        0.5    3413.33    601.964    4015.29   -7.21542   -76.1298
     12700          0    760.867    249.102    200.261        0.5    3430.79    608.463    4039.26   -6.49913   -74.7005
     12600          0    760.867    250.204    199.681        0.5    3466.91    613.517    4080.42   -5.05399   -73.5603
     12500          0    760.867    251.356    199.577        0.5    3500.46    617.885    4118.34   -4.36811   -72.7662
     12400          0    760.867     252.54    199.586        0.5     3536.1    624.325    4160.43   -6.44018   -72.2362
     12300          0    760.867     253.75    198.294        0.5    3560.74     631.29    4192.03    -6.9644   -71.9531
     12200          0    760.867    254.982    196.027        0.5    3570.86     636.97    4207.83   -5.67983   -71.9489
     12100          0    760.867    256.235     195.25        0.5    3571.91    640.763    4212.67    -3.7931   -72.1862
     12000          0    760.867    257.511    195.428        0.5    3579.81    648.177    4227.99    -7.4139   -72.5367
     11900          0    760.867    258.815    196.567        0.5    3592.79    652.438    4245.22   -4.26099   -72.9255
     11800  0.0840978    760.951    260.148     198.41        0.5    3612.09    657.546    4269.64   -5.10843   -73.3039
     11700   0.178674    769.455    261.571     207.53        0.5    3643.87    662.535    4306.41   -4.98898   -75.2386
     11600   0.187031    787.331    249.056    182.709        0.5    3657.46    670.843    4328.31    8.30752   -78.6656
     11500   0.297087    806.144    244.867    165.214        0.5    3663.24    691.742    4354.99    20.8999    -83.772
     11400   0.298534    835.854    244.611    141.495        0.5     3668.7    715.083    4383.79    23.3407   -91.6171
     11300   0.231591     865.64    245.942    129.673        0.5    3681.13    734.619    4415.75    19.5358   -99.0007
     11200    0.19327    888.761    247.767    124.686        0.5    3699.09    751.702    4450.79    17.0826   -103.994
     11100   0.166665    908.062    249.654    116.419        0.5    3737.86    766.947    4504.81    15.2456     -107.5
     11000   0.140342    924.702    251.474     106.64        0.5    3785.82    780.274     4566.1    13.3264   -110.247
     10900   0.158226    938.754    253.186    100.834        0.5    3824.86    794.688    4619.55    14.4141   -112.423
     10800    0.10613    954.524    254.824     97.264        0.5    3852.68    805.413    4658.09    10.7256     -114.8
     10700  0.0942607    965.126    256.371    92.9144        0.5    3882.42    815.267    4697.69    9.85364   -115.981
     10600  0.0855482    974.543    257.811    88.2549        0.5    3916.59    824.355    4740.94    9.08856   -117.062
     10500  0.0741455    983.086     259.17    85.3296        0.5    3951.21    832.686     4783.9    8.33011   -118.119
     10400  0.0386109    990.465    260.455    83.4426        0.5    3986.66     838.43    4825.09     5.7449   -119.024
     10300 0.00697347    994.295    261.642    82.2075        0.5    4015.65    841.689    4857.34    3.25837   -119.319
     10200  0.0068999    994.992    262.703     80.995        0.5    4045.53    844.686    4890.22    2.99703   -119.196
     10100          0    995.675    263.664    78.8393        0.5     4091.5    844.722    4936.22  0.0360974   -119.368
     10000          0    995.675    264.553    76.3997        0.5    4130.81    845.274    4976.08  -0.552505    -119.67
      9900          0    995.675    265.383    73.8109        0.5    4159.13    846.357    5005.49   -1.08281   -120.218
      9800          0    995.675    266.166    71.0985        0.5     4188.4    848.779    5037.18   -2.42205   -120.964
      9700          0    995.675    266.908    68.2823        0.5    4210.38      852.5    5062.88   -3.72089   -121.877
      9600          0    995.675    267.617    65.3802        0.5    4231.58    857.486    5089.07    -4.9855   -122.929
      9500          0    995.675    268.297    62.4026        0.5    4256.99    863.708     5120.7   -6.22206   -124.101
      9400          0    995.675    268.953    60.1525        0.5     4299.1    867.461    5166.56   -3.75323   -125.362
      9300          0    995.675    269.588    58.3279        0.5    4340.33    873.249    5213.58    -5.7882   -126.659
      9200          0    995.675    270.205    56.7338        0.5    4380.43    879.754    5260.18   -6.50469   -127.966
      9100          0    995.675    270.805    55.2971        0.5    4412.39    888.559    5300.95   -8.80521   -129.271
      9000          0    995.675    271.392    53.9865        0.5    4442.14    900.651     5342.8    -12.092   -130.563
      8900          0    995.675    271.967    52.7966        0.5    4482.52    911.968    5394.49   -11.3168   -131.837
      8800          0    995.675     272.53    51.7025        0.5     4511.3    923.972    5435.27   -12.0046   -133.087
      8700          0    995.675    273.076    50.6893        0.5    4532.49    936.649    5469.14   -12.6762   -134.311
      8600          0    995.675    273.605    49.7488        0.5    4548.41    949.704    5498.11    -13.055   -135.505
      8500          0    995.675    274.117    48.8725        0.5    4570.44     963.12    5533.56   -13.4168   -136.667
      8400          0    995.675    274.613     48.476        0.5    4588.93    976.433    5565.36   -13.3131    -137.79
      8300          0    995.675    275.093    48.3939        0.5     4618.8    993.227    5612.02   -16.7932   -138.847
      8200          0    995.675    275.556    48.5264        0.5    4644.21    1009.91    5654.12   -16.6809   -139.831
      8100          0    995.675    276.001    48.8463        0.5     4672.7    1026.46    5699.16   -16.5509   -140.736
      8000          0    995.675     276.43      49.32        0.5    4693.24    1043.16     5736.4   -16.7051   -141.559
      7900          0    995.675    276.847    49.9955        0.5    4722.96    1060.01    5782.97   -16.8466   -142.299
      7800          0    995.675    277.253    50.8339        0.5    4750.42    1077.56    5827.98   -17.5532   -142.951
      7700          0    995.675    277.652    51.8225        0.5    4775.66    1094.82    5870.48   -17.2517   -143.514
      7600          0    995.675    278.043    52.9705        0.5    4803.07    1112.76    5915.83   -17.9434   -143.985
      7500          0    995.675    278.429    54.2496        0.5    4835.88    1131.36    5967.24   -18.6042   -144.364
      7400          0    995.675     278.81    54.6314        0.5    4871.96    1150.62    6022.58   -19.2601    -144.67
      7300          0    995.675    279.187    54.4979        0.5     4909.4    1168.53    6077.94   -17.9115   -144.956
      7200          0    995.675    279.559    54.0967        0.5    4950.51    1185.09     6135.6   -16.5594   -145.244
      7100          0    995.675     279.93    53.5123        0.5     4992.3    1202.72    6195.02   -17.6303   -145.543
      7000          0    995.675    280.299    52.7916        0.5     5026.4    1225.42    6251.82   -22.6994   -145.857
      6900          0    995.675    280.664    51.9769        0.5    5060.48    1247.99    6308.47   -22.5638    -146.19
      6800          0    995.675    281.022    51.0879        0.5    5092.74    1266.11    6358.85   -18.1217   -146.541
      6700          0    995.675    281.373    50.1486        0.5    5124.52    1285.38     6409.9   -19.2729   -146.913
      6600          0    995.675    281.718     49.187        0.5    5156.99     1307.7    6464.68   -22.3178   -147.304
      6500          0    995.675    282.055    48.1942        0.5    5186.54    1328.65     6515.2   -20.9551   -147.712
      6400          0    995.675    282.383    47.4729        0.5    5215.52    1349.84    6565.36   -21.1832   -148.133
      6300          0    995.675      282.7     46.911        0.5    5245.29    1369.59    6614.88     -19.75   -148.549
      6200          0    995.675    283.005    46.4441        0.5    5283.03    1388.79    6671.83   -19.2045   -148.955
      6100          0    995.675    283.297    46.0626        0.5    5321.62    1407.44    6729.05    -18.647   -149.347
      6000          0    995.675    283.578    45.7386        0.5    5349.29    1425.52    6774.81   -18.0785   -149.725
      5900          0    995.675    283.851    45.4603        0.5    5378.88    1445.67    6824.55   -20.1506   -150.087
      5800          0    995.675    284.114    45.2191        0.5    5414.69    1464.28    6878.97   -18.6145   -150.433
      5700          0    995.675    284.371    45.0089        0.5    5440.73    1482.75    6923.48   -18.4712   -150.764
      5600          0    995.675    284.622    44.8264        0.5    5465.04    1501.23    6966.27   -18.4717    -151.08
      5500          0    995.675    284.867    44.6681        0.5    5499.28    1519.69    7018.98   -18.4667    -151.38
      5400          0    995.675    285.107    43.8298        0.5    5532.83    1538.37    7071.21    -18.682   -151.679
      5300          0    995.675    285.343     42.576        0.5    5558.78    1557.27    7116.05   -18.8934   -152.014
      5200          0    995.675    285.576     41.093        0.5    5596.98    1573.04    7170.02   -15.7764     -152.4
      5100          0    995.675    285.806    39.4609        0.5     5622.1    1589.65    7211.75   -16.6063    -152.84
      5000          0    995.675    286.033    37.6955        0.5    5640.86    1607.08    7247.95   -17.4335   -153.339
      4900          0    995.675    286.258    35.8463        0.5    5658.11    1623.34    7281.46    -16.258   -153.895
      4800          0    995.675     286.48    33.9169        0.5    5679.48    1639.07    7318.55   -15.7302   -154.508
      4700          0    995.675      286.7    31.9246        0.5    5706.68    1654.27    7360.95   -15.2002   -155.177
      4600          0    995.675    286.918    29.8988        0.5    5724.95    1671.39    7396.34   -17.1181   -155.901
      4500          0    995.675    287.134    27.8211        0.5    5741.35    1689.42    7430.78    -18.034   -156.676
      4400          0    995.675    287.348     26.055        0.5    5757.06    1705.67    7462.74   -16.2481   -157.497
      4300          0    995.675     287.56    24.4623        0.5    5775.09    1721.73    7496.83   -16.0603   -158.341
      4200          0    995.675     287.77    22.9597        0.5     5788.6     1737.3     7525.9   -15.5703   -159.203
      4100          0    995.675    287.977      21.53        0.5    5798.02    1753.58     7551.6   -16.2766   -160.077
      4000          0    995.675    288.178    20.1436        0.5    5806.98    1768.46    7575.43   -14.8784    -160.96
      3900          0    995.675    288.375    18.7862        0.5    5813.09    1781.93    7595.03   -13.4754   -161.851
      3800          0    995.675    288.568     17.448        0.5    5820.64    1797.05    7617.69   -15.1179    -162.75
      3700          0    995.675    288.756    15.5649        0.5    5823.94    1812.48    7636.43   -15.4312    -163.66
      3600          0    995.675    288.941    12.1865        0.5    5829.51    1828.22    7657.74   -15.7407   -164.649
      3500          0    995.675    289.121    8.15902        0.5    5835.69    1842.34    7678.03   -14.1208   -165.771
      3400          0    995.675    289.297    3.89386        0.5    5845.65    1857.64    7703.29   -15.2966   -167.041
      3300          0    995.675    289.468  -0.606349        0.5    5864.75    1872.76    7737.51   -15.1177   -168.455
      3200          0    995.675    289.633   -4.78737        0.5    5882.43    1887.69    7770.12   -14.9334   -170.009
      3100          0    995.675    289.793   -7.68875        0.5    5901.57    1902.84     7804.4   -15.1433   -171.634
      3000          0    995.675    289.947   -10.1347        0.5    5917.59    1918.18    7835.77    -15.347   -173.276
      2900          0    995.675    290.095   -12.2584        0.5    5933.09    1932.78    7865.87   -14.5948   -174.913
      2800          0    995.675    290.237   -14.1543        0.5    5948.16    1947.71    7895.88   -14.9366   -176.535
      2700          0    995.675    290.373    -16.051        0.5    5970.16    1959.19    7929.35   -11.4729   -178.136
      2600          0    995.675    290.504   -18.2717        0.5    6001.27    1975.79    7977.06    -16.604   -179.734
      2500          0    995.675    290.631   -20.5892        0.5    6019.94    1988.52    8008.46   -12.7306   -181.344
      2400          0    995.675    290.753   -22.9336        0.5    6036.58    2001.67    8038.25   -13.1534   -182.969
      2300          0    995.675    290.873    -25.303        0.5    6055.14     2015.4    8070.54   -13.7229   -184.612
      2200          0    995.675     290.99   -27.5424        0.5    6080.19    2029.69    8109.88   -14.2896    -186.27
      2100          0    995.675    291.104   -29.3857        0.5    6098.06    2043.99    8142.06   -14.3039   -187.926
      2000          0    995.675    291.216   -31.0657        0.5    6116.03    2058.31    8174.34   -14.3161   -189.563
      1900          0    995.675    291.327   -32.6213        0.5    6134.77     2072.1    8206.87   -13.7932   -191.175
      1800          0    995.675    291.435   -34.0803        0.5    6152.48    2085.87    8238.35   -13.7688   -192.759
      1700          0    995.675    291.543   -35.5538        0.5    6168.84    2098.79    8267.62   -12.9162   -194.314
      1600          0    995.675    291.649    -37.211        0.5    6187.93    2110.15    8298.08   -11.3616   -195.851
      1500          0    995.675    291.754   -38.9194        0.5    6207.41    2123.36    8330.77   -13.2092   -197.376
      1400          0    995.675    291.858   -40.6659        0.5    6226.33    2138.26     8364.6   -14.9082   -198.895
      1300          0    995.675    291.961   -42.4353        0.5    6248.98    2152.49    8401.47   -14.2252   -200.407
      1200          0    995.675    292.063    -43.945        0.5    6283.36    2166.04     8449.4   -13.5499   -201.913
      1100          0    995.675    292.164   -44.7244        0.5    6314.66    2178.99    8493.65   -12.9545    -203.38
      1000          0    995.675    292.265   -45.1864        0.5    6343.84    2191.49    8535.34   -12.4998   -204.779
       900          0    995.675    292.364    -45.307        0.5    6373.46    2204.21    8577.66   -12.7143     -206.1
       800          0    995.675    292.463   -45.1708        0.5    6404.34    2213.35    8617.69   -9.14291   -207.333
       700          0    995.675    292.561   -44.7295        0.5    6433.05    2221.84     8654.9   -8.49407   -208.471
       600          0    995.675    292.658   -43.8338        0.5    6471.68    2233.33    8705.01   -11.4827   -209.501
       500          0    995.675    292.754   -42.6636        0.5    6510.86    2245.44     8756.3   -12.1114    -210.41
       400          0    995.675    292.849   -41.1944        0.5     6562.5    2255.56    8818.07   -10.1217   -211.194
       300          0    995.675    292.944   -39.4806        0.5    6603.52    2270.78     8874.3    -15.217   -211.847
       200          0    995.675    293.037   -37.3052        0.5    6651.43    2286.52    8937.95   -15.7447   -212.366
       100          0    995.675     293.13   -34.2545        0.5    6684.61     2298.2     8982.8   -11.6747   -212.718
         0  0.0863516    995.762    293.222   -30.7303        0.5    6704.91    2305.53    9010.44    7.33613   -212.895