     20000    0.49394    0.49394    179.437     354.04        0.9    78.9897     14.283    93.2727     14.283    6.43247
     19900   0.472618    49.8666    179.662    352.061        0.9    152.489    29.5106        182    15.2276   -4.69462
     19800    0.48925    97.1451    180.147    349.677        0.9    232.792    45.4232    278.215    15.9125   -12.6882
     19700   0.381482    145.962    180.759    347.354        0.9    308.118    58.2644    366.383    12.8412   -19.2118
     19600   0.287369    184.016    181.391    345.369        0.9    366.929    68.2934    435.223     10.029   -22.0594
     19500   0.187216    212.653    181.956    341.948        0.9    439.062    75.2873    514.349    6.99382    -22.467
     19400   0.263949    231.451    182.411    337.908        0.9    521.694    84.3965     606.09    9.10923   -21.0026
     19300   0.251914    257.834     182.81    334.176        0.9    603.818    93.1369    696.955    8.74042   -21.8189
     19200   0.240938    283.015    183.195    330.508        0.9     678.51    101.522    780.032    8.38517   -22.4931
     19100   0.212879     307.08    183.558    328.564        0.9    752.746    109.054      861.8    7.53172   -23.0568
     19000   0.230593    328.386     183.89    327.725        0.9    827.321    117.064    944.384    8.00972   -23.1114
     18900   0.247873    351.463    184.202    325.212        0.9    901.709    125.571    1027.28    8.50757   -23.7211
     18800   0.143508    376.146    184.516    321.732        0.9    988.217    131.025    1119.24    5.45428   -24.7889
     18700    0.18159    390.534    184.785    319.254        0.9    1086.94     137.51    1224.45    6.48505   -23.7175
     18600   0.263849    408.776    185.014     317.24        0.9    1199.51    146.396    1345.91    8.88572    -23.966
     18500  0.0555827    434.952    185.273    315.127        0.9    1320.33    149.243    1469.57    2.84689   -26.0589
     18400  0.0471321    440.502    185.476    313.407        0.9    1408.27    151.437    1559.71    2.19383   -23.5293
     18300  0.0787809    445.247    185.579    310.291        0.9    1483.71    153.878    1637.58    2.44075   -21.6616
     18200  0.0840386     453.13    185.646     306.19        0.9    1587.82    156.252    1744.07    2.37441    -21.203
     18100  0.0642909    461.514    185.706    302.686        0.9    1715.89     158.04    1873.93    1.78776   -21.2876
     18000  0.0929607    467.972    185.755    299.453        0.9     1839.3    160.339    1999.64    2.29872   -21.2551
     17900   0.128583    477.304    185.806    298.446        0.9    1955.39    164.003     2119.4    3.66437    -22.127
     17800   0.120644    490.154    185.885    298.723        0.9    2069.81    168.448    2238.26    4.44541   -23.7237
     17700  0.0925243    502.191    185.987    296.662        0.9    2183.94    172.182    2356.12    3.73337   -24.9387
     17600   0.183881    511.534    186.086    293.381        0.9    2287.24     179.82    2467.06    7.63877   -25.5763
     17500   0.136908    529.875    186.219    293.038        0.9    2374.92    186.986    2561.91    7.16581   -28.2508
     17400   0.026809    543.456    188.956    323.524        0.9     2426.9    189.813    2616.72    2.82632   -30.6178
     17300  0.0500764     546.16    189.828    332.919        0.9    2478.63    192.708    2671.33    2.89532   -29.1208
     17200   0.242619    551.361     190.32    338.774        0.9    2522.78    199.473    2722.26    6.76511    -28.161
     17100   0.275323    575.655    190.862    342.289        0.9    2547.64    207.241    2754.88     7.7681   -31.3664
     17000   0.395986    603.308    191.597    344.105        0.9    2576.28    217.744    2794.02    10.5034   -34.5341
     16900   0.405406    642.916    192.557    340.038        0.9    2612.77    228.812    2841.58    11.0678    -39.641
     16800   0.409993    683.461    193.732    331.887        0.9    2650.21     240.27    2890.48    11.4579   -44.2133
     16700   0.465713    724.516    195.078    322.347        0.9     2686.6    253.082    2939.68    12.8121   -48.4753
     16600   0.642078    771.264    196.576    311.512        0.9    2726.11    269.656    2995.77    16.5736    -53.676
     16500   0.301535    835.131    198.258      310.7        0.9    2762.57    279.751    3042.33    10.0952   -61.8341
     16400   0.495689    865.479    200.013    317.023        0.9    2786.24    293.705    3079.95    13.9541   -61.5309
     16300   0.324175    914.876    201.815    320.362        0.9    2801.58    304.407    3105.99    10.7014   -65.0177
     16200   0.578927    947.548    203.656      322.3        0.9     2813.2    320.195    3133.39    15.7887   -64.3918
     16100   0.687917    1005.55    205.572    312.646        0.9    2829.69    338.361    3168.05    18.1659   -69.1749
     16000   0.572993    1074.23    207.632    294.873        0.9    2857.58    354.433    3212.01    16.0717   -75.8094
     15900   0.469578    1131.42    209.778    284.846        0.9    2892.04    368.507    3260.55    14.0745   -79.7398
     15800   0.286318     1178.2     211.93    279.729        0.9    2925.06    378.937    3303.99    10.4295   -81.4328
     15700   0.244371    1206.79    214.021    276.121        0.9    2958.63    388.426    3347.06    9.48948   -79.6941
     15600    0.11528     1231.1    216.028    273.827        0.9    2991.77    395.158    3386.93    6.73173   -77.8561
     15500  0.0584671    1242.57    217.945    271.159        0.9    3025.55    400.744    3426.29    5.58548   -74.1766
     15400 0.00611562    1248.36    219.762    268.432        0.9    3054.76    404.987    3459.74    4.24342   -70.4175
     15300  0.0833767    1249.05     221.49    267.538        0.9     3075.9    410.813    3486.71     5.8262   -66.6424
     15200  0.0346301    1257.34    223.175    267.811        0.9    3095.98    415.711    3511.69    4.89803   -65.2956
     15100 0.00598101    1260.77    224.834    274.316        0.9    3107.01     419.65    3526.66    3.93892   -63.1875
     15000 0.00439538    1261.37    226.457    285.265        0.9    3110.23    422.496    3532.72    2.84565   -60.5067
     14900          0     1261.8    228.049    294.027        0.9    3124.71    423.094    3547.81   0.597827   -57.7386
     14800   0.191965       1262    229.618    301.638        0.9    3151.29    423.433    3574.72  -0.339211   -54.9573
     14700   0.254785    1281.26    231.165    293.924        0.9    3172.21    425.603    3597.81   -2.17012   -56.4217
     14600   0.489508    1306.97    223.571     227.43        0.9    3189.82    437.872    3627.69    12.2685   -60.2313
     14500   0.558519    1355.99     221.51    200.788        0.9    3223.58    455.709    3679.29    17.8375   -71.8659
     14400   0.559801    1411.84    222.147    183.619        0.9    3265.55    474.916    3740.47    19.2067   -83.9782
     14300   0.407322    1467.67    223.782    168.361        0.9    3311.48    490.284    3801.76    15.3679   -94.3331
     14200   0.319332    1508.31    225.661    155.255        0.9    3365.08    503.175    3868.25    12.8912   -100.268
     14100   0.249605    1540.18     227.49    147.841        0.9    3420.11    514.018    3934.13    10.8431   -103.863
     14000   0.145395    1565.03    229.209    144.083        0.9    3485.13    521.794    4006.92    7.77615   -105.717
     13900   0.225651    1579.65    230.793    138.698        0.9    3555.74    531.571    4087.32    9.77706   -105.535
     13800   0.101513    1602.09    232.303    132.486        0.9    3617.96    537.783    4155.74    6.21233   -107.229
     13700   0.154554     1612.3     233.73    128.002        0.9    3696.28    545.404    4241.68    7.62037   -106.632
     13600   0.100589     1627.7    235.084    124.426        0.9    3767.52    551.525    4319.04    6.12091   -107.464
     13500          0    1637.66    236.381    127.299        0.9    3839.46    552.076    4391.54  -0.550929   -107.269
     13400          0    1637.66    237.575     134.27        0.9    3910.29     553.54    4463.83    1.46461   -105.109
     13300          0    1637.66     238.68    131.461        0.9    3981.56    555.361    4536.92    -1.8204   -103.297
     13200          0    1637.66     242.38    152.051        0.9    4035.86    557.825    4593.68   -2.46456   -102.276
     13100          0    1637.66     244.78    158.536        0.9    4084.27    566.741    4651.01   -8.91539    -100.55
     13000          0    1637.66    246.734    164.303        0.9    4140.84    574.989    4715.83   -8.24795   -98.7016
     12900          0    1637.66    248.312    170.438        0.9    4182.42    584.593    4767.01    -9.6045   -96.8623
     12800          0    1637.66    249.521    176.666        0.9     4215.9    593.232    4809.13   -8.63858   -95.0552
     12700          0    1637.66    250.608     178.96        0.9    4254.66    601.237     4855.9   -8.00501   -93.3693
     12600          0    1637.66    251.795    178.403        0.9    4312.05    607.882    4919.94   -6.64545   -92.0172
     12500          0    1637.66    253.034    178.321        0.9    4366.86    613.928    4980.79   -6.04624   -91.0454
     12400          0    1637.66    254.304    178.355        0.9    4423.74    622.132    5045.87   -8.20414   -90.3647
     12300          0    1637.66    255.598    177.099        0.9    4469.57    630.945    5100.51   -8.81242   -89.9519
     12200          0    1637.66    256.913    174.876        0.9    4500.84    638.556    5139.39   -7.61093    -89.835
     12100          0    1637.66     258.25    174.134        0.9       4523    644.364    5167.37   -5.80824   -89.9727
     12000          0    1637.66    259.611    174.339        0.9    4536.19    653.878    5190.07   -9.51385   -90.2342
     11900          0    1637.66        261    175.495        0.9    4544.28    660.324    5204.61   -6.44573   -90.5433
     11800   0.104137    1637.76    262.416    177.346        0.9    4546.04      667.7    5213.74   -7.37639   -90.8541
     11700   0.315477    1648.39     263.89    186.398        0.9    4556.69    675.008     5231.7   -7.30819   -93.0844
     11600   0.358026    1679.98    251.508    161.408        0.9     4564.4    680.864    5245.26     5.8556   -98.9178
     11500   0.620645    1716.04    247.382    143.639        0.9    4580.19    699.248    5279.44    18.3844   -106.459
     11400   0.630652    1778.12    247.148    119.457        0.9    4607.69    720.052    5327.74    20.8036   -118.808
     11300   0.468398    1841.02    248.474    106.959        0.9    4642.84    737.055    5379.89    17.0034   -129.655
     11200   0.377286    1887.77    250.283     101.36        0.9    4684.12    751.622    5435.74     14.567   -135.667
     11100   0.315184    1925.44    252.144    92.6757        0.9    4746.64    764.378    5511.01    12.7556   -139.138
     11000   0.251906    1956.89    253.934    82.6345        0.9     4818.6    775.244    5593.85    10.8658   -141.347
     10900   0.296907    1982.13    255.619    76.6604        0.9    4881.81    787.225    5669.04    11.9812   -142.578
     10800   0.172614    2011.69    257.236    72.9241        0.9    4933.97    795.539    5729.51    8.31374   -144.737
     10700   0.146153    2028.93    258.766    68.5205        0.9    4988.11    802.997     5791.1    7.45856   -144.603
     10600   0.125005    2043.52    260.195    63.8944        0.9    5046.63    809.702    5856.33    6.70501   -144.476
     10500  0.0993109       2056    261.547    61.0319        0.9    5105.56    815.655    5921.21    5.95263   -144.425
     10400 0.00697138    2065.84    262.833    59.2328        0.9    5165.22    819.022    5984.24    3.36735    -144.25
     10300          0    2066.53    264.024      58.17        0.9    5218.24    819.898    6038.14   0.876264   -142.767
     10200          0    2066.53    265.124    57.1285        0.9    5271.99    820.474    6092.46   0.575974   -141.747
     10100          0    2066.53    266.163    55.1285        0.9    5341.67    822.938    6164.61   -2.46345   -141.223
     10000          0    2066.53    267.158    52.8208        0.9    5404.56    826.096    6230.65   -3.15782   -141.107
      9900          0    2066.53    268.115     50.344        0.9    5456.35    829.911    6286.26   -3.81549   -141.319
      9800          0    2066.53    269.043    47.7294        0.9    5508.99     835.21     6344.2   -5.29917   -141.795
      9700          0    2066.53    269.946    44.9991        0.9    5554.25    841.969    6396.22   -6.75895   -142.486
      9600          0    2066.53    270.828    42.1744        0.9    5598.65    850.166    6448.82   -8.19632   -143.354
      9500          0    2066.53    271.681    39.2695        0.9    5647.19    859.772    6506.97   -9.60646    -144.37
      9400          0    2066.53    272.506    37.0813        0.9    5712.38    867.078    6579.46   -7.30614   -145.495
      9300          0    2066.53    273.306    35.3109        0.9    5776.62    876.585    6653.21   -9.50638   -146.672
      9200          0    2066.53    274.087    33.7643        0.9    5839.69    886.972    6726.66   -10.3873   -147.872
      9100          0    2066.53    274.853    32.3701        0.9    5894.58    899.824    6794.41   -12.8525    -149.08
      9000          0    2066.53    275.605    31.0977        0.9    5947.22    916.129    6863.35    -16.305   -150.283
      8900          0    2066.53    276.346    29.9423        0.9    6010.45    931.825    6942.28   -15.6959   -151.474
      8800          0    2066.53    277.071    28.8809        0.9    6062.05    948.371    7010.42    -16.546   -152.647
      8700          0    2066.53    277.777    27.8985        0.9    6106.04    965.748    7071.79   -17.3772   -153.798
      8600          0    2066.53    278.467    26.9863        0.9    6144.72    983.666    7128.38   -17.9175   -154.922
      8500          0    2066.53    279.144    26.1362        0.9    6189.48    1002.11    7191.59   -18.4444   -156.018
      8400          0    2066.53    279.803    25.7599        0.9    6230.69    1020.61     7251.3   -18.5034   -157.074
      8300          0    2066.53    280.441     25.694        0.9    6283.26    1042.75    7326.01   -22.1405   -158.068
      8200          0    2066.53    281.059    25.8385        0.9    6331.36    1064.94     7396.3   -22.1835   -158.991
      8100          0    2066.53    281.661    26.1659        0.9    6382.53    1087.15    7469.68   -22.2113   -159.837
      8000          0    2066.53    282.252     26.643        0.9    6425.74    1109.68    7535.42   -22.5267   -160.605
      7900          0    2066.53    282.832    27.3174        0.9    6478.15    1132.51    7610.65   -22.8318   -161.291
      7800          0    2066.53    283.403    28.1511        0.9    6528.29    1156.21     7684.5   -23.7032   -161.892
      7700          0    2066.53    283.967    29.1315        0.9    6576.22    1179.78       7756   -23.5672   -162.406
      7600          0    2066.53    284.524     30.268        0.9    6626.33     1204.2    7830.53   -24.4243    -162.83
      7500          0    2066.53     285.07    31.5339        0.9    6681.86    1229.45     7911.3   -25.2454   -163.164
      7400          0    2066.53    285.601    31.9162        0.9    6740.65     1255.5    7996.15   -26.0513   -163.427
      7300          0    2066.53    286.117    31.7918        0.9     6800.8    1280.34    8081.14   -24.8416    -163.67
      7200          0    2066.53    286.617     31.408        0.9     6864.6    1303.96    8168.55   -23.6167   -163.915
      7100          0    2066.53      287.1    30.8488        0.9    6929.05    1328.76     8257.8   -24.8005    -164.17
      7000          0    2066.53    287.567    30.1603        0.9    6985.78    1358.72    8344.51   -29.9665   -164.439
      6900          0    2066.53    288.015    29.3831        0.9    7042.46    1388.64     8431.1   -29.9152   -164.725
      6800          0    2066.53    288.449    28.5356        0.9    7097.27    1414.19    8511.46    -25.549    -165.03
      6700          0    2066.53    288.871    27.6406        0.9    7151.56    1440.96    8592.52   -26.7714   -165.354
      6600          0    2066.53    289.285     26.725        0.9    7206.48    1470.84    8677.33   -29.8849   -165.696
      6500          0    2066.53    289.691    25.7791        0.9    7258.45    1499.44    8757.89   -28.5911   -166.056
      6400          0    2066.53    290.091    25.1004        0.9     7309.8    1528.33    8838.13   -28.8911   -166.428
      6300          0    2066.53    290.486    24.5777        0.9    7361.91    1555.86    8917.77   -27.5357   -166.797
      6200          0    2066.53    290.876    24.1466        0.9    7421.95    1582.94    9004.89   -27.0758   -167.157
      6100          0    2066.53    291.262    23.7974        0.9     7482.8    1609.55    9092.35   -26.6119   -167.505
      6000          0    2066.53    291.645    23.5024        0.9    7532.71     1635.7     9168.4   -26.1455   -167.839
      5900          0    2066.53    292.028      23.25        0.9     7584.5    1664.02    9248.53   -28.3279   -168.158
      5800          0    2066.53    292.409    23.0322        0.9     7642.5    1690.93    9333.43   -26.9091   -168.462
      5700          0    2066.53    292.786    22.8439        0.9    7690.71    1717.82    9408.53    -26.886   -168.751
      5600          0    2066.53    293.156    22.6822        0.9    7737.17    1744.83    9481.99   -27.0065   -169.025
      5500          0    2066.53     293.52    22.5442        0.9    7793.53    1771.95    9565.48   -27.1204   -169.285
      5400          0    2066.53    293.878    21.7372        0.9    7849.17     1799.4    9648.57   -27.4529   -169.543
      5300          0    2066.53    294.228    20.5214        0.9    7897.17    1827.18    9724.35   -27.7775   -169.837
      5200          0    2066.53    294.567    19.0828        0.9    7957.39    1851.94    9809.33   -24.7671    -170.18
      5100          0    2066.53    294.894     17.501        0.9    8004.46    1877.64     9882.1   -25.6941   -170.577
      5000          0    2066.53    295.208    15.7911        0.9    8045.13    1904.24    9949.38   -26.6078   -171.029
      4900          0    2066.53    295.509    14.0019        0.9    8084.23    1929.75      10014   -25.5087   -171.538
      4800          0    2066.53    295.798    12.1362        0.9    8127.37     1954.8    10082.2   -25.0485   -172.103
      4700          0    2066.53    296.079    10.2107        0.9    8176.29    1979.38    10155.7   -24.5786   -172.723
      4600          0    2066.53     296.35    8.25396        0.9     8216.2    2005.93    10222.1   -26.5503   -173.395
      4500          0    2066.53    296.615     6.2474        0.9    8254.18    2033.45    10287.6   -27.5148   -174.119
      4400          0    2066.53    296.873    4.54814        0.9     8291.4    2059.22    10350.6   -25.7729   -174.887
      4300          0    2066.53    297.125    3.02049        0.9    8330.87    2084.84    10415.7   -25.6253    -175.68
      4200          0    2066.53    297.373     1.5811        0.9    8365.75    2110.02    10475.8   -25.1729   -176.488
      4100          0    2066.53    297.616   0.212636        0.9    8396.49    2135.93    10532.4   -25.9164   -177.309
      4000          0    2066.53    297.856   -1.11429        0.9    8426.71    2160.49    10587.2   -24.5564    -178.14
      3900          0    2066.53    298.093   -2.41374        0.9    8454.02    2183.68    10637.7   -23.1932   -178.979
      3800          0    2066.53    298.327   -3.69525        0.9    8482.71    2208.56    10691.3   -24.8771   -179.825
      3700          0    2066.53    298.558   -5.51198        0.9    8507.09    2233.79    10740.9   -25.2334   -180.683
      3600          0    2066.53    298.787   -8.80306        0.9    8533.65    2259.38      10793   -25.5872   -181.619
      3500          0    2066.53    299.014    -12.731        0.9    8560.72    2283.39    10844.1   -24.0138   -182.687
      3400          0    2066.53    299.238   -16.8901        0.9    8591.46    2308.63    10900.1   -25.2383   -183.901
      3300          0    2066.53    299.461    -21.278        0.9    8631.24    2333.74      10965   -25.1107   -185.258
      3200          0    2066.53    299.681   -25.3526        0.9    8669.48    2358.72    11028.2   -24.9811   -186.753
      3100          0    2066.53      299.9   -28.1653        0.9    8709.09    2383.97    11093.1   -25.2497   -188.318
      3000          0    2066.53    300.116   -30.5323        0.9    8745.51    2409.49      11155   -25.5163   -189.899
      2900          0    2066.53     300.33   -32.5857        0.9    8781.34    2434.32    11215.7   -24.8298   -191.477
      2800          0    2066.53    300.539   -34.4177        0.9    8816.68    2459.56    11276.2   -25.2388   -193.039
      2700          0    2066.53    300.743   -36.2524        0.9    8858.88     2481.4    11340.3    -21.843   -194.582
      2600          0    2066.53    300.943   -38.4084        0.9    8910.12    2508.44    11418.6   -27.0426   -196.121
      2500          0    2066.53    301.138   -40.6602        0.9    8948.86    2531.68    11480.5   -23.2378   -197.673
      2400          0    2066.53    301.329   -42.9387        0.9     8985.5    2555.41    11540.9   -23.7289    -199.24
      2300          0    2066.53    301.516   -45.2416        0.9    9024.01    2579.78    11603.8    -24.366   -200.825
      2200          0    2066.53    301.699    -47.417        0.9    9068.94    2604.78    11673.7   -24.9986   -202.425
      2100          0    2066.53    301.877    -49.202        0.9    9106.62    2629.85    11736.5   -25.0767   -204.022
      2000          0    2066.53     302.05    -50.827        0.9    9144.35       2655    11799.4   -25.1497     -205.6
      1900          0    2066.53    302.217     -52.33        0.9     9182.8    2679.69    11862.5   -24.6837   -207.154
      1800          0    2066.53    302.378   -53.7384        0.9    9220.17     2704.4    11924.6   -24.7115   -208.681
      1700          0    2066.53    302.533   -55.1608        0.9    9256.13     2728.3    11984.4   -23.9066   -210.178
      1600          0    2066.53    302.682   -56.7643        0.9    9294.78     2750.7    12045.5   -22.3947   -211.657
      1500          0    2066.53    302.825   -58.4176        0.9    9333.75    2774.98    12108.7   -24.2804   -213.125
      1400          0    2066.53    302.963   -60.1076        0.9    9372.12    2800.99    12173.1   -26.0131   -214.587
      1300          0    2066.53    303.096   -61.8194        0.9    9414.15    2826.35    12240.5   -25.3598   -216.043
      1200          0    2066.53    303.224   -63.2767        0.9    9467.87    2851.06    12318.9   -24.7109   -217.492
      1100          0    2066.53    303.349   -64.0144        0.9    9518.45     2875.2    12393.7   -24.1389   -218.903
      1000          0    2066.53    303.471   -64.4411        0.9    9566.89    2898.91    12465.8   -23.7055   -220.248
       900          0    2066.53    303.589   -64.5339        0.9    9615.73    2922.85    12538.6   -23.9394   -221.517
       800          0    2066.53    303.706   -64.3757        0.9    9665.82    2943.23    12609.1    -20.386   -222.698
       700          0    2066.53    303.821   -63.9194        0.9    9713.72    2962.99    12676.7   -19.7538   -223.787
       600          0    2066.53    303.933   -63.0172        0.9    9771.54    2985.74    12757.3   -22.7579   -224.769
       500          0    2066.53    304.044   -61.8467        0.9    9829.89    3009.15      12839   -23.4011   -225.633
       400          0    2066.53    304.153    -60.384        0.9    9900.73    3030.57    12931.3   -21.4253   -226.375
       300          0    2066.53    304.261   -58.6821        0.9    9960.95    3057.11    13018.1   -26.5341   -226.988
       200          0    2066.53    304.368   -56.5288        0.9    10028.1    3084.18    13112.3   -27.0751   -227.469
       100          0    2066.53    304.473   -53.5153        0.9    10080.5     3107.2    13187.7   -23.0181   -227.786
         0          0    2066.53    304.578   -50.0382        0.9    10120.1    3111.22    13231.3   -4.02026   -227.915