     20000   0.169722   0.169722    179.437     354.04        0.3    78.9896     14.283    93.2726     14.283    6.51605
     19900   0.170735    17.1429    179.662    352.714        0.3    151.836    29.5106    181.346    15.2276    2.57412
     19800   0.171724    34.2173    180.158    351.357        0.3    230.459    45.4122    275.871    15.9016  -0.515181
     19700    0.13184    51.3499    180.787    350.218        0.3    302.921    58.2248    361.146    12.8125   -2.96204
     19600   0.100924    64.5029    181.432    349.369        0.3    357.732     68.213    425.945    9.98821   -4.02601
     19500  0.0635499     74.558    182.005    346.897        0.3    424.915    75.1585    500.074    6.94549   -4.24859
     19400  0.0901919    80.9396     182.46    343.565        0.3     501.89    84.2182    586.109    9.05977   -3.77709
     19300  0.0871713    89.9558    182.853    340.492        0.3    577.698    92.9152    670.613    8.69699   -4.19594
     19200  0.0845757    98.6703    183.229    337.452        0.3    645.446    101.266    746.712    8.35101   -4.64692
     19100   0.074582    107.118    183.582    336.084        0.3    712.162    108.774    820.936    7.50767   -5.11559
     19000  0.0790885    114.581    183.902     335.75        0.3    778.712    116.772    895.483    7.99767   -5.36757
     18900  0.0854341    122.496    184.197    333.719        0.3    844.592    125.285    969.877    8.51297   -5.76157
     18800  0.0499533    131.004    184.487    330.731        0.3    922.102    130.767    1052.87    5.48259    -6.3733
     18700  0.0633063    136.012     184.73    328.616        0.3    1011.47    137.307    1148.77    6.54002   -6.27709
     18600  0.0924637    142.372     184.93    326.921        0.3    1114.35    146.277    1260.63    8.97023   -6.67564
     18500  0.0254108    151.552    185.158    325.225        0.3    1225.07    149.239    1374.31    2.96206   -7.76355
     18400  0.0262086    154.093    185.335    323.707        0.3    1302.71    151.574    1454.29    2.33495   -7.30303
     18300  0.0344243    156.722    185.422    320.608        0.3    1367.83    154.172    1522.01    2.59804   -7.15779
     18200  0.0352839    160.166    185.476    316.495        0.3    1461.64    156.717    1618.36    2.54424   -7.49405
     18100  0.0279541    163.687     185.52    312.983        0.3    1579.42     158.69    1738.11    1.97302    -8.0749
     18000   0.037731    166.492     185.55    309.721        0.3    1692.56    161.193    1853.75    2.50329   -8.65836
     17900  0.0561949    170.284    185.578    308.718        0.3    1798.38    165.085    1963.46    3.89157   -9.58889
     17800  0.0586119    175.906    185.641    309.061        0.3    1902.46    169.774    2072.23    4.68915   -10.8681
     17700  0.0457387    181.754    185.742    307.072        0.3    2006.18    173.752    2179.93    3.97841   -12.0488
     17600   0.067031    186.349    185.847    303.835        0.3    2099.02     181.63    2280.65    7.87773   -12.9384
     17500   0.052828    193.038    185.973    303.669        0.3    2176.07    189.042    2365.11    7.41184   -14.3338
     17400  0.0153872    198.283    188.682     334.25        0.3    2217.33    192.143    2409.47     3.1009   -16.2277
     17300  0.0259284    199.833    189.521    343.692        0.3    2258.28    195.344    2453.62    3.20184   -15.8629
     17200  0.0915704    202.491    189.983    349.564        0.3    2291.65    202.446    2494.09    7.10161   -15.4829
     17100   0.101763    211.658      190.5    353.248        0.3    2305.55    210.576    2516.13    8.13038   -16.4411
     17000     0.1449    221.878    191.212    355.385        0.3     2322.9    221.465    2544.37    10.8881   -17.3295
     16900   0.149391    236.372    192.155      351.8        0.3    2347.63    232.935    2580.57    11.4701   -19.0161
     16800   0.147159    251.309     193.32    344.242        0.3    2372.72    244.805    2617.53    11.8701   -20.7717
     16700   0.166735    266.045     194.66    335.354        0.3     2396.1    258.034    2654.13    13.2295   -22.6213
     16600   0.226028    282.777    196.158    325.244        0.3    2421.88    275.026    2696.91    16.9918    -25.123
     16500   0.110125    305.264    197.845    325.392        0.3    2443.65    285.534    2729.19    10.5084   -28.8642
     16400   0.175307    316.342    199.609    332.576        0.3    2451.77    299.892    2751.66     14.358   -29.3108
     16300   0.117953    333.815    201.422    336.776        0.3    2452.84    310.987    2763.83    11.0942   -30.8148
     16200   0.201761    345.694    203.276    339.493        0.3    2458.41    327.156    2785.57    16.1691    -30.662
     16100   0.237593    365.906    205.204    330.665        0.3    2459.94     345.69    2805.63    18.5338   -32.4364
     16000   0.200012    389.628    207.276    313.854        0.3    2468.84    362.117    2830.96    16.4275   -35.2814
     15900   0.163499    409.593    209.437    304.817        0.3    2483.34    376.532    2859.87    14.4153   -37.5972
     15800   0.101107     425.88    211.607    300.602        0.3    2495.48    387.285    2882.76    10.7529   -39.1443
     15700  0.0861346    435.976    213.713    297.687        0.3    2507.49    397.082    2904.57    9.79667   -39.3765
     15600  0.0412436    444.545    215.733    295.912        0.3    2518.54    404.109    2922.65    7.02716   -39.4969
     15500  0.0238569    448.651    217.654    293.556        0.3    2529.92    409.985    2939.91    5.87587   -38.8453
     15400 0.00622404     451.02    219.471    290.954        0.3    2536.61    414.519    2951.13    4.53442   -38.1814
     15300  0.0319116    451.668    221.194    290.044        0.3    2537.97    420.641    2958.61    6.12222   -37.4755
     15200  0.0168577    454.844     222.87    290.278        0.3    2540.36    425.845     2966.2    5.20344   -37.5531
     15100 0.00617191    456.519    224.517    296.744        0.3    2551.75    430.101    2981.85    4.25621   -37.2148
     15000 0.00469423    457.135    226.124    307.636        0.3    2577.34    433.279    3010.62    3.17805   -36.2768
     14900          0    457.599    227.696    316.315        0.3    2614.11     434.23    3048.34   0.950822    -34.889
     14800  0.0767341    457.676    229.236    323.838        0.3    2662.89    434.272    3097.16  0.0423535   -33.1688
     14700  0.0969365     465.37     230.76    316.092        0.3    2705.98    436.037    3142.02   -1.76508   -33.1977
     14600   0.192025    475.158    222.981    249.446        0.3    2710.39    448.896    3159.29     12.859   -35.1884
     14500   0.192941    494.362    220.817    223.095        0.3    2721.84    467.427    3189.27    18.5306   -42.9146
     14400   0.192689    513.656    221.394    206.539        0.3     2740.9    487.387    3228.29    19.9599   -50.8557
     14300   0.143229    532.875    222.979    192.029        0.3    2763.16    503.558    3266.71    16.1707   -58.0724
     14200    0.11562     547.17    224.816    179.552        0.3    2792.46    517.294    3309.75    13.7362   -63.4204
     14100  0.0929292     558.71    226.609    172.622        0.3    2822.71    529.018    3351.73     11.724   -67.5393
     14000  0.0595964    567.969    228.286    169.219        0.3    2862.59    537.717    3400.31    8.69917   -70.5221
     13900  0.0847777    573.954    229.823    163.989        0.3    2907.92    548.464    3456.38     10.747   -72.3435
     13800  0.0450176    582.392     231.28    157.916        0.3     2944.7    555.699     3500.4    7.23469    -74.533
     13700  0.0632898    586.912    232.649    153.469        0.3    2997.56    564.399    3561.96    8.70057   -75.7468
     13600  0.0481508    593.226    233.944    149.921        0.3     3043.3     571.66    3614.96    7.26103    -77.309
     13500          0    597.993    235.182    152.838        0.3    3089.71    572.309    3662.01   0.648391   -78.3431
     13400          0    597.993    236.293    159.801        0.3       3135    575.056    3710.06    2.74716   -78.0004
     13300          0    597.993    237.283    156.877        0.3    3180.86    575.479    3756.34  -0.423041   -77.5618
     13200          0    597.993    240.958    177.459        0.3    3209.75    576.522    3786.27   -1.04276   -77.5021
     13100          0    597.993    243.301    183.908        0.3    3232.79    583.958    3816.75   -7.43643   -76.5345
     13000          0    597.993    245.182    189.664        0.3       3264    590.655    3854.66    -6.6963   -75.2824
     12900          0    597.993    246.676    195.807        0.3    3280.21    598.623    3878.83   -7.96833   -73.9172
     12800          0    597.993    247.789    202.055        0.3     3288.3     605.53    3893.83   -6.90693   -72.4898
     12700          0    597.993    248.772    204.345        0.3    3301.68    611.699    3913.38   -6.16953   -71.1122
     12600          0    597.993     249.85    203.763        0.3    3333.71    616.399    3950.11   -4.69973   -70.0151
     12500          0    597.993    250.975    203.658        0.3    3363.18    620.386    3983.57   -3.98723   -69.2572
     12400          0    597.993    252.135    203.664        0.3    3394.75    626.421    4021.17   -6.03498   -68.7581
     12300          0    597.993    253.325    202.367        0.3    3415.31     632.96    4048.27   -6.53888   -68.5017
     12200          0    597.993     254.54    200.092        0.3    3421.36    638.198    4059.56   -5.23752   -68.5212
     12100          0    597.993    255.778    199.309        0.3    3424.37    641.533     4065.9   -3.33567   -68.7786
     12000          0    597.993    257.038    199.481        0.3    3436.33    648.473     4084.8   -6.94009   -69.1466
     11900          0    597.993    258.322    200.618        0.3    3453.35    652.242     4105.6   -3.76828   -69.5514
     11800  0.0731112    598.066    259.635    202.461        0.3    3476.71    656.837    4133.55   -4.59512   -69.9418
     11700   0.148891    605.453    261.047    211.605        0.3    3512.57    661.302    4173.87   -4.46471   -71.6682
     11600   0.168019    620.361    248.521    186.831        0.3    3530.28    670.144    4200.43    8.84287   -74.5785
     11500   0.233036    637.228    244.357    169.365        0.3    3540.21    691.554    4231.77    21.4098     -79.51
     11400    0.23798    660.537    244.128    145.725        0.3    3541.44    715.378    4256.82    23.8239   -86.3588
     11300   0.183552     684.28    245.475    134.027        0.3    3549.52    735.381     4284.9    20.0026    -93.068
     11200   0.153446    702.605    247.318    129.158        0.3       3563    752.913    4315.92    17.5318     -97.77
     11100   0.132997    717.929    249.222    120.979        0.3    3597.22     768.59    4365.81    15.6778   -101.188
     11000   0.112788    731.209    251.056    111.263        0.3    3640.56    782.334    4422.89    13.7437   -103.962
     10900   0.126763    742.502    252.781    105.506        0.3    3674.92    797.153    4472.07    14.8189    -106.25
     10800  0.0850229    755.136    254.432    101.982        0.3    3698.02    808.271    4506.29    11.1176   -108.632
     10700  0.0766875     763.63    255.985    97.6633        0.3    3723.01     818.51    4541.53      10.24   -109.987
     10600   0.070392    771.293    257.421    93.0208        0.3    3752.41    827.989     4580.4      9.479   -111.256
     10500  0.0625936    778.324     258.77    90.1071        0.3    3782.26     836.72    4618.98    8.73045    -112.49
     10400  0.0349441    784.556    260.045     88.225        0.3    3812.93    842.875    4655.81    6.15514   -113.591
     10300 0.00848625    788.024    261.222    86.9811        0.3    3837.15    846.553     4683.7    3.67808   -114.172
     10200 0.00782645    788.872    262.265    85.7475        0.3    3862.27    849.988    4712.26    3.43518   -114.353
     10100          0    789.647    263.195     83.567        0.3    3903.52    850.494    4754.01   0.505452   -114.744
     10000          0    789.647     264.04    81.1056        0.3    3938.12    850.534    4788.65 -0.0398246   -115.194
      9900          0    789.647    264.822    78.4971        0.3    3961.75    851.055    4812.81   -0.52175   -115.856
      9800          0    789.647    265.561    75.7657        0.3    3986.36    852.873    4839.23   -1.81726   -116.693
      9700          0    789.647    266.268    72.9308        0.3    4003.69    855.953    4859.64   -3.08023   -117.677
      9600          0    789.647    266.946    70.0102        0.3    4020.26    860.268    4880.52   -4.31506   -118.788
      9500          0    789.647      267.6    67.0147        0.3    4041.05    865.793    4906.85   -5.52505   -120.009
      9400          0    789.647    268.232    64.7488        0.3    4078.57    868.825    4947.39   -3.03215   -121.311
      9300          0    789.647    268.846    62.9098        0.3    4115.21    873.871    4989.08   -5.04552   -122.643
      9200          0    789.647    269.443    61.3023        0.3    4150.75    879.613    5030.36   -5.74273   -123.981
      9100          0    789.647    270.025    59.8535        0.3    4178.15    887.638    5065.79   -8.02477   -125.312
      9000          0    789.647    270.588    58.5328        0.3    4203.36    898.927    5102.29   -11.2884   -126.628
      8900          0    789.647    271.132    57.3352        0.3    4239.19    909.409     5148.6    -10.482   -127.923
      8800          0    789.647    271.657    56.2355        0.3    4263.44     920.54    5183.98   -11.1317   -129.192
      8700          0    789.647    272.164    55.2176        0.3    4280.11    932.304    5212.41   -11.7637   -130.433
      8600          0    789.647    272.653     54.273        0.3     4291.5    944.407    5235.91   -12.1032   -131.642
      8500          0    789.647    273.124    53.3933        0.3    4309.01    956.832    5265.84   -12.4245   -132.818
      8400          0    789.647    273.577    52.9953        0.3    4322.98    969.109    5292.09   -12.2773   -133.952
      8300          0    789.647    274.013    52.9126        0.3    4348.33    984.822    5333.15   -15.7133   -135.021
      8200          0    789.647    274.435    53.0448        0.3    4369.22    1000.38     5369.6   -15.5599   -136.017
      8100          0    789.647    274.845    53.3639        0.3     4393.2    1015.78    5408.98   -15.3952   -136.933
      8000          0    789.647    275.246    53.8363        0.3    4409.22     1031.3    5440.52   -15.5213   -137.768
      7900          0    789.647     275.64    54.5101        0.3    4434.43    1046.94    5481.37   -15.6399   -138.519
      7800          0    789.647    276.027    55.3468        0.3    4457.37    1063.27    5520.64   -16.3271   -139.183
      7700          0    789.647    276.409    56.3336        0.3     4478.1    1079.27    5557.38   -16.0087   -139.756
      7600          0    789.647    276.786    57.4799        0.3       4501    1095.96    5596.96   -16.6855   -140.239
      7500          0    789.647    277.158    58.7576        0.3     4529.3    1113.29     5642.6   -17.3332   -140.628
      7400          0    789.647    277.528    59.1351        0.3    4560.88    1131.27    5692.15   -17.9782   -140.944
      7300          0    789.647    277.896    58.9954        0.3    4593.82    1147.89    5741.72   -16.6213   -141.241
      7200          0    789.647     278.26    58.5873        0.3    4630.44    1163.15    5793.59   -15.2601   -141.538
      7100          0    789.647    278.617    57.9961        0.3    4667.75    1179.47    5847.21   -16.3173   -141.846
      7000          0    789.647    278.968     57.269        0.3    4697.37    1200.84    5898.21   -21.3678    -142.17
      6900          0    789.647    279.312    56.4476        0.3    4726.98    1222.05    5949.03   -21.2118   -142.513
      6800          0    789.647    279.649    55.5518        0.3    4754.78     1238.8    5993.57   -16.7485   -142.874
      6700          0    789.647    279.976    54.6059        0.3     4782.1    1256.67    6038.78   -17.8764   -143.254
      6600          0    789.647    280.294    53.6385        0.3    4810.11    1277.57    6087.68   -20.8938   -143.653
      6500          0    789.647    280.599    52.6404        0.3    4835.22    1297.07    6132.29   -19.4994   -144.069
      6400          0    789.647    280.893    51.9152        0.3    4859.76    1316.76    6176.52    -19.693   -144.496
      6300          0    789.647    281.175    51.3496        0.3    4885.09    1334.99    6220.07   -18.2255    -144.92
      6200          0    789.647    281.448     50.879        0.3     4918.4    1352.63    6271.03   -17.6483   -145.334
      6100          0    789.647    281.713    50.4935        0.3    4952.55     1369.7    6322.25   -17.0626   -145.735
      6000          0    789.647     281.97    50.1651        0.3     4975.8    1386.17    6361.97   -16.4697   -146.122
      5900          0    789.647     282.22     49.882        0.3    5000.96    1404.69    6405.65   -18.5203   -146.493
      5800          0    789.647    282.465    49.6355        0.3    5032.36    1421.65    6454.01   -16.9652   -146.849
      5700          0    789.647    282.705    49.4198        0.3    5053.99    1438.46    6492.44   -16.8053   -147.189
      5600          0    789.647    282.941    49.2313        0.3     5073.9    1455.25    6529.14   -16.7913   -147.513
      5500          0    789.647    283.174    49.0667        0.3    5103.74    1472.02    6575.76   -16.7737   -147.823
      5400          0    789.647    283.403    48.2198        0.3     5132.9       1489     6621.9   -16.9781   -148.131
      5300          0    789.647     283.63    46.9559        0.3    5154.46    1506.18    6660.64   -17.1796   -148.476
      5200          0    789.647    283.853    45.4615        0.3     5188.3    1520.23    6708.53   -14.0535    -148.87
      5100          0    789.647    284.075    43.8172        0.3    5209.06    1535.11    6744.17   -14.8749   -149.321
      5000          0    789.647    284.294    42.0388        0.3    5223.48     1550.8    6774.28   -15.6942   -149.829
      4900          0    789.647    284.511    40.1761        0.3     5236.4    1565.31    6801.72   -14.5113   -150.395
      4800          0    789.647    284.726    38.2327        0.3    5253.45    1579.29    6832.74   -13.9764   -151.018
      4700          0    789.647     284.94    36.2261        0.3    5276.35    1592.73    6869.08   -13.4397   -151.697
      4600          0    789.647    285.151    34.1859        0.3    5290.33    1608.08    6898.41   -15.3511    -152.43
      4500          0    789.647     285.36    32.0936        0.3    5302.46    1624.34    6926.81   -16.2604   -153.216
      4400          0    789.647    285.566    30.3142        0.3    5313.91    1638.81    6952.72   -14.4663   -154.047
      4300          0    789.647    285.768    28.7092        0.3     5327.7    1653.08    6980.77   -14.2677   -154.902
      4200          0    789.647    285.964    27.1953        0.3    5336.97    1666.84    7003.81   -13.7644   -155.774
      4100          0    789.647    286.156    25.7549        0.3    5342.16     1681.3    7023.46   -14.4565   -156.658
      4000          0    789.647    286.344     24.358        0.3    5346.91    1694.34    7041.25   -13.0444   -157.552
      3900          0    789.647    286.528    22.9903        0.3    5348.82    1705.97    7054.79   -11.6283   -158.453
      3800          0    789.647    286.708     21.642        0.3    5352.17    1719.23     7071.4   -13.2581   -159.362
      3700          0    789.647    286.884    19.7468        0.3    5353.05    1732.79    7085.83   -13.5585   -160.282
      3600          0    789.647    287.054    16.3523        0.3    5354.45    1746.64    7101.09   -13.8543   -161.281
      3500          0    789.647     287.22    12.3063        0.3    5356.48    1758.86    7115.34   -12.2199   -162.413
      3400          0    789.647     287.38    8.02138        0.3    5362.31    1772.24    7134.55   -13.3796   -163.693
      3300          0    789.647    287.533    3.50023        0.3    5377.31    1785.42    7162.73   -13.1833   -165.118
      3200          0    789.647    287.681  -0.700626        0.3     5390.9     1798.4     7189.3   -12.9809   -166.682
      3100          0    789.647    287.823   -3.61854        0.3    5405.97    1811.58    7217.54   -13.1726   -168.319
      3000          0    789.647    287.959   -6.07931        0.3    5417.93    1824.93    7242.86   -13.3588   -169.972
      2900          0    789.647     288.09   -8.21635        0.3    5429.39    1837.52    7266.92   -12.5897   -171.621
      2800          0    789.647    288.216   -10.1245        0.3    5440.44    1850.44    7290.88   -12.9161   -173.255
      2700          0    789.647    288.338   -12.0335        0.3    5458.42    1859.88     7318.3    -9.4385   -174.868
      2600          0    789.647    288.458   -14.2674        0.3    5485.52    1874.44    7359.96   -14.5576   -176.478
      2500          0    789.647    288.574   -16.5984        0.3     5500.2    1885.11    7385.31   -10.6739     -178.1
      2400          0    789.647    288.688   -18.9567        0.3    5512.86     1896.2    7409.06   -11.0877   -179.738
      2300          0    789.647    288.799   -21.3404        0.3    5527.46    1907.85    7435.31   -11.6495   -181.393
      2200          0    789.647    288.909   -23.5935        0.3    5548.56    1920.06    7468.62   -12.2094   -183.064
      2100          0    789.647    289.018   -25.4496        0.3     5562.5    1932.28    7494.77   -12.2178   -184.731
      2000          0    789.647    289.125   -27.1418        0.3    5576.54     1944.5    7521.04   -12.2248   -186.381
      1900          0    789.647     289.23   -28.7089        0.3    5591.37     1956.2    7547.57   -11.6971   -188.005
      1800          0    789.647    289.335   -30.1791        0.3    5605.18    1967.87    7573.05   -11.6683   -189.601
      1700          0    789.647    289.438   -31.6637        0.3    5617.65    1978.68    7596.32   -10.8118   -191.168
      1600          0    789.647    289.541   -33.3324        0.3    5632.86    1987.93    7620.79   -9.25345   -192.716
      1500          0    789.647    289.643   -35.0526        0.3    5648.47    1999.03     7647.5   -11.0975   -194.253
      1400          0    789.647    289.743   -36.8109        0.3    5663.54    2011.82    7675.36   -12.7932   -195.783
      1300          0    789.647    289.843   -38.5922        0.3    5682.35    2023.93    7706.28    -12.107   -197.307
      1200          0    789.647    289.942   -40.1127        0.3     5712.9    2035.36    7748.25   -11.4287   -198.825
      1100          0    789.647     290.04   -40.9008        0.3    5740.37    2046.19    7786.55   -10.8302   -200.302
      1000          0    789.647    290.138     -41.37        0.3    5765.74    2056.56     7822.3   -10.3725   -201.712
       900          0    789.647    290.234   -41.4964        0.3    5791.54    2067.14    7858.68   -10.5841   -203.044
       800          0    789.647     290.33   -41.3648        0.3    5818.62    2074.15    7892.77   -7.00976   -204.287
       700          0    789.647    290.425   -40.9266        0.3    5843.52    2080.51    7924.03   -6.35796   -205.435
       600          0    789.647    290.519   -40.0322        0.3    5878.36    2089.85    7968.21   -9.34365   -206.474
       500          0    789.647    290.612   -38.8621        0.3    5913.73    2099.82    8013.55   -9.96931   -207.392
       400          0    789.647    290.704   -37.3916        0.3    5961.57     2107.8    8069.37   -7.97661   -208.184
       300          0    789.647    290.796   -35.6754        0.3    5998.78    2120.87    8119.65   -13.0689   -208.846
       200          0    789.647    290.886   -33.4956        0.3    6042.88    2134.46    8177.34   -13.5936   -209.371
       100          0    789.647    290.976   -30.4376        0.3    6072.24    2143.98    8216.22   -9.52045    -209.73
         0  0.0885828    789.735    291.064   -26.9039        0.3    6088.72    2153.48     8242.2    9.49348   -209.914