      20000    0.190581    0.190581     179.437      354.04         0.4     78.9896      14.283     93.2726      14.283     6.51067
      19900    0.191352     19.2494     179.662     352.672         0.4     151.878     29.5106     181.388     15.2276     2.10295
      19800    0.191899     38.3852     180.158     351.246         0.4     230.612     45.4126     276.024      15.902    -1.33407
      19700    0.146867       57.53     180.785      350.03         0.4     303.262     58.2272     361.489     12.8146    -4.03881
      19600    0.112438     72.1823     181.427      349.11         0.4     358.333     68.2204     426.553     9.99317    -5.19586
      19500   0.0729425     83.3866     181.996     346.579         0.4     425.834     75.1743     501.008     6.95389    -5.42358
      19400    0.102966     90.7109     182.451       343.2         0.4     503.174      84.243     587.417     9.06869    -4.92196
      19300   0.0992856     101.004     182.847     340.079         0.4     579.394     92.9458      672.34     8.70279    -5.39843
      19200   0.0931756     110.926     183.228     336.992         0.4     647.603     101.298       748.9     8.35208    -5.88607
      19100   0.0847414     120.235     183.583     335.585         0.4     714.817     108.805     823.622     7.50696    -6.31414
      19000    0.089382     128.714     183.904     335.217         0.4       781.9     116.801     898.701      7.9958    -6.57643
      18900   0.0964212     137.659     184.202     333.151         0.4     848.349     125.309     973.658     8.50822    -6.98745
      18800   0.0587082     147.264     184.495     330.128         0.4     926.461     130.783     1057.24     5.47458    -7.63233
      18700   0.0728119     153.149     184.744     327.981         0.4     1016.46     137.309     1153.77     6.52605    -7.52117
      18600    0.105565     160.463     184.952     326.256         0.4     1120.01     146.258     1266.27     8.94816    -7.93056
      18500   0.0268036      170.94     185.188     324.522         0.4     1231.43     149.189     1380.62     2.93159    -9.10553
      18400   0.0285845     173.622      185.37     322.987         0.4      1309.8     151.489     1461.28     2.29995    -8.46703
      18300   0.0385253     176.491     185.458     319.884         0.4     1375.64     154.051     1529.69     2.56224    -8.21162
      18200   0.0396363     180.345     185.512     315.767         0.4     1470.18     156.559     1626.73     2.50785    -8.50356
      18100   0.0312816       184.3     185.558     312.251         0.4     1588.68     158.495     1747.18     1.93544    -9.05773
      18000   0.0427369     187.439     185.589     308.987         0.4     1702.56     160.959     1863.52     2.46425    -9.60102
      17900   0.0633339     191.734      185.62     307.979         0.4     1809.12     164.809     1973.93     3.85045     -10.539
      17800   0.0648719     198.069     185.685      308.31         0.4     1913.95     169.455      2083.4     4.64539    -11.8706
      17700   0.0503494     204.541     185.787     306.308         0.4     2018.43     173.388     2191.82     3.93324    -13.0735
      17600   0.0748784     209.601     185.892     303.061         0.4     2112.05     181.221     2293.27     7.83277     -13.948
      17500   0.0588491     217.073     186.018     302.881         0.4     2189.89     188.588     2378.48      7.3672    -15.4025
      17400   0.0161132     222.915     188.727     333.455         0.4     2231.94     191.644     2423.59     3.05585    -17.3183
      17300   0.0284903     224.538     189.567     342.894         0.4     2273.69     194.801     2468.49     3.15677    -16.8585
      17200    0.105106     227.464     190.028     348.763         0.4     2307.86     201.857     2509.71     7.05681    -16.4475
      17100    0.114242     237.984     190.546     352.431         0.4     2322.58     209.941     2532.52      8.0836    -17.6216
      17000    0.164005     249.458     191.262     354.541         0.4     2340.78     220.779     2561.55     10.8382    -18.6606
      16900    0.163974     265.858     192.208     350.919         0.4     2366.39     232.196     2598.58     11.4167    -20.6103
      16800    0.164342     282.256     193.374      343.32         0.4      2392.4     244.012     2636.41     11.8163    -22.4788
      16700     0.18706     298.713     194.713      334.39         0.4     2416.74      257.19     2673.93     13.1773    -24.4793
      16600     0.25415     317.486      196.21     324.232         0.4     2443.53      274.13     2717.66     16.9404    -27.1728
      16500    0.124028     342.771     197.896     324.315         0.4     2466.38     284.587     2750.97      10.457     -31.229
      16400     0.19765     355.247     199.661     331.439         0.4     2475.63     298.893     2774.52     14.3061    -31.6399
      16300    0.129935     374.945     201.475     335.577         0.4     2475.75     309.934     2785.69     11.0413    -33.2958
      16200    0.227867     388.036     203.328     338.243         0.4     2480.07     326.051     2806.13     16.1171    -33.0591
      16100    0.268432     410.863     205.254     329.359         0.4     2480.29     344.535     2824.83     18.4831    -35.0685
      16000    0.222334      437.66     207.328     312.482         0.4     2490.57      360.91     2851.48     16.3757    -38.1991
      15900    0.181691     459.853     209.488     303.379         0.4      2506.5     375.274     2881.78      14.364    -40.5705
      15800    0.114765     477.955     211.655     299.108         0.4     2520.13      385.98     2906.11     10.7052    -42.0869
      15700   0.0965213     489.414     213.758     296.148         0.4     2533.69     395.731     2929.42     9.75173    -42.2161
      15600    0.045834     499.015     215.777     294.339         0.4     2546.31     402.714     2949.02     6.98322    -42.1958
      15500   0.0260675     503.579     217.697     291.963         0.4     2559.28     408.547     2967.83     5.83264    -41.3222
      15400   0.0062219     506.165     219.513     289.355         0.4     2567.57     413.039     2980.61     4.49215     -40.438
      15300   0.0357564     506.817     221.236     288.447         0.4      2567.8      419.12     2986.92     6.08081    -39.5164
      15200   0.0181714     510.375     222.911     288.684         0.4      2568.6     424.282     2992.88     5.16195    -39.5038
      15100  0.00616467      512.18     224.559     295.151         0.4      2578.4     428.496     3006.89     4.21387    -39.0426
      15000  0.00467218     512.795     226.168     306.047         0.4      2602.4     431.631     3034.03     3.13487    -37.9807
      14900           0     513.258      227.74     314.731         0.4     2637.59     432.538     3070.12    0.906844     -36.496
      14800   0.0877701     513.346     229.282      322.26         0.4     2684.79     432.541     3117.33 -0.00337586    -34.7023
      14700    0.114734      522.15     230.808     314.512         0.4     2726.29     434.355     3160.65    -1.81392    -34.9058
      14600    0.193717     533.702     223.053     247.858         0.4     2729.12     447.142     3176.26     12.7867    -37.1553
      14500    0.218147     553.098     220.882     221.514         0.4     2742.15     465.607     3207.76     18.4654    -44.7327
      14400    0.218657     574.913     221.443     204.936         0.4     2762.81     485.518     3248.33     19.9112    -53.0426
      14300    0.160726     596.721     223.026     190.378         0.4     2786.72     501.642     3288.36     16.1237     -60.549
      14200    0.129519     612.763     224.867     177.859         0.4     2817.72     515.328     3333.04     13.6857    -65.9546
      14100     0.10434     625.689     226.663     170.896         0.4     2849.69     526.998     3376.69     11.6701    -70.0561
      14000   0.0653256     636.084     228.349     167.465         0.4     2891.33     535.634     3426.96     8.63597    -72.9851
      13900    0.096024     642.648     229.893     162.223         0.4     2938.42     546.311     3484.73     10.6773    -74.6647
      13800   0.0498068     652.204     231.354     156.136         0.4     2976.99     553.472     3530.46     7.16099    -76.8566
      13700   0.0709667     657.206     232.727     151.682         0.4     3031.62     562.095     3593.72     8.62324    -77.9539
      13600   0.0529604     664.284     234.027     148.128         0.4     3079.17     569.274     3648.44     7.17841    -79.4858
      13500           0     669.527     235.272     151.036         0.4     3127.37     569.832      3697.2    0.557804    -80.4441
      13400           0     669.527     236.394     157.996         0.4     3174.47     572.478     3746.95     2.64636    -79.9569
      13300           0     669.527     237.395     155.078         0.4     3222.13     573.013     3795.14   -0.535208    -79.4109
      13200           0     669.527     241.073      175.66         0.4     3252.82     574.171     3826.99     -1.1579    -79.2774
      13100           0     669.527     243.422     182.111         0.4     3277.66     581.728     3859.38    -7.55743    -78.2514
      13000           0     669.527      245.31     187.868         0.4     3310.66     588.552     3899.21    -6.82402    -76.9531
      12900           0     669.527      246.81     194.009         0.4     3328.67     596.655     3925.32    -8.10285    -75.5512
      12800           0     669.527     247.931     200.256         0.4     3338.55     603.704     3942.26    -7.04851    -74.0949
      12700           0     669.527     248.922     202.546         0.4     3353.73     610.023     3963.75    -6.31921     -72.694
      12600           0     669.527     250.009     201.966         0.4     3387.56     614.882     4002.44    -4.85901    -71.5774
      12500           0     669.527     251.145     201.861         0.4     3418.83      619.04     4037.87    -4.15753    -70.8032
      12400           0     669.527     252.316     201.869         0.4     3452.19     625.256     4077.45    -6.21603    -70.2902
      12300           0     669.527     253.515     200.574         0.4     3474.55     631.985     4106.53    -6.72902    -70.0218
      12200           0     669.527     254.738     198.302         0.4     3482.39      637.42     4119.81    -5.43513    -70.0306
      12100           0     669.527     255.982     197.522         0.4     3483.61     640.959     4124.57    -3.53967    -70.2787
      12000           0     669.527     257.248     197.697         0.4     3493.78      648.11     4141.89    -7.15073    -70.6389
      11900           0     669.527     258.541     198.835         0.4     3509.03     652.097     4161.13    -3.98659    -71.0366
      11800   0.0785185     669.606     259.862     200.678         0.4      3530.6     656.919     4187.52    -4.82226    -71.4217
      11700    0.161185      677.54     261.279     209.811         0.4     3564.66     661.616     4226.28     -4.6971    -73.2517
      11600    0.171936      693.67     248.757     185.017         0.4     3580.57     670.223     4250.79     8.60657    -76.3702
      11500    0.262339     710.954     244.573     167.548         0.4     3588.68     691.416     4280.09     21.1936    -81.2925
      11400    0.265277      737.19     244.325     143.877         0.4     3591.76     715.043      4306.8     23.6272    -88.6268
      11300    0.205018     763.658     245.662     132.125         0.4     3601.74     734.859      4336.6     19.8156    -95.6583
      11200     0.17128     784.126     247.496     127.203         0.4     3617.17     752.213     4369.39     17.3536    -100.501
      11100     0.14814     801.231     249.392     118.985         0.4     3653.38      767.72      4421.1     15.5075    -103.966
      11000    0.125307     816.022      251.22     109.239         0.4     3698.74       781.3     4480.04     13.5797    -106.735
      10900    0.141081     828.568      252.94     103.459         0.4     3735.16      795.96     4531.12     14.6605    -108.979
      10800   0.0939887     842.629     254.585      99.914         0.4     3760.33     806.926     4567.25     10.9654    -111.365
      10700   0.0859556      852.02     256.131     95.5823         0.4      3787.4      817.02     4604.42     10.0943    -112.634
      10600   0.0768376     860.607     257.565     90.9308         0.4     3818.89     826.355     4645.24     9.33527    -113.847
      10500   0.0692746     868.283     258.916     88.0112         0.4     3850.83     834.939     4685.77     8.58387    -114.991
      10400    0.036611     875.178     260.197     86.1242         0.4      3883.6     840.943     4724.55     6.00328     -116.03
      10300  0.00743369      878.81     261.381     84.8822         0.4     3909.92     844.462     4754.38     3.51949    -116.476
      10200  0.00745428     879.553     262.437     83.6567         0.4     3937.13     847.725     4784.86     3.26322    -116.508
      10100           0     880.291     263.387      81.486         0.4     3980.46     848.038      4828.5    0.312717    -116.799
      10000           0     880.291     264.255     79.0337         0.4     4017.13     848.293     4865.42   -0.254861     -117.18
       9900           0     880.291     265.056     76.4345         0.4     4042.83     849.049     4891.88   -0.755882    -117.788
       9800           0     880.291     265.809     73.7127         0.4     4069.49     851.114      4920.6    -2.06486    -118.583
       9700           0     880.291     266.525     70.8873         0.4     4088.86     854.451     4943.31    -3.33789    -119.533
       9600           0     880.291     267.214     67.9756         0.4     4107.46     859.034      4966.5    -4.58246    -120.617
       9500           0     880.291     267.877     64.9886         0.4     4130.29     864.836     4995.12    -5.80191    -121.815
       9400           0     880.291     268.518     62.7302         0.4     4169.82     868.154     5037.97    -3.31779    -123.098
       9300           0     880.291     269.139     60.8979         0.4     4208.48     873.493     5081.97    -5.33916    -124.414
       9200           0     880.291     269.744     59.2966         0.4     4246.02     879.536     5125.55    -6.04363    -125.738
       9100           0     880.291     270.333     57.8533         0.4     4275.42      887.87     5163.29    -8.33348    -127.057
       9000           0     880.291      270.91     56.5364         0.4     4302.63      899.48     5202.11    -11.6103    -128.362
       8900           0     880.291     271.472     55.3414         0.4     4340.45     910.302     5250.76    -10.8216    -129.648
       8800           0     880.291     272.014      54.244         0.4     4366.69     921.791     5288.48    -11.4893    -130.909
       8700           0     880.291     272.539     53.2281         0.4     4385.35      933.93     5319.28    -12.1386    -132.142
       8600           0     880.291     273.046      52.285         0.4     4398.73     946.426     5345.15    -12.4961    -133.345
       8500           0     880.291     273.537     51.4065         0.4     4418.22     959.263     5377.48    -12.8373    -134.516
       8400           0     880.291     274.011     51.0088         0.4     4434.18     971.974     5406.16    -12.7112    -135.645
       8300           0     880.291     274.467     50.9263         0.4     4461.52     988.141     5449.66     -16.167    -136.708
       8200           0     880.291     274.906     51.0589         0.4      4484.4     1004.17     5488.57    -16.0307    -137.698
       8100           0     880.291      275.33     51.3786         0.4     4510.36     1020.05     5530.41    -15.8796    -138.609
       8000           0     880.291     275.742     51.8519         0.4     4528.36     1036.07     5564.43    -16.0167    -139.439
       7900           0     880.291     276.145     52.5266         0.4     4555.56     1052.21     5607.77    -16.1445    -140.185
       7800           0     880.291      276.54     53.3643         0.4     4580.48     1069.05     5649.53    -16.8397    -140.843
       7700           0     880.291     276.928      54.352         0.4     4603.19     1085.58     5688.77    -16.5283    -141.412
       7600           0     880.291     277.311     55.4992         0.4     4628.07     1102.79     5730.87    -17.2114     -141.89
       7500           0     880.291      277.69     56.7776         0.4     4658.36     1120.66     5779.01    -17.8646    -142.275
       7400           0     880.291     278.064     57.1572         0.4     4691.91     1139.17     5831.08    -18.5136    -142.586
       7300           0     880.291     278.435     57.0204         0.4     4726.83     1156.33     5883.16    -17.1596    -142.878
       7200           0     880.291     278.804     56.6149         0.4     4765.42     1172.13     5937.55    -15.8039    -143.171
       7100           0     880.291      279.17     56.0262         0.4     4804.69        1189      5993.7      -16.87    -143.475
       7000           0     880.291      279.53     55.3016         0.4     4836.29     1210.93     6047.22    -21.9301    -143.795
       6900           0     880.291     279.883      54.483         0.4     4867.86     1232.72     6100.58    -21.7834    -144.133
       6800           0     880.291      280.23     53.5899         0.4     4897.62     1250.05     6147.67    -17.3302     -144.49
       6700           0     880.291      280.57     52.6465         0.4      4926.9     1268.52     6195.42    -18.4703    -144.867
       6600           0     880.291     280.902     51.6812         0.4     4956.87     1290.02     6246.89    -21.5019    -145.263
       6500           0     880.291     281.223     50.6851         0.4     4983.94     1310.14     6294.08    -20.1234    -145.675
       6400           0     880.291     281.533     49.9614         0.4     5010.42     1330.48      6340.9    -20.3332      -146.1
       6300           0     880.291     281.831     49.3974         0.4     5037.71     1349.36     6387.06    -18.8809     -146.52
       6200           0     880.291     282.117     48.9285         0.4     5072.97     1367.67     6440.64     -18.317     -146.93
       6100           0     880.291     282.393     48.5449         0.4     5109.07     1385.42     6494.49     -17.743    -147.327
       6000           0     880.291      282.66     48.2185         0.4     5134.27     1402.58     6536.84    -17.1602     -147.71
       5900           0     880.291      282.92     47.9377         0.4     5161.37      1421.8     6583.17    -19.2198    -148.077
       5800           0     880.291     283.173     47.6936         0.4     5194.71     1439.47     6634.18    -17.6727    -148.428
       5700           0     880.291      283.42     47.4805         0.4     5218.28     1456.99     6675.27    -17.5196    -148.764
       5600           0     880.291     283.662     47.2948         0.4     5240.12      1474.5     6714.63    -17.5115    -149.085
       5500           0     880.291     283.899     47.1331         0.4      5271.9        1492      6763.9    -17.4992     -149.39
       5400           0     880.291     284.133     46.2901         0.4     5302.99     1509.71      6812.7    -17.7081    -149.694
       5300           0     880.291     284.364     45.0306         0.4     5326.48     1527.62      6854.1    -17.9139    -150.035
       5200           0     880.291     284.592     43.5413         0.4     5362.23     1542.41     6904.65    -14.7917    -150.425
       5100           0     880.291     284.817     41.9024         0.4     5384.91     1558.03     6942.94    -15.6169    -150.871
       5000           0     880.291      285.04     40.1297         0.4     5401.24     1574.47     6975.71    -16.4396    -151.375
       4900           0     880.291      285.26      38.273         0.4     5416.07     1589.73      7005.8      -15.26    -151.937
       4800           0     880.291     285.478     36.3357         0.4     5435.01     1604.46     7039.47    -14.7282    -152.555
       4700           0     880.291     285.694     34.3354         0.4      5459.8     1618.65     7078.45    -14.1945     -153.23
       4600           0     880.291     285.909     32.3015         0.4     5475.67     1634.76     7110.43    -16.1088    -153.959
       4500           0     880.291     286.121     30.2156         0.4     5489.68     1651.78     7141.46    -17.0212    -154.741
       4400           0     880.291     286.332     28.4418         0.4        5503     1667.02     7170.02    -15.2318    -155.567
       4300           0     880.291     286.539      26.842         0.4     5518.65     1682.05     7200.71    -15.0394    -156.417
       4200           0     880.291     286.743     25.3329         0.4     5529.78      1696.6     7226.38    -14.5428    -157.285
       4100           0     880.291     286.941     23.8972         0.4     5536.84     1711.84     7248.68    -15.2414    -158.164
       4000           0     880.291     287.135     22.5049         0.4     5543.43     1725.67     7269.11    -13.8355    -159.053
       3900           0     880.291     287.325     21.1417         0.4     5547.19      1738.1     7285.29    -12.4251     -159.95
       3800           0     880.291     287.511     19.7978         0.4     5552.39     1752.16     7304.55    -14.0608    -160.854
       3700           0     880.291     287.692     17.9079         0.4     5553.35     1766.53     7319.88    -14.3675     -161.77
       3600           0     880.291      287.87     14.5204         0.4     5556.59      1781.2     7337.78    -14.6698    -162.765
       3500           0     880.291     288.043     10.4823         0.4     5560.44     1794.24     7354.68    -13.0425    -163.893
       3400           0     880.291      288.21     6.20598         0.4     5568.09     1808.45     7376.54    -14.2103    -165.168
       3300           0     880.291     288.372      1.6939         0.4     5584.89     1822.47     7407.36    -14.0224    -166.588
       3200           0     880.291     288.529    -2.49831         0.4     5600.28      1836.3     7436.58    -13.8285    -168.148
       3100           0     880.291     288.679    -5.40898         0.4     5617.14     1850.33     7467.47    -14.0285    -169.779
       3000           0     880.291     288.823    -7.86325         0.4     5630.88     1864.55     7495.44    -14.2226    -171.427
       2900           0     880.291     288.961     -9.9944         0.4     5644.13     1878.01     7522.14    -13.4609    -173.071
       2800           0     880.291     289.094    -11.8971         0.4     5656.94     1891.81     7548.75    -13.7939      -174.7
       2700           0     880.291     289.222    -13.8006         0.4     5676.69     1902.13     7578.82    -10.3221    -176.307
       2600           0     880.291     289.346    -16.0286         0.4     5705.55     1917.58     7623.13    -15.4461    -177.912
       2500           0     880.291     289.467    -18.3535         0.4     5721.98     1929.14     7651.13    -11.5666    -179.528
       2400           0     880.291     289.584    -20.7056         0.4      5736.4     1941.13     7677.52    -11.9841    -181.161
       2300           0     880.291     289.699     -23.083         0.4     5752.74     1953.68     7706.42    -12.5491    -182.811
       2200           0     880.291     289.812      -25.33         0.4     5775.58     1966.79     7742.37    -13.1118    -184.476
       2100           0     880.291     289.923    -27.1803         0.4     5791.25     1979.91     7771.16    -13.1227    -186.138
       2000           0     880.291     290.032    -28.8671         0.4     5807.01     1993.04     7800.05    -13.1318    -187.782
       1900           0     880.291      290.14    -30.4291         0.4     5823.57     2005.65     7829.21    -12.6062    -189.401
       1800           0     880.291     290.246    -31.8944         0.4     5839.09     2018.23     7857.31    -12.5793    -190.992
       1700           0     880.291     290.351     -33.374         0.4     5853.26     2029.95     7883.22    -11.7245    -192.553
       1600           0     880.291     290.455    -35.0376         0.4     5870.19     2040.12     7910.31    -10.1678    -194.096
       1500           0     880.291     290.558    -36.7525         0.4      5887.5     2052.13     7939.63    -12.0134    -195.628
       1400           0     880.291     290.661    -38.5056         0.4     5904.26     2065.84      7970.1    -13.7105    -197.153
       1300           0     880.291     290.762    -40.2817         0.4     5924.75     2078.87     8003.62    -13.0258    -198.672
       1200           0     880.291     290.862    -41.7974         0.4     5956.99     2091.22     8048.21    -12.3489    -200.184
       1100           0     880.291     290.962    -42.5816         0.4     5986.14     2102.97     8089.11    -11.7517    -201.657
       1000           0     880.291      291.06    -43.0476         0.4     6013.19     2114.26     8127.45    -11.2954    -203.062
        900           0     880.291     291.158    -43.1713         0.4     6040.66     2125.77     8166.44    -11.5083    -204.389
        800           0     880.291     291.255    -43.0377         0.4     6069.42     2133.71     8203.12    -7.93536    -205.628
        700           0     880.291     291.352    -42.5981         0.4     6095.99     2140.99     8236.99    -7.28492    -206.771
        600           0     880.291     291.447     -41.703         0.4      6132.5     2151.27     8283.76     -10.272    -207.806
        500           0     880.291     291.542    -40.5328         0.4     6169.54     2162.16      8331.7     -10.899     -208.72
        400           0     880.291     291.635    -39.0628         0.4     6219.05     2171.07     8390.13    -8.90771    -209.509
        300           0     880.291     291.728    -37.3476         0.4     6257.93     2185.07     8443.01    -14.0014    -210.167
        200           0     880.291      291.82    -35.1697         0.4     6303.71      2199.6     8503.31    -14.5275    -210.689
        100           0     880.291     291.911    -32.1149         0.4     6334.75     2210.06      8544.8    -10.4558    -211.045
          0   0.0904937     880.381     292.001    -28.5853         0.4     6352.91     2218.61     8571.52     8.55671    -211.226