     20000   0.301823   0.301823    179.437     354.04        0.7    78.9896     14.283    93.2726     14.283    6.48199
     19900   0.299287    30.4816    179.662    352.447        0.7    152.102    29.5106    181.613    15.2276  -0.401783
     19800   0.305248    60.4162    180.155     350.66        0.7    231.423    45.4155    276.838    15.9048   -5.63514
     19700   0.233633    90.8694     180.78     349.02        0.7    305.083    58.2351    363.318    12.8197   -9.83409
     19600   0.178591    114.178    181.422    347.697        0.7    361.566    68.2328    429.798    9.99764   -11.6024
     19500   0.114256    131.972    181.993    344.829        0.7    430.817    75.1894    506.006    6.95659   -11.9089
     19400   0.170621    143.454    182.449    341.203        0.7    510.154    84.2599    594.414    9.07058   -11.0022
     19300   0.156878    160.503    182.851    337.837        0.7    588.618    92.9586    681.576    8.69863    -11.769
     19200    0.15192    176.186    183.239    334.519        0.7    659.299    101.299    760.598    8.34051   -12.3026
     19100   0.129257    191.355    183.602    332.897        0.7    729.201    108.787    837.988    7.48773   -12.8262
     19000   0.142214    204.294    183.928    332.351        0.7     799.15    116.759    915.909    7.97245   -12.8964
     18900   0.153021    218.526    184.227    330.119        0.7    868.631    125.242    993.873    8.48254   -13.3712
     18800  0.0881416    233.763    184.526    326.925        0.7    949.946    130.686    1080.63    5.44393   -14.1668
     18700   0.115365    242.604    184.778     324.66        0.7    1043.27    137.178    1180.44    6.49248   -13.6325
     18600   0.170025    254.196    184.989    322.828        0.7    1150.25    146.089    1296.34    8.91116   -14.0272
     18500   0.041276    271.069    185.234     320.94        0.7    1265.25    148.975    1414.22     2.8859   -15.6613
     18400  0.0396579    275.195    185.426    319.321        0.7    1347.28    151.219     1498.5    2.24413   -14.3505
     18300  0.0603235    279.182    185.519    316.198        0.7    1416.81     153.72    1570.53    2.50056   -13.5304
     18200  0.0625088    285.216    185.579    312.065        0.7    1515.04    156.161    1671.21    2.44076   -13.6327
     18100  0.0486312    291.453    185.633    308.529        0.7    1637.28    158.021     1795.3    1.85993   -14.0738
     18000  0.0694462    296.337    185.674    305.254        0.7    1754.88      160.4    1915.28    2.37893   -14.4252
     17900  0.0980337     303.31    185.717    304.218        0.7     1865.2    164.152    2029.36    3.75275    -15.425
     17800  0.0936082    313.109    185.794    304.493        0.7    1973.85    168.688    2142.54    4.53557   -16.9769
     17700  0.0723002    322.449    185.901    302.434        0.7    2082.21    172.507    2254.71    3.81866   -18.2275
     17600   0.120341    329.727    186.006    299.145        0.7    2179.74    180.226    2359.97    7.71929   -19.0132
     17500   0.090107    341.731    186.135    298.881        0.7    2261.58    187.476    2449.06    7.24984    -20.903
     17400  0.0213687    350.673    188.852    329.419        0.7    2307.67    190.406    2498.08    2.93067   -22.9308
     17300  0.0363487    352.825    189.699    338.837        0.7    2353.47     193.43     2546.9    3.02409   -22.0152
     17200   0.154537    356.578    190.165    344.702        0.7     2391.7     200.35    2592.05    6.92001   -21.3156
     17100   0.176557    372.053    190.681    348.319        0.7    2410.53    208.299    2618.83    7.94859     -23.16
     17000    0.24926    389.782    191.394    350.324        0.7    2432.95    219.005    2651.96    10.7063   -25.0191
     16900   0.257205    414.716    192.336    346.542        0.7    2462.94    230.294    2693.23    11.2885    -28.108
     16800   0.262449    440.442      193.5    338.739        0.7    2493.53    241.984    2735.51    11.6902   -31.0582
     16700   0.302795    466.727    194.842    329.573        0.7    2522.69    255.032    2777.72    13.0482   -34.0367
     16600   0.399816    497.103    196.347    319.141        0.7    2554.58    271.836    2826.41    16.8033   -37.8937
     16500   0.190622    536.876    198.039    318.871        0.7    2582.86    282.149    2865.01    10.3139   -43.4659
     16400   0.317255    556.065    199.804    325.685        0.7    2597.87    296.313    2894.18    14.1632   -43.5368
     16300   0.209089    587.682    201.617    329.506        0.7    2604.06    307.211    2911.27    10.8986   -46.0236
     16200   0.366863    608.749    203.473    331.876        0.7    2606.11    323.183    2929.29    15.9718   -45.6973
     16100    0.43302    645.501    205.405    322.678        0.7    2612.57    341.515    2954.08    18.3321   -48.8672
     16000   0.360752    688.731    207.488    305.436        0.7    2629.89     357.73    2987.62    16.2149    -53.437
     15900   0.287507    724.733    209.662    295.956        0.7    2653.25     371.92    3025.17    14.1901   -56.4664
     15800   0.174723    753.371    211.839    291.348        0.7    2674.64    382.441    3057.08     10.521   -57.9048
     15700   0.153941    770.822    213.945    288.139        0.7     2696.2    392.006    3088.21    9.56463   -57.1361
     15600  0.0690991    786.131    215.964    286.143        0.7    2717.02    398.801    3115.82    6.79573   -56.4006
     15500  0.0364567    793.009    217.885    283.657        0.7     2738.3    404.446    3142.75     5.6448   -54.3258
     15400 0.00611021    796.624      219.7    281.009        0.7    2754.93    408.751    3163.68    4.30463    -52.257
     15300  0.0506629     797.28    221.425    280.111        0.7     2763.5    414.642    3178.14    5.89159   -50.2086
     15200  0.0234102    802.319    223.104    280.367        0.7    2771.02    419.612    3190.63    4.96911   -49.6071
     15100 0.00602789    804.642    224.756    286.853        0.7    2772.53    423.629    3196.16    4.01725   -48.4921
     15000 0.00448701    805.244    226.369    297.771        0.7    2788.25    426.563    3214.81    2.93391   -46.8089
     14900          0    805.688    227.946    306.487        0.7    2815.19    427.263    3242.46   0.700256   -44.8315
     14800    0.12032    805.808    229.496    314.049        0.7    2854.18    427.481    3281.66  -0.217593   -42.6588
     14700   0.159892     817.88    231.022    306.327        0.7    2887.51    429.508    3317.01    -2.0277   -43.2127
     14600   0.301569    834.011    223.305    239.774        0.7    2892.77    442.043    3334.81    12.5347   -45.9488
     14500   0.347823    864.214    221.155    213.344        0.7    2913.97    460.235    3374.21     18.192   -55.1012
     14400    0.34706    898.995    221.737    196.551        0.7    2943.02    479.852    3422.87    19.6168   -64.9945
     14300   0.256714    933.611    223.332    181.733        0.7    2975.57     495.67    3471.24    15.8178   -73.6613
     14200   0.201035    959.227    225.184    168.988        0.7    3015.44    509.038    3524.47    13.3685   -79.3643
     14100   0.164418    979.293    226.994    161.849        0.7    3056.46    520.377    3576.84    11.3393   -83.2728
     14000   0.100329    995.671    228.689    158.284        0.7    3107.28    528.673    3635.95    8.29579   -85.8862
     13900   0.145678    1005.75    230.238    152.977        0.7    3163.62    539.005    3702.62    10.3317   -86.9052
     13800  0.0728011    1020.24      231.7    146.839        0.7    3211.48    545.819     3757.3    6.81455   -88.8815
     13700   0.108799    1027.56    233.073    142.371        0.7    3275.43    554.096    3829.52    8.27681   -89.3529
     13600  0.0776103    1038.41    234.375    138.799        0.7     3332.3    560.926    3893.22    6.82978   -90.6956
     13500          0    1046.09    235.621    141.681        0.7    3389.86    561.135    3950.99   0.208605   -91.2742
     13400          0    1046.09     236.75    148.643        0.7    3446.31    563.424    4009.73    2.28984    -90.062
     13300          0    1046.09     237.77     145.77        0.7    3503.27    564.335    4067.61  -0.910421   -88.9696
     13200          0    1046.09    241.447    166.358        0.7    3543.26    565.866    4109.13   -1.53152    -88.456
     13100          0    1046.09    243.802    172.826        0.7    3577.39    573.804    4151.19   -7.93727   -87.1318
     13000          0    1046.09    245.703    178.591        0.7    3619.67     581.02    4200.69   -7.21658      -85.6
     12900          0    1046.09    247.223    184.733        0.7    3646.95    589.536    4236.49   -8.51584   -84.0133
     12800          0    1046.09    248.372    190.974        0.7    3666.12    597.026    4263.15   -7.49006   -82.4093
     12700          0    1046.09    249.399    193.265        0.7    3690.58    603.822     4294.4   -6.79608   -80.8885
     12600          0    1046.09    250.524    192.694        0.7    3733.68    609.196    4342.88   -5.37404    -79.673
     12500          0    1046.09    251.696    192.599        0.7    3774.21    613.905    4388.12   -4.70848   -78.8161
     12400          0    1046.09    252.897    192.619        0.7    3816.82    620.702    4437.53   -6.79728    -78.234
     12300          0    1046.09    254.124    191.342        0.7    3848.41     628.04    4476.45   -7.33805   -77.9072
     12200          0    1046.09    255.378    189.089        0.7    3865.47    634.115    4499.58   -6.07536   -77.8659
     12100          0    1046.09     256.66    188.323        0.7    3873.44    638.333    4511.78    -4.2177   -78.0703
     12000          0    1046.09    257.968    188.507        0.7    3874.43    646.204    4520.63   -7.87068   -78.3913
     11900          0    1046.09    259.302    189.651        0.7    3880.49    650.952    4531.44   -4.74804   -78.7536
     11800   0.106681     1046.2    260.661    191.496        0.7    3892.88    656.573    4549.45   -5.62083    -79.113
     11700    0.22672    1056.99    262.098    200.578        0.7    3917.71    662.089     4579.8   -5.51603   -81.4729
     11600   0.252172    1079.68    249.631    175.673        0.7    3924.27    669.822    4594.09    7.73293   -85.7003
     11500   0.426479    1105.08     245.47    158.056        0.7    3925.64    690.118    4615.76    20.2962    -91.744
     11400   0.415428    1147.71     245.25     134.12        0.7    3938.48     712.82     4651.3    22.7022   -101.473
     11300   0.314191    1189.15    246.621     122.02        0.7    3958.56    731.676    4690.24    18.8561   -110.021
     11200     0.2608    1220.52    248.482    116.792        0.7    3984.41    748.044    4732.46    16.3677   -115.302
     11100   0.221697    1246.56    250.388    108.354        0.7    4031.25    762.556    4793.81    14.5123   -118.797
     11000   0.182391    1268.69    252.221    98.4589        0.7     4087.4    775.135    4862.53    12.5786   -121.348
     10900   0.206432    1286.95    253.955    92.5713        0.7    4134.69     788.78    4923.47    13.6454   -123.179
     10800   0.131222    1307.52     255.62    88.9252        0.7    4170.85     798.71    4969.56    9.92953   -125.418
     10700   0.117259    1320.63    257.192    84.5416        0.7    4208.97    807.743    5016.71     9.0335   -126.116
     10600   0.104533    1332.34    258.648    79.8765        0.7    4251.51    815.995    5067.51    8.25176   -126.811
     10500   0.090596    1342.78    260.015    76.9557        0.7    4294.51     823.48    5117.99    7.48541   -127.513
     10400  0.0362839    1351.79    261.301    75.0798        0.7    4338.33    828.379     5166.7    4.89892   -128.109
     10300 0.00534733    1355.39    262.483    73.8837        0.7    4375.64    830.796    5206.43     2.4169   -127.843
     10200 0.00508298    1355.92    263.547    72.7215        0.7    4413.79    832.949    5246.74     2.1529   -127.317
     10100          0    1356.42    264.524     70.618        0.7    4467.98    833.773    5301.76  -0.823945   -127.176
     10000          0    1356.42    265.441    68.2248        0.7    4515.46    835.214    5350.68   -1.44129    -127.27
      9900          0    1356.42    266.314    65.6757        0.7    4551.92    837.228    5389.15   -2.01416   -127.655
      9800          0    1356.42    267.153     62.997        0.7    4589.29    840.637    5429.93   -3.40898   -128.274
      9700          0    1356.42    267.959    60.2104        0.7    4619.34    845.409    5464.75   -4.77103   -129.084
      9600          0    1356.42    268.733    57.3348        0.7    4648.59     851.51     5500.1   -6.10135   -130.055
      9500          0    1356.42    269.478    54.3819        0.7    4682.02    858.913    5540.93    -7.4033    -131.16
      9400          0    1356.42    270.201    52.1519        0.7    4732.13    863.915    5596.05   -5.00143   -132.366
      9300          0    1356.42    270.906    50.3437        0.7    4781.34    871.021    5652.36   -7.10624   -133.616
      9200          0    1356.42    271.591    48.7639        0.7    4829.41    878.912    5708.32   -7.89091   -134.883
      9100          0    1356.42    272.253     47.341        0.7    4869.33    889.164     5758.5   -10.2526   -136.149
      9000          0    1356.42    272.891    46.0443        0.7    4907.03    902.755    5809.78   -13.5911   -137.407
      8900          0    1356.42     273.51    44.8683        0.7    4955.33    915.616    5870.95   -12.8602   -138.649
      8800          0    1356.42    274.113    43.7879        0.7    4992.02    929.204    5921.23    -13.588   -139.869
      8700          0    1356.42    274.702    42.7869        0.7    5021.12    943.506    5964.63   -14.3023   -141.064
      8600          0    1356.42     275.28    41.8568        0.7    5044.93    958.236    6003.16     -14.73   -142.232
      8500          0    1356.42    275.848    40.9889        0.7    5074.84    973.384    6048.22   -15.1479   -143.369
      8400          0    1356.42    276.407     40.597        0.7    5101.21    988.491     6089.7   -15.1072   -144.467
      8300          0    1356.42    276.956    40.5166        0.7    5138.96    1007.15     6146.1    -18.656   -145.503
      8200          0    1356.42    277.489    40.6488        0.7    5172.25    1025.76    6198.01   -18.6145   -146.467
      8100          0    1356.42    278.007    40.9666        0.7    5208.62    1044.32    6252.94   -18.5565   -147.354
      8000          0    1356.42    278.508     41.437        0.7    5237.04     1063.1    6300.14   -18.7832   -148.161
      7900          0    1356.42    278.995    42.1083        0.7    5274.65     1082.1    6356.75    -18.995   -148.886
      7800          0    1356.42    279.465    42.9428        0.7       5310    1101.86    6411.86   -19.7653   -149.522
      7700          0    1356.42    279.918    43.9281        0.7    5343.13    1121.38    6464.51    -19.518   -150.068
      7600          0    1356.42    280.354    45.0738        0.7    5378.44    1141.63    6520.07    -20.254   -150.523
      7500          0    1356.42    280.777    46.3513        0.7    5419.15    1162.59    6581.73   -20.9515   -150.886
      7400          0    1356.42    281.189    46.7368        0.7    5463.12    1184.22    6647.35   -21.6386   -151.175
      7300          0    1356.42    281.592    46.6102        0.7    5508.45    1204.54    6712.99   -20.3173   -151.445
      7200          0    1356.42    281.989    46.2187        0.7    5557.44    1223.53    6780.97    -18.989   -151.717
      7100          0    1356.42     282.38    45.6466        0.7    5607.09    1243.61     6850.7   -20.0797   -151.999
      7000          0    1356.42    282.765    44.9401        0.7    5649.05    1268.77    6917.82   -25.1654   -152.297
      6900          0    1356.42    283.147    44.1405        0.7    5690.97    1293.82    6984.79   -25.0465   -152.613
      6800          0    1356.42    283.524    43.2667        0.7    5731.04    1314.45    7045.49   -20.6239   -152.949
      6700          0    1356.42    283.899    42.3423        0.7    5770.63    1336.24    7106.88    -21.799   -153.304
      6600          0    1356.42    284.273    41.3949        0.7    5810.89    1361.12       7172   -24.8729   -153.679
      6500          0    1356.42    284.644    40.4156        0.7    5848.22    1384.66    7232.88    -23.544   -154.071
      6400          0    1356.42    285.009    39.7057        0.7    5884.97    1408.47    7293.44   -23.8095   -154.477
      6300          0    1356.42    285.368    39.1534        0.7    5922.49    1430.89    7353.38   -22.4184   -154.878
      6200          0    1356.42    285.721    38.6942        0.7    5967.99    1452.81     7420.8   -21.9209   -155.271
      6100          0    1356.42    286.067    38.3186        0.7    6014.31    1474.23    7488.54   -21.4166   -155.651
      6000          0    1356.42    286.404    37.9997        0.7    6049.73    1495.13    7544.86   -20.9038   -156.016
      5900          0    1356.42     286.73    37.7263        0.7    6087.05    1518.16    7605.21   -23.0304   -156.365
      5800          0    1356.42    287.045    37.4902        0.7    6130.59    1539.71    7670.29   -21.5446   -156.698
      5700          0    1356.42    287.346     37.286        0.7    6164.35    1561.15     7725.5   -21.4461   -157.015
      5600          0    1356.42    287.636    37.1102        0.7    6196.38    1582.64    7779.02   -21.4858   -157.316
      5500          0    1356.42    287.915    36.9594        0.7    6238.33    1604.15    7842.49   -21.5152   -157.601
      5400          0    1356.42    288.186    36.1334        0.7    6279.58    1625.91    7905.49   -21.7608   -157.885
      5300          0    1356.42    288.449    34.8947        0.7     6313.2    1647.91    7961.12   -21.9986   -158.205
      5200          0    1356.42    288.705    33.4293        0.7    6359.07    1666.82    8025.89   -18.9047   -158.575
      5100          0    1356.42    288.955    31.8169        0.7    6391.83    1686.57    8078.41   -19.7549       -159
      5000          0    1356.42      289.2    30.0728        0.7    6418.22    1707.17    8125.39   -20.5999   -159.482
      4900          0    1356.42    289.441    28.2462        0.7    6443.07    1726.61    8169.68   -19.4407   -160.022
      4800          0    1356.42    289.678    26.3403        0.7    6472.01    1745.54    8217.55   -18.9278   -160.618
      4700          0    1356.42    289.912    24.3722        0.7    6506.76    1763.95    8270.71   -18.4116    -161.27
      4600          0    1356.42    290.142    22.3712        0.7    6532.56    1784.29    8316.86   -20.3424   -161.976
      4500          0    1356.42    290.371    20.3188        0.7    6556.47    1805.56    8362.03   -21.2706   -162.734
      4400          0    1356.42    290.596    18.5762        0.7    6579.66    1825.06    8404.72   -19.4963   -163.537
      4300          0    1356.42     290.82    17.0062        0.7    6605.14    1844.38    8449.52   -19.3196   -164.364
      4200          0    1356.42    291.041    15.5255        0.7    6626.08    1863.22     8489.3   -18.8408   -165.208
      4100          0    1356.42     291.26    14.1166        0.7    6642.92    1882.78     8525.7     -19.56   -166.064
      4000          0    1356.42    291.477    12.7499        0.7    6659.27    1900.96    8560.23   -18.1772   -166.929
      3900          0    1356.42    291.693    11.4112        0.7    6672.76    1917.75    8590.51   -16.7925   -167.803
      3800          0    1356.42    291.906    10.0909        0.7    6687.66    1936.21    8623.87    -18.456   -168.684
      3700          0    1356.42    292.117    8.22895        0.7     6698.3       1955     8653.3   -18.7918   -169.576
      3600          0    1356.42    292.323    4.87911        0.7    6711.18    1974.12     8685.3   -19.1234   -170.548
      3500          0    1356.42    292.525   0.884642        0.7    6724.63    1991.65    8716.28   -17.5254   -171.652
      3400          0    1356.42    292.723   -3.34501        0.7    6741.83    2010.37     8752.2   -18.7226   -172.903
      3300          0    1356.42    292.915   -7.80731        0.7    6768.14    2028.94    8797.07   -18.5654   -174.298
      3200          0    1356.42    293.104   -11.9524        0.7    6792.97    2047.34    8840.31   -18.4042   -175.833
      3100          0    1356.42    293.289   -14.8241        0.7    6819.25    2065.98    8885.23   -18.6389   -177.438
      3000          0    1356.42    293.469   -17.2438        0.7    6842.38    2084.85    8927.23   -18.8693    -179.06
      2900          0    1356.42    293.645   -19.3443        0.7    6864.97    2102.99    8967.96   -18.1453   -180.678
      2800          0    1356.42    293.816   -21.2192        0.7    6887.11    2121.51    9008.62   -18.5163    -182.28
      2700          0    1356.42    293.982   -23.0955        0.7    6916.15    2136.59    9052.74   -15.0818   -183.861
      2600          0    1356.42    294.141   -25.2948        0.7    6954.28    2156.83    9111.11   -20.2412   -185.439
      2500          0    1356.42    294.295   -27.5901        0.7    6979.95    2173.23    9153.17   -16.3945   -187.029
      2400          0    1356.42    294.442    -29.912        0.7    7003.56    2190.07    9193.63   -16.8418   -188.635
      2300          0    1356.42    294.583   -32.2584        0.7    7029.09     2207.5    9236.59   -17.4333   -190.256
      2200          0    1356.42    294.719   -34.4752        0.7    7061.07    2225.52    9286.59   -18.0193   -191.894
      2100          0    1356.42     294.85   -36.2977        0.7    7085.85    2243.57    9329.43   -18.0503   -193.528
      2000          0    1356.42    294.977   -37.9578        0.7    7110.71    2261.65    9372.36    -18.077   -195.145
      1900          0    1356.42      295.1   -39.4942        0.7    7136.33    2279.22    9415.54   -17.5666   -196.736
      1800          0    1356.42     295.22   -40.9347        0.7    7160.89    2296.77    9457.66    -17.553     -198.3
      1700          0    1356.42    295.337   -42.3896        0.7    7184.08    2313.48    9497.56   -16.7102   -199.835
      1600          0    1356.42    295.452   -44.0273        0.7       7210    2328.64    9538.64   -15.1641   -201.351
      1500          0    1356.42    295.564   -45.7159        0.7    7236.27    2345.66    9581.93   -17.0195   -202.857
      1400          0    1356.42    295.676   -47.4422        0.7    7261.97    2364.39    9626.35   -18.7255   -204.355
      1300          0    1356.42    295.785   -49.1912        0.7    7291.37    2382.44    9673.81   -18.0491   -205.849
      1200          0    1356.42    295.893   -50.6823        0.7    7332.49    2399.82    9732.31   -17.3799   -207.335
      1100          0    1356.42        296   -51.4471        0.7    7370.51    2416.61    9787.12   -16.7902   -208.782
      1000          0    1356.42    296.106   -51.8967        0.7     7406.4    2432.95    9839.35    -16.341   -210.163
       900          0    1356.42    296.211   -52.0077        0.7    7442.72    2449.51    9892.23   -16.5608   -211.466
       800          0    1356.42    296.315   -51.8639        0.7     7480.3     2462.5     9942.8   -12.9945   -212.681
       700          0    1356.42    296.417   -51.4176        0.7    7515.69    2474.85    9990.55   -12.3507   -213.803
       600          0    1356.42    296.519   -50.5199        0.7    7561.01     2490.2    10051.2   -15.3443   -214.816
       500          0    1356.42     296.62     -49.35        0.7    7606.87    2506.18      10113   -15.9779    -215.71
       400          0    1356.42    296.721   -47.8834        0.7    7665.21    2520.17    10185.4   -13.9931    -216.48
       300          0    1356.42     296.82   -46.1742        0.7    7712.92    2539.26    10252.2   -19.0934   -217.119
       200          0    1356.42    296.919    -44.007        0.7    7767.52    2558.89    10326.4   -19.6261   -217.625
       100          0    1356.42    297.016   -40.9697        0.7    7807.42    2574.45    10381.9    -15.561   -217.965
         0  0.0476297    1356.47    297.113   -37.4625        0.7    7834.46    2577.89    10412.4    3.44479   -218.124