      20000     7.50051     7.50051     179.437     354.039         1.3     78.9911     14.2832     93.2743     14.2832     4.62977
      19900     7.57297     757.624     178.571     338.857         1.3     165.694     30.6017     196.296     16.3185    -139.441
      19800     7.71283     1515.06     176.929     315.811         1.3     279.863     49.7326     329.596     19.1309    -224.957
      19700       7.207     2285.84     175.111      290.53         1.3     412.013     68.2218     480.235     18.4891    -281.087
      19600     6.79653     3006.13     173.348     265.471         1.3     550.723     86.2942     637.017     18.0724    -314.215
      19500     6.35033     3685.33      171.74     240.059         1.3     724.744     103.504     828.248     17.2097    -334.828
      19400     6.88705      4320.9      170.32     215.643         1.3     929.641     124.703     1054.34     21.1996    -347.436
      19300     6.91298     5009.63      169.08     192.465         1.3     1153.48     147.174     1300.65     22.4705    -363.038
      19200     6.93348     5700.95     167.993     170.133         1.3     1388.54     170.761      1559.3     23.5872    -376.345
      19100     6.85232     6394.22     167.049     150.408         1.3     1640.94     194.802     1835.74     24.0405    -387.954
      19000     7.00779     7079.61     166.238     132.682         1.3     1910.55     220.463     2131.02     25.6618     -397.55
      18900     7.15084     7780.53      165.55     114.106         1.3     2196.05     247.624     2443.67     27.1601    -407.363
      18800     6.63715      8495.1     164.971     95.2801         1.3     2509.01     272.623     2781.63     24.9992    -417.161
      18700     6.87311     9159.05     164.478     78.4601         1.3     2848.53     299.415     3147.94     26.7925     -422.59
      18600     7.33151     9846.82     164.072     62.8878         1.3     3215.45     329.243     3544.69     29.8278    -429.756
      18500     6.24715     10578.9     163.757     47.5199         1.3     3603.87     353.606     3957.48     24.3633    -439.374
      18400     6.15994     11203.5     163.484     33.5122         1.3     3971.71     377.792      4349.5     24.1856    -441.222
      18300     6.21563     11819.6     163.259     19.2873         1.3     4338.15     402.553      4740.7     24.7613    -443.472
      18200      6.1978     12441.1     163.093     4.91429         1.3     4743.54      427.48     5171.02     24.9273    -446.888
      18100     6.07674     13060.8     162.979    -8.26095         1.3     5182.56     451.995     5634.55     24.5146    -450.695
      18000     6.15572     13668.5     162.905     -20.639         1.3     5626.06     477.143      6103.2     25.1479     -454.14
      17900     6.38357     14284.3     162.872    -30.4683         1.3     6071.06     503.741     6574.81      26.598    -458.449
      17800     6.49741     14922.8     162.882    -39.0125         1.3     6523.22     531.189     7054.41     27.4483    -464.149
      17700     6.33757     15572.4     162.929    -49.8232         1.3     6983.83      557.98     7541.81     26.7905    -470.155
      17600     7.22665       16207     163.001    -61.4926         1.3        7442     588.704     8030.71     30.7244    -474.978
      17500     7.21596     16929.7     163.124     -70.632         1.3     7893.36     618.965     8512.32     30.2606    -484.547
      17400     6.68153     17650.7     165.781    -44.0088         1.3     8312.87     644.966     8957.84     26.0013    -496.207
      17300     6.72463     18318.9     166.819    -40.0228         1.3     8737.54      670.87     9408.41      25.904    -501.595
      17200     7.48987     18992.2     167.484    -40.6863         1.3     9161.15     700.471     9861.62     29.6005    -506.332
      17100      7.6287     19741.3      168.11    -44.2432         1.3     9572.55     730.991     10303.5     30.5205    -514.136
      17000     8.15798     20504.7     168.783    -49.8917         1.3     9995.18     764.308     10759.5     33.3166    -521.311
      16900     8.26761     21320.6     169.523    -61.3329         1.3       10433     798.409     11231.5     34.1017    -529.781
      16800     8.38503     22147.5     170.322    -76.4665         1.3     10878.8     833.278     11712.1     34.8683    -537.534
      16700     8.73323     22986.3     171.158     -92.651         1.3     11330.2     870.009     12200.2     36.7316    -544.911
      16600     9.58527     23860.5      172.03    -109.821         1.3     11791.1     911.129     12702.2     41.1197     -552.98
      16500     8.38696     24817.8     172.959    -117.603         1.3     12255.8     946.523     13202.4     35.3938    -563.258
      16400     9.34457     25657.5      173.88    -119.341         1.3     12715.9      986.61     13702.5     40.0872    -567.424
      16300     8.84491     26591.4     174.796    -124.225         1.3     13175.8     1024.33     14200.1     37.7199     -574.49
      16200     10.0573     27477.1     175.711    -130.445         1.3     13640.2     1068.06     14708.2     43.7343    -578.802
      16100     10.6937     28483.5     176.654    -147.411         1.3     14116.7     1115.15     15231.9     47.0838    -586.845
      16000     10.4574     29552.6     177.665    -171.166         1.3     14610.6     1161.19     15771.8     46.0381    -595.987
      15900     10.2742     30598.2     178.698    -187.107         1.3       15117     1206.34     16323.4     45.1547    -603.384
      15800     9.77716     31625.1     179.707    -198.684         1.3     15628.5     1248.99     16877.5     42.6535    -609.453
      15700       9.835     32602.9     180.662    -208.849         1.3       16147     1291.84     17438.9     42.8476    -613.543
      15600     9.51288     33586.1     181.573    -217.747         1.3     16671.7     1333.03     18004.8     41.1873    -617.638
      15500     9.51397     34537.4     182.443    -227.009         1.3     17203.7     1374.12     18577.8     41.0875    -620.675
      15400     9.45838     35488.7     183.278    -236.209         1.3     17737.5     1414.84     19152.4     40.7272    -623.779
      15300     9.98626     36435.1     184.091    -243.677         1.3     18269.9     1458.07       19728     43.2255    -626.782
      15200      9.9764     37433.7     184.916    -250.211         1.3       18808     1501.23     20309.2     43.1575    -631.139
      15100     9.95751     38431.3     185.757    -251.279         1.3     19344.6     1544.24     20888.9     43.0164    -635.057
      15000     9.90706       39427     186.596    -248.984         1.3     19875.6     1586.95     21462.6     42.7066     -638.42
      14900     9.61993     40417.4     187.426    -249.176         1.3     20404.4     1628.17     22032.5      41.221     -641.16
      14800     9.22641       41379     188.231    -250.314         1.3     20929.7     1669.22       22599     41.0477    -642.894
      14700     9.22779     42301.7     188.969    -264.831         1.3     21467.6     1709.24     23176.8     40.0253    -643.732
      14600     10.4293     43225.7     184.768    -328.622         1.3     22041.2     1760.32     23801.5     51.0721    -644.246
      14500     10.9519     44269.1     183.945    -354.229         1.3       22630     1815.72     24445.7      55.403    -650.451
      14400     11.1792     45364.5      184.31    -370.975         1.3     23226.6     1872.76     25099.3     57.0443      -657.8
      14300     10.6565     46481.9     185.022    -386.373         1.3     23827.2     1926.89     25754.1     54.1284     -664.92
      14200     10.4231     47547.3       185.8    -400.032         1.3     24436.1     1979.64     26415.8     52.7528    -670.142
      14100     10.2564     48589.5     186.577    -408.861         1.3     25047.9      2031.4     27079.3     51.7567     -674.48
      14000     9.88764     49614.8     187.357    -415.059         1.3       25672     2081.03       27753     49.6275    -678.148
      13900     10.3986       50604      188.13    -423.174         1.3     26304.5     2133.47       28438     52.4401    -680.852
      13800     9.88743     51643.4     188.946    -432.016         1.3     26931.2     2183.04     29114.3     49.5689    -684.632
      13700     10.2572     52632.5     189.771    -439.383         1.3     27576.9     2234.62     29811.5     51.5787    -687.182
      13600     10.0813       53658     190.619    -446.093         1.3     28218.7      2285.2     30503.9     50.5855    -690.509
      13500     9.32591     54665.4     191.487    -447.276         1.3     28865.2     2329.54     31194.8     44.3426    -693.271
      13400     10.3489       55599     192.309     -445.49         1.3     29515.8     2376.28     31892.1     46.7311    -694.375
      13300     9.97098     56633.5     193.181    -453.056         1.3     30171.6     2419.95     32591.5     43.6793     -697.58
      13200     10.3115       57631     195.572    -439.759         1.3     30817.7      2464.3       33282     44.3431    -701.596
      13100     9.14561       58661     197.157    -438.332         1.3       31463     2503.01       33966     38.7078    -704.766
      13000     9.48518     59575.9     198.501    -438.844         1.3     32122.7     2542.99     34665.7     39.9846    -705.292
      12900     9.30956     60524.2     199.683    -439.154         1.3     32773.9     2582.02     35355.9     39.0246    -706.557
      12800     9.56346     61455.4     200.742     -439.53         1.3     33423.5     2622.16     36045.7     40.1402     -707.49
      12700     9.71229     62411.9     201.765    -443.217         1.3     34084.5     2662.99     36747.5     40.8379     -708.94
      12600     10.0366     63383.5     202.826    -448.837         1.3     34769.1     2705.32     37474.4      42.324    -710.709
      12500     10.1997     64387.3     203.912    -453.633         1.3     35455.9     2748.39     38204.3     43.0755     -713.07
      12400     9.77212     65406.8     205.018    -458.203         1.3     36149.3     2789.47     38938.8      41.082    -715.587
      12300     9.70302       66384     206.105    -463.582         1.3     36835.8     2830.16       39666     40.6808    -717.275
      12200     10.0371     67354.6      207.16    -469.333         1.3     37511.3      2872.3     40383.6     42.1427    -718.935
      12100     10.4959     68358.8     208.214    -473.529         1.3     38181.1     2916.53     41097.6     44.2281    -721.216
      12000     9.74971     69407.6       209.3    -477.035         1.3     38845.7     2957.32       41803     40.7976    -724.094
      11900     10.5122     70383.3     210.368    -479.665         1.3     39508.9     3001.51     42510.4     44.1862    -725.596
      11800     9.70685     71433.8     211.439    -481.794         1.3     40169.8     3045.11     43214.9     43.6006    -728.235
      11700     9.93685     72404.7     212.495    -477.804         1.3     40823.4      3089.2     43912.6     44.0873    -729.388
      11600     9.99964     73398.4     208.893    -500.858         1.3     41493.4     3137.67       44631      48.471    -729.991
      11500     11.3987     74399.8     208.516    -518.378         1.3     42171.2     3194.92     45366.1     57.2508     -732.15
      11400     11.6102     75539.9     209.205    -538.652         1.3     42856.8     3253.67     46110.4     58.7471    -736.774
      11300      11.329     76700.6      210.23    -548.099         1.3       43547     3308.91     46855.9     55.2473    -741.447
      11200     10.6604     77832.8     211.321    -552.853         1.3     44242.5     3362.44     47604.9     53.5295    -745.199
      11100     10.4945     78898.7     212.372    -560.788         1.3     44958.5     3414.97     48373.4     52.5284    -747.653
      11000     10.3016       79948     213.391    -569.565         1.3     45682.6     3466.38       49149     51.4094    -749.848
      10900     10.6422     80978.5       214.4     -574.89         1.3     46397.4     3519.58       49917     53.2004    -751.817
      10800     10.0776     82042.1     215.439    -578.819         1.3     47101.3     3569.69       50671     50.1106    -754.211
      10700     10.0278     83049.8     216.466    -583.645         1.3     47807.6     3619.45       51427     49.7586    -755.745
      10600     9.97654     84052.6     217.474    -588.642         1.3     48518.7     3668.88     52187.5     49.4262    -757.298
      10500      9.9093     85050.1     218.483    -592.211         1.3     49230.8     3717.89     52948.7     49.0167    -758.856
      10400     9.48767     86040.7     219.495    -595.146         1.3     49944.9      3764.6     53709.5     46.7047    -760.357
      10300     9.07314       86989     220.482    -597.663         1.3     50653.7     3809.02     54462.7     44.4183    -761.356
      10200     9.06079     87896.3     221.425    -600.244         1.3     51364.8     3853.29     55218.1     44.2748    -761.968
      10100     8.51572     88801.8     222.356    -603.506         1.3     52093.2     3894.64     55987.8      41.344    -762.774
      10000     8.41721     89653.3     223.256    -606.833         1.3     52815.7     3935.38     56751.1     40.7439    -763.088
       9900     8.31707     90494.9     224.134    -610.116         1.3     53527.9     3975.55     57503.5     40.1655    -763.569
       9800     8.05206     91326.4     225.011    -613.398         1.3     54241.7     4014.28       58256     38.7323    -764.167
       9700     7.78952     92131.3     225.877    -616.645         1.3     54948.6     4051.59     59000.2     37.3109    -764.653
       9600     7.52989       92910     226.722    -619.821         1.3       55655      4087.5     59742.5     35.9097     -765.05
       9500     7.27287     93662.7     227.546    -622.919         1.3     56365.7     4122.03     60487.8     34.5293    -765.377
       9400      7.7346     94390.5      228.35    -625.309         1.3     57093.3     4158.88     61252.2     36.8503    -765.654
       9300     7.30008     95163.5     229.185    -627.496         1.3     57820.4     4193.49     62013.9     34.6148    -766.733
       9200     7.12781     95893.4     230.022    -629.555         1.3     58546.8     4227.17     62773.9     33.6785    -767.336
       9100     6.64133     96605.7     230.835    -631.467         1.3     59265.5     4258.34     63523.8     31.1647    -767.881
       9000     5.96076     97269.1     231.613    -633.206         1.3     59982.4     4286.02     64268.5     27.6873     -767.99
       8900     6.10584     97865.3     232.327    -634.683         1.3     60710.3     4314.35     65024.6     28.3228    -767.521
       8800     5.94512     98475.8     233.029    -636.043         1.3     61426.8     4341.84     65768.7     27.4964    -767.585
       8700     5.78476     99070.1     233.735    -637.363         1.3     62136.1     4368.51     66504.6     26.6648     -767.68
       8600     5.68141     99648.5     234.435    -638.628         1.3     62840.4     4394.62       67235     26.1145    -767.791
       8500     5.57724      100217     235.131     -639.85         1.3     63551.1     4420.19     67971.3     25.5691    -767.979
       8400     5.56541      100774     235.823    -640.713         1.3     64258.8     4445.67     68704.5     25.4768    -768.217
       8300     4.80523      101330     236.518    -641.422         1.3     64978.5     4467.45     69445.9     21.7823    -768.582
       8200     4.80571      101811     237.167     -641.91         1.3     65694.3     4489.16     70183.5     21.7077    -768.128
       8100     4.80301      102291     237.789     -642.23         1.3     66413.9     4510.82     70924.7     21.6605    -767.954
       8000     4.73429      102771     238.417    -642.502         1.3     67126.2     4532.13     71658.4     21.3081    -767.981
       7900     4.66454      103245     239.048    -642.688         1.3     67848.7     4553.08     72401.7     20.9519    -768.072
       7800     4.47237      103711     239.679     -642.82         1.3     68569.8      4573.1     73142.9      20.021    -768.201
       7700     4.49678      104158       240.3    -642.874         1.3     69289.7      4593.2     73882.9     20.0999    -768.204
       7600     4.30364      104608     240.919    -642.866         1.3     70012.9     4612.38     74625.3     19.1807    -768.365
       7500     4.11885      105038     241.531    -642.801         1.3     70742.8     4630.67     75373.5     18.2937     -768.37
       7400     3.93597      105450     242.127    -643.439         1.3       71477      4648.1     76125.1     17.4226    -768.263
       7300     4.19331      105843     242.707    -644.333         1.3     72213.2     4666.66     76879.9     18.5678    -768.089
       7200     4.43891      106263     243.299    -645.397         1.3     72953.8     4686.36     77640.2     19.7005    -768.413
       7100      4.1514      106707     243.923    -646.637         1.3     73695.8     4704.74     78400.5     18.3774    -769.103
       7000     2.96801      107121     244.542     -647.93         1.3     74430.6      4717.8     79148.4     13.0576    -769.409
       6900     2.98209      107417     245.077    -648.996         1.3     75165.6     4730.82     79896.5     13.0233    -768.326
       6800     3.96188      107717     245.562    -649.911         1.3     75898.9     4748.16     80647.1     17.3382    -767.643
       6700     3.65171      108112      246.11    -651.003         1.3     76631.8     4764.15       81396       15.99    -768.456
       6600     2.90961      108477     246.688    -652.187         1.3     77365.7     4776.86     82142.5     12.7122    -768.813
       6500     3.19566      108768     247.213    -653.231         1.3     78096.7     4790.75     82887.4     13.8866    -768.298
       6400     3.10173      109088     247.726    -654.009         1.3     78827.1     4804.22     83631.3     13.4741    -768.378
       6300     3.38861      109398     248.245    -654.712         1.3     79558.5     4818.93     84377.4     14.7048    -768.438
       6200     3.45843      109737     248.783    -655.424         1.3     80298.1     4833.95     85132.1     15.0169    -768.953
       6100     3.52572      110083      249.34    -656.163         1.3     81038.9     4849.26     85888.2     15.3098    -769.548
       6000     3.59063      110436     249.907    -656.922         1.3     81769.3     4864.85     86634.1     15.5929    -770.202
       5900     3.04732      110794     250.482    -657.698         1.3       82502     4878.07     87380.1     13.2183    -770.893
       5800      3.3477      111099     251.025    -658.375         1.3     83241.4     4892.54       88134     14.4746    -770.877
       5700     3.31515      111434     251.564    -659.022         1.3     83971.5     4906.88     88878.4     14.3356    -771.343
       5600     3.24851      111765     252.112    -659.686         1.3     84700.3     4920.91     89621.2     14.0375    -771.768
       5500     3.18382      112090     252.657     -660.33         1.3     85439.6     4934.66     90374.2     13.7427     -772.12
       5400     3.06778      112408     253.196    -661.478         1.3     86178.4     4947.89     91126.3     13.2292    -772.421
       5300     2.95373      112715     253.725    -662.815         1.3     86909.7     4960.61     91870.4     12.7251    -772.631
       5200     3.61259      113011     254.243    -664.209         1.3     87653.3     4976.17     92629.4     15.5573    -772.792
       5100     3.34069      113372     254.796    -665.751         1.3     88383.6     4990.57     93374.2     14.4036    -773.838
       5000     3.07425      113706     255.362    -667.374         1.3     89107.4     5003.81     94111.2     13.2377    -774.449
       4900     3.28039      114013     255.903    -668.935         1.3     89829.4     5017.91     94847.4     14.0969    -774.748
       4800     3.32867      114342     256.443    -670.506         1.3     90555.2     5032.21     95587.4     14.3066    -775.369
       4700     3.37496      114674     256.994    -672.108         1.3     91286.5     5046.72     96333.2     14.5058    -776.051
       4600     2.84787      115011     257.551    -673.716         1.3     92008.4     5058.97     97067.3      12.249    -776.773
       4500     2.56379      115296     258.078    -675.242         1.3     92727.8     5069.99     97797.8     11.0222    -776.857
       4400     2.93383      115553     258.565    -676.382         1.3       93446     5082.52     98528.5     12.5345    -776.738
       4300     2.90883      115846     259.062    -677.431         1.3     94165.9     5094.96     99260.9     12.4375    -777.215
       4200     2.95492      116137     259.575     -678.47         1.3     94880.8     5107.59     99988.4     12.6252    -777.684
       4100     2.71319      116432     260.093    -679.488         1.3     95591.3     5119.19      100710     11.6074    -778.228
       4000     2.98001      116704     260.599    -680.458         1.3     96300.8      5131.9      101433      12.701    -778.499
       3900     3.23454      117002     261.112    -681.437         1.3     97007.2     5145.68      102153     13.7876    -779.152
       3800     2.75986      117325     261.652    -682.488         1.3     97714.6     5157.48      102872     11.7981    -780.074
       3700     2.61125      117601     262.175    -683.943         1.3     98417.5     5168.63      103586     11.1496     -780.37
       3600     2.46529      117862     262.671    -686.262         1.3     99121.5     5179.16      104301     10.5291    -780.584
       3500     2.79162      118109      263.15    -688.824         1.3     99824.6     5191.01      105016     11.8502    -780.764
       3400     2.42539      118387     263.643    -691.416         1.3      100530     5201.37      105731     10.3573    -781.463
       3300     2.39889      118630     264.129    -694.033         1.3      101242     5211.59      106454     10.2213    -781.776
       3200     2.37172      118870     264.601    -696.219         1.3      101952     5221.69      107173     10.0991    -782.187
       3100     2.24506      119107      265.07    -697.508         1.3      102660     5231.27      107892     9.57965     -782.65
       3000     2.11954      119331     265.533    -698.527         1.3      103365     5240.33      108605     9.06703    -783.021
       2900     2.23756      119543     265.985    -699.363         1.3      104068     5249.85      109317     9.51514    -783.316
       2800     2.07192      119767      266.44    -700.118         1.3      104769     5258.71      110027     8.86008    -783.819
       2700      2.8593      119975     266.892    -700.943         1.3      105475     5270.72      110746     12.0083    -784.168
       2600     1.44936      120259     267.385     -702.13         1.3      106190     5277.23      111468     6.51541    -785.455
       2500     2.39507      120405     267.829    -703.248         1.3      106892      5287.3      112179     10.0713    -785.024
       2400     2.19833      120645     268.274    -704.372         1.3      107590     5296.63      112886     9.32637    -785.908
       2300     1.96567      120864     268.741    -705.566         1.3      108289     5305.04      113594     8.40908    -786.517
       2200     1.73519      121061     269.192    -706.601         1.3      108993     5312.55      114305     7.50787    -786.877
       2100     1.65371      121234     269.621     -707.32         1.3      109689     5319.73      115008     7.17918    -787.042
       2000     1.57279      121399     270.036    -707.918         1.3      110383     5326.59      115710     6.86432    -787.212
       1900     1.63697      121557     270.444    -708.444         1.3      111078     5333.68      116412      7.0897     -787.38
       1800     1.56316      121720     270.854    -708.943         1.3      111771     5340.49      117111     6.81263    -787.702
       1700     1.71444      121877     271.265    -709.495         1.3      112461     5347.86      117809     7.36172    -787.988
       1600     2.04295      122049     271.684     -710.21         1.3      113153     5356.46      118509     8.60374    -788.503
       1500      1.4534      122252     272.128    -711.037         1.3      113845     5362.88      119207     6.41672    -789.382
       1400    0.886475      122397     272.555    -711.841         1.3      114535     5367.27      119902     4.39542    -789.525
       1300     1.01909      122486     272.928    -712.505         1.3      115227     5372.08      120599     4.80821    -789.131
       1200      1.1419      122588     273.285    -712.906         1.3      115931     5377.31      121308      5.2287    -789.088
       1100     1.23526      122702     273.654    -712.883         1.3      116630     5382.86      122013     5.55636     -789.29
       1000     1.28444      122826     274.036    -712.758         1.3      117327     5388.59      122715     5.72866    -789.634
        900     1.13931      122954     274.429    -712.506         1.3      118024     5393.82      123417     5.22148    -790.028
        800     2.04952      123069     274.817    -712.157         1.3      118722     5402.32      124124     8.50316    -790.252
        700     2.11957      123274      275.25    -711.803         1.3      119417     5411.13      124828     8.81668    -791.502
        600      1.1951      123485     275.722    -711.349         1.3      120123     5416.59      125540      5.4528    -792.587
        500     0.92854      123604      276.15     -710.68         1.3      120831     5421.08      126252     4.49262    -792.467
        400     1.43213      123697     276.526    -709.741         1.3      121551     5427.28      126978     6.20194    -792.132
        300  0.00651829      123839     276.913    -708.752         1.3      122261      5428.1      127689    0.813187    -792.437
        200 0.000443578      123840     277.244    -707.327         1.3      122979     5428.14      128407   0.0480415     -791.11
        100    0.785115      123841     277.525     -705.27         1.3      123683     5432.07      129115     3.92975    -790.057
          0     5.46731      123924     277.846    -703.146         1.3      124376     5454.79      129831     22.7122    -790.134