     20000          0          0    179.437     354.04        0.7    78.9895    14.2831    93.2726    14.2831     6.5598
     19900          0          0    179.437     353.13        0.7    151.419    29.7361    181.156    15.4531    6.43382
     19800          0          0    179.437    352.506        0.7    228.894    46.3592    275.253    16.6231    6.30822
     19700          0          0    179.437    352.255        0.7    299.319    60.5222    359.841    14.1631    6.19879
     19600          0          0    179.437     352.29        0.7    351.209    72.5053    423.714    11.9831    6.12087
     19500          0          0    179.437    350.597        0.7    414.692    82.0183     496.71    9.51306    6.05158
     19400          0          0    179.437    347.879        0.7    487.353    94.1014    581.454    12.0831    5.90477
     19300          0          0    179.437    345.374        0.7    558.279    106.214    664.494    12.1131    5.65656
     19200          0          0    179.437    342.873        0.7    620.606    118.358    738.963    12.1431    5.32496
     19100          0          0    179.437     342.02        0.7    681.386    130.011    811.397    11.6531    4.94128
     19000          0          0    179.437    342.156        0.7     741.53    142.474    884.004    12.4631    4.58749
     18900          0          0    179.437    340.553        0.7    800.577    155.747    956.323    13.2731    4.26219
     18800          0          0    179.437    337.986        0.7    870.831     166.28    1037.11    10.5331    3.87637
     18700          0          0    179.437     336.21        0.7    952.601    178.113    1130.71    11.8331    3.41716
     18600          0          0    179.437    334.818        0.7    1047.59    192.576    1240.17    14.4631    2.92873
     18500          0          0    179.437    333.482        0.7    1150.05    201.259    1351.31    8.68306    2.42444
     18400          0          0    179.437    332.205        0.7    1219.19    209.492    1428.69    8.23306     1.9065
     18300          0          0    179.437    329.228        0.7     1275.7    218.075    1493.77    8.58306    1.34924
     18200          0          0    179.437      325.2        0.7     1360.8    226.658    1587.45    8.58306   0.672723
     18100          0          0    179.437    321.768        0.7    1469.79    234.714     1704.5    8.05639  -0.137283
     18000          0          0    179.437    318.559        0.7    1574.09    243.331    1817.42    8.61639   -1.04056
     17900          0          0    179.437     317.64        0.7    1670.99    253.364    1924.35    10.0331   -1.98653
     17800          0          0    179.437    318.134        0.7       1766    264.257    2030.25    10.8931   -2.86227
     17700          0          0    179.437    316.312        0.7    1860.47     274.54    2135.01    10.2831   -3.66765
     17600          0          0    179.437    313.229        0.7    1943.92    288.828    2232.75    14.2881   -4.52282
     17500          0          0    179.437    313.298        0.7    2011.35    302.776    2314.12    13.9481   -5.41147
     17400          0          0    182.115    344.137        0.7    2042.72    312.444    2355.16    9.66738   -7.03503
     17300          0          0    182.934    353.815        0.7    2073.54    322.233    2395.78    9.78928   -7.23612
     17200          0          0     183.39    359.881        0.7    2096.59    335.928    2432.52     13.695   -7.02974
     17100          0          0    183.841    363.835        0.7    2099.91    350.717    2450.63    14.7892   -6.64495
     17000          0          0    184.395    366.328        0.7    2106.32    368.422    2474.74    17.7049   -6.19849
     16900          0          0    185.076    363.157        0.7    2119.69    386.971    2506.66    18.5487   -5.83044
     16800          0          0    185.879     356.08        0.7    2132.94    406.282    2539.22    19.3111   -5.80695
     16700          0          0    186.789    347.713        0.7    2143.96    427.383    2571.34    21.1008   -6.22983
     16600          0          0    187.792    338.163        0.7    2156.83     452.74    2609.57    25.3575   -7.09448
     16500  0.0634766  0.0634766    188.875    339.172        0.7    2164.82    472.218    2637.03    19.4779   -8.22539
     16400   0.185547     6.5332    190.057    347.149        0.7    2171.27    496.129     2667.4    23.9106   -10.4759
     16300   0.141602    25.0439    191.396     351.86        0.7    2187.43    517.249    2704.68    21.1204   -14.6555
     16200          0    39.0625    192.865    354.937        0.7    2208.45    543.829    2752.28    26.5802   -16.7506
     16100          0    39.0625     194.34    346.476        0.7    2225.79    573.227    2799.01    29.3975   -15.2929
     16000          0    39.0625    195.779    330.177        0.7    2233.21     601.15    2834.36    27.9239   -14.7788
     15900          0    39.0625    197.208    321.877        0.7    2235.77    627.795    2863.57     26.645   -15.1957
     15800  0.0292969    39.0918    198.635    318.413        0.7    2241.44     651.52    2892.97    23.7249   -15.9677
     15700  0.0415039    42.0337    200.081     316.13        0.7    2247.87     674.95    2922.82    23.4292   -17.4991
     15600  0.0463867     46.189    201.556    314.864        0.7    2255.78    696.153    2951.93    21.2039   -19.1869
     15500  0.0610352    50.8423    203.057    312.833        0.7    2263.67    716.626     2980.3     20.473   -20.8028
     15400   0.161133    57.0459    204.583    310.385        0.7    2276.42    736.049    3012.47    19.4222   -22.6361
     15300   0.361328    73.3594    206.178    309.385        0.7    2297.12    757.187    3054.31    21.1387   -26.5365
     15200   0.505371    109.636     207.95    309.089        0.7    2318.32    777.311    3095.63    20.1237   -34.1256
     15100   0.639648    160.308    209.972    314.624        0.7     2347.6    796.112    3143.71    18.8014   -43.1729
     15000   0.761719    224.395    212.265    324.057        0.7     2389.6     813.15    3202.75    17.0372   -52.7593
     14900   0.656738    300.461    214.836    330.633        0.7     2440.7     826.96    3267.66    13.8103   -62.2759
     14800          0    365.479    217.578    335.784        0.7    2501.42     838.66    3340.08    11.7005   -67.1196
     14700          0    365.479     220.02    326.304        0.7    2554.72    847.635    3402.35    8.97466   -57.6133
     14600          0    365.479    213.185    257.704        0.7    2567.39     870.29    3437.68    22.6554   -51.0214
     14500          0    365.479      211.2     231.01        0.7    2570.93    898.438    3469.37    28.1471   -50.3128
     14400          0    365.479     211.49    214.624        0.7     2581.9    928.302     3510.2     29.864   -51.8603
     14300          0    365.479    212.562     200.53        0.7    2595.65    954.889    3550.54    26.5876   -54.2207
     14200          0    365.479    213.837    188.521        0.7    2615.99    979.605    3595.59    24.7154    -56.832
     14100          0    365.479    215.117    182.083        0.7    2636.78    1002.82     3639.6    23.2161   -59.3567
     14000          0    365.479    216.349    179.134        0.7    2666.74    1023.46     3690.2     20.636   -61.5119
     13900          0    365.479    217.527      174.2        0.7    2701.86     1046.5    3748.36    23.0427   -63.2924
     13800          0    365.479    218.662     168.39        0.7    2728.17    1066.35    3794.52    19.8535   -64.9003
     13700          0    365.479    219.755     164.15        0.7    2770.34    1087.95    3858.29    21.5945    -66.406
     13600          0    365.479    220.812    160.788        0.7    2805.22    1108.34    3913.56    20.3928    -67.788
     13500          0    365.479    221.836    163.996        0.7    2840.46    1122.33     3962.8    13.9944   -68.9562
     13400          0    365.479    222.829    171.195        0.7    2874.37    1138.55    4012.91    16.2111   -69.6328
     13300          0    365.479    223.792    168.218        0.7    2908.88    1151.61     4060.5    13.0677   -69.9487
     13200          0    365.479    227.351    189.048        0.7    2926.18    1164.18    4090.36    12.5643   -70.3289
     13100   0.012207    365.491    229.611    195.657        0.7    2937.48    1170.43    4107.91    6.25418   -69.6782
     13000          0    366.699    231.445    201.525        0.7    2956.83    1177.47     4134.3    7.04127   -68.9115
     12900  0.0634766    366.763    232.923    207.794        0.7    2961.05    1183.26    4144.31    5.78449   -67.6814
     12800  0.0805664    373.127    234.076    214.094        0.7       2965    1190.06    4155.07    6.80628   -67.6844
     12700          0    381.104    235.163    216.272        0.7    2966.46     1197.5    4163.96    7.43909   -67.7827
     12600          0    381.104     236.35    215.593        0.7    2986.66     1206.3    4192.96    8.80013   -66.1859
     12500          0    381.104    237.557    215.454        0.7    3004.33    1215.73    4220.07     9.4308   -65.0425
     12400          0    381.104    238.781    215.439        0.7    3024.12    1223.05    4247.18    7.31911   -64.2442
     12300          0    381.104    240.021    214.111        0.7    3032.94    1229.82    4262.76    6.76502    -63.754
     12200  0.0732422    381.177    241.276    211.802        0.7     3038.6    1237.84    4276.45    8.02673   -63.6067
     12100   0.231934     388.66    242.581    210.933        0.7    3053.23    1247.71    4300.94     9.8609   -65.3137
     12000   0.380859    412.002    244.031     210.76        0.7    3076.47    1253.77    4330.24    6.06673   -70.1894
     11900   0.566406    450.273    245.715    211.187        0.7    3104.07    1262.61    4366.68    8.83939   -77.2827
     11800   0.169678    506.517    247.708    211.839        0.7     3136.8    1269.94    4406.74    7.33198   -86.6234
     11700  0.0146484     523.33     249.79    220.153        0.7     3181.2    1276.74    4457.94    6.79223   -85.9436
     11600          0     524.78    238.132    194.494        0.7    3206.58    1295.97    4502.55    19.2315    -81.958
     11500          0     524.78    234.134    176.924        0.7    3224.07     1327.6    4551.67    31.6326   -81.0536
     11400          0     524.78    233.582    153.503        0.7    3230.62    1361.97    4592.59      34.37   -82.1976
     11300          0     524.78    234.287    142.421        0.7    3230.93    1393.16    4624.09    31.1908   -84.4748
     11200          0     524.78    235.399    138.227        0.7    3235.35    1422.61    4657.96    29.4509   -86.8108
     11100          0     524.78    236.608    130.582        0.7    3259.96     1450.9    4710.86    28.2918   -88.9256
     11000          0     524.78    237.804    121.307        0.7    3293.25     1477.9    4771.15    26.9964   -91.0182
     10900          0     524.78    238.952    115.979        0.7    3317.14    1506.55    4823.69    28.6479   -93.0909
     10800          0     524.78    240.049    112.885        0.7    3329.34    1532.05    4861.39    25.5008   -94.9765
     10700          0     524.78    241.099    108.891        0.7    3343.11    1557.17    4900.28    25.1259   -96.6807
     10600          0     524.78    242.108    104.498        0.7    3361.03    1581.97       4943    24.7922   -98.3139
     10500          0     524.78    243.081    101.829        0.7    3379.16    1606.39    4985.54    24.4191   -99.8967
     10400          0     524.78    244.022    100.168        0.7    3397.88    1628.56    5026.45     22.178   -101.371
     10300          0     524.78    244.935    99.0926        0.7    3409.99    1648.53    5058.51    19.9653   -102.728
     10200          0     524.78    245.822    97.9347        0.7    3422.93    1668.41    5091.33    19.8777   -103.974
     10100          0     524.78    246.688     95.764        0.7    3451.97    1685.42    5137.39    17.0121   -105.172
     10000          0     524.78    247.532    93.2696        0.7    3474.41    1701.89    5176.29    16.4683   -106.376
      9900          0     524.78     248.35    90.6053        0.7    3485.94    1717.84    5203.77    15.9497   -107.606
      9800          0     524.78    249.141    87.8092        0.7     3498.5    1732.44    5230.94    14.6029   -108.872
      9700          0     524.78    249.905    84.9068        0.7    3503.85    1745.72    5249.57     13.282   -110.182
      9600          0     524.78    250.649    81.9183        0.7    3508.51     1757.7    5266.22    11.9822   -111.539
      9500          0     524.78    251.375    78.8555        0.7    3517.47     1768.4    5285.87    10.6995   -112.946
      9400          0     524.78    252.088    76.5435        0.7    3543.19    1781.52     5324.7    13.1122   -114.389
      9300          0     524.78    252.788    74.6679        0.7    3568.08    1792.53     5360.6    11.0117   -115.827
      9200          0     524.78    253.476    73.0334        0.7    3591.88    1802.75    5394.63    10.2243   -117.243
      9100          0     524.78    254.145    71.5661        0.7    3607.57    1810.61    5418.18     7.8553   -118.631
      9000          0     524.78    254.795     70.233        0.7    3621.08    1815.11    5436.19    4.50455   -119.987
      8900          0     524.78    255.433    69.0269        0.7    3645.22    1820.33    5465.55    5.21711   -121.308
      8800          0     524.78    256.058    67.9216        0.7    3657.78     1824.8    5482.58    4.46714   -122.594
      8700          0     524.78    256.666    66.9012        0.7    3662.76    1828.53    5491.29    3.73402   -123.841
      8600          0     524.78    257.255    65.9568        0.7    3663.06    1831.83    5494.88    3.29491    -125.05
      8500          0     524.78    257.828    65.0791        0.7    3668.88     1834.7    5503.57    2.87223    -126.22
      8400          0     524.78    258.387    64.6938        0.7    3671.15    1837.61    5508.76    2.91291   -127.345
      8300          0     524.78    258.935    64.6284        0.7    3684.78    1838.25    5523.03  -0.635354   -128.402
      8200          0     524.78    259.474    64.7823        0.7    3693.94    1838.84    5532.79  -0.599324   -129.381
      8100          0     524.78    260.005    65.1267        0.7    3706.15     1839.4    5545.56    -0.5554    -130.28
      8000          0     524.78     260.53    65.6274        0.7    3710.38     1840.2    5550.59  -0.804698   -131.095
      7900          0     524.78    261.046     66.334        0.7    3723.77    1841.25    5565.02   -1.04616   -131.824
      7800          0     524.78     261.55     67.208        0.7    3734.85     1843.1    5577.95   -1.84969   -132.463
      7700          0     524.78    262.038    68.2371        0.7    3743.68    1844.74    5588.42   -1.63807   -133.011
      7600          0     524.78    262.512    69.4308        0.7    3754.63    1847.15    5601.78   -2.41202   -133.465
      7500          0     524.78    262.972    70.7606        0.7    3770.93     1850.3    5621.22   -3.14674   -133.824
      7400          0     524.78    263.416    71.1727        0.7    3790.46    1854.16    5644.63   -3.86564   -134.106
      7300          0     524.78    263.843     71.063        0.7    3811.34    1856.73    5668.07   -2.56773   -134.367
      7200          0     524.78    264.254    70.6797        0.7    3835.87    1857.99    5693.85   -1.25429   -134.628
      7100          0     524.78    264.654    70.1089        0.7    3861.06    1860.34     5721.4   -2.35361   -134.898
      7000          0     524.78    265.044    69.3987        0.7    3878.55    1867.78    5746.34   -7.44354   -135.184
      6900          0     524.78    265.426    68.5917        0.7    3896.02    1875.11    5771.13   -7.32589   -135.488
      6800          0     524.78    265.802    67.7076        0.7    3911.66    1878.01    5789.67   -2.90194   -135.812
      6700          0     524.78    266.173    66.7713        0.7    3926.82    1882.08     5808.9   -4.07262   -136.156
      6600          0     524.78    266.539    65.8114        0.7    3942.66    1889.22    5831.88   -7.13866   -136.519
      6500          0     524.78    266.901    64.8184        0.7    3955.59    1895.02    5850.61   -5.80064   -136.901
      6400          0     524.78    267.259    64.1023        0.7    3967.94    1901.08    5869.02   -6.05907   -137.296
      6300          0     524.78    267.615    63.5464        0.7    3981.07    1905.75    5886.82   -4.66499   -137.688
      6200          0     524.78    267.969    63.0863        0.7    4002.17    1909.92    5912.09   -4.16929    -138.07
      6100          0     524.78     268.32    62.7122        0.7    4024.11    1913.59    5937.69   -3.66978    -138.44
      6000          0     524.78    268.664    62.3965        0.7    4035.12    1916.75    5951.87   -3.16428   -138.795
      5900          0     524.78    269.002    62.1273        0.7    4048.04    1922.05    5970.09   -5.30242   -139.134
      5800          0     524.78    269.334    61.8956        0.7    4067.18    1925.89    5993.06   -3.83448   -139.458
      5700          0     524.78     269.66    61.6961        0.7    4076.53    1929.65    6006.18   -3.75952   -139.766
      5600          0     524.78    269.976    61.5255        0.7    4084.15    1933.47    6017.62   -3.82583   -140.059
      5500          0     524.78    270.282    61.3806        0.7    4101.67    1937.35    6039.03    -3.8821   -140.334
      5400          0     524.78    270.577    60.5412        0.7    4118.51    1941.51    6060.02   -4.15221   -140.608
      5300          0     524.78    270.861    59.2804        0.7    4127.75    1945.92    6073.67   -4.41082   -140.917
      5200          0     524.78    271.134    57.7856        0.7    4149.26    1947.25    6096.51    -1.3338   -141.277
      5100          0     524.78    271.397    56.1384        0.7     4157.7    1949.45    6107.15   -2.19747   -141.693
      5000          0     524.78    271.653    54.3551        0.7    4159.81     1952.5    6112.31   -3.05305   -142.167
      4900          0     524.78    271.902    52.4866        0.7    4160.42     1954.4    6114.82   -1.90159     -142.7
      4800          0     524.78    272.144    50.5365        0.7    4165.16     1955.8    6120.96   -1.39394   -143.291
      4700          0     524.78    272.381    48.5228        0.7    4175.76    1956.68    6132.44  -0.880975   -143.939
      4600          0     524.78    272.614    46.4752        0.7    4177.46    1959.49    6136.95   -2.81362   -144.643
      4500          0     524.78    272.843     44.375        0.7    4177.61    1963.23    6140.84   -3.74253     -145.4
      4400          0     524.78    273.068    42.5942        0.7    4178.44     1965.2    6143.64   -1.96813   -146.202
      4300          0     524.78    273.291    40.9901        0.7    4179.94    1966.99    6146.94   -1.79077    -147.03
      4200 0.00244141    524.783    273.511    39.4791        0.7    4182.96     1968.3    6151.26   -1.31073   -147.876
      4100  0.0512695    525.076     273.73    38.0393        0.7    4190.04    1970.33    6160.38    -2.0301    -148.79
      4000  0.0561523    530.208    273.987    36.5633        0.7    4197.51    1971.02    6168.53  -0.687179   -150.617
      3900  0.0830078     535.85    274.293    35.0601        0.7    4207.66    1971.63    6179.29   0.607454   -152.326
      3800  0.0366211    544.104    274.645    33.5118        0.7    4216.18    1972.82    6189.01   -1.19452   -154.348
      3700  0.0610352    547.791    274.999    31.4419        0.7    4228.76     1974.5    6203.25   -1.67405   -155.279
      3600  0.0195312    553.853    275.349    27.8447        0.7    4238.85    1976.65    6215.49    -2.1492   -156.751
      3500 0.00488281    555.791     275.68    23.6365        0.7    4248.14    1977.33    6225.47  -0.679886   -157.494
      3400          0    556.274    275.966    19.2458        0.7    4253.54    1979.29    6232.83   -1.96569   -158.226
      3300          0    556.274    276.215     14.649        0.7    4257.38    1981.16    6238.54   -1.86532   -159.154
      3200          0    556.274    276.441    10.3969        0.7    4259.87     1982.9    6242.77   -1.74132   -160.347
      3100          0    556.274    276.652    7.45289        0.7    4263.87     1984.9    6248.77   -2.00222   -161.702
      3000          0    556.274    276.852    4.97838        0.7    4264.78    1987.15    6251.93   -2.25207   -163.141
      2900          0    556.274    277.043    2.83642        0.7    4265.19     1988.7    6253.88   -1.54253   -164.625
      2800          0    556.274    277.225   0.929073        0.7     4265.2    1990.62    6255.82   -1.92457    -166.13
      2700          0    556.274    277.398  -0.978654        0.7    4272.13    1992.12    6264.25    1.50154   -167.642
      2600          0    556.274    277.564   -3.21477        0.7    4288.17    1995.79    6283.96   -3.66426   -169.171
      2500          0    556.274    277.722   -5.54965        0.7     4291.8    1995.96    6287.76   0.177809   -170.728
      2400          0    556.274    277.873   -7.91258        0.7    4293.42    1996.24    6289.66  -0.272646   -172.312
      2300          0    556.274    278.016   -10.3016        0.7    4296.99     1997.1    6294.09  -0.866109   -173.923
      2200          0    556.274    278.153   -12.5575        0.7    4307.05    1998.56    6305.61   -1.45308   -175.557
      2100          0    556.274    278.284   -14.4109        0.7    4309.95    2000.04    6309.99   -1.48409   -177.194
      2000          0    556.274     278.41   -16.0973        0.7    4312.94    2001.55    6314.49   -1.50976   -178.816
      1900          0    556.274    278.531   -17.6558        0.7    4316.72    2002.55    6319.27  -0.997535   -180.416
      1800          0    556.274    278.648   -19.1151        0.7    4319.47    2003.53    6322.99  -0.981446   -181.991
      1700          0    556.274    278.762   -20.5891        0.7    4320.86    2003.66    6324.52  -0.135436   -183.538
      1600          0    556.274    278.873   -22.2493        0.7    4324.99    2005.08    6330.07    1.41416   -185.068
      1500          0    556.274    278.982   -23.9618        0.7    4329.51    2005.51    6335.02  -0.437223   -186.589
      1400          0    556.274    279.089   -25.7136        0.7    4333.48    2007.65    6341.13    -2.1391   -188.103
      1300          0    556.274    279.194   -27.4892        0.7    4341.18    2009.11     6350.3   -1.45824   -189.612
      1200          0    556.274    279.298    -28.999        0.7    4360.62     2009.9    6370.52  -0.784542   -191.116
      1100          0    556.274      279.4   -29.7667        0.7    4376.96    2010.09    6387.04  -0.190186    -192.58
      1000          0    556.274    279.501     -30.21        0.7    4391.17    2010.35    6401.52   0.263675   -193.976
       900          0    556.274    279.601   -30.3039        0.7    4405.78     2010.4    6416.17  0.0485849   -195.294
       800          0    556.274    279.701   -30.1351        0.7    4421.63    2014.02    6435.64    3.61945   -196.523
       700          0    556.274    279.799   -29.6537        0.7    4435.26    2018.29    6453.54    4.26785   -197.656
       600          0    556.274    279.896   -28.7092        0.7    4458.77    2019.57    6478.33    1.27874   -198.679
       500          0    556.274    279.993   -27.4839        0.7    4482.76    2020.21    6502.97   0.649576    -199.58
       400          0    556.274    280.089    -25.953        0.7    4519.17    2022.85    6542.02    2.63865   -200.354
       300          0    556.274    280.184   -24.1724        0.7    4544.87    2025.31    6570.18   -2.45738   -200.996
       200          0    556.274    280.279   -21.9195        0.7    4577.39     2028.3    6605.69   -2.98604   -201.501
       100          0    556.274    280.372   -18.7759        0.7     4595.1    2029.38    6624.47     1.0829   -201.836
         0          0    556.274    280.465   -15.1486        0.7    4599.82    2049.47    6649.29    20.0925   -201.978