     20000          0          0    179.437     354.04        1.8    78.9895    14.2831    93.2726    14.2831     6.5598
     19900          0          0    179.437     353.13        1.8    151.419    29.7361    181.156    15.4531    6.43382
     19800          0          0    179.437    352.506        1.8    228.894    46.3592    275.253    16.6231    6.30822
     19700          0          0    179.437    352.255        1.8    299.319    60.5222    359.841    14.1631    6.19879
     19600          0          0    179.437     352.29        1.8    351.209    72.5053    423.714    11.9831    6.12087
     19500          0          0    179.437    350.597        1.8    414.692    82.0183     496.71    9.51306    6.05158
     19400          0          0    179.437    347.879        1.8    487.353    94.1014    581.454    12.0831    5.90477
     19300          0          0    179.437    345.374        1.8    558.279    106.214    664.494    12.1131    5.65656
     19200          0          0    179.437    342.873        1.8    620.606    118.358    738.963    12.1431    5.32496
     19100          0          0    179.437     342.02        1.8    681.386    130.011    811.397    11.6531    4.94128
     19000          0          0    179.437    342.156        1.8     741.53    142.474    884.004    12.4631    4.58749
     18900          0          0    179.437    340.553        1.8    800.577    155.747    956.323    13.2731    4.26219
     18800          0          0    179.437    337.986        1.8    870.831     166.28    1037.11    10.5331    3.87637
     18700          0          0    179.437     336.21        1.8    952.601    178.113    1130.71    11.8331    3.41716
     18600          0          0    179.437    334.818        1.8    1047.59    192.576    1240.17    14.4631    2.92873
     18500          0          0    179.437    333.482        1.8    1150.05    201.259    1351.31    8.68306    2.42444
     18400          0          0    179.437    332.205        1.8    1219.19    209.492    1428.69    8.23306     1.9065
     18300          0          0    179.437    329.228        1.8     1275.7    218.075    1493.77    8.58306    1.34924
     18200          0          0    179.437      325.2        1.8     1360.8    226.658    1587.45    8.58306   0.672723
     18100          0          0    179.437    321.768        1.8    1469.79    234.714     1704.5    8.05639  -0.137283
     18000          0          0    179.437    318.559        1.8    1574.09    243.331    1817.42    8.61639   -1.04056
     17900          0          0    179.437     317.64        1.8    1670.99    253.364    1924.35    10.0331   -1.98653
     17800          0          0    179.437    318.134        1.8       1766    264.257    2030.25    10.8931   -2.86227
     17700          0          0    179.437    316.312        1.8    1860.47     274.54    2135.01    10.2831   -3.66765
     17600          0          0    179.437    313.229        1.8    1943.92    288.828    2232.75    14.2881   -4.52282
     17500          0          0    179.437    313.298        1.8    2011.35    302.776    2314.12    13.9481   -5.41147
     17400          0          0    182.115    344.137        1.8    2042.72    312.444    2355.16    9.66738   -7.03503
     17300          0          0    182.934    353.815        1.8    2073.54    322.233    2395.78    9.78928   -7.23612
     17200          0          0     183.39    359.881        1.8    2096.59    335.928    2432.52     13.695   -7.02974
     17100          0          0    183.841    363.835        1.8    2099.91    350.717    2450.63    14.7892   -6.64495
     17000          0          0    184.395    366.328        1.8    2106.32    368.422    2474.74    17.7049   -6.19849
     16900          0          0    185.076    363.157        1.8    2119.69    386.971    2506.66    18.5487   -5.83044
     16800          0          0    185.879     356.08        1.8    2132.94    406.282    2539.22    19.3111   -5.80695
     16700          0          0    186.789    347.713        1.8    2143.96    427.383    2571.34    21.1008   -6.22983
     16600          0          0    187.792    338.163        1.8    2156.83     452.74    2609.57    25.3575   -7.09448
     16500  0.0830078  0.0830078    188.875    339.172        1.8    2164.82    472.218    2637.03    19.4779    -8.2304
     16400   0.258789    8.55957    189.981    347.144        1.8    2171.27    496.205    2667.47     23.987   -10.9349
     16300   0.192871    34.3726    190.984    351.837        1.8    2187.41    517.737    2705.14    21.5321   -16.6375
     16200          0    53.4668    191.903    354.944        1.8    2208.43    545.279    2753.71    27.5418   -19.3858
     16100          0    53.4668    192.917    346.565        1.8    2225.86    576.099    2801.96    30.8201   -17.3078
     16000          0    53.4668    194.074    330.353        1.8    2233.45    605.729    2839.18    29.6297   -16.3189
     15900          0    53.4668    195.318     322.15        1.8    2236.29    634.263    2870.55    28.5343   -16.3843
     15800  0.0463867    53.5132    196.623    318.776        1.8    2242.32        660    2902.33    25.7372   -16.9018
     15700   0.065918    58.1714    197.944    316.563        1.8    2249.19    685.566    2934.75    25.5657   -18.6245
     15600  0.0732422    64.7705     199.25    315.355        1.8    2257.58    709.075    2966.66    23.5096   -20.6289
     15500  0.0927734    72.1143    200.538    313.372        1.8    2266.02    732.067    2998.08    22.9917   -22.5483
     15400   0.229492    81.5283    201.802     310.97        1.8    2279.35     754.27    3033.62    22.2029   -24.7331
     15300   0.537109    104.785    202.965    310.011        1.8    2300.68    778.621     3079.3    24.3515   -29.7108
     15200   0.795898    158.755    203.833    309.715        1.8     2322.5    802.862    3125.36    24.2405   -40.3825
     15100    1.05469    238.604    204.244    315.248        1.8     2352.4    827.391    3179.79    24.5295   -54.0553
     15000    1.33301    344.351    204.125    324.694        1.8    2395.04    852.569    3247.61    25.1775   -69.4549
     14900    1.10352    477.422    203.424    331.257        1.8    2446.76    877.791    3324.55    25.2225   -86.0367
     14800          0     586.67    202.388     336.64        1.8    2508.34    904.683    3413.02    26.8911   -93.7195
     14700          0     586.67    201.777     327.57        1.8    2562.91      931.9    3494.81    27.2171    -78.804
     14600          0     586.67    193.257    259.414        1.8    2577.29    974.482    3551.77    42.5826   -67.8495
     14500          0     586.67    190.663    233.192        1.8    2578.64    1023.17    3601.81    48.6844   -63.9944
     14400          0     586.67    190.558     217.17        1.8    2587.07    1073.96    3661.03    50.7959   -63.2229
     14300          0     586.67    191.303    203.304        1.8    2598.05    1121.81    3719.86    47.8474   -63.8755
     14200          0     586.67    192.312    191.458        1.8    2615.45    1168.05     3783.5    46.2401   -65.2323
     14100          0     586.67    193.398    185.232        1.8    2633.09    1212.99    3846.07     44.935   -66.8367
     14000          0     586.67    194.502    182.478        1.8    2659.71    1255.47    3915.18    42.4826   -68.3177
     13900          0     586.67    195.604    177.598        1.8    2691.43    1300.43    3991.86     44.966    -69.603
     13800          0     586.67    196.698     171.79        1.8    2714.34    1342.25    4056.59    41.8173   -70.8459
     13700          0     586.67    197.788    167.555        1.8     2753.1    1385.81    4138.92    43.5617   -72.0821
     13600          0     586.67    198.883    164.168        1.8    2784.61    1428.13    4212.74    42.3222   -73.2648
     13500          0     586.67     199.98    167.537        1.8    2816.31    1463.99    4280.29    35.8502   -74.2853
     13400          0     586.67    201.077    174.951        1.8    2846.45    1501.95     4348.4     37.963   -74.8517
     13300          0     586.67    202.171    171.832        1.8    2877.35    1536.64    4413.99    34.6893   -75.0813
     13200          0     586.67    205.626    192.957        1.8    2890.75    1570.93    4461.67    34.2893   -75.2798
     13100  0.0976562    586.768    207.826    199.788        1.8    2897.91    1598.97    4496.87    28.0387    -74.457
     13000          0    596.436    209.574    205.723        1.8    2913.06    1627.88    4540.94     28.912   -75.2682
     12900   0.166016    596.602    210.982    212.114        1.8    2913.16     1655.6    4568.76    27.7256   -73.5524
     12800   0.185547    613.223    212.011    218.478        1.8     2921.5    1684.47    4605.97    28.8714   -75.2517
     12700  0.0366211    631.628    212.818    220.568        1.8    2924.34    1714.26     4638.6    29.7841   -76.7037
     12600          0    635.254     213.73    219.816        1.8    2940.32    1745.68       4686    31.4197   -74.7983
     12500          0    635.254    214.778    219.707        1.8    2953.74    1777.89    4731.63      32.21   -72.6692
     12400          0    635.254    215.921    219.747        1.8    2969.22    1808.07    4777.29    30.1791    -71.104
     12300          0    635.254    217.128     218.45        1.8     2973.7    1837.73    4811.43    29.6583   -70.0163
     12200   0.178223    635.432    218.382    216.162        1.8    2983.72    1868.65    4852.37    30.9209   -69.4261
     12100   0.400391    653.477    219.568    215.272        1.8    3002.69    1901.52    4904.21    32.8745   -72.9481
     12000      0.625     693.74    220.509    215.001        1.8    3030.17    1931.11    4961.28    29.5888   -80.4687
     11900   0.947266    756.562    221.077    215.317        1.8     3061.9    1964.59    5026.48    33.4773   -91.0104
     11800   0.314941    850.657    221.134    215.819        1.8    3098.61    1998.49     5097.1    33.9064   -105.356
     11700   0.078125    881.914     221.11    224.472        1.8    3147.33    2033.97     5181.3    35.4717   -104.253
     11600          0    889.648    208.834    198.892        1.8    3177.11     2082.5    5259.61    48.5303   -98.3703
     11500          0    889.648    204.863    180.928        1.8     3198.6     2143.4       5342    60.9036   -94.9969
     11400          0    889.648    204.356    156.933        1.8    3208.58       2207    5415.58    63.5963   -94.3516
     11300          0    889.648    205.047     145.71        1.8    3212.19    2267.43    5479.61    60.4307   -95.3298
     11200          0    889.648    206.118    141.447        1.8    3213.38    2326.16    5539.54    58.7324   -96.7171
     11100          0    889.648    207.294    133.551        1.8    3235.02    2383.76    5618.79    57.6055   -98.1333
     11000          0    889.648    208.493     124.01        1.8    3265.61    2440.07    5705.68    56.3074   -99.7075
     10900          0    889.648    209.689    118.567        1.8    3286.92    2497.98     5784.9    57.9106   -101.393
     10800          0    889.648    210.886    115.383        1.8    3296.62    2552.65    5849.26    54.6638   -102.984
     10700          0    889.648    212.086    111.243        1.8    3308.03    2606.78    5914.81    54.1388    -104.46
     10600          0    889.648    213.284    106.703        1.8    3323.75     2660.4    5984.15    53.6162   -105.912
     10500          0    889.648    214.477     103.95        1.8    3339.75    2713.42    6053.18     53.023   -107.348
     10400          0    889.648    215.665    102.223        1.8    3356.42    2763.96    6120.38    50.5353     -108.7
     10300          0    889.648    216.839    101.101        1.8    3366.52    2812.02    6178.54     48.061    -109.95
     10200          0    889.648    217.997    99.8874        1.8    3377.51    2859.72    6237.23    47.7033   -111.099
     10100          0    889.648    219.135     97.638        1.8    3404.68    2904.29    6308.97    44.5647   -112.207
     10000          0    889.648    220.254    95.0541        1.8    3425.33    2948.03    6373.36     43.746   -113.327
      9900          0    889.648    221.358    92.2922        1.8    3435.17    2990.98    6426.15    42.9417   -114.478
      9800          0    889.648    222.454    89.3906        1.8    3446.15    3032.27    6478.42      41.29   -115.669
      9700          0    889.648    223.535    86.3797        1.8    3450.03    3071.92    6521.95    39.6529   -116.905
      9600          0    889.648    224.594    83.2834        1.8    3453.33    3109.96    6563.28     38.037   -118.189
      9500          0    889.648    225.639    80.1141        1.8    3461.02    3146.39    6607.42    36.4359   -119.523
      9400          0    889.648    226.675    77.7276        1.8    3485.56    3184.92    6670.48    38.5252   -120.893
      9300          0    889.648    227.701    75.7903        1.8    3509.33    3221.02    6730.34    36.0995   -122.257
      9200          0    889.648    228.709    74.1084        1.8    3532.05    3256.01    6788.06    34.9909   -123.599
      9100          0    889.648    229.699    72.6044        1.8    3546.71    3288.31    6835.02    32.3014   -124.909
      9000          0    889.648    230.661    71.2451        1.8     3559.2    3316.95    6876.15    28.6385   -126.186
      8900          0    889.648    231.604    70.0218        1.8    3582.35    3345.99    6928.34     29.046   -127.426
      8800          0    889.648    232.534    68.9048        1.8    3593.93    3373.98    6967.91    27.9912   -128.629
      8700          0    889.648    233.455    67.8756        1.8    3597.94    3400.93    6998.86    26.9445   -129.793
      8600  0.0012207     889.65    234.368    66.9246        1.8     3599.2    3427.11    7026.31    26.1825    -130.92
      8500          0    889.771     235.26    66.0428        1.8    3604.05    3452.55     7056.6    25.4402   -132.031
      8400          0    889.771    236.131    65.6732        1.8    3605.35    3477.72    7083.07     25.169   -133.066
      8300          0    889.771    236.976    65.6353        1.8    3617.97    3499.04    7117.02    21.3236   -134.032
      8200          0    889.771    237.801    65.8265        1.8    3626.09    3520.12    7146.21    21.0739    -134.92
      8100          0    889.771    238.611    66.2158        1.8    3637.21    3540.96    7178.17    20.8387   -135.726
      8000          0    889.771    239.411    66.7669        1.8     3640.3    3561.27    7201.57    20.3143   -136.448
      7900          0    889.771    240.202    67.5294        1.8    3652.49    3581.07    7233.56    19.7985   -137.082
      7800          0    889.771    240.981    68.4626        1.8    3662.32    3599.79    7262.11    18.7193   -137.626
      7700          0    889.771     241.74    69.5555        1.8    3669.83    3618.45    7288.28    18.6598   -138.078
      7600          0    889.771    242.479    70.8174        1.8    3679.39    3636.07    7315.46    17.6206   -138.435
      7500          0    889.771    243.194    72.2203        1.8    3694.23     3652.7    7346.93    16.6313   -138.695
      7400          0    889.771    243.885    72.6789        1.8    3712.26    3668.37    7380.63    15.6648   -138.878
      7300          0    889.771    244.561    72.6067        1.8    3731.59    3685.08    7416.67    16.7141   -139.039
      7200          0    889.771    245.225    72.2513        1.8    3754.55    3702.85     7457.4    17.7746   -139.201
      7100          0    889.771    245.882    71.7015        1.8    3778.15    3719.27    7497.42    16.4184   -139.373
      7000          0    889.771    246.531    71.0073        1.8    3794.03    3730.34    7524.38    11.0688   -139.561
      6900          0    889.771    247.175    70.2135        1.8    3809.88    3741.27    7551.15    10.9254   -139.768
      6800          0    889.771    247.806    69.3428        1.8    3823.88    3756.36    7580.24    15.0941   -139.995
      6700          0    889.771    248.422    68.4217        1.8    3837.39    3770.04    7607.43    13.6777   -140.242
      6600          0    889.771    249.025    67.4794        1.8    3851.56    3780.41    7631.98    10.3749   -140.507
      6500          0    889.771    249.611    66.5078        1.8     3862.8     3791.9    7654.71    11.4892    -140.79
      6400          0    889.771    250.178    65.8251        1.8    3873.43    3802.92    7676.35    11.0224   -141.084
      6300          0    889.771    250.729    65.3092        1.8     3884.8    3815.15    7699.95    12.2213   -141.375
      6200          0    889.771    251.267    64.8954        1.8    3904.09    3827.68    7731.77    12.5326   -141.655
      6100          0    889.771    251.796    64.5723        1.8    3924.17    3840.53     7764.7     12.854   -141.922
      6000          0    889.771    252.316    64.3106        1.8    3933.27    3853.72    7786.99    13.1838   -142.175
      5900          0    889.771     252.83    64.0974        1.8    3944.22    3864.59    7808.81    10.8705   -142.411
      5800          0    889.771    253.337    63.9232        1.8    3961.33    3876.75    7838.08    12.1632   -142.633
      5700          0    889.771    253.838     63.782        1.8    3968.59    3888.81    7857.41    12.0624   -142.838
      5600          0    889.771    254.327    63.6714        1.8    3974.06    3900.64     7874.7    11.8231   -143.029
      5500          0    889.771    254.802    63.5883        1.8    3989.38    3912.23    7901.62    11.5985   -143.204
      5400          0    889.771    255.262    62.7956        1.8    4003.97     3923.4    7927.37     11.163   -143.378
      5300          0    889.771    255.708    61.5767        1.8    4010.91    3934.14    7945.05    10.7418   -143.588
      5200          0    889.771    256.138    60.1199        1.8    4030.09     3947.8    7977.89    13.6615   -143.849
      5100          0    889.771    256.552    58.5087        1.8    4036.16    3960.45    7996.61    12.6478   -144.165
      5000          0    889.771    256.951    56.7601        1.8    4036.46     3972.1    8008.56    11.6488    -144.54
      4900          0    889.771    257.339     54.926        1.8    4038.29    3984.76    8023.05    12.6613   -144.974
      4800          0    889.771    257.717    53.0096        1.8    4040.56    3997.79    8038.35    13.0325   -145.467
      4700          0    889.771    258.089    51.0294        1.8    4048.65     4011.2    8059.85    13.4108   -146.018
      4600          0    889.771    258.455    49.0157        1.8     4049.5    4022.55    8072.04     11.345   -146.625
      4500          0    889.771    258.816    46.9493        1.8    4052.22    4032.83    8085.05    10.2843   -147.287
      4400 0.00732422    889.778    259.172    45.2101        1.8    4055.67    4044.76    8100.43    11.9279   -147.996
      4300          0    890.503    259.517    43.6403        1.8    4056.81    4056.74    8113.56     11.983   -148.868
      4200  0.0439453    890.547    259.857    42.1718        1.8    4062.52    4069.08    8131.61    12.3429   -149.596
      4100   0.107422    895.005    260.153    40.7237        1.8    4072.29    4080.63    8152.92    11.5468   -151.186
      4000   0.112305    905.752    260.328    39.2051        1.8     4082.4     4093.6       8176    12.9724   -153.781
      3900   0.146484    917.017    260.387    37.6642        1.8    4095.16    4108.12    8203.28    14.5129   -156.053
      3800  0.0878906    931.606    260.346    36.0883        1.8    4106.26    4121.22    8227.48    13.1041   -158.621
      3700   0.117188    940.425    260.285    34.0014        1.8    4121.39    4134.26    8255.65      13.04   -159.733
      3600  0.0634766     952.09     260.22    30.3756        1.8    4134.01    4147.24    8281.25    12.9797    -161.43
      3500  0.0439453    958.418    260.181    26.1442        1.8    4145.81    4162.06    8307.87    14.8186   -162.122
      3400          0    962.769    260.211    21.7339        1.8    4153.69    4175.85    8329.54    13.7888   -162.725
      3300          0    962.769    260.331    17.1619        1.8    4155.03    4189.87    8344.89    14.0186   -162.844
      3200          0    962.769    260.527    12.9668        1.8    4155.11    4204.04    8359.15    14.1731   -163.424
      3100          0    962.769     260.76       10.1        1.8    4156.46    4217.93    8374.39    13.8901   -164.309
      3000          0    962.769    261.014    7.70828        1.8    4158.28    4231.52     8389.8    13.5861   -165.379
      2900          0    962.769    261.281    5.65087        1.8    4160.68    4245.74    8406.42    14.2189   -166.569
      2800          0    962.769    261.558    3.82653        1.8    4163.59    4259.48    8423.07    13.7425   -167.834
      2700          0    962.769    261.841    1.99389        1.8    4167.55    4276.54    8444.08    17.0593   -169.147
      2600          0    962.769    262.129  -0.178512        1.8    4180.56    4288.31    8468.86    11.7709   -170.507
      2500          0    962.769    262.421   -2.45784        1.8    4181.09    4303.79    8484.88    15.4793   -171.919
      2400          0    962.769    262.714   -4.77136        1.8    4182.62    4318.67    8501.29    14.8865   -173.376
      2300          0    962.769    263.005   -7.11615        1.8       4183    4332.82    8515.82    14.1449   -174.872
      2200          0    962.769    263.292   -9.32717        1.8    4189.83    4346.23    8536.06    13.4079     -176.4
      2100          0    962.769    263.572   -11.1313        1.8    4190.22    4359.45    8549.67    13.2284   -177.939
      2000          0    962.769    263.842   -12.7663        1.8    4190.55    4372.51    8563.06    13.0575   -179.468
      1900          0    962.769    264.105   -14.2712        1.8    4190.94    4385.94    8576.88    13.4283    -180.98
      1800          0    962.769     264.36   -15.6753        1.8    4191.64    4399.25    8590.89    13.3065   -182.469
      1700          0    962.769    264.609   -17.0952        1.8    4193.74    4413.26    8607.01    14.0177   -183.934
      1600          0    962.769    264.852   -18.7043        1.8    4194.33     4428.7    8623.03    15.4352   -185.383
      1500          0    962.769    265.091   -20.3673        1.8    4195.25    4442.15    8637.41     13.454   -186.824
      1400          0    962.769    265.326   -22.0709        1.8    4195.58    4453.78    8649.36    11.6245    -188.26
      1300          0    962.769    265.556   -23.7994        1.8     4199.6    4465.96    8665.55    12.1797   -189.694
      1200          0    962.769    265.784    -25.256        1.8    4215.29    4478.69    8693.98    12.7295   -191.122
      1100          0    962.769    266.008   -25.9599        1.8    4227.82    4491.89    8719.71    13.2018   -192.511
      1000          0    962.769     266.23   -26.3336        1.8    4238.15    4505.42    8743.58    13.5352   -193.834
       900          0    962.769    266.449   -26.3509        1.8    4248.81    4518.63    8767.43    13.2013   -195.077
       800          0    962.769    266.665   -26.1011        1.8    4260.62    4535.28     8795.9    16.6549   -196.231
       700          0    962.769    266.879   -25.5326        1.8    4270.13    4552.47     8822.6    17.1876    -197.29
       600          0    962.769    267.091    -24.494        1.8    4289.43    4566.55    8855.98    14.0841   -198.238
       500          0    962.769      267.3   -23.1704        1.8    4309.11    4579.89       8889     13.342   -199.064
       400          0    962.769    267.508   -21.5362        1.8     4341.1    4595.11    8936.21    15.2196   -199.762
       300          0    962.769    267.712   -19.6485        1.8    4362.28    4605.13    8967.41    10.0148   -200.326
       200          0    962.769     267.91   -17.2791        1.8    4390.16    4614.51    9004.67    9.38286   -200.754
       100          0    962.769    268.101   -14.0061        1.8    4403.09    4627.87    9030.96    13.3546   -201.011
         0  0.0195312    962.788    268.285   -10.2408        1.8    4403.28    4660.14    9063.42     32.273   -201.076