    20000         0         0   179.437    354.04       0.8   78.9895   14.2831   93.2726   14.2831    6.5598
    19900         0         0   179.437    353.13       0.8   151.419   29.7361   181.156   15.4531   6.43382
    19800         0         0   179.437   352.506       0.8   228.894   46.3592   275.253   16.6231   6.30822
    19700         0         0   179.437   352.255       0.8   299.319   60.5222   359.841   14.1631   6.19879
    19600         0         0   179.437    352.29       0.8   351.209   72.5053   423.714   11.9831   6.12087
    19500         0         0   179.437   350.597       0.8   414.692   82.0183    496.71   9.51306   6.05158
    19400         0         0   179.437   347.879       0.8   487.353   94.1014   581.454   12.0831   5.90477
    19300         0         0   179.437   345.374       0.8   558.279   106.214   664.494   12.1131   5.65656
    19200         0         0   179.437   342.873       0.8   620.606   118.358   738.963   12.1431   5.32496
    19100         0         0   179.437    342.02       0.8   681.386   130.011   811.397   11.6531   4.94128
    19000         0         0   179.437   342.156       0.8    741.53   142.474   884.004   12.4631   4.58749
    18900         0         0   179.437   340.553       0.8   800.577   155.747   956.323   13.2731   4.26219
    18800         0         0   179.437   337.986       0.8   870.831    166.28   1037.11   10.5331   3.87637
    18700         0         0   179.437    336.21       0.8   952.601   178.113   1130.71   11.8331   3.41716
    18600         0         0   179.437   334.818       0.8   1047.59   192.576   1240.17   14.4631   2.92873
    18500         0         0   179.437   333.482       0.8   1150.05   201.259   1351.31   8.68306   2.42444
    18400         0         0   179.437   332.205       0.8   1219.19   209.492   1428.69   8.23306    1.9065
    18300         0         0   179.437   329.228       0.8    1275.7   218.075   1493.77   8.58306   1.34924
    18200         0         0   179.437     325.2       0.8    1360.8   226.658   1587.45   8.58306  0.672723
    18100         0         0   179.437   321.768       0.8   1469.79   234.714    1704.5   8.05639 -0.137283
    18000         0         0   179.437   318.559       0.8   1574.09   243.331   1817.42   8.61639  -1.04056
    17900         0         0   179.437    317.64       0.8   1670.99   253.364   1924.35   10.0331  -1.98653
    17800         0         0   179.437   318.134       0.8      1766   264.257   2030.25   10.8931  -2.86227
    17700         0         0   179.437   316.312       0.8   1860.47    274.54   2135.01   10.2831  -3.66765
    17600         0         0   179.437   313.229       0.8   1943.92   288.828   2232.75   14.2881  -4.52282
    17500         0         0   179.437   313.298       0.8   2011.35   302.776   2314.12   13.9481  -5.41147
    17400         0         0   182.115   344.137       0.8   2042.72   312.444   2355.16   9.66738  -7.03503
    17300         0         0   182.934   353.815       0.8   2073.54   322.233   2395.78   9.78928  -7.23612
    17200         0         0    183.39   359.881       0.8   2096.59   335.928   2432.52    13.695  -7.02974
    17100         0         0   183.841   363.835       0.8   2099.91   350.717   2450.63   14.7892  -6.64495
    17000         0         0   184.395   366.328       0.8   2106.32   368.422   2474.74   17.7049  -6.19849
    16900         0         0   185.076   363.157       0.8   2119.69   386.971   2506.66   18.5487  -5.83044
    16800         0         0   185.879    356.08       0.8   2132.94   406.282   2539.22   19.3111  -5.80695
    16700         0         0   186.789   347.713       0.8   2143.96   427.383   2571.34   21.1008  -6.22983
    16600         0         0   187.792   338.163       0.8   2156.83    452.74   2609.57   25.3575  -7.09448
    16500  0.126953  0.126953   188.875   339.172       0.8   2164.82   472.218   2637.03   19.4779  -8.24168
    16400  0.371094   13.0664   190.075   347.061       0.8   2171.19    496.11    2667.3   23.8922  -11.9665
    16300  0.268555   50.0732   191.493    351.44       0.8   2186.93   517.134   2704.06   21.0235  -19.9933
    16200         0   76.6602   193.084   354.087       0.8   2207.09   543.494   2750.59   26.3608  -23.8009
    16100         0   76.6602   194.659   345.352       0.8   2223.31   572.573   2795.88   29.0784  -20.9859
    16000         0   76.6602    196.16   328.907       0.8   2229.45   600.117   2829.57   27.5438   -19.426
    15900         0   76.6602   197.627    320.51       0.8   2230.65   626.342   2856.99   26.2254  -19.0386
    15800 0.0195312   76.6797   199.081   316.988       0.8    2234.9   649.621   2884.52   23.2791  -19.1884
    15700 0.0488281   78.6621   200.538   314.687       0.8   2239.89   672.593   2912.48    22.972  -20.0209
    15600 0.0585938   83.5547   202.016    313.41       0.8   2246.34   693.337   2939.68   20.7444  -21.5395
    15500 0.0878906   89.4434   203.519   311.362       0.8   2252.76   713.349   2966.11   20.0113  -23.1351
    15400  0.288086   98.4326   205.051   308.874       0.8   2263.99   732.302    2996.3   18.9536     -25.3
    15300  0.693359   127.646   206.688   307.683       0.8      2283   752.931   3035.93   20.6285  -31.6856
    15200  0.961914   197.251   208.604   306.807       0.8   2301.91   772.401   3074.31   19.4697  -45.5492
    15100   1.19629   293.677   210.911   311.304       0.8   2327.87   790.263   3118.13   17.8622  -61.8906
    15000   1.39648   413.506   213.628   319.267       0.8   2365.09   805.937   3171.02   15.6743   -78.909
    14900   1.12305   552.881    216.75   324.001       0.8   2409.55   817.834   3227.38   11.8971  -95.3941
    14800         0   664.062   220.084   327.287       0.8   2461.77   827.029    3288.8   9.19471  -102.564
    14700         0   664.062   222.991   316.686       0.8   2505.45   833.032   3338.49   6.00315  -87.2577
    14600         0   664.062   216.458   247.211       0.8   2507.63   852.414   3360.04   19.3823  -75.4203
    14500         0   664.062   214.603   220.446       0.8   2521.73   877.159   3398.89   24.7446  -70.6242
    14400         0   664.062   214.981    204.19       0.8   2543.14   903.532   3446.67    26.373  -69.0083
    14300         0   664.062   216.127   190.325       0.8    2567.1   926.555   3493.65   23.0229  -68.9323
    14200         0   664.062   217.464   178.571       0.8   2597.38   947.644   3545.03   21.0887   -69.669
    14100         0   664.062   218.799   172.349       0.8   2627.91   967.178   3595.09   19.5341  -70.7507
    14000         0   664.062   220.081   169.579       0.8   2667.43   984.082   3651.51   16.9039  -71.7945
    13900         0   664.062   221.301   164.817       0.8   2711.93   1003.35   3715.28    19.269  -72.7167
    13800         0   664.062    222.47    159.16       0.8   2747.47    1019.4   3766.86   16.0445  -73.6592
    13700         0   664.062   223.599   155.041       0.8   2798.75   1037.15   3835.89   17.7514  -74.6472
    13600         0   664.062   224.688   151.777       0.8   2842.64   1053.66    3896.3   16.5169  -75.6253
    13500         0   664.062   225.742   155.015       0.8   2886.87   1063.75   3950.62   10.0876  -76.4779
    13400         0   664.062   226.765   162.203       0.8   2929.76   1076.03   4005.78   12.2754  -76.9089
    13300         0   664.062   227.755   159.281       0.8   2973.21   1085.13   4058.34   9.10513   -77.033
    13200         0   664.062   231.342   180.041       0.8   2999.52    1093.7   4093.22   8.57274  -77.2863
    13100         0   664.062   233.634   186.614       0.8   3019.86   1095.94   4115.79   2.23089  -76.5373
    13000         0   664.062   235.492   192.461       0.8   3048.27   1098.93    4147.2   2.99448  -75.4427
    12900         0   664.062   236.987   198.698       0.8   3061.59   1100.65   4162.24   1.72015  -74.1903
    12800         0   664.062   238.125   205.036       0.8   3066.69   1103.41    4170.1   2.75658   -72.842
    12700         0   664.062   239.146   207.364       0.8   3077.05   1106.86   4183.91     3.456  -71.5176
    12600         0   664.062   240.268   206.798       0.8   3106.05   1111.74   4217.79   4.88197  -70.4545
    12500         0   664.062    241.44   206.717       0.8   3132.46   1117.29   4249.75   5.54736   -69.717
    12400         0   664.062   242.647   206.742       0.8   3160.95   1120.74    4281.7   3.45327  -69.2277
    12300         0   664.062    243.88   205.447       0.8   3178.43   1123.65   4302.09   2.90616  -68.9733
    12200         0   664.062   245.135   203.167       0.8   3181.41   1127.82   4309.23    4.1679  -68.9889
    12100  0.224609   664.287   246.409   202.402       0.8   3187.51   1133.85   4321.37   6.03347  -69.2914
    12000  0.527344   687.051   247.789   202.324       0.8   3202.31   1136.16   4338.47   2.30801  -74.4204
    11900  0.893555   740.151   249.434   202.635       0.8   3221.36   1141.28   4362.64   5.11976  -84.8201
    11800  0.136719    828.75   251.492   202.807       0.8   3245.06   1144.83   4389.89    3.5475   -100.07
    11700         0   842.285   253.644   210.763       0.8   3280.07   1147.77   4427.84   2.93756  -97.1818
    11600         0   842.285    241.93   184.918       0.8   3295.88    1163.2   4459.08   15.4341  -91.7854
    11500         0   842.285   237.889   167.419       0.8   3303.86   1191.08   4494.94    27.878  -90.1003
    11400         0   842.285   237.323   144.162       0.8   3306.65   1221.71   4528.36   30.6288  -90.6507
    11300         0   842.285   238.031   133.191       0.8   3315.57   1249.15   4564.72    27.446  -92.4753
    11200         0   842.285   239.155   129.087       0.8   3329.12   1274.85   4603.97   25.6947  -94.4668
    11100         0   842.285   240.379   121.555       0.8   3362.76   1299.37   4662.13    24.521  -96.3194
    11000         0   842.285   241.593   112.394       0.8   3404.97   1322.58   4727.54   23.2074  -98.2102
    10900         0   842.285   242.761   107.146       0.8   3437.69   1347.41   4785.11   24.8393  -100.126
    10800         0   842.285   243.877   104.115       0.8   3458.66   1369.09   4827.75   21.6735  -101.889
    10700         0   842.285   244.944   100.182       0.8   3481.13   1390.37    4871.5   21.2812  -103.496
    10600         0   842.285   245.969   95.8473       0.8   3507.71    1411.3   4919.01   20.9313  -105.053
    10500         0   842.285   246.957    93.218       0.8   3534.44   1431.84   4966.29   20.5431  -106.574
    10400         0   842.285   247.913    91.588       0.8   3561.75   1450.13   5011.88   18.2868  -107.998
    10300         0   842.285   248.841   90.5344       0.8   3582.41   1466.19    5048.6   16.0593  -109.314
    10200         0   842.285   249.743   89.3963       0.8   3603.89   1482.15   5086.04   15.9573  -110.526
    10100         0   842.285   250.622   87.2487       0.8   3641.45   1495.22   5136.68   13.0778  -111.696
    10000         0   842.285   251.482   84.7777       0.8   3672.38   1507.74   5180.12   12.5177  -112.876
     9900         0   842.285   252.324   82.1363       0.8   3692.38   1519.72    5212.1   11.9764  -114.086
     9800         0   842.285   253.142    79.363       0.8   3713.38   1530.32   5243.71   10.6019  -115.335
     9700         0   842.285   253.933   76.4842       0.8   3727.16   1539.58   5266.74    9.2543  -116.629
     9600         0   842.285   254.699   73.5207       0.8   3740.22   1547.51   5287.73   7.93177   -117.97
     9500         0   842.285   255.446   70.4839       0.8   3757.55   1554.14   5311.68    6.6293  -119.363
     9400         0   842.285   256.176   68.1926       0.8   3791.62   1563.16   5354.78   9.02421  -120.791
     9300         0   842.285   256.893    66.335       0.8   3824.84   1570.07   5394.91   6.90737  -122.214
     9200         0   842.285   257.598   64.7153       0.8   3856.96   1576.17   5433.13   6.10162  -123.617
     9100         0   842.285   258.291   63.2596       0.8   3880.96   1579.88   5460.84   3.70854  -124.991
     9000         0   842.285   258.967   61.9365       0.8   3902.76   1580.21   5482.97  0.333445  -126.334
     8900         0   842.285   259.624   60.7398       0.8   3935.19   1581.24   5516.43   1.02608  -127.644
     8800         0   842.285   260.268   59.6425       0.8   3956.03   1581.49   5537.52  0.256623  -128.918
     8700         0   842.285   260.899   58.6285       0.8   3969.29   1581.99   5551.28 -0.499363  -130.155
     8600         0   842.285   261.512   57.6897       0.8   3977.26   1582.96   5560.22 -0.962282  -131.354
     8500         0   842.285   262.106   56.8172       0.8   3991.34   1584.36   5575.71  -1.40597  -132.515
     8400         0   842.285   262.684   56.4337       0.8   4001.88   1585.75   5587.63  -1.38364   -133.63
     8300         0   842.285   263.248   56.3681       0.8   4023.77   1590.69   5614.47   -4.9483  -134.677
     8200         0   842.285   263.802   56.5199       0.8   4041.19   1595.62   5636.81  -4.92722  -135.648
     8100         0   842.285   264.347   56.8607       0.8   4061.67   1600.52   5662.19   -4.8971  -136.538
     8000         0   842.285   264.884   57.3562       0.8   4074.17   1605.68   5679.85  -5.15929  -137.345
     7900         0   842.285   265.415   58.0555       0.8   4095.84   1611.09   5706.93  -5.41485  -138.066
     7800         0   842.285   265.937   58.9195       0.8   4115.21   1617.33   5732.53  -6.23699  -138.699
     7700         0   842.285   266.446   59.9371       0.8   4132.33   1623.37   5755.71  -6.04563   -139.24
     7600         0   842.285   266.939   61.1178       0.8    4151.6   1630.21   5781.81  -6.83899  -139.689
     7500         0   842.285   267.418   62.4332       0.8   4176.22   1637.81   5814.03  -7.59288  -140.044
     7400         0   842.285   267.882   62.8378       0.8   4204.09   1646.14   5850.23  -8.33206  -140.324
     7300         0   842.285    268.33   62.7239       0.8   4233.31   1653.19    5886.5   -7.0549  -140.582
     7200         0   842.285   268.761   62.3398       0.8   4266.18   1658.95   5925.13  -5.76074   -140.84
     7100         0   842.285   269.176   61.7712       0.8    4299.7   1665.83   5965.54  -6.87626  -141.108
     7000         0   842.285    269.58   61.0656       0.8   4325.53   1677.81   6003.34  -11.9799   -141.39
     6900         0   842.285   269.974   60.2648       0.8   4351.33   1689.68   6041.01  -11.8743  -141.691
     6800         0   842.285   270.361   59.3884       0.8   4375.29   1697.15   6072.43  -7.46123  -142.011
     6700         0   842.285   270.742   58.4607       0.8   4398.76   1705.79   6104.54  -8.64195  -142.351
     6600         0   842.285   271.117     57.51       0.8    4422.9   1717.51    6140.4  -11.7173   -142.71
     6500         0   842.285   271.488   56.5269       0.8   4444.12   1727.89   6172.01  -10.3881  -143.087
     6400         0   842.285   271.855   55.8186       0.8   4464.75   1738.55    6203.3  -10.6549  -143.477
     6300         0   842.285   272.218   55.2698       0.8   4486.16   1747.82   6233.98  -9.26823  -143.864
     6200         0   842.285   272.579   54.8157       0.8   4515.53    1756.6   6272.13  -8.77938  -144.242
     6100         0   842.285   272.939   54.4463       0.8   4545.73   1764.89   6310.62  -8.28905  -144.608
     6000         0   842.285   273.295   54.1343       0.8   4565.01   1772.68   6337.69  -7.79472  -144.958
     5900         0   842.285   273.644    53.868       0.8   4586.19   1782.62   6368.82   -9.9443  -145.294
     5800         0   842.285   273.987   53.6388       0.8   4613.58   1791.11   6404.69  -8.48748  -145.614
     5700         0   842.285   274.325   53.4411       0.8   4631.19   1799.54   6430.73  -8.42451  -145.918
     5600         0   842.285   274.654   53.2716       0.8   4647.06   1808.04    6455.1  -8.50427  -146.207
     5500         0   842.285   274.975   53.1274       0.8   4672.84   1816.62   6489.46  -8.57509   -146.48
     5400         0   842.285   275.285   52.2941       0.8   4697.93   1825.48    6523.4  -8.86039   -146.75
     5300         0   842.285   275.584   51.0423       0.8   4715.41   1834.61   6550.02  -9.13396  -147.057
     5200         0   842.285   275.871   49.5591       0.8   4745.14   1840.68   6585.82  -6.07074  -147.413
     5100         0   842.285   276.147   47.9256       0.8    4761.8   1847.63   6609.42  -6.94681  -147.825
     5000         0   842.285   276.414   46.1578       0.8    4772.1   1855.44   6627.54  -7.81353  -148.294
     4900         0   842.285   276.672   44.3061       0.8   4780.89   1862.11      6643  -6.67216  -148.822
     4800         0   842.285   276.924   42.3739       0.8    4793.8   1868.29   6662.08  -6.17374  -149.407
     4700         0   842.285   277.169   40.3788       0.8   4812.54   1873.96    6686.5  -5.66911   -150.05
     4600         0   842.285   277.409   38.3506       0.8   4822.36   1881.57   6703.93  -7.60913  -150.747
     4500         0   842.285   277.645   36.2704       0.8   4830.32   1890.11   6720.43   -8.5447  -151.496
     4400         0   842.285   277.876    34.507       0.8   4837.57   1896.89   6734.46  -6.77649  -152.292
     4300         0   842.285   278.105   32.9192       0.8   4847.15   1903.49   6750.64  -6.60496  -153.112
     4200         0   842.285    278.33   31.4235       0.8   4852.19   1909.62   6761.81  -6.13043  -153.949
     4100         0   842.285   278.553    30.002       0.8   4853.14   1916.47   6769.61  -6.85319  -154.799
     4000         0   842.285   278.773   28.6243       0.8   4853.61   1921.95   6775.56  -5.47346  -155.659
     3900         0   842.285   278.991   27.2758       0.8   4855.99   1926.04   6782.03  -4.09141  -156.528
     3800         0   842.285   279.207   25.9466       0.8   4856.94    1931.8   6788.74   -5.7572  -157.404
     3700         0   842.285   279.421   24.0625       0.8   4862.13   1937.89   6800.03  -6.09595  -158.291
     3600         0   842.285   279.633   20.6656       0.8   4865.04   1944.33   6809.37  -6.43276  -159.259
     3500         0   842.285   279.843   16.6092       0.8   4867.31   1949.17   6816.48  -4.84273  -160.362
     3400         0   842.285   280.051   12.3099       0.8   4868.86   1955.22   6824.08  -6.05091  -161.614
     3300         0   842.285   280.257   7.77012       0.8   4879.59   1961.13   6840.71  -5.90667  -163.013
     3200         0   842.285   280.459   3.55496       0.8   4888.92   1966.88    6855.8  -5.75853  -164.553
     3100         0   842.285   280.656  0.632851       0.8   4899.74   1972.89   6872.63  -6.00579  -166.165
     3000         0   842.285   280.848  -1.82697       0.8   4907.45   1979.14   6886.59  -6.24842  -167.796
     2900         0   842.285   281.037  -3.95862       0.8   4914.65   1984.68   6899.33  -5.53666  -169.422
     2800         0   842.285   281.221  -5.85809       0.8   4921.43    1990.6   6912.03  -5.92086  -171.033
     2700         0   842.285   281.401  -7.75798       0.8   4935.14    1993.1   6928.23  -2.50113  -172.624
     2600         0   842.285   281.577  -9.98443       0.8   4957.95   2000.77   6958.73  -7.67714  -174.212
     2500         0   842.285   281.749  -12.3085       0.8   4968.34   2004.62   6972.96  -3.84876  -175.811
     2400         0   842.285   281.916  -14.6598       0.8   4976.71   2008.94   6985.64  -4.31559  -177.427
     2300         0   842.285   282.077  -17.0362       0.8   4987.01   2013.87   7000.87  -4.92695  -179.059
     2200         0   842.285   282.232    -19.28       0.8   5003.79    2019.4   7023.19  -5.53239  -180.707
     2100         0   842.285   282.382  -21.1229       0.8    5013.4   2024.98   7038.38  -5.58178  -182.351
     2000         0   842.285   282.525  -22.7996       0.8    5023.1   2030.61   7053.71  -5.62523  -183.977
     1900         0   842.285   282.663  -24.3492       0.8   5033.57   2035.73   7069.31  -5.12961  -185.578
     1800         0   842.285   282.795     -25.8       0.8      5043   2040.86   7083.87  -5.12858   -187.15
     1700         0   842.285   282.923  -27.2649       0.8   5051.07   2045.16   7096.23  -4.29598  -188.694
     1600         0   842.285   283.046  -28.9149       0.8   5061.87   2047.92   7109.79  -2.75828  -190.218
     1500         0   842.285   283.165  -30.6166       0.8   5073.04   2052.54   7125.58   -4.6203  -191.731
     1400         0   842.285   283.282  -32.3568       0.8   5083.65   2058.87   7142.52  -6.33177  -193.238
     1300         0   842.285   283.396  -34.1204       0.8   5097.99   2064.53   7162.52  -5.65961  -194.739
     1200         0   842.285   283.507  -35.6201       0.8   5124.05   2069.52   7193.57  -4.99389  -196.233
     1100         0   842.285   283.617  -36.3819       0.8      5147   2073.93   7220.93  -4.40689  -197.688
     1000         0   842.285   283.725  -36.8217       0.8   5167.82   2077.89   7245.71  -3.95986  -199.075
      900         0   842.285   283.831   -36.915       0.8   5189.04   2082.07   7271.11  -4.18133  -200.384
      800         0   842.285   283.936  -36.7478       0.8    5211.5   2082.69   7294.19 -0.616476  -201.604
      700         0   842.285    284.04  -36.2708       0.8   5231.75   2082.71   7314.47 0.0262461  -202.728
      600         0   842.285   284.143  -35.3339       0.8   5261.89   2085.68   7347.57  -2.96827  -203.743
      500         0   842.285   284.245  -34.1186       0.8   5292.51   2089.28    7381.8  -3.60261  -204.637
      400         0   842.285   284.346  -32.6002       0.8   5335.57    2090.9   7426.47   -1.6185  -205.405
      300         0   842.285   284.446  -30.8341       0.8   5367.93   2097.62   7465.56  -6.71932   -206.04
      200         0   842.285   284.545  -28.5997       0.8   5407.14   2104.88   7512.01  -7.25261   -206.54
      100         0   842.285   284.643  -25.4804       0.8   5431.54   2108.06   7539.61  -3.18818  -206.872
        0         0   842.285   284.741  -21.8811       0.8      5443   2123.88   7566.88    15.817  -207.011