     20000          0          0    179.437     354.04          1    78.9895    14.2831    93.2726    14.2831     6.5598
     19900          0          0    179.437     353.13          1    151.419    29.7361    181.156    15.4531    6.43382
     19800          0          0    179.437    352.506          1    228.894    46.3592    275.253    16.6231    6.30822
     19700          0          0    179.437    352.255          1    299.319    60.5222    359.841    14.1631    6.19879
     19600          0          0    179.437     352.29          1    351.209    72.5053    423.714    11.9831    6.12087
     19500          0          0    179.437    350.597          1    414.692    82.0183     496.71    9.51306    6.05158
     19400          0          0    179.437    347.879          1    487.353    94.1014    581.454    12.0831    5.90477
     19300          0          0    179.437    345.374          1    558.279    106.214    664.494    12.1131    5.65656
     19200          0          0    179.437    342.873          1    620.606    118.358    738.963    12.1431    5.32496
     19100          0          0    179.437     342.02          1    681.386    130.011    811.397    11.6531    4.94128
     19000          0          0    179.437    342.156          1     741.53    142.474    884.004    12.4631    4.58749
     18900          0          0    179.437    340.553          1    800.577    155.747    956.323    13.2731    4.26219
     18800          0          0    179.437    337.986          1    870.831     166.28    1037.11    10.5331    3.87637
     18700          0          0    179.437     336.21          1    952.601    178.113    1130.71    11.8331    3.41716
     18600          0          0    179.437    334.818          1    1047.59    192.576    1240.17    14.4631    2.92873
     18500          0          0    179.437    333.482          1    1150.05    201.259    1351.31    8.68306    2.42444
     18400          0          0    179.437    332.205          1    1219.19    209.492    1428.69    8.23306     1.9065
     18300          0          0    179.437    329.228          1     1275.7    218.075    1493.77    8.58306    1.34924
     18200          0          0    179.437      325.2          1     1360.8    226.658    1587.45    8.58306   0.672723
     18100          0          0    179.437    321.768          1    1469.79    234.714     1704.5    8.05639  -0.137283
     18000          0          0    179.437    318.559          1    1574.09    243.331    1817.42    8.61639   -1.04056
     17900          0          0    179.437     317.64          1    1670.99    253.364    1924.35    10.0331   -1.98653
     17800          0          0    179.437    318.134          1       1766    264.257    2030.25    10.8931   -2.86227
     17700          0          0    179.437    316.312          1    1860.47     274.54    2135.01    10.2831   -3.66765
     17600          0          0    179.437    313.229          1    1943.92    288.828    2232.75    14.2881   -4.52282
     17500          0          0    179.437    313.298          1    2011.35    302.776    2314.12    13.9481   -5.41147
     17400          0          0    182.115    344.137          1    2042.72    312.444    2355.16    9.66738   -7.03503
     17300          0          0    182.934    353.815          1    2073.54    322.233    2395.78    9.78928   -7.23612
     17200          0          0     183.39    359.881          1    2096.59    335.928    2432.52     13.695   -7.02974
     17100          0          0    183.841    363.835          1    2099.91    350.717    2450.63    14.7892   -6.64495
     17000          0          0    184.395    366.328          1    2106.32    368.422    2474.74    17.7049   -6.19849
     16900          0          0    185.076    363.157          1    2119.69    386.971    2506.66    18.5487   -5.83044
     16800          0          0    185.879     356.08          1    2132.94    406.282    2539.22    19.3111   -5.80695
     16700          0          0    186.789    347.713          1    2143.96    427.383    2571.34    21.1008   -6.22983
     16600          0          0    187.792    338.163          1    2156.83     452.74    2609.57    25.3575   -7.09448
     16500  0.0683594  0.0683594    188.875    339.172          1    2164.82    472.218    2637.03    19.4779   -8.22664
     16400   0.200195    7.03613     190.04    347.147          1    2171.27    496.145    2667.42    23.9275   -10.5898
     16300   0.151367    27.0068    191.306    351.855          1    2187.43    517.355    2704.78    21.2096   -15.0694
     16200          0    41.9922    192.657    354.941          1    2208.45    544.143    2752.59     26.788   -17.2803
     16100          0    41.9922    194.032    346.499          1    2225.81    573.848    2799.66    29.7053   -15.6964
     16000          0    41.9922     195.41     330.22          1    2233.27    602.141    2835.41    28.2932   -15.0862
     15900          0    41.9922    196.799    321.941          1     2235.9    629.195    2865.09    27.0539    -15.432
     15800  0.0317383    42.0239      198.2    318.497          1    2241.66    653.356    2895.01    24.1603   -16.1523
     15700  0.0463867    45.2124    199.619     316.23          1    2248.19    677.246    2925.43    23.8907   -17.6999
     15600  0.0512695     49.856     201.06    314.978          1     2256.2    698.946    2955.15    21.6997   -19.4551
     15500  0.0683594         55    202.518    312.958          1    2264.22    719.958    2984.18    21.0115   -21.1247
     15400   0.175781    61.9434    203.992    310.519          1     2277.1    739.971    3017.07    20.0129   -23.0564
     15300   0.395508    79.7412    205.499    309.526          1    2297.95    761.788    3059.74    21.8174   -27.1947
     15200   0.556641    119.453    207.086     309.23          1    2319.29    782.775    3102.06    20.9875   -35.3785
     15100   0.705566    175.266    208.783    314.772          1    2348.71    802.766    3151.48    19.9903    -45.219
     15000   0.844727    245.962    210.598     324.23          1    2390.89     821.47    3212.36    18.7045   -55.6757
     14900   0.727539    330.317    212.532    330.845          1     2442.2    837.585    3279.78    16.1145   -66.1432
     14800          0    402.344    214.536    336.081          1    2503.22    852.327    3355.54    14.7426   -71.4443
     14700          0    402.344    216.369    326.703          1    2556.91    864.953    3421.87    12.6254   -61.0199
     14600          0    402.344    209.188    258.196          1    2570.08    891.605    3461.68    26.6521   -53.7027
     14500          0    402.344    207.072    231.592          1    2573.03    923.881    3496.92    32.2756     -52.48
     14400          0    402.344     207.28    215.267          1    2583.36    957.955    3541.32    34.0743   -53.6547
     14300          0    402.344     208.28    201.209          1    2596.44    988.825    3585.26    30.8702   -55.7447
     14200          0    402.344      209.5    189.223          1    2616.07    1017.88    3633.95    29.0527   -58.1604
     14100          0    402.344    210.746    182.816          1    2636.13    1045.47    3681.59    27.5874   -60.5436
     14000          0    402.344    211.957    179.896          1    2665.33    1070.49    3735.83     25.028   -62.5971
     13900          0    402.344     213.12    174.967          1    2699.68    1097.94    3797.63    27.4504   -64.3042
     13800          0    402.344    214.236    169.156          1    2725.23    1122.22    3847.45    24.2787    -65.859
     13700          0    402.344    215.313    164.919          1    2766.63    1148.26    3914.88    26.0367   -67.3261
     13600          0    402.344    216.355    161.558          1    2800.74    1173.11    3973.85    24.8496     -68.68
     13500          0    402.344    217.367    164.805          1    2835.17    1191.57    4026.74    18.4625   -69.8276
     13400          0    402.344    218.355    172.055          1    2868.21    1212.26    4080.47     20.685   -70.4886
     13300          0    402.344    219.321    169.058          1    2901.89     1229.8    4131.69    17.5395   -70.7907
     13200          0    402.344     222.85    189.957          1    2918.28    1246.86    4165.14    17.0649   -71.1367
     13100  0.0268555    402.371    225.086    196.617          1    2928.62    1257.64    4186.26    10.7789   -70.4526
     13000          0    405.029    226.902    202.504          1    2946.99    1269.22    4216.21    11.5837   -69.9564
     12900  0.0830078    405.112    228.372      208.8          1     2950.2    1279.56    4229.76     10.335   -68.6407
     12800   0.100098     413.43    229.514    215.113          1    2955.18    1290.93     4246.1    11.3683   -68.9776
     12700          0     423.34     230.57     217.27          1    2955.63    1302.96    4258.59    12.0329   -69.3324
     12600          0     423.34    231.724    216.579          1    2974.85    1316.38    4291.23    13.4257   -67.5376
     12500          0     423.34    232.913    216.447          1    2991.53    1330.46    4321.99    14.0742   -66.2397
     12400          0     423.34    234.127    216.443          1    3010.32    1342.43    4352.75    11.9733   -65.3218
     12300          0     423.34    235.363    215.118          1    3018.13    1353.86    4371.98    11.4232   -64.7383
     12200  0.0927734    423.433    236.623    212.809          1    3024.79    1366.54    4391.33    12.6799   -64.5227
     12100   0.263672    432.881    237.923     211.93          1    3040.42    1381.05    4421.48    14.5191   -66.5848
     12000   0.424805    459.409      239.3    211.728          1    3064.63    1391.85    4456.48    10.7972   -71.9808
     11900   0.627441    502.092    240.787    212.124          1    3093.16    1405.62    4498.78    13.7674   -79.7064
     11800   0.195312    564.404     242.41    212.748          1     3126.8    1418.25    4545.05    12.6305   -89.8258
     11700  0.0268555    583.767    244.078    221.127          1    3172.18    1430.75    4602.93    12.5042   -89.0857
     11600          0    586.426    232.296    195.462          1    3198.53    1455.82    4654.35    25.0677   -84.7878
     11500          0    586.426    228.312    177.802          1    3216.89    1493.28    4710.17     37.455   -83.4418
     11400          0    586.426    227.779    154.259          1     3224.2    1533.45    4757.65    40.1729   -84.2696
     11300          0    586.426      228.5    143.137          1    3225.23    1570.43    4795.66    36.9773   -86.3202
     11200          0    586.426    229.614    138.922          1    3228.95    1605.66    4834.61    35.2359   -88.4922
     11100          0    586.426    230.812    131.226          1    3252.92    1639.75    4892.67    34.0883   -90.4862
     11000          0    586.426    231.998      121.9          1    3285.62    1672.55    4958.17    32.8024   -92.4899
     10900          0    586.426    233.156    116.548          1    3308.94       1707    5015.94    34.4444   -94.4966
     10800          0    586.426    234.287    113.433          1    3320.59    1738.26    5058.85    31.2633   -96.3328
     10700          0    586.426    235.389    109.405          1    3333.84     1769.1    5102.94    30.8361   -97.9993
     10600          0    586.426    236.462    104.978          1    3351.28    1799.54    5150.82    30.4381   -99.6031
     10500          0    586.426    237.505    102.287          1    3368.95    1829.53    5198.48    29.9949   -101.162
     10400          0    586.426    238.519    100.609          1    3387.24    1857.21    5244.45    27.6811   -102.617
     10300          0    586.426    239.504    99.5198          1    3398.91    1882.61    5281.52    25.3962   -103.956
     10200          0    586.426     240.46    98.3482          1    3411.44    1907.85    5319.28    25.2396   -105.183
     10100          0    586.426    241.391    96.1608          1    3440.09    1930.16    5370.24    22.3089   -106.364
     10000          0    586.426      242.3    93.6479          1    3462.14    1951.86       5414    21.7004    -107.55
      9900          0    586.426    243.189    90.9632          1    3473.32    1972.97    5446.28    21.1115   -108.765
      9800          0    586.426    244.055    88.1451          1    3485.54    1992.66     5478.2    19.6885   -110.017
      9700          0    586.426    244.896     85.221          1    3490.58    2010.95    5501.53    18.2916   -111.315
      9600          0    586.426    245.711    82.2121          1    3494.95    2027.87    5522.82      16.92   -112.661
      9500          0    586.426    246.507      79.13          1    3503.63    2043.44    5547.06    15.5684   -114.058
      9400          0    586.426    247.287    76.8053          1    3529.09    2061.35    5590.44    17.9131    -115.49
      9300          0    586.426    248.048    74.9213          1    3553.72     2077.1    5630.82     15.752   -116.915
      9200          0    586.426    248.785    73.2831          1    3577.27    2092.02    5669.29    14.9151   -118.317
      9100          0    586.426    249.501    71.8142          1    3592.72    2104.52    5697.23    12.4986    -119.69
      9000          0    586.426    250.203    70.4805          1    3605.98    2113.61    5719.59    9.09724   -121.029
      8900          0    586.426    250.892    69.2749          1    3629.87    2123.37    5753.24    9.75775   -122.334
      8800          0    586.426    251.572    68.1701          1    3642.18    2132.32    5774.51    8.95274   -123.603
      8700          0    586.426    252.244    67.1491          1    3646.92    2140.48     5787.4    8.15572   -124.835
      8600          0    586.426    252.905    66.2033          1    3647.46    2148.12    5795.58    7.64537    -126.03
      8500          0    586.426    253.549    65.3248          1    3653.03    2155.28    5808.31    7.15145   -127.187
      8400          0    586.426    254.178    64.9418          1    3655.06     2162.4    5817.46    7.12195   -128.299
      8300          0    586.426    254.795    64.8805          1    3668.44     2165.9    5834.34    3.50541   -129.341
      8200          0    586.426    255.394    65.0414          1    3677.34    2169.38    5846.72    3.48104   -130.306
      8100          0    586.426    255.974    65.3963          1    3689.28    2172.86    5862.14    3.47562   -131.187
      8000          0    586.426    256.539      65.91          1    3693.23    2176.05    5869.27    3.18612   -131.984
      7900          0    586.426    257.091    66.6318          1    3706.32    2178.95    5885.27    2.90935   -132.695
      7800          0    586.426    257.632    67.5209          1    3717.08    2181.02    5898.11    2.06801   -133.314
      7700          0    586.426    258.165    68.5645          1    3725.59    2183.26    5908.84     2.2354   -133.843
      7600          0    586.426     258.69    69.7714          1    3736.19    2184.67    5920.86    1.41015   -134.277
      7500          0    586.426    259.209    71.1128          1    3752.14    2185.28    5937.43   0.616213   -134.617
      7400          0    586.426     259.72    71.5292          1    3771.32    2185.46    5956.78  -0.170422   -134.882
      7300          0    586.426     260.22    71.4212          1    3791.84    2186.51    5978.35    1.05544   -135.127
      7200          0    586.426    260.704    71.0378          1    3816.01    2188.81    6004.81     2.2962   -135.372
      7100          0    586.426    261.174    70.4664          1    3840.84    2189.93    6030.77    1.12631   -135.628
      7000          0    586.426    261.629     69.756          1    3857.98    2193.96    6051.94   -4.02912   -135.899
      6900          0    586.426    262.069    68.9503          1    3875.09    2197.93    6073.02   -3.96852   -136.187
      6800          0    586.426    262.491    68.0698          1    3890.37    2198.34     6088.7   0.408851   -136.493
      6700          0    586.426    262.899    67.1393          1    3905.16    2199.14    6104.29  -0.798637   -136.819
      6600          0    586.426    263.294    66.1868          1    3920.62    2203.03    6123.65   -3.89438   -137.163
      6500          0    586.426    263.681    65.2026          1    3933.17    2205.61    6138.78   -2.58107   -137.525
      6400          0    586.426     264.06    64.4979          1    3945.12    2208.47    6153.59   -2.86046     -137.9
      6300          0    586.426    264.434    63.9549          1    3957.84    2209.96     6167.8   -1.48374   -138.272
      6200          0    586.426    264.802     63.509          1    3978.52    2210.96    6189.48   -1.00184   -138.634
      6100          0    586.426    265.165    63.1499          1    4000.02    2211.48     6211.5  -0.515434   -138.984
      6000          0    586.426    265.525    62.8491          1    4010.59     2211.5    6222.09 -0.0250979   -139.319
      5900          0    586.426    265.881    62.5943          1    4023.04    2213.68    6236.72   -2.18133   -139.639
      5800          0    586.426    266.235    62.3764          1    4041.69    2214.42    6256.11  -0.735209   -139.943
      5700          0    586.426    266.587    62.1894          1    4050.55     2215.1    6265.66    -0.6874   -140.232
      5600          0    586.426    266.935    62.0304          1    4057.66    2215.89    6273.55  -0.785418   -140.506
      5500          0    586.426    267.277    61.8962          1    4074.67    2216.77    6291.44  -0.877352   -140.764
      5400          0    586.426    267.613    61.0633          1    4090.99    2217.95    6308.95   -1.18798   -141.021
      5300          0    586.426    267.943    59.8067          1     4099.7    2219.45    6319.15   -1.49254   -141.315
      5200          0    586.426    268.265    58.3144          1    4120.68    2220.98    6341.67    1.53515   -141.659
      5100          0    586.426    268.578    56.6688          1     4128.6     2221.6     6350.2   0.621734    -142.06
      5000          0    586.426    268.882     54.887          1    4130.17    2221.89    6352.05  -0.281571   -142.518
      4900          0    586.426    269.174    53.0207          1    4130.25    2222.71    6352.96   0.826267   -143.034
      4800          0    586.426    269.455    51.0735          1    4134.45    2224.01    6358.46    1.29545   -143.608
      4700          0    586.426    269.725    49.0637          1    4144.51    2225.78    6370.29    1.77503   -144.238
      4600          0    586.426    269.986    47.0211          1    4145.66    2225.97    6371.63   -0.18631   -144.924
      4500          0    586.426     270.24    44.9268          1    4146.36    2227.11    6373.47   -1.13976   -145.663
      4400          0    586.426    270.486    43.1541          1    4147.75    2227.72    6375.48   0.613691   -146.448
      4300          0    586.426    270.727    41.5593          1    4148.69     2228.5    6377.18   0.773191   -147.258
      4200 0.00976562    586.436    270.962    40.0588          1    4152.28    2229.73    6382.02    1.23782   -148.088
      4100  0.0634766    587.466    271.196    38.6191          1    4159.95    2230.24    6390.19    0.50408   -149.125
      4000  0.0683594    593.818    271.443    37.1326          1    4167.98    2232.09    6400.08     1.8565   -151.132
      3900  0.0952148    600.681    271.708    35.6176          1     4178.7    2235.29    6413.98    3.19203   -152.975
      3800  0.0463867    610.154    271.988    34.0606          1    4187.76    2236.75    6424.51    1.46233   -155.096
      3700  0.0708008    614.817    272.266     31.985          1    4200.88    2237.81    6438.69    1.05865   -156.056
      3600  0.0268555    621.853    272.541    28.3814          1     4211.5    2238.47    6449.97   0.658547    -157.55
      3500   0.012207    624.524    272.808    24.1688          1    4221.34    2240.66    6461.99    2.19237   -158.266
      3400          0    625.732    273.057    19.7726          1    4227.25     2241.6    6468.86   0.943283   -158.976
      3300          0    625.732    273.291     15.178          1    4230.57    2242.66    6473.23    1.05904   -159.755
      3200          0    625.732    273.515    10.9344          1    4232.52    2243.85    6476.37    1.18521   -160.835
      3100          0    625.732    273.732    8.00255          1    4235.97    2244.76    6480.74   0.917548   -162.103
      3000          0    625.732    273.946    5.54108          1    4236.32    2245.42    6481.73    0.65414   -163.474
      2900          0    625.732    274.155    3.41239          1    4236.48    2246.76    6483.24    1.34483   -164.903
      2800          0    625.732     274.36    1.51812          1    4237.08     2247.7    6484.78   0.940486   -166.364
      2700          0    625.732    274.559  -0.377901          1    4243.41    2252.04    6495.45    4.34139    -167.84
      2600          0    625.732    274.753   -2.60435          1    4258.84     2252.9    6511.74  -0.852662   -169.339
      2500          0    625.732    274.942   -4.93112          1    4261.85    2255.85    6517.71    2.95795    -170.87
      2400          0    625.732    275.127    -7.2872          1    4262.85    2258.33    6521.17    2.47282   -172.432
      2300          0    625.732    275.308   -9.67056          1    4265.78    2260.17    6525.95     1.8416   -174.024
      2200          0    625.732    275.486    -11.921          1    4275.21    2261.38    6536.59    1.21438   -175.641
      2100          0    625.732    275.659   -13.7683          1    4277.46    2262.52    6539.99    1.14142   -177.261
      2000          0    625.732    275.827   -15.4485          1    4279.81     2263.6    6543.41     1.0728   -178.868
      1900          0    625.732    275.991   -17.0004          1    4282.94    2265.14    6548.08     1.5424   -180.454
      1800          0    625.732    276.149   -18.4527          1    4285.02    2266.66    6551.67    1.51753   -182.015
      1700          0    625.732    276.301   -19.9195          1    4285.74    2268.98    6554.72    2.32523   -183.548
      1600          0    625.732    276.448   -21.5725          1     4289.2    2272.82    6562.02    3.83973   -185.064
      1500          0    625.732    276.588   -23.2775          1    4293.03    2274.78    6567.81    1.95672    -186.57
      1400          0    625.732    276.723   -25.0214          1    4296.31    2275.01    6571.31   0.226808    -188.07
      1300          0    625.732    276.853   -26.7888          1    4303.31    2275.89     6579.2   0.883122   -189.565
      1200          0    625.732    276.978   -28.2888          1    4322.04    2277.42    6599.46     1.5354   -191.055
      1100          0    625.732    277.099   -29.0444          1    4337.65    2279.54    6617.19    2.11098   -192.504
      1000          0    625.732    277.217   -29.4742          1    4351.12    2282.08    6633.21    2.54826   -193.887
       900          0    625.732    277.332    -29.553          1    4364.98     2284.4    6649.38     2.3184   -195.191
       800          0    625.732    277.444   -29.3681          1    4380.07    2290.28    6670.34      5.876   -196.405
       700          0    625.732    277.554   -28.8694          1    4392.91    2296.79     6689.7    6.51239   -197.524
       600          0    625.732    277.663   -27.9061          1    4415.62     2300.3    6715.92     3.5123   -198.533
       500          0    625.732    277.769   -26.6611          1    4438.79    2303.18    6741.97    2.87301    -199.42
       400          0    625.732    277.875   -25.1096          1    4474.35    2308.03    6782.38    4.85267    -200.18
       300          0    625.732    277.979   -23.3075          1    4499.19    2308.28    6807.47    -0.2522   -200.807
       200          0    625.732    278.082   -21.0316          1    4530.83    2309.07     6839.9  -0.789218   -201.298
       100          0    625.732    278.183   -17.8629          1    4547.62    2312.34    6859.96    3.27174   -201.619
         0          0    625.732    278.284    -14.209          1     4551.4    2334.62    6886.01    22.2737   -201.745