    20000         0         0   179.437    354.04       1.3   78.9895   14.2831   93.2726   14.2831    6.5598
    19900         0         0   179.437    353.13       1.3   151.419   29.7361   181.156   15.4531   6.43382
    19800         0         0   179.437   352.506       1.3   228.894   46.3592   275.253   16.6231   6.30822
    19700         0         0   179.437   352.255       1.3   299.319   60.5222   359.841   14.1631   6.19879
    19600         0         0   179.437    352.29       1.3   351.209   72.5053   423.714   11.9831   6.12087
    19500         0         0   179.437   350.597       1.3   414.692   82.0183    496.71   9.51306   6.05158
    19400         0         0   179.437   347.879       1.3   487.353   94.1014   581.454   12.0831   5.90477
    19300         0         0   179.437   345.374       1.3   558.279   106.214   664.494   12.1131   5.65656
    19200         0         0   179.437   342.873       1.3   620.606   118.358   738.963   12.1431   5.32496
    19100         0         0   179.437    342.02       1.3   681.386   130.011   811.397   11.6531   4.94128
    19000         0         0   179.437   342.156       1.3    741.53   142.474   884.004   12.4631   4.58749
    18900         0         0   179.437   340.553       1.3   800.577   155.747   956.323   13.2731   4.26219
    18800         0         0   179.437   337.986       1.3   870.831    166.28   1037.11   10.5331   3.87637
    18700         0         0   179.437    336.21       1.3   952.601   178.113   1130.71   11.8331   3.41716
    18600         0         0   179.437   334.818       1.3   1047.59   192.576   1240.17   14.4631   2.92873
    18500         0         0   179.437   333.482       1.3   1150.05   201.259   1351.31   8.68306   2.42444
    18400         0         0   179.437   332.205       1.3   1219.19   209.492   1428.69   8.23306    1.9065
    18300         0         0   179.437   329.228       1.3    1275.7   218.075   1493.77   8.58306   1.34924
    18200         0         0   179.437     325.2       1.3    1360.8   226.658   1587.45   8.58306  0.672723
    18100         0         0   179.437   321.768       1.3   1469.79   234.714    1704.5   8.05639 -0.137283
    18000         0         0   179.437   318.559       1.3   1574.09   243.331   1817.42   8.61639  -1.04056
    17900         0         0   179.437    317.64       1.3   1670.99   253.364   1924.35   10.0331  -1.98653
    17800         0         0   179.437   318.134       1.3      1766   264.257   2030.25   10.8931  -2.86227
    17700         0         0   179.437   316.312       1.3   1860.47    274.54   2135.01   10.2831  -3.66765
    17600         0         0   179.437   313.229       1.3   1943.92   288.828   2232.75   14.2881  -4.52282
    17500         0         0   179.437   313.298       1.3   2011.35   302.776   2314.12   13.9481  -5.41147
    17400         0         0   182.115   344.137       1.3   2042.72   312.444   2355.16   9.66738  -7.03503
    17300         0         0   182.934   353.815       1.3   2073.54   322.233   2395.78   9.78928  -7.23612
    17200         0         0    183.39   359.881       1.3   2096.59   335.928   2432.52    13.695  -7.02974
    17100         0         0   183.841   363.835       1.3   2099.91   350.717   2450.63   14.7892  -6.64495
    17000         0         0   184.395   366.328       1.3   2106.32   368.422   2474.74   17.7049  -6.19849
    16900         0         0   185.076   363.157       1.3   2119.69   386.971   2506.66   18.5487  -5.83044
    16800         0         0   185.879    356.08       1.3   2132.94   406.282   2539.22   19.3111  -5.80695
    16700         0         0   186.789   347.713       1.3   2143.96   427.383   2571.34   21.1008  -6.22983
    16600         0         0   187.792   338.163       1.3   2156.83    452.74   2609.57   25.3575  -7.09448
    16500 0.0732422 0.0732422   188.875   339.172       1.3   2164.82   472.218   2637.03   19.4779   -8.2279
    16400  0.217285    7.5415    190.02   347.146       1.3   2171.27   496.165   2667.44   23.9472  -10.7043
    16300  0.163574   29.2163   191.202   351.852       1.3   2187.42   517.479    2704.9   21.3137  -15.5375
    16200         0   45.4102   192.415   354.947       1.3   2208.45   544.509   2752.96   27.0298  -17.9042
    16100         0   45.4102   193.675   346.527       1.3   2225.84   574.571   2800.41   30.0628  -16.1721
    16000         0   45.4102   194.982    330.27       1.3   2233.35   603.293   2836.64   28.7216  -15.4483
    15900         0   45.4102   196.324   322.015       1.3   2236.05   630.821   2866.87   27.5283  -15.7103
    15800 0.0366211   45.4468   197.694   318.594       1.3   2241.91   655.487   2897.39   24.6656  -16.3703
    15700 0.0537109    49.126   199.083   316.344       1.3   2248.55   679.914   2928.46   24.4266  -17.9818
    15600 0.0585938    54.502   200.483   315.104       1.3   2256.69   702.191   2958.89   22.2772  -19.8423
    15500 0.0756836   60.3784   201.889   313.094       1.3   2264.85   723.832   2988.68   21.6411  -21.5957
    15400   0.19043   68.0615   203.299   310.665       1.3   2277.87   744.538   3022.41   20.7064  -23.5942
    15300   0.43457   87.3486   204.699   309.684       1.3   2298.88   767.156   3066.03   22.6175  -27.9452
    15200  0.620117   130.991   206.063   309.395       1.3   2320.38   789.166   3109.55   22.0103  -36.8056
    15100  0.793457   193.176   207.368   314.949       1.3   2349.98   810.571   3160.55   21.4053  -47.6481
    15000  0.957031   272.686   208.605    324.43       1.3   2392.36   831.269   3223.63   20.6976  -59.3196
    14900  0.820312   368.252   209.769   331.078       1.3    2443.9   850.147   3294.04   18.8777  -71.1202
    14800         0   449.463   210.885   336.402       1.3   2505.24   868.541   3373.78   18.3939  -77.0229
    14700         0   449.463   211.994   327.139       1.3   2559.37   885.541   3444.92   17.0004  -65.4354
    14600         0   449.463   204.415   258.742       1.3   2573.08   916.966   3490.05   31.4252  -57.1917
    14500         0   449.463   202.154   232.245       1.3   2575.39    954.16   3529.55   37.1933  -55.3081
    14400         0   449.463   202.271   215.998       1.3   2584.98   993.243   3578.23   39.0833  -56.0007
    14300         0   449.463   203.198   201.985       1.3   2597.28   1029.19   3626.48   35.9521  -57.7385
    14200         0   449.463   204.355   190.029       1.3   2616.11   1063.39    3679.5   34.1973  -59.8981
    14100         0   449.463   205.551   183.667       1.3   2635.32   1096.17   3731.49   32.7825  -62.0965
    14000         0   449.463   206.726   180.789       1.3   2663.63   1126.43   3790.06   30.2586  -64.0163
    13900         0   449.463   207.877   175.866       1.3   2697.08   1159.13   3856.21   32.6932  -65.6263
    13800         0   449.463   209.004   170.046       1.3   2721.73   1188.64   3910.37   29.5111  -67.1106
    13700         0   449.463   210.108   165.799       1.3   2762.25   1219.88   3982.13   31.2425  -68.5266
    13600         0   449.463   211.189    162.42       1.3    2795.5    1249.9    4045.4   30.0157  -69.8432
    13500         0   449.463   212.251   165.693       1.3   2829.05   1273.47   4102.53    23.579  -70.9627
    13400         0   449.463   213.291   172.982       1.3   2861.16   1299.22   4160.39   25.7487  -71.6015
    13300         0   449.463    214.31   169.944       1.3   2893.96   1321.77   4215.73   22.5499  -71.8871
    13200         0   449.463   217.824   190.914       1.3   2909.39   1343.86   4253.26   22.0906  -72.1942
    13100 0.0463867   449.509    220.06    197.62       1.3   2918.72   1359.67   4278.39   15.8051  -71.4735
    13000         0   454.102   221.875   203.517       1.3   2936.08   1376.28   4312.36    16.611  -71.3428
    12900  0.107422   454.209   223.348   209.837       1.3   2938.26   1391.64    4329.9   15.3591  -69.9181
    12800  0.124512   464.968   224.478   216.158       1.3   2944.28   1408.04   4352.32   16.4044  -70.6684
    12700         0   477.295   225.485   218.289       1.3   2944.84   1425.16      4370   17.1173  -71.3403
    12600         0   477.295   226.597   217.584       1.3   2963.05   1443.71   4406.77   18.5525  -69.2984
    12500         0   477.295   227.772   217.459       1.3   2978.72   1462.93   4441.65   19.2157   -67.806
    12400         0   477.295   228.985   217.464       1.3   2996.49   1480.04   4476.53   17.1151  -66.7353
    12300         0   477.295   230.227   216.144       1.3   3003.28    1496.6   4499.88   16.5591  -66.0317
    12200  0.117188   477.412   231.493   213.839       1.3   3010.97   1514.41   4525.38    17.809  -65.7275
    12100  0.297852   489.312   232.771   212.952       1.3   3027.62   1534.08    4561.7   19.6711  -68.2259
    12000  0.478516   519.277   234.033   212.731       1.3   3052.83   1550.15   4602.97   16.0641  -74.1504
    11900  0.708008   567.358   235.259   213.104       1.3   3082.34   1569.44   4651.78   19.2953  -82.6572
    11800  0.224609   637.676   236.425     213.7       1.3   3116.94   1588.06   4704.99   18.6146  -93.8445
    11700 0.0390625   659.951   237.598   222.162       1.3   3163.35   1607.04   4770.39   18.9845  -92.9725
    11600         0   663.818    225.66   196.511       1.3   3190.74   1638.75   4829.49   31.7039  -88.2372
    11500         0   663.818   221.681   178.765       1.3   3210.07   1682.83   4892.91   44.0861  -86.3635
    11400         0   663.818   221.165   155.091       1.3   3218.21   1729.62   4947.83   46.7875  -86.8118
    11300         0   663.818   221.885   143.938       1.3   3220.04   1773.21   4993.25   43.5924  -88.5886
    11200         0   663.818   222.991   139.708       1.3   3222.97   1815.07   5038.05   41.8594  -90.5613
    11100         0   663.818   224.188   131.956       1.3   3246.21   1855.78      5102   40.7118  -92.4086
    11000         0   663.818   225.384    122.57       1.3   3278.24    1895.2   5173.44   39.4162  -94.3029
    10900         0   663.818   226.552   117.195       1.3   3300.92   1936.25   5237.17   41.0481  -96.2273
    10800         0   663.818   227.688   114.067       1.3   3311.94   1974.11   5286.05   37.8617  -98.0003
    10700         0   663.818   228.799   110.016       1.3   3324.57   2011.53   5336.11   37.4259  -99.6172
    10600         0   663.818   229.893   105.565       1.3   3341.43   2048.54   5389.97   37.0069  -101.181
    10500         0   663.818   230.971   102.863       1.3   3358.52   2085.07   5443.59   36.5285  -102.707
    10400         0   663.818   232.031   101.176       1.3   3376.24   2119.24   5495.48   34.1685  -104.132
    10300         0   663.818   233.068   100.082       1.3   3387.35   2151.07   5538.42    31.832  -105.444
    10200         0   663.818   234.079   98.9036       1.3   3399.33   2182.69   5582.02   31.6213  -106.649
    10100         0   663.818   235.064   96.7038       1.3   3427.43   2211.33   5638.76   28.6359  -107.809
    10000         0   663.818   236.025   94.1766       1.3   3448.96    2239.3   5688.26   27.9745  -108.977
     9900         0   663.818   236.967   91.4764       1.3   3459.62   2266.64   5726.25   27.3334  -110.174
     9800         0   663.818   237.893   88.6399       1.3   3471.35   2292.49   5763.84   25.8507  -111.411
     9700         0   663.818   238.808   85.6937       1.3   3475.91   2316.87   5792.78   24.3797  -112.692
     9600         0   663.818   239.704   82.6614       1.3   3479.83   2339.79   5819.63   22.9272  -114.021
     9500         0   663.818   240.577   79.5568       1.3   3488.09   2361.29   5849.38   21.4981  -115.398
     9400         0   663.818   241.431   77.2174       1.3   3513.13   2385.06   5898.19   23.7688  -116.811
     9300         0   663.818   242.271   75.3201       1.3   3537.37   2406.59   5943.96   21.5294  -118.217
     9200         0   663.818   243.098   73.6689       1.3   3560.54   2427.19   5987.73   20.6022  -119.601
     9100         0   663.818   243.913   72.1879       1.3   3575.61   2445.28   6020.89   18.0874  -120.957
     9000         0   663.818   244.707    70.845       1.3    3588.5   2459.87   6048.37   14.5928   -122.28
     8900         0   663.818   245.481   69.6338       1.3   3612.04   2475.04   6087.08   15.1692  -123.569
     8800         0   663.818   246.236   68.5268       1.3   3623.99   2489.33   6113.32   14.2886   -124.82
     8700         0   663.818   246.969   67.5082       1.3   3628.37   2502.76   6131.13   13.4314  -126.033
     8600         0   663.818   247.678   66.5681       1.3   3629.27   2515.63    6144.9    12.872  -127.207
     8500         0   663.818   248.371   65.6962       1.3   3634.48   2527.96   6162.44   12.3292  -128.343
     8400         0   663.818   249.051   65.3235       1.3   3636.12   2540.21   6176.33   12.2486  -129.432
     8300         0   663.818   249.723   65.2732       1.3   3649.11   2548.79    6197.9   8.57732  -130.453
     8200         0   663.818   250.387   65.4446       1.3    3657.6   2557.28   6214.88   8.48835  -131.396
     8100         0   663.818   251.043   65.8086       1.3   3669.14   2565.68   6234.82    8.4066  -132.258
     8000         0   663.818   251.687   66.3319       1.3   3672.66   2573.72   6246.38    8.0378  -133.036
     7900         0   663.818   252.316   67.0648       1.3   3685.31   2581.41   6266.72   7.68446  -133.727
     7800         0   663.818   252.931   67.9663       1.3   3695.64   2588.17   6283.81   6.76928  -134.328
     7700         0   663.818    253.53   69.0248       1.3   3703.68   2595.05   6298.72   6.87031  -134.835
     7600         0   663.818    254.11   70.2499       1.3   3713.81   2601.04   6314.84   5.99047  -135.247
     7500         0   663.818   254.673   71.6123       1.3   3729.26   2606.19   6335.44   5.15242  -135.564
     7400         0   663.818   255.222   72.0447       1.3   3747.92   2610.52   6358.44   4.32767  -135.804
     7300         0   663.818   255.761   71.9501       1.3   3767.91   2616.03   6383.94   5.51366  -136.024
     7200         0   663.818   256.291   71.5768       1.3   3791.54   2622.74   6414.28   6.70853  -136.244
     7100         0   663.818   256.814   71.0124       1.3   3815.83   2628.22   6444.05   5.48588  -136.475
     7000         0   663.818    257.33    70.306       1.3   3832.42   2628.49   6460.91  0.269585  -136.722
     6900         0   663.818   257.841   69.5013       1.3   3848.97   2628.75   6477.73  0.259484  -136.988
     6800         0   663.818    258.34   68.6201       1.3    3863.7   2633.31   6497.01   4.56011  -137.273
     6700         0   663.818   258.825   67.6887       1.3   3877.94   2636.59   6514.53   3.27517  -137.578
     6600         0   663.818   259.295    66.736       1.3   3892.85   2636.69   6529.55  0.104791  -137.903
     6500         0   663.818   259.751    65.753       1.3   3904.85   2638.04   6542.89   1.34864  -138.246
     6400         0   663.818   260.192   65.0533       1.3   3916.25   2639.05    6555.3   1.00813    -138.6
     6300         0   663.818   260.616   64.5185       1.3   3928.41   2641.38   6569.79   2.33433   -138.95
     6200         0   663.818   261.024   64.0841       1.3   3948.52   2644.16   6592.68   2.77622  -139.289
     6100         0   663.818   261.419   63.7392       1.3   3969.42   2647.39   6616.81   3.23058  -139.615
     6000         0   663.818   261.806   63.4544       1.3   3979.38   2651.09   6630.47   3.69442  -139.926
     5900         0   663.818   262.184   63.2172       1.3   3991.21    2652.6   6643.81   1.51584  -140.221
     5800         0   663.818   262.556   63.0182       1.3   4009.22   2655.54   6664.77   2.94355  -140.501
     5700         0   663.818   262.923   62.8513       1.3   4017.42   2658.52   6675.94   2.97658  -140.765
     5600         0   663.818   263.286   62.7125       1.3   4023.85   2661.39   6685.23    2.8642  -141.013
     5500         0   663.818   263.644   62.5982       1.3   4040.16   2664.14    6704.3   2.75583  -141.247
     5400         0   663.818   263.999   61.7808       1.3   4055.76   2666.57   6722.33   2.42599  -141.479
     5300         0   663.818   264.351   60.5375       1.3   4063.74   2668.67   6732.41   2.09884  -141.748
     5200         0   663.818   264.702   59.0556       1.3   4083.98   2673.76   6757.74   5.09832  -142.069
     5100         0   663.818   265.049   57.4184       1.3   4091.14   2677.92   6769.06   4.15134  -142.447
     5000         0   663.818    265.39   55.6432       1.3   4091.96   2681.13   6773.08   3.21019  -142.883
     4900         0   663.818   265.725   53.7819       1.3   4092.64    2685.4   6778.05   4.27536  -143.379
     4800         0   663.818   266.053   51.8383       1.3   4096.09    2690.1   6786.19   4.69657  -143.934
     4700         0   663.818   266.375   49.8312       1.3   4105.38   2695.22    6800.6   5.12463  -144.545
     4600         0   663.818   266.689   47.7912       1.3   4105.76   2698.33   6804.09   3.11123  -145.212
     4500         0   663.818   266.992   45.6998       1.3   4107.23   2700.44   6807.68   2.10765  -145.932
     4400         0   663.818   267.285   43.9325       1.3    4109.4   2704.26   6813.66   3.81483  -146.696
     4300         0   663.818   267.567   42.3448       1.3   4109.55   2708.19   6817.74   3.93329  -147.486
     4200 0.0219727    663.84   267.838   40.8532       1.3   4113.94   2712.55   6826.49   4.36231  -148.297
     4100  0.078125   666.094   268.094   39.4064       1.3   4122.39   2716.16   6838.55   3.60576  -149.545
     4000 0.0830078   673.911   268.323   37.9046       1.3    4131.2   2721.13   6852.33   4.97659  -151.755
     3900  0.112305   682.241   268.526   36.3762       1.3   4142.67   2727.51   6870.18   6.37436  -153.747
     3800 0.0585938   693.418   268.704   34.8077       1.3   4152.49   2732.25   6884.74   4.74577  -156.022
     3700 0.0854492   699.304   268.876   32.7259       1.3   4166.34    2736.7   6903.04    4.4488  -157.007
     3600 0.0390625   707.803   269.045   29.1132       1.3    4177.7   2740.86   6918.56   4.15482  -158.566
     3500 0.0219727   711.692   269.217   24.8914       1.3   4188.25   2746.64   6934.89   5.78303  -159.287
     3400         0   713.867     269.4   20.4881       1.3   4194.89   2751.24   6946.13    4.5996  -159.958
     3300         0   713.867   269.596   15.8992       1.3   4197.48   2755.99   6953.48   4.75368  -160.528
     3200         0   713.867   269.801   11.6701       1.3    4198.7   2760.89   6959.59   4.89872  -161.451
     3100         0   713.867    270.01   8.75799       1.3   4201.39   2765.53   6966.92   4.63984  -162.599
     3000         0   713.867   270.221   6.31808       1.3   4201.83   2769.91   6971.74   4.37939  -163.876
     2900         0   713.867   270.431    4.2115       1.3   4202.79   2774.98   6977.77   5.06857  -165.231
     2800         0   713.867   270.642   2.33889       1.3   4204.21   2779.64   6983.85   4.65803  -166.631
     2700         0   713.867   270.852  0.462471       1.3    4209.7   2787.69   6997.38   8.04817  -168.057
     2600         0   713.867   271.061  -1.74731       1.3   4224.28   2790.53    7014.8   2.83925  -169.514
     2500         0   713.867   271.269  -4.05958       1.3   4226.41   2797.16   7023.57   6.63143   -171.01
     2400         0   713.867   271.475  -6.40289       1.3   4226.52   2803.28    7029.8   6.12483  -172.541
     2300         0   713.867    271.68  -8.77504       1.3   4228.56   2808.75   7037.31   5.46951  -174.105
     2200         0   713.867   271.884  -11.0146       1.3   4237.08   2813.57   7050.65   4.81552  -175.697
     2100         0   713.867   272.087  -12.8507       1.3   4238.42   2818.28    7056.7   4.71296  -177.295
     2000         0   713.867   272.287  -14.5195       1.3   4239.84   2822.89   7062.73   4.61304  -178.881
     1900         0   713.867   272.483  -16.0601       1.3   4242.02   2827.94   7069.97   5.05061  -180.448
     1800         0   713.867   272.674  -17.5009       1.3   4243.15   2832.94   7076.09   4.99283   -181.99
     1700         0   713.867    272.86  -18.9568       1.3   4243.39    2838.7   7082.09    5.7663  -183.506
     1600         0   713.867   273.043     -20.6       1.3   4245.88   2845.95   7091.82    7.2449  -185.006
     1500         0   713.867   273.221  -22.2961       1.3   4248.73   2851.27      7100   5.32417  -186.496
     1400         0   713.867   273.395  -24.0318       1.3   4251.02   2854.83   7105.84   3.55465  -187.981
     1300         0   713.867   273.566  -25.7914       1.3   4257.02      2859   7116.02   4.16991  -189.462
     1200         0   713.867   273.733  -27.2825       1.3   4274.74   2863.78   7138.52   4.78052  -190.937
     1100         0   713.867   273.895  -28.0265       1.3   4289.34   2869.09   7158.43   5.31461  -192.372
     1000         0   713.867   274.053  -28.4432       1.3   4301.78    2874.8   7176.59   5.71176   -193.74
      900         0   713.867   274.206  -28.5069       1.3   4314.59   2880.25   7194.84   5.44434  -195.028
      800         0   713.867   274.352  -28.3054       1.3   4328.61   2889.22   7217.83   8.96772  -196.227
      700         0   713.867   274.493  -27.7878       1.3   4340.38   2898.79   7239.17   9.57383   -197.33
      600         0   713.867   274.627  -26.8033       1.3   4361.98   2905.34   7267.32   6.54795  -198.322
      500         0   713.867   274.755  -25.5351       1.3   4384.03   2911.23   7295.25   5.88784  -199.191
      400         0   713.867   274.876  -23.9581       1.3   4418.44   2919.08   7337.52   7.85189  -199.934
      300         0   713.867   274.991  -22.1291       1.3    4442.1   2921.81   7363.91   2.73594  -200.543
      200         0   713.867   275.101  -19.8233       1.3   4472.53      2924   7396.53   2.19117  -201.015
      100         0   713.867   275.208  -16.6213       1.3   4488.07   2930.25   7418.32    6.2468  -201.318
        0         0   713.867   275.313  -12.9319       1.3   4490.58    2955.5   7446.08   25.2452  -201.426