     20000          0          0    179.437     354.04        1.1    78.9895    14.2831    93.2726    14.2831     6.5598
     19900          0          0    179.437     353.13        1.1    151.419    29.7361    181.156    15.4531    6.43382
     19800          0          0    179.437    352.506        1.1    228.894    46.3592    275.253    16.6231    6.30822
     19700          0          0    179.437    352.255        1.1    299.319    60.5222    359.841    14.1631    6.19879
     19600          0          0    179.437     352.29        1.1    351.209    72.5053    423.714    11.9831    6.12087
     19500          0          0    179.437    350.597        1.1    414.692    82.0183     496.71    9.51306    6.05158
     19400          0          0    179.437    347.879        1.1    487.353    94.1014    581.454    12.0831    5.90477
     19300          0          0    179.437    345.374        1.1    558.279    106.214    664.494    12.1131    5.65656
     19200          0          0    179.437    342.873        1.1    620.606    118.358    738.963    12.1431    5.32496
     19100          0          0    179.437     342.02        1.1    681.386    130.011    811.397    11.6531    4.94128
     19000          0          0    179.437    342.156        1.1     741.53    142.474    884.004    12.4631    4.58749
     18900          0          0    179.437    340.553        1.1    800.577    155.747    956.323    13.2731    4.26219
     18800          0          0    179.437    337.986        1.1    870.831     166.28    1037.11    10.5331    3.87637
     18700          0          0    179.437     336.21        1.1    952.601    178.113    1130.71    11.8331    3.41716
     18600          0          0    179.437    334.818        1.1    1047.59    192.576    1240.17    14.4631    2.92873
     18500          0          0    179.437    333.482        1.1    1150.05    201.259    1351.31    8.68306    2.42444
     18400          0          0    179.437    332.205        1.1    1219.19    209.492    1428.69    8.23306     1.9065
     18300          0          0    179.437    329.228        1.1     1275.7    218.075    1493.77    8.58306    1.34924
     18200          0          0    179.437      325.2        1.1     1360.8    226.658    1587.45    8.58306   0.672723
     18100          0          0    179.437    321.768        1.1    1469.79    234.714     1704.5    8.05639  -0.137283
     18000          0          0    179.437    318.559        1.1    1574.09    243.331    1817.42    8.61639   -1.04056
     17900          0          0    179.437     317.64        1.1    1670.99    253.364    1924.35    10.0331   -1.98653
     17800          0          0    179.437    318.134        1.1       1766    264.257    2030.25    10.8931   -2.86227
     17700          0          0    179.437    316.312        1.1    1860.47     274.54    2135.01    10.2831   -3.66765
     17600          0          0    179.437    313.229        1.1    1943.92    288.828    2232.75    14.2881   -4.52282
     17500          0          0    179.437    313.298        1.1    2011.35    302.776    2314.12    13.9481   -5.41147
     17400          0          0    182.115    344.137        1.1    2042.72    312.444    2355.16    9.66738   -7.03503
     17300          0          0    182.934    353.815        1.1    2073.54    322.233    2395.78    9.78928   -7.23612
     17200          0          0     183.39    359.881        1.1    2096.59    335.928    2432.52     13.695   -7.02974
     17100          0          0    183.841    363.835        1.1    2099.91    350.717    2450.63    14.7892   -6.64495
     17000          0          0    184.395    366.328        1.1    2106.32    368.422    2474.74    17.7049   -6.19849
     16900          0          0    185.076    363.157        1.1    2119.69    386.971    2506.66    18.5487   -5.83044
     16800          0          0    185.879     356.08        1.1    2132.94    406.282    2539.22    19.3111   -5.80695
     16700          0          0    186.789    347.713        1.1    2143.96    427.383    2571.34    21.1008   -6.22983
     16600          0          0    187.792    338.163        1.1    2156.83     452.74    2609.57    25.3575   -7.09448
     16500  0.0683594  0.0683594    188.875    339.172        1.1    2164.82    472.218    2637.03    19.4779   -8.22664
     16400   0.205078    7.04102    190.034    347.149        1.1    2171.27    496.152    2667.43    23.9339   -10.5908
     16300    0.15625       27.5    191.273    351.859        1.1    2187.43    517.395    2704.83     21.243   -15.1782
     16200          0    42.9688     192.58    354.947        1.1    2208.46     544.26    2752.72     26.865   -17.4692
     16100          0    42.9688    193.919    346.512        1.1    2225.83    574.079    2799.91    29.8189   -15.8396
     16000          0    42.9688    195.274     330.24        1.1    2233.31    602.508    2835.82    28.4292   -15.1944
     15900          0    42.9688    196.648    321.968        1.1    2235.97    629.712    2865.68    27.2045   -15.5145
     15800  0.0341797    43.0029    198.039    318.531        1.1    2241.76    654.033     2895.8    24.3206   -16.2165
     15700  0.0488281    46.4355     199.45    316.269        1.1    2248.33    678.094    2926.42    24.0605   -17.8048
     15600  0.0537109    51.3232    200.878    315.019        1.1    2256.39    699.976    2956.37    21.8821   -19.5924
     15500  0.0708008    56.7114     202.32    313.002        1.1    2264.45    721.186    2985.64    21.2098   -21.2879
     15400   0.180664    63.9014    203.774    310.565        1.1    2277.38    741.416    3018.79    20.2308   -23.2405
     15300   0.407715    82.1948    205.248    309.574        1.1    2298.27    763.485    3061.76    22.0685   -27.4488
     15200   0.576172    123.135    206.765     309.28        1.1    2319.66    784.793    3104.45    21.3083   -35.8402
     15100   0.732422    180.908     208.34    314.825        1.1    2349.14    805.227    3154.36    20.4337   -45.9852
     15000   0.878906    254.297    209.975    324.291        1.1    2391.38    824.555    3215.93    19.3279   -56.8096
     14900   0.754395    342.063    211.669    330.917        1.1    2442.75    841.532    3284.29    16.9773   -67.6804
     14800          0    416.748    213.397    336.182        1.1    2503.88    857.414    3361.29    15.8817   -73.1365
     14700          0    416.748    215.004    326.841        1.1    2557.71    871.404    3429.12      13.99    -62.358
     14600          0    416.748    207.699    258.369        1.1    2571.05    899.545    3470.59    28.1408   -54.7588
     14500          0    416.748    205.539    231.797        1.1     2573.8    933.354    3507.15     33.809   -53.3352
     14400          0    416.748    205.717    215.496        1.1     2583.9    968.991    3552.89    35.6369   -54.3646
     14300          0    416.748    206.701    201.449        1.1    2596.73    1001.44    3598.17     32.449   -56.3486
     14200          0    416.748    207.912    189.468        1.1    2616.12    1032.08     3648.2    30.6407   -58.6874
     14100          0    416.748    209.154     183.07        1.1    2635.93    1061.26    3697.19     29.179   -61.0167
     14000          0    416.748    210.372    180.156        1.1    2664.87    1087.87    3752.74    26.6131   -63.0328
     13900          0    416.748    211.549    175.223        1.1    2698.96    1116.89    3815.86    29.0212   -64.7125
     13800          0    416.748    212.683    169.405        1.1    2724.26    1142.73    3866.98    25.8323   -66.2473
     13700          0    416.748    213.778    165.161        1.1    2765.42     1170.3    3935.71    27.5717   -67.6997
     13600          0    416.748    214.847    161.789        1.1     2799.3    1196.66    3995.95    26.3582   -69.0428
     13500          0    416.748    215.894    165.037        1.1     2833.5    1216.59    4050.09    19.9357   -70.1823
     13400          0    416.748    216.918    172.291        1.1    2866.31    1238.71    4105.02    22.1219   -70.8372
     13300          0    416.748    217.915    169.278        1.1    2899.76    1257.66    4157.42    18.9446   -71.1357
     13200          0    416.748    221.446    190.197        1.1    2915.92    1276.13    4192.04    18.4689   -71.4713
     13100  0.0317383     416.78     223.69    196.867        1.1       2926     1288.3     4214.3    12.1745   -70.7761
     13000          0    419.922    225.515    202.755        1.1    2944.12    1301.27    4245.39    12.9708   -70.3688
     12900   0.090332    420.012    226.994    209.058        1.1    2947.08    1312.99    4260.06    11.7138   -69.0231
     12800   0.107422    429.062    228.136    215.372        1.1    2952.31    1325.73    4278.04     12.746   -69.4862
     12700          0    439.697    229.179    217.521        1.1    2952.51    1339.16    4291.67    13.4231   -69.9383
     12600          0    439.697    230.321    216.827        1.1    2971.48    1353.98    4325.46    14.8285    -68.071
     12500          0    439.697    231.506    216.698        1.1    2987.91    1369.47    4357.38    15.4817   -66.7159
     12400          0    439.697    232.721    216.696        1.1    3006.45    1382.84    4389.29    13.3787   -65.7527
     12300          0    439.697    233.964    215.372        1.1       3014    1395.67    4409.67    12.8219   -65.1334
     12200  0.0976562    439.795    235.231    213.064        1.1    3020.92    1409.74    4430.66     14.071   -64.8904
     12100   0.273438    449.736    236.528    212.184        1.1    3036.81    1425.65    4462.46    15.9135    -67.032
     12000   0.439453    477.246    237.871     211.98        1.1    3061.26    1437.88    4499.14    12.2265    -72.587
     11900   0.649414    521.401    239.273    212.374        1.1    3090.05    1453.16     4543.2    15.2809   -80.5277
     11800   0.202637    585.896    240.749    212.997        1.1    3123.94    1467.45    4591.39    14.2908   -90.9407
     11700  0.0292969    605.986    242.259    221.407        1.1    3169.59    1481.77    4651.37    14.3229   -90.1499
     11600          0    608.887    230.413    195.756        1.1    3196.24    1508.72    4704.96    26.9512   -85.7156
     11500          0    608.887    226.419    178.079        1.1    3214.88    1548.07    4762.95    39.3475   -84.2298
     11400          0    608.887    225.885    154.504        1.1    3222.43    1590.14    4812.57     42.067   -84.9582
     11300          0    608.887    226.601    143.376        1.1     3223.7    1629.01    4852.71    38.8766   -86.9364
     11200          0    608.887    227.719    139.157        1.1    3227.18    1666.14    4893.33    37.1307   -89.0554
     11100          0    608.887    228.931    131.442        1.1    3250.94    1702.11    4953.05    35.9693   -91.0119
     11000          0    608.887     230.14    122.095        1.1    3283.44    1736.77    5020.21    34.6595   -92.9879
     10900          0    608.887     231.32    116.733        1.1    3306.58    1773.05    5079.63    36.2802   -94.9729
     10800          0    608.887     232.46    113.612        1.1    3318.05    1806.14    5124.19    33.0895   -96.7917
     10700          0    608.887    233.564    109.579        1.1    3331.13     1838.8    5169.93    32.6608   -98.4438
     10600          0    608.887    234.635    105.148        1.1     3348.4    1871.07    5219.47    32.2647   -100.035
     10500          0    608.887    235.678    102.457        1.1     3365.9    1902.89    5268.79    31.8216   -101.584
     10400          0    608.887    236.697    100.779        1.1    3384.01    1932.39    5316.41    29.5027    -103.03
     10300          0    608.887    237.696    99.6908        1.1    3395.52     1959.6    5355.11    27.2043   -104.362
     10200          0    608.887    238.674    98.5173        1.1    3407.87    1986.62     5394.5    27.0263   -105.585
     10100          0    608.887    239.627    96.3265        1.1    3436.36     2010.7    5447.05     24.073   -106.761
     10000          0    608.887    240.553    93.8106        1.1    3458.25    2034.14     5492.4     23.447   -107.942
      9900          0    608.887    241.455    91.1232        1.1    3469.26    2056.99    5526.25    22.8449    -109.15
      9800          0    608.887    242.338    88.3013        1.1    3481.33    2078.39    5559.73     21.406   -110.396
      9700          0    608.887    243.203    85.3711        1.1    3486.22    2098.38     5584.6    19.9842   -111.687
      9600          0    608.887    244.052    82.3544        1.1    3490.45    2116.96    5607.41    18.5795   -113.026
      9500          0    608.887    244.877    79.2656        1.1    3498.99    2134.16    5633.15    17.1981   -114.416
      9400          0    608.887    245.678    76.9379        1.1    3524.32    2153.68       5678    19.5224   -115.842
      9300          0    608.887     246.46    75.0513        1.1    3548.82    2171.02    5719.84    17.3404   -117.262
      9200          0    608.887    247.225      73.41        1.1    3572.25    2187.49    5759.74    16.4746   -118.659
      9100          0    608.887    247.968    71.9395        1.1    3587.57    2201.53    5789.09    14.0316   -120.026
      9000          0    608.887    248.689    70.6063        1.1     3600.7    2212.14    5812.84    10.6113    -121.36
      8900          0    608.887    249.392    69.4027        1.1    3624.47    2223.39    5847.86    11.2584   -122.659
      8800          0    608.887    250.082    68.3011        1.1    3636.65    2233.84    5870.49    10.4434   -123.921
      8700          0    608.887    250.762    67.2841        1.1    3641.25    2243.48    5884.73    9.63846   -125.146
      8600          0    608.887    251.433    66.3416        1.1    3641.93    2252.59    5894.52    9.11666   -126.333
      8500          0    608.887    252.097    65.4649        1.1    3647.36     2261.2    5908.56    8.60311   -127.483
      8400          0    608.887    252.746    65.0849        1.1    3649.25    2269.75       5919    8.55366   -128.587
      8300          0    608.887     253.38    65.0275        1.1    3662.48    2274.67    5937.15    4.92016   -129.624
      8200          0    608.887    254.001    65.1916        1.1    3671.23    2279.54    5950.77    4.87449   -130.583
      8100          0    608.887    254.606    65.5494        1.1    3683.02    2284.39    5967.41    4.84415   -131.459
      8000          0    608.887    255.192    66.0672        1.1    3686.81    2288.92    5975.73    4.53275    -132.25
      7900          0    608.887    255.761    66.7941        1.1    3699.73    2293.16    5992.89    4.23876   -132.953
      7800          0    608.887    256.316    67.6893        1.1    3710.33    2296.54    6006.88    3.38367   -133.566
      7700          0    608.887     256.86    68.7398        1.1    3718.66    2300.08    6018.74    3.53981   -134.086
      7600          0    608.887    257.395    69.9543        1.1    3729.08    2302.79    6031.87    2.70525   -134.513
      7500          0    608.887    257.921    71.3038        1.1    3744.84    2304.69    6049.53    1.90351   -134.846
      7400          0    608.887    258.442    71.7262        1.1    3763.82     2305.8    6069.62    1.10843   -135.103
      7300          0    608.887    258.955    71.6221        1.1    3784.14    2308.12    6092.26     2.3195    -135.34
      7200          0    608.887    259.459     71.241        1.1     3808.1    2311.66    6119.77     3.5407   -135.577
      7100          0    608.887    259.949    70.6713        1.1    3832.73    2314.01    6146.75     2.3512   -135.825
      7000          0    608.887    260.424    69.9623        1.1    3849.67    2316.84     6166.5   -2.82357   -136.089
      6900          0    608.887    260.884    69.1574        1.1    3866.57    2319.62    6186.19    -2.7842   -136.371
      6800          0    608.887    261.329    68.2773        1.1    3881.64    2321.19    6202.83    1.57052   -136.672
      6700          0    608.887    261.758    67.3475        1.1    3896.22    2321.53    6217.75   0.341922   -136.991
      6600          0    608.887    262.171    66.3968        1.1    3911.47     2324.3    6235.78   -2.77056   -137.329
      6500          0    608.887     262.57    65.4153        1.1    3923.81    2325.77    6249.58   -1.46991   -137.684
      6400          0    608.887    262.959    64.7143        1.1    3935.54    2327.53    6263.07   -1.75926   -138.052
      6300          0    608.887    263.341    64.1757        1.1    3948.05    2327.92    6275.97  -0.390708   -138.416
      6200          0    608.887    263.716    63.7349        1.1     3968.5    2328.01    6296.51  0.0843693   -138.771
      6100          0    608.887    264.085    63.3813        1.1    3989.77    2328.57    6318.34   0.564966   -139.114
      6000          0    608.887     264.45    63.0863        1.1    4000.09    2329.62    6329.72    1.05031   -139.441
      5900          0    608.887     264.81    62.8376        1.1     4012.3    2330.73    6343.03   -1.11022   -139.753
      5800          0    608.887    265.167    62.6262        1.1    4030.71    2331.07    6361.77   0.332896    -140.05
      5700          0    608.887    265.521     62.446        1.1    4039.31    2331.44    6370.75   0.378914   -140.331
      5600          0    608.887    265.873    62.2931        1.1    4046.16    2331.72    6377.88   0.276589   -140.597
      5500          0    608.887    266.223    62.1645        1.1     4062.9     2331.9     6394.8   0.177216   -140.848
      5400          0    608.887    266.567    61.3358        1.1    4078.95    2332.04    6410.99  -0.141594   -141.098
      5300          0    608.887    266.904     60.083        1.1    4087.38    2332.49    6419.88   -0.45406   -141.384
      5200          0    608.887    267.235    58.5937        1.1    4108.08    2335.06    6443.14    2.56456   -141.722
      5100          0    608.887     267.56    56.9504        1.1    4115.71     2336.7    6452.41    1.63976   -142.116
      5000          0    608.887    267.877    55.1702        1.1       4117    2337.42    6454.43   0.723214   -142.568
      4900          0    608.887    268.184    53.3051        1.1    4117.21    2339.24    6456.45    1.81634   -143.079
      4800          0    608.887     268.48    51.3589        1.1    4121.13    2341.51    6462.64    2.27015   -143.647
      4700          0    608.887    268.765    49.3502        1.1    4130.91    2344.24    6475.15    2.73535   -144.271
      4600          0    608.887    269.039     47.309        1.1    4131.77    2345.01    6476.77   0.761373   -144.951
      4500          0    608.887    269.303    45.2164        1.1    4132.76    2345.21    6477.97  -0.203008   -145.684
      4400          0    608.887    269.559    43.4462        1.1    4134.44    2346.75    6481.19    1.54095   -146.462
      4300          0    608.887    269.808    41.8544        1.1    4135.08    2348.44    6483.52    1.69216   -147.266
      4200  0.0146484    608.901     270.05    40.3574        1.1    4138.97    2350.59    6489.57    2.14975    -148.09
      4100  0.0683594     610.42    270.289    38.9142        1.1    4146.94       2352    6498.94    1.41138   -149.213
      4000  0.0732422    617.261     270.53    37.4217        1.1    4155.26    2354.77    6510.03    2.77046   -151.285
      3900   0.100098    624.612    270.774    35.9014        1.1    4166.26     2358.9    6525.15    4.12563   -153.176
      3800  0.0512695    634.573    271.023    34.3408        1.1     4175.6    2361.33    6536.93    2.42729   -155.333
      3700  0.0756836    639.724    271.269    32.2616        1.1       4189    2363.38    6552.38     2.0563   -156.319
      3600  0.0317383    647.249    271.512    28.6534        1.1    4199.89    2365.07    6564.96    1.68837   -157.834
      3500  0.0146484    650.405     271.75    24.4355        1.1    4209.99    2368.32    6578.31    3.25026   -158.566
      3400          0    651.855     271.98    20.0364        1.1    4216.17    2370.34    6586.51    2.02007   -159.245
      3300          0    651.855    272.203    15.4435        1.1    4219.23    2372.49    6591.71    2.14706   -159.955
      3200          0    651.855    272.421    11.2042        1.1    4220.91    2374.77    6595.68    2.27937   -160.984
      3100          0    651.855    272.635    8.27832        1.1    4224.08    2376.78    6600.86    2.01512   -162.213
      3000          0    651.855    272.847    5.82338        1.1    4224.14    2378.54    6602.68    1.75347   -163.553
      2900          0    651.855    273.056    3.70126        1.1    4224.59    2380.98    6605.57    2.44402   -164.958
      2800          0    651.855    273.263     1.8131        1.1    4225.49    2383.02    6608.51    2.03656     -166.4
      2700          0    651.855    273.469 -0.0776846        1.1    4231.52    2388.45    6619.96     5.4314   -167.859
      2600          0    651.855     273.67   -2.29984        1.1    4246.65    2388.68    6635.33   0.229774   -169.345
      2500          0    651.855    273.868   -4.62287        1.1    4249.35    2392.71    6642.06    4.03235   -170.865
      2400          0    651.855    274.061   -6.97561        1.1    4250.03    2396.25    6646.28     3.5392   -172.418
      2300          0    651.855     274.25   -9.35592        1.1    4252.65    2399.15     6651.8    2.90014   -174.001
      2200          0    651.855    274.435   -11.6033        1.1    4261.76    2401.41    6663.18    2.26492    -175.61
      2100          0    651.855    274.617   -13.4474        1.1     4263.7     2403.6    6667.29    2.18326   -177.224
      2000          0    651.855    274.795   -15.1245        1.1    4265.72     2405.7    6671.42    2.10501   -178.825
      1900          0    651.855     274.97   -16.6734        1.1    4268.52    2408.27    6676.78    2.56382   -180.406
      1800          0    651.855     275.14   -18.1228        1.1    4270.27    2410.79    6681.06    2.52655   -181.962
      1700          0    651.855    275.307   -19.5871        1.1    4270.66    2414.11    6684.77    3.32016    -183.49
      1600          0    651.855    275.468   -21.2381        1.1    4273.78    2418.93    6692.71    4.81952   -185.001
      1500          0    651.855    275.624   -22.9412        1.1    4277.28    2421.85    6699.13    2.92107   -186.503
      1400          0    651.855    275.774   -24.6834        1.1    4280.22    2423.03    6703.25    1.17595   -187.999
      1300          0    651.855    275.918    -26.449        1.1    4286.88    2424.85    6711.73    1.81764    -189.49
      1200          0    651.855    276.057   -27.9467        1.1    4305.26     2427.3    6732.57    2.45634   -190.974
      1100          0    651.855     276.19   -28.6989        1.1    4320.53    2430.32    6750.86    3.01977   -192.419
      1000          0    651.855    276.319   -29.1247        1.1    4333.66    2433.77    6767.43    3.44645   -193.797
       900          0    651.855    276.443   -29.1988        1.1    4347.16    2436.98    6784.14    3.20741   -195.096
       800          0    651.855    276.563   -29.0088        1.1    4361.89    2443.73    6805.62    6.75701   -196.306
       700          0    651.855     276.68   -28.5042        1.1    4374.37    2451.12    6825.49    7.38638    -197.42
       600          0    651.855    276.795   -27.5344        1.1     4396.7     2455.5     6852.2    4.38006   -198.423
       500          0    651.855    276.907   -26.2826        1.1    4419.49    2459.24    6878.73    3.73522   -199.305
       400          0    651.855    277.018   -24.7236        1.1    4454.67    2464.95    6919.62    5.70987    -200.06
       300          0    651.855    277.126   -22.9139        1.1    4479.12    2465.55    6944.66   0.600457   -200.682
       200          0    651.855    277.233   -20.6296        1.1    4510.35    2465.61    6975.95  0.0592807   -201.167
       100          0    651.855    277.339   -17.4516        1.1    4526.73    2469.72    6996.45     4.1164   -201.483
         0          0    651.855    277.443   -13.7877        1.1    4530.09    2492.84    7022.93    23.1148   -201.604