     20000          0          0    179.437     354.04        0.1    78.9895    14.2831    93.2726    14.2831     6.5598
     19900          0          0    179.437     353.13        0.1    151.419    29.7361    181.156    15.4531    6.43382
     19800          0          0    179.437    352.506        0.1    228.894    46.3592    275.253    16.6231    6.30822
     19700          0          0    179.437    352.255        0.1    299.319    60.5222    359.841    14.1631    6.19879
     19600          0          0    179.437     352.29        0.1    351.209    72.5053    423.714    11.9831    6.12087
     19500          0          0    179.437    350.597        0.1    414.692    82.0183     496.71    9.51306    6.05158
     19400          0          0    179.437    347.879        0.1    487.353    94.1014    581.454    12.0831    5.90477
     19300          0          0    179.437    345.374        0.1    558.279    106.214    664.494    12.1131    5.65656
     19200          0          0    179.437    342.873        0.1    620.606    118.358    738.963    12.1431    5.32496
     19100          0          0    179.437     342.02        0.1    681.386    130.011    811.397    11.6531    4.94128
     19000          0          0    179.437    342.156        0.1     741.53    142.474    884.004    12.4631    4.58749
     18900          0          0    179.437    340.553        0.1    800.577    155.747    956.323    13.2731    4.26219
     18800          0          0    179.437    337.986        0.1    870.831     166.28    1037.11    10.5331    3.87637
     18700          0          0    179.437     336.21        0.1    952.601    178.113    1130.71    11.8331    3.41716
     18600          0          0    179.437    334.818        0.1    1047.59    192.576    1240.17    14.4631    2.92873
     18500          0          0    179.437    333.482        0.1    1150.05    201.259    1351.31    8.68306    2.42444
     18400          0          0    179.437    332.205        0.1    1219.19    209.492    1428.69    8.23306     1.9065
     18300          0          0    179.437    329.228        0.1     1275.7    218.075    1493.77    8.58306    1.34924
     18200          0          0    179.437      325.2        0.1     1360.8    226.658    1587.45    8.58306   0.672723
     18100          0          0    179.437    321.768        0.1    1469.79    234.714     1704.5    8.05639  -0.137283
     18000          0          0    179.437    318.559        0.1    1574.09    243.331    1817.42    8.61639   -1.04056
     17900          0          0    179.437     317.64        0.1    1670.99    253.364    1924.35    10.0331   -1.98653
     17800          0          0    179.437    318.134        0.1       1766    264.257    2030.25    10.8931   -2.86227
     17700          0          0    179.437    316.312        0.1    1860.47     274.54    2135.01    10.2831   -3.66765
     17600          0          0    179.437    313.229        0.1    1943.92    288.828    2232.75    14.2881   -4.52282
     17500          0          0    179.437    313.298        0.1    2011.35    302.776    2314.12    13.9481   -5.41147
     17400          0          0    182.115    344.137        0.1    2042.72    312.444    2355.16    9.66738   -7.03503
     17300          0          0    182.934    353.815        0.1    2073.54    322.233    2395.78    9.78928   -7.23612
     17200          0          0     183.39    359.881        0.1    2096.59    335.928    2432.52     13.695   -7.02974
     17100          0          0    183.841    363.835        0.1    2099.91    350.717    2450.63    14.7892   -6.64495
     17000          0          0    184.395    366.328        0.1    2106.32    368.422    2474.74    17.7049   -6.19849
     16900          0          0    185.076    363.157        0.1    2119.69    386.971    2506.66    18.5487   -5.83044
     16800          0          0    185.879     356.08        0.1    2132.94    406.282    2539.22    19.3111   -5.80695
     16700          0          0    186.789    347.713        0.1    2143.96    427.383    2571.34    21.1008   -6.22983
     16600          0          0    187.792    338.163        0.1    2156.83     452.74    2609.57    25.3575   -7.09448
     16500  0.0549316  0.0549316    188.875    339.172        0.1    2164.82    472.218    2637.03    19.4779    -8.2232
     16400   0.161133     5.6543    190.084    347.153        0.1    2171.28    496.102    2667.38    23.8838   -10.2765
     16300    0.12207    21.7285    191.538    351.871        0.1    2187.45     517.08    2704.53     20.978   -13.9561
     16200          0    33.8135    193.196    354.941        0.1    2208.47    543.329     2751.8     26.249   -15.7855
     16100          0    33.8135     194.83    346.454        0.1    2225.78    572.236    2798.02    28.9076   -14.5538
     16000          0    33.8135    196.367    330.127        0.1    2233.15    599.572    2832.72    27.3358   -14.2115
     15900          0    33.8135    197.859    321.794        0.1    2235.64    625.566     2861.2    25.9936   -14.7552
     15800  0.0244141    33.8379    199.328      318.3        0.1     2241.2    648.597    2889.79    23.0318   -15.6197
     15700  0.0366211    36.2915    200.814    315.992        0.1    2247.49    671.293    2918.78    22.6959   -17.1119
     15600  0.0390625    39.9561    202.344    314.703        0.1    2255.23    691.709    2946.94    20.4161   -18.7675
     15500  0.0512695    43.8745    203.913    312.652        0.1    2262.94    711.326    2974.27    19.6171   -20.3039
     15400    0.13916    49.0894    205.521    310.185        0.1    2275.49     729.81     3005.3    18.4836   -22.0185
     15300     0.3125    63.1787    207.258    309.169        0.1    2295.98    749.869    3045.85    20.0589   -25.5562
     15200    0.43457    94.5508    209.328    308.864        0.1    2316.95    768.615    3085.56    18.7457   -32.2977
     15100   0.544434    138.118    211.873    314.368        0.1    2345.97    785.515    3131.48    16.9006   -40.2596
     15000   0.644531    192.661    214.931    323.742        0.1    2387.66    799.886    3187.55    14.3711   -48.5595
     14900   0.559082    257.029    218.518    330.231        0.1    2438.35    810.015    3248.37    10.1289   -56.7244
     14800          0    312.378    222.443    335.218        0.1    2498.51    816.851    3315.36     6.8358   -60.9701
     14700          0    312.378    225.871     325.56        0.1    2551.06    819.975    3371.04    3.12382   -52.8027
     14600          0    312.378    219.606    256.807        0.1    2562.84    836.209    3399.04    16.2337   -47.2549
     14500          0    312.378    217.842    229.979        0.1    2567.41    857.714    3425.12    21.5054   -47.2778
     14400          0    312.378    218.269    213.501        0.1     2579.5    880.799     3460.3    23.0851   -49.3524
     14300          0    312.378    219.443    199.363        0.1    2594.42    900.506    3494.93    19.7067   -52.0909
     14200          0    312.378    220.796     187.33        0.1    2615.95    918.262    3534.21    17.7565   -54.9711
     14100          0    312.378    222.135    180.848        0.1    2637.98     934.46    3572.44     16.198   -57.6868
     14000          0    312.378    223.407    177.856        0.1    2669.22    948.038    3617.26    13.5776   -59.9784
     13900          0    312.378    224.608    172.919        0.1    2705.61        964    3669.61     15.962   -61.8562
     13800          0    312.378    225.744    167.122        0.1    2733.19    976.771    3709.96     12.771   -63.5341
     13700          0    312.378    226.823    162.892        0.1    2776.62    991.298    3767.92    14.5273   -65.0903
     13600          0    312.378     227.85    159.547        0.1    2812.74    1004.65     3817.4    13.3546    -66.509
     13500          0    312.378    228.833    162.713        0.1    2849.27    1011.65    3860.92    6.99749    -67.704
     13400          0    312.378    229.773    169.853        0.1    2884.51    1020.92    3905.43    9.26661   -68.4006
     13300          0    312.378    230.677    166.925        0.1    2920.32     1027.1    3947.42    6.18326    -68.732
     13200          0    312.378    234.261    187.647        0.1    2939.03    1032.75    3971.78    5.65411   -69.1594
     13100          0    312.378     236.53    194.189        0.1    2951.79    1033.42    3985.21   -0.66549   -68.5573
     13000          0    312.378    238.356    200.023        0.1    2972.64    1033.55    4006.19   0.130409   -67.5834
     12900  0.0366211    312.415     239.81    206.251        0.1     2978.4    1034.65    4013.06   -1.10297   -66.4395
     12800  0.0537109    316.094    240.941    212.533        0.1     2980.8    1034.71    4015.51 -0.0589461   -65.9549
     12700          0    321.411    242.028    214.745        0.1    2983.78    1035.29    4019.06   0.574393   -65.6766
     12600          0    321.411    243.219    214.089        0.1    3005.48    1037.22     4042.7    1.93129   -64.3376
     12500          0    321.411    244.417    213.947        0.1    3024.67    1039.79    4064.45    2.57068   -63.3967
     12400          0    321.411    245.624    213.927        0.1    3045.97    1040.26    4086.23   0.476051   -62.7571
     12300          0    321.411    246.841    212.601        0.1     3056.3    1040.32    4096.62 -0.0552441   -62.3919
     12200  0.0463867    321.458    248.069    210.297        0.1    3060.45    1041.55       4102    1.23369   -62.3377
     12100   0.187988    326.238     249.36    209.447        0.1     3073.6    1044.64    4118.23    3.08236   -63.5536
     12000   0.322266    345.171    250.898    209.316        0.1    3095.39    1045.44    4140.82  -0.800845    -67.702
     11900   0.478516    377.554    252.882     209.78        0.1    3121.58    1047.11    4168.69    1.67243   -73.9537
     11800   0.135498    425.062    255.459    210.465        0.1    3152.94    1047.53    4200.47  -0.418922     -82.12
     11700  0.0012207    438.478    258.189    218.676        0.1    3195.86    1049.14       4245   -1.60735   -81.5665
     11600          0    438.599    246.737    193.028        0.1    3219.78    1059.76    4279.54    10.6273   -78.0983
     11500          0    438.599    242.715    175.587        0.1    3235.93    1082.81    4318.74    23.0512   -77.8024
     11400          0    438.599    242.132    152.342        0.1    3241.32    1108.63    4349.95    25.8196   -79.3807
     11300          0    438.599    242.824    141.313        0.1    3242.11    1131.29    4373.39    22.6534   -81.9693
     11200          0    438.599    243.924    137.152        0.1     3247.6    1152.21    4399.81    20.9263   -84.5297
     11100          0    438.599    245.108    129.589        0.1     3273.2    1172.01    4445.21    19.7919   -86.8083
     11000          0    438.599    246.268    120.397        0.1    3307.41    1190.54    4497.94     18.532   -89.0227
     10900          0    438.599    247.371    115.109        0.1    3332.17    1210.77    4542.93    20.2288    -91.187
     10800          0    438.599    248.413    112.045        0.1    3345.21     1227.9    4573.11    17.1369   -93.1427
     10700          0    438.599    249.398    108.092        0.1    3359.77    1244.73     4604.5    16.8271   -94.9019
     10600          0    438.599    250.332     103.74        0.1    3378.45     1261.3    4639.75     16.568   -96.5792
     10500          0    438.599    251.221    101.093        0.1    3397.31    1277.58    4674.89    16.2787   -98.1985
     10400          0    438.599    252.071    99.4491        0.1    3416.76    1291.71    4708.46    14.1285   -99.7042
     10300          0    438.599    252.888    98.3845        0.1    3429.57    1303.72    4733.29    12.0125   -101.089
     10200          0    438.599    253.675    97.2404        0.1     3443.2    1315.74    4758.95    12.0255   -102.359
     10100          0    438.599    254.436    95.0901        0.1    3472.92    1325.01    4797.93    9.26383    -103.58
     10000          0    438.599    255.175    92.6185        0.1    3496.01    1333.83    4829.84    8.82533   -104.806
      9900          0    438.599    255.893    89.9771        0.1    3508.17    1342.24    4850.41    8.40722   -106.058
      9800          0    438.599    256.593    87.2025        0.1    3521.34    1349.39    4870.73    7.15092   -107.348
      9700          0    438.599    257.274    84.3203        0.1    3527.28     1355.3    4882.58    5.91324   -108.681
      9600          0    438.599    257.935    81.3516        0.1     3532.5       1360     4892.5    4.69592    -110.06
      9500          0    438.599    258.575    78.3089        0.1       3542     1363.5     4905.5    3.49968   -111.489
      9400          0    438.599    259.195    76.0095        0.1    3568.26     1369.5    4937.76    6.00525   -112.953
      9300          0    438.599    259.796    74.1445        0.1    3593.67    1373.51    4967.18    4.00417   -114.411
      9200          0    438.599    260.381    72.5177        0.1    3617.99    1376.83    4994.82    3.31886   -115.847
      9100          0    438.599    260.953    71.0546        0.1    3634.19    1377.87    5012.07    1.04712   -117.256
      9000          0    438.599    261.513    69.7225        0.1    3648.21    1380.09     5028.3   -2.21292   -118.632
      8900          0    438.599    262.063     68.515        0.1    3672.87     1381.5    5054.37   -1.41286   -119.976
      8800          0    438.599    262.604    67.4062        0.1    3685.94    1383.58    5069.52   -2.07867   -121.283
      8700          0    438.599    263.132    66.3803        0.1    3691.44    1386.31    5077.76   -2.73223   -122.554
      8600          0    438.599    263.645    65.4289        0.1    3691.68    1389.41    5081.09   -3.09492   -123.789
      8500          0    438.599    264.141    64.5435        0.1    3698.04    1392.85    5090.88   -3.44147   -124.986
      8400          0    438.599    264.624    64.1464        0.1    3700.86    1396.17    5097.03   -3.32359   -126.138
      8300          0    438.599    265.092    64.0683        0.1    3715.05    1402.96    5118.02   -6.79184   -127.221
      8200          0    438.599    265.545     64.209        0.1    3724.78    1409.63    5134.42    -6.6696   -128.227
      8100          0    438.599    265.981    64.5409        0.1    3737.58    1416.16    5153.75   -6.53058   -129.151
      8000          0    438.599    266.401    65.0301        0.1    3742.41    1422.84    5165.25   -6.67552    -129.99
      7900          0    438.599    266.807     65.725        0.1     3756.4    1429.65    5186.05   -6.80727   -130.743
      7800          0    438.599    267.204    66.5859        0.1    3768.11    1437.15    5205.26   -7.50385   -131.406
      7700          0    438.599    267.592    67.5999        0.1    3777.57    1444.34    5221.91   -7.19226   -131.977
      7600          0    438.599    267.974     68.776        0.1    3789.18    1452.22    5241.39   -7.87386   -132.455
      7500          0    438.599     268.35    70.0857        0.1    3806.15    1460.74    5266.89   -8.52467   -132.839
      7400          0    438.599     268.72    70.4826        0.1    3826.38    1469.91    5296.29   -9.17048   -133.148
      7300          0    438.599    269.087    70.3571        0.1    3847.96    1477.72    5325.68   -7.81193   -133.437
      7200          0    438.599     269.45    69.9578        0.1    3873.21    1484.17    5357.38   -6.44954   -133.726
      7100          0    438.599    269.809    69.3704        0.1    3899.14    1491.68    5390.82    -7.5093   -134.026
      7000          0    438.599    270.167     68.643        0.1    3917.39    1504.25    5421.64   -12.5673   -134.342
      6900          0    438.599    270.522    67.8186        0.1    3935.63    1516.67     5452.3   -12.4218   -134.677
      6800          0    438.599     270.87    66.9175        0.1    3952.06    1524.64     5476.7   -7.97023   -135.031
      6700          0    438.599    271.212    65.9647        0.1    3968.02    1533.75    5501.78   -9.11221   -135.405
      6600          0    438.599    271.548    64.9887        0.1    3984.68     1545.9    5530.59    -12.148   -135.798
      6500          0    438.599    271.877    63.9805        0.1    3998.45    1556.68    5555.13    -10.777   -136.209
      6400          0    438.599    272.198    63.2483        0.1    4011.66    1567.68    5579.33   -10.9975   -136.632
      6300          0    438.599    272.508    62.6773        0.1    4025.66    1577.23    5602.89   -9.55814   -137.051
      6200          0    438.599    272.808    62.2034        0.1    4047.64    1586.24    5633.89    -9.0076    -137.46
      6100          0    438.599    273.095    61.8166        0.1    4070.47    1594.69    5665.16   -8.44537   -137.856
      6000          0    438.599    273.372    61.4888        0.1     4082.4    1602.56    5684.96   -7.87222   -138.236
      5900          0    438.599    273.639    61.2081        0.1    4096.24     1612.5    5708.74   -9.93943     -138.6
      5800          0    438.599    273.898    60.9652        0.1     4116.3     1620.9     5737.2    -8.3983   -138.948
      5700          0    438.599     274.15    60.7545        0.1     4126.6    1629.15    5755.74   -8.24989    -139.28
      5600          0    438.599    274.395    60.5719        0.1    4135.16    1637.39    5772.56    -8.2451   -139.597
      5500          0    438.599    274.635    60.4141        0.1    4153.66    1645.63    5799.29   -8.23474   -139.899
      5400          0    438.599     274.87    59.5648        0.1    4171.48    1654.07    5825.55   -8.44477   -140.199
      5300          0    438.599    275.101    58.2942        0.1     4181.7    1662.72    5844.42   -8.65089   -140.535
      5200          0    438.599    275.329    56.7894        0.1    4204.21    1668.25    5872.46    -5.5286   -140.923
      5100          0    438.599    275.553    55.1319        0.1    4213.66     1674.6    5888.26   -6.35326   -141.366
      5000          0    438.599    275.775    53.3378        0.1    4216.78    1681.78    5898.56   -7.17515   -141.868
      4900          0    438.599    275.994     51.458        0.1    4218.42    1687.77    5906.19    -5.9945   -142.428
      4800          0    438.599    276.212    49.4961        0.1     4224.2    1693.24    5917.44   -5.46151   -143.047
      4700          0    438.599    276.426      47.47        0.1    4235.85    1698.16    5934.02   -4.92632   -143.722
      4600          0    438.599    276.639    45.4097        0.1    4238.62       1705    5943.62   -6.83908   -144.452
      4500          0    438.599     276.85    43.2965        0.1    4239.55    1712.75     5952.3   -7.74989   -145.236
      4400          0    438.599    277.059    41.5005        0.1    4239.81    1718.71    5958.52   -5.95884   -146.064
      4300          0    438.599    277.266    39.8802        0.1    4242.42    1724.48     5966.9   -5.76601   -146.918
      4200          0    438.599    277.471    38.3523        0.1    4244.31    1729.75    5974.06   -5.27098   -147.789
      4100  0.0341797    438.633    277.672    36.8992        0.1    4250.25    1735.72    5985.97   -5.97229   -148.679
      4000  0.0390625    442.056     277.93     35.432        0.1    4256.59    1740.35    5996.94    -4.6303   -150.218
      3900  0.0634766    445.986    278.267    33.9471        0.1    4265.63    1743.72    6009.35   -3.36664   -151.713
      3800  0.0219727    452.292     278.69    32.4188        0.1    4273.06    1748.96    6022.01   -5.24021   -153.532
      3700  0.0439453    454.512    279.114    30.3674        0.1    4284.56    1754.75     6039.3   -5.78936     -154.4
      3600 0.00610352    458.868    279.525    26.7952        0.1    4293.59    1761.07    6054.66   -6.32479   -155.778
      3500          0    459.473    279.887    22.6135        0.1    4301.87    1765.96    6067.83   -4.88723   -156.517
      3400          0    459.473    280.162    18.2392        0.1    4306.26    1772.12    6078.37   -6.16175   -157.399
      3300          0    459.473    280.381    13.6476        0.1     4311.1    1778.15    6089.25   -6.03082   -158.529
      3200          0    459.473    280.567    9.39289        0.1     4314.6    1784.02    6098.62   -5.86728   -159.874
      3100          0    459.473    280.732    6.43984        0.1    4319.61     1790.1    6109.71   -6.08238   -161.347
      3000          0    459.473    280.882     3.9538        0.1    4321.54    1796.38    6117.92   -6.28223   -162.878
      2900          0    459.473    281.021    1.79872        0.1    4322.99     1801.9    6124.89   -5.52055   -164.436
      2800          0    459.473     281.15  -0.122589        0.1    4324.03    1807.75    6131.78   -5.84983   -166.001
      2700          0    459.473    281.272   -2.04364        0.1    4332.02    1810.12    6142.14   -2.37191   -167.563
      2600          0    459.473    281.388   -4.29165        0.1    4349.15    1817.61    6166.76   -7.48816   -169.135
      2500          0    459.473      281.5   -6.63778        0.1    4353.86    1821.21    6175.07   -3.59969   -170.729
      2400          0    459.473    281.607   -9.01177        0.1    4356.58    1825.22     6181.8   -4.00736   -172.348
      2300          0    459.473    281.712   -11.4118        0.1    4361.26    1829.78    6191.04   -4.56186   -173.989
      2200          0    459.473    281.814   -13.6797        0.1    4372.44     1834.9    6207.34   -5.11377   -175.651
      2100          0    459.473    281.914    -15.547        0.1    4376.48    1840.01    6216.48   -5.11352   -177.314
      2000          0    459.473    282.011   -17.2484        0.1    4380.62    1845.12    6225.74   -5.11149   -178.961
      1900          0    459.473    282.108    -18.823        0.1    4385.57    1849.69    6235.26   -4.57463   -180.586
      1800          0    459.473    282.203   -20.2993        0.1     4389.5    1854.23    6243.73   -4.53651   -182.184
      1700          0    459.473    282.297   -21.7901        0.1    4392.09     1857.9    6249.99   -3.67065   -183.753
      1600          0    459.473    282.391   -23.4666        0.1    4397.44    1860.01    6257.45   -2.10302   -185.305
      1500          0    459.473    282.483   -25.1953        0.1    4403.19    1863.94    6267.13    -3.9379   -186.846
      1400          0    459.473    282.575    -26.963        0.1    4408.41    1869.57    6277.98   -5.62455   -188.381
      1300          0    459.473    282.666   -28.7542        0.1    4417.38     1874.5    6291.88   -4.92953   -189.911
      1200          0    459.473    282.756   -30.2813        0.1     4438.1    1878.74    6316.84   -4.24255   -191.434
      1100          0    459.473    282.846   -31.0689        0.1    4455.74    1882.38    6338.11   -3.63564   -192.918
      1000          0    459.473    282.935   -31.5337        0.1    4471.27    1885.55    6356.82   -3.16982   -194.334
       900          0    459.473    283.023   -31.6508        0.1    4487.23    1888.92    6376.15   -3.37342   -195.671
       800          0    459.473    283.111   -31.5065        0.1    4504.45    1889.13    6393.58   0.208547   -196.919
       700          0    459.473    283.199   -31.0512        0.1    4519.48    1889.99    6409.47   0.867761   -198.071
       600          0    459.473    283.286   -30.1345        0.1    4544.41    1892.11    6436.52   -2.11077   -199.114
       500          0    459.473    283.372   -28.9382        0.1    4569.86    1894.84    6464.69   -2.72952   -200.034
       400          0    459.473    283.458   -27.4376        0.1    4607.75    1895.57    6503.32  -0.730155   -200.828
       300          0    459.473    283.543   -25.6881        0.1    4634.97    1901.38    6536.35   -5.81597   -201.489
       200          0    459.473    283.627   -23.4686        0.1    4669.04    1907.72    6576.76   -6.33446   -202.014
       100          0    459.473    283.711   -20.3617        0.1    4688.33    1909.97     6598.3   -2.25538    -202.37
         0          0    459.473    283.794    -16.773        0.1    4694.68    1926.74    6621.41    16.7644   -202.532