    20000         0         0   179.437    354.04       1.2   78.9895   14.2831   93.2726   14.2831    6.5598
    19900         0         0   179.437    353.13       1.2   151.419   29.7361   181.156   15.4531   6.43382
    19800         0         0   179.437   352.506       1.2   228.894   46.3592   275.253   16.6231   6.30822
    19700         0         0   179.437   352.255       1.2   299.319   60.5222   359.841   14.1631   6.19879
    19600         0         0   179.437    352.29       1.2   351.209   72.5053   423.714   11.9831   6.12087
    19500         0         0   179.437   350.597       1.2   414.692   82.0183    496.71   9.51306   6.05158
    19400         0         0   179.437   347.879       1.2   487.353   94.1014   581.454   12.0831   5.90477
    19300         0         0   179.437   345.374       1.2   558.279   106.214   664.494   12.1131   5.65656
    19200         0         0   179.437   342.873       1.2   620.606   118.358   738.963   12.1431   5.32496
    19100         0         0   179.437    342.02       1.2   681.386   130.011   811.397   11.6531   4.94128
    19000         0         0   179.437   342.156       1.2    741.53   142.474   884.004   12.4631   4.58749
    18900         0         0   179.437   340.553       1.2   800.577   155.747   956.323   13.2731   4.26219
    18800         0         0   179.437   337.986       1.2   870.831    166.28   1037.11   10.5331   3.87637
    18700         0         0   179.437    336.21       1.2   952.601   178.113   1130.71   11.8331   3.41716
    18600         0         0   179.437   334.818       1.2   1047.59   192.576   1240.17   14.4631   2.92873
    18500         0         0   179.437   333.482       1.2   1150.05   201.259   1351.31   8.68306   2.42444
    18400         0         0   179.437   332.205       1.2   1219.19   209.492   1428.69   8.23306    1.9065
    18300         0         0   179.437   329.228       1.2    1275.7   218.075   1493.77   8.58306   1.34924
    18200         0         0   179.437     325.2       1.2    1360.8   226.658   1587.45   8.58306  0.672723
    18100         0         0   179.437   321.768       1.2   1469.79   234.714    1704.5   8.05639 -0.137283
    18000         0         0   179.437   318.559       1.2   1574.09   243.331   1817.42   8.61639  -1.04056
    17900         0         0   179.437    317.64       1.2   1670.99   253.364   1924.35   10.0331  -1.98653
    17800         0         0   179.437   318.134       1.2      1766   264.257   2030.25   10.8931  -2.86227
    17700         0         0   179.437   316.312       1.2   1860.47    274.54   2135.01   10.2831  -3.66765
    17600         0         0   179.437   313.229       1.2   1943.92   288.828   2232.75   14.2881  -4.52282
    17500         0         0   179.437   313.298       1.2   2011.35   302.776   2314.12   13.9481  -5.41147
    17400         0         0   182.115   344.137       1.2   2042.72   312.444   2355.16   9.66738  -7.03503
    17300         0         0   182.934   353.815       1.2   2073.54   322.233   2395.78   9.78928  -7.23612
    17200         0         0    183.39   359.881       1.2   2096.59   335.928   2432.52    13.695  -7.02974
    17100         0         0   183.841   363.835       1.2   2099.91   350.717   2450.63   14.7892  -6.64495
    17000         0         0   184.395   366.328       1.2   2106.32   368.422   2474.74   17.7049  -6.19849
    16900         0         0   185.076   363.157       1.2   2119.69   386.971   2506.66   18.5487  -5.83044
    16800         0         0   185.879    356.08       1.2   2132.94   406.282   2539.22   19.3111  -5.80695
    16700         0         0   186.789   347.713       1.2   2143.96   427.383   2571.34   21.1008  -6.22983
    16600         0         0   187.792   338.163       1.2   2156.83    452.74   2609.57   25.3575  -7.09448
    16500 0.0708008 0.0708008   188.875   339.172       1.2   2164.82   472.218   2637.03   19.4779  -8.22727
    16400  0.209961   7.29004   190.027   347.147       1.2   2171.27   496.158   2667.43   23.9403  -10.6472
    16300  0.161133   28.2373   191.239   351.856       1.2   2187.43   517.436   2704.86   21.2772  -15.3308
    16200         0   44.1895     192.5   354.948       1.2   2208.46   544.381   2752.84    26.945  -17.6926
    16100         0   44.1895     193.8   346.519       1.2   2225.84   574.318   2800.15   29.9374  -16.0106
    16000         0   44.1895   195.132   330.254       1.2   2233.33   602.889   2836.22   28.5714  -15.3253
    15900         0   44.1895   196.491    321.99       1.2   2236.01   630.251   2866.26    27.362  -15.6156
    15800 0.0341797   44.2236   197.872   318.561       1.2   2241.83    654.74   2896.57   24.4884  -16.2957
    15700 0.0512695   47.6587   199.272   316.306       1.2   2248.44   678.978   2927.41   24.2385   -17.868
    15600 0.0561523   52.7905   200.686   315.062       1.2   2256.54   701.052   2957.59   22.0741  -19.6974
    15500 0.0732422   58.4229   202.111   313.048       1.2   2264.65   722.472   2987.12   21.4193   -21.426
    15400  0.185547   65.8594   203.543   310.615       1.2   2277.62   742.933   3020.55   20.4616  -23.4048
    15300  0.419922   84.6484   204.982   309.629       1.2   2298.57   765.268   3063.84   22.3348  -27.6867
    15200  0.595703   126.816   206.424   309.338       1.2   2320.02   786.917   3106.94   21.6488  -36.2882
    15100  0.761719   186.553   207.869   314.891       1.2   2349.56   807.821   3157.38   20.9047  -46.7388
    15000  0.915527   262.878   209.311   324.365       1.2   2391.88   827.813   3219.69   19.9912  -57.9804
    14900  0.786133   354.302    210.75   331.004       1.2   2443.34   845.709   3289.05   17.8966  -69.2896
    14800         0   432.129   212.183   336.299       1.2   2504.58   862.805   3367.38   17.0959  -74.9728
    14700         0   432.129    213.55   326.996       1.2   2558.57    878.25   3436.82   15.4447  -63.8092
    14600         0   432.129   206.111    258.56       1.2   2572.09   907.979   3480.07   29.7287  -55.9029
    14500         0   432.129   203.899   232.024       1.2   2574.62   943.427   3518.05   35.4481  -54.2596
    14400         0   432.129   204.041   215.752       1.2   2584.46    980.74    3565.2   37.3129  -55.1283
    14300         0   432.129   204.991   201.723       1.2   2597.02    1014.9   3611.92   34.1591  -56.9962
    14200         0   432.129   206.173   189.754       1.2   2616.13   1047.28    3663.4   32.3796  -59.2503
    14100         0   432.129    207.39   183.374       1.2   2635.63   1078.22   3713.85   30.9433  -61.5174
    14000         0   432.129   208.583   180.479       1.2   2664.25   1106.62   3770.87   28.4021  -63.4883
    13900         0   432.129   209.739   175.553       1.2   2698.01   1137.45   3835.46   30.8308  -65.1368
    13800         0   432.129   210.868   169.734       1.2   2722.97    1165.1   3888.08   27.6474  -66.6498
    13700         0   432.129   211.977   165.486       1.2   2763.81   1194.48   3958.28   29.3734  -68.0857
    13600         0   432.129   213.063   162.107       1.2   2797.37   1222.62   4019.99   28.1423  -69.4158
    13500         0   432.129   214.125   165.364       1.2   2831.25   1244.32   4075.57   21.7053  -70.5453
    13400         0   432.129   215.164   172.632       1.2   2863.71    1268.2   4131.91   23.8756  -71.1928
    13300         0   432.129   216.185   169.602       1.2   2896.84   1288.87   4185.72   20.6751   -71.486
    13200         0   432.129   219.715   190.543       1.2   2912.65   1309.07   4221.72   20.2004  -71.8093
    13100 0.0390625   432.168   221.962   197.227       1.2   2922.37   1322.98   4245.35   13.9029  -71.1038
    13000         0   436.035   223.788   203.118       1.2   2940.13   1337.67    4277.8   14.6977  -70.8375
    12900 0.0976562   436.133   225.269   209.426       1.2   2942.72   1351.11   4293.83   13.4382  -69.4543
    12800  0.114746   445.916    226.41   215.743       1.2   2948.32   1365.58   4313.91   14.4722  -70.0377
    12700         0   457.275   227.441   217.883       1.2   2948.48   1380.75   4329.23   15.1619  -70.5815
    12600         0   457.275   228.573   217.183       1.2   2967.09   1397.32   4364.41    16.577  -68.6369
    12500         0   457.275   229.758   217.055       1.2   2983.17   1414.55   4397.72   17.2291  -67.2208
    12400         0   457.275    230.98   217.054       1.2   3001.34   1429.67   4431.02     15.12  -66.2098
    12300         0   457.275    232.23   215.729       1.2   3008.54   1444.23   4452.77   14.5564  -65.5528
    12200  0.107422   457.383   233.502   213.421       1.2   3015.82   1460.03   4475.85   15.8005  -65.2818
    12100  0.285645   468.303   234.792   212.537       1.2   3032.06   1477.68   4509.74   17.6497  -67.6036
    12000  0.458984   497.041   236.096   212.323       1.2   3056.85   1491.68   4548.54   14.0019  -73.3458
    11900  0.678711   543.159   237.411   212.706       1.2   3085.97   1508.82   4594.79   17.1432   -81.573
    11800  0.214844   610.566   238.737   213.314       1.2   3120.18   1525.13   4645.31   16.3027  -92.3776
    11700 0.0341797    631.87   240.086   221.743       1.2   3166.17   1541.62   4707.79   16.4958   -91.572
    11600         0   635.254   228.198   196.085       1.2   3193.14   1570.79   4763.93    29.166  -86.9799
    11500         0   635.254   224.211   178.374       1.2   3212.08   1612.35   4824.43   41.5561  -85.2932
    11400         0   635.254   223.682   154.755       1.2   3219.88   1656.62    4876.5   44.2702  -85.8768
    11300         0   635.254   224.392   143.619       1.2   3221.39    1697.7    4919.1   41.0851  -87.7509
    11200         0   635.254     225.5   139.397       1.2   3224.64   1737.05   4961.69   39.3497  -89.7929
    11100         0   635.254   226.704   131.666       1.2   3248.17   1775.25   5023.41   38.1956  -91.6918
    11000         0   635.254   227.906   122.303       1.2   3280.46   1812.14    5092.6   36.8944  -93.6251
    10900         0   635.254   229.077   116.936       1.2    3303.4   1850.66   5154.06    38.523  -95.5793
    10800         0   635.254   230.215   113.814       1.2   3314.67      1886   5200.67   35.3352   -97.375
    10700         0   635.254    231.32   109.774       1.2   3327.55    1920.9   5248.45   34.9053  -99.0083
    10600         0   635.254   232.392   105.337       1.2   3344.63   1955.41   5300.04   34.5084  -100.584
    10500         0   635.254   233.433   102.646       1.2   3361.94   1989.48   5351.42   34.0669  -102.119
    10400         0   635.254   234.448   100.971       1.2   3379.87   2021.23    5401.1   31.7517  -103.553
    10300         0   635.254   235.441    99.887       1.2   3391.17   2050.69   5441.86   29.4588  -104.874
    10200         0   635.254   236.415   98.7168       1.2   3403.33   2079.97   5483.31   29.2847  -106.087
    10100         0   635.254   237.374    96.525       1.2   3431.62    2106.3   5537.92   26.3263  -107.256
    10000         0   635.254   238.319   94.0038       1.2   3453.32   2131.98    5585.3   25.6811  -108.432
     9900         0   635.254    239.25   91.3085       1.2   3464.14   2157.03   5621.18   25.0502  -109.636
     9800         0   635.254   240.158   88.4791       1.2   3476.03   2180.62   5656.65   23.5856  -110.878
     9700         0   635.254   241.043   85.5423       1.2   3480.75   2202.76   5683.51   22.1446  -112.163
     9600         0   635.254   241.909   82.5189       1.2   3484.81   2223.48    5708.3   20.7223  -113.496
     9500         0   635.254   242.759   79.4214       1.2    3493.2    2242.8      5736   19.3155  -114.879
     9400         0   635.254   243.597   77.0853       1.2   3518.38    2264.4   5782.79   21.6033  -116.298
     9300         0   635.254   244.418   75.1909       1.2   3542.75   2283.79   5826.53   19.3821  -117.712
     9200         0   635.254   245.216   73.5438       1.2   3566.04   2302.27   5868.31   18.4838  -119.103
     9100         0   635.254   245.994   72.0677       1.2   3581.23   2318.28    5899.5   16.0061  -120.466
     9000         0   635.254   246.754   70.7285       1.2   3594.24   2330.82   5925.06   12.5456  -121.797
     8900         0   635.254   247.492   69.5212       1.2   3617.89   2343.98   5961.87    13.158  -123.091
     8800         0   635.254   248.207   68.4184       1.2   3629.95    2356.3   5986.25   12.3184  -124.347
     8700         0   635.254   248.904   67.4019       1.2   3634.43   2367.79   6002.23   11.4958  -125.566
     8600         0   635.254   249.589   66.4615       1.2   3635.23   2378.75   6013.99   10.9608  -126.747
     8500         0   635.254   250.265   65.5875       1.2   3640.54   2389.19   6029.73   10.4354   -127.89
     8400         0   635.254   250.932   65.2101       1.2    3642.3   2399.56   6041.86   10.3677  -128.987
     8300         0   635.254   251.592   65.1541       1.2   3655.41   2406.26   6061.67   6.70763  -130.016
     8200         0   635.254   252.239   65.3205       1.2   3664.03    2412.9   6076.93   6.63585  -130.968
     8100         0   635.254    252.87   65.6808       1.2   3675.69   2419.48   6095.17   6.57978  -131.838
     8000         0   635.254   253.488      66.2       1.2   3679.34   2425.72   6105.06   6.23673  -132.624
     7900         0   635.254   254.091   66.9286       1.2   3692.13   2431.63   6123.76   5.90944  -133.322
     7800         0   635.254   254.674    67.827       1.2    3702.6   2436.65   6139.25   5.02622  -133.929
     7700         0   635.254    255.24    68.882       1.2   3710.78   2441.81   6152.59   5.16014  -134.443
     7600         0   635.254   255.792   70.1022       1.2   3721.06   2446.12   6167.18   4.30768  -134.862
     7500         0   635.254   256.334   71.4584       1.2   3736.66   2449.61   6186.27   3.49121  -135.187
     7400         0   635.254   256.866    71.886       1.2   3755.48    2452.3   6207.78   2.68384  -135.436
     7300         0   635.254   257.391   71.7866       1.2   3775.64   2456.18   6231.82   3.88412  -135.665
     7200         0   635.254   257.909   71.4086       1.2   3799.43   2461.27    6260.7    5.0909  -135.894
     7100         0   635.254   258.421   70.8397       1.2   3823.89   2465.15   6289.04   3.87882  -136.134
     7000         0   635.254   258.923   70.1302       1.2   3840.66   2466.47   6307.13   -1.3229   -136.39
     6900         0   635.254    259.41   69.3246       1.2   3857.39   2467.78   6325.18  -1.31027  -136.665
     6800         0   635.254   259.883   68.4433       1.2    3872.3    2470.8    6343.1   3.01702  -136.959
     6700         0   635.254   260.342   67.5119       1.2   3886.71   2472.56   6359.27   1.75847  -137.273
     6600         0   635.254   260.785   66.5596       1.2    3901.8   2473.94   6375.75  -1.38458  -137.605
     6500         0   635.254   261.211   65.5774       1.2   3913.98   2474.05   6388.03 -0.110918  -137.954
     6400         0   635.254   261.621   64.8777       1.2   3925.55   2474.48   6400.02  -0.42133  -138.315
     6300         0   635.254   262.019   64.3417       1.2   3937.89   2475.41   6413.29  0.931084  -138.672
     6200         0   635.254   262.407   63.9046       1.2   3958.17    2476.8   6434.97   1.39325  -139.019
     6100         0   635.254   262.787   63.5555       1.2   3979.26   2478.66   6457.92   1.86318  -139.354
     6000         0   635.254    263.16   63.2657       1.2   3989.41      2481   6470.41    2.3395  -139.673
     5900         0   635.254   263.529   63.0227       1.2   4001.43   2481.17   6482.61  0.171263  -139.977
     5800         0   635.254   263.892   62.8174       1.2   4019.65   2482.78   6502.43   1.60769  -140.266
     5700         0   635.254   264.252   62.6436       1.2   4028.05   2484.43   6512.48    1.6482  -140.539
     5600         0   635.254   264.608   62.4977       1.2    4034.7   2485.97   6520.67   1.54229  -140.796
     5500         0   635.254   264.961    62.376       1.2   4051.23   2487.41   6538.64   1.43919  -141.039
     5400         0   635.254   265.312    61.552       1.2   4067.06   2488.52   6555.58   1.11271   -141.28
     5300         0   635.254   265.661   60.3028       1.2   4075.27   2489.31   6564.59  0.789454  -141.559
     5200         0   635.254   266.003   58.8165       1.2   4095.75   2493.11   6588.86   3.79689  -141.889
     5100         0   635.254   266.339   57.1758       1.2   4103.16   2495.97   6599.13   2.86067  -142.275
     5000         0   635.254   266.669   55.3974       1.2   4104.22    2497.9   6602.12    1.9305   -142.72
     4900         0   635.254   266.993   53.5333       1.2   4104.66   2500.91   6605.56   3.00704  -143.224
     4800         0   635.254   267.308   51.5876       1.2   4108.35   2504.35    6612.7   3.44196  -143.787
     4700         0   635.254   267.613    49.579       1.2   4117.89   2508.24   6626.13   3.88662  -144.405
     4600         0   635.254   267.908    47.538       1.2   4118.53   2510.13   6628.66     1.892  -145.079
     4500         0   635.254   268.191   45.4458       1.2   4119.75   2511.04   6630.79  0.908725  -145.805
     4400         0   635.254   268.464   43.6771       1.2   4121.66   2513.67   6635.33   2.63615  -146.577
     4300         0   635.254   268.727   42.0875       1.2   4122.07   2516.45   6638.51   2.77304  -147.373
     4200 0.0170898   635.271   268.982   40.5932       1.2   4126.19   2519.66   6645.86   3.21814  -148.191
     4100 0.0732422   637.036   269.228     39.15       1.2   4134.39   2522.14   6656.53   2.47155  -149.354
     4000  0.078125   644.365   269.464   37.6537       1.2   4142.95   2525.97   6668.92   3.83642    -151.5
     3900   0.10498   652.205   269.688   36.1294       1.2   4154.17   2531.18   6685.36   5.21228  -153.446
     3800 0.0561523   662.654   269.903   34.5664       1.2   4163.75   2534.73   6698.48   3.54749  -155.643
     3700 0.0805664   668.293   270.113   32.4846       1.2   4177.36   2537.94   6715.31   3.21205  -156.659
     3600 0.0341797   676.304    270.32   28.8729       1.2   4188.48   2540.82    6729.3   2.87967  -158.196
     3500 0.0195312   679.707   270.527   24.6541       1.2   4198.79    2545.3   6744.09   4.47324  -158.901
     3400         0   681.641   270.735   20.2516       1.2   4205.19   2548.56   6753.75   3.26521  -159.604
     3300         0   681.641   270.945   15.6595       1.2   4208.03   2551.97      6760   3.40533  -160.244
     3200         0   681.641   271.156   11.4248       1.2   4209.49   2555.51      6765   3.54437  -161.218
     3100         0   681.641   271.366   8.50546       1.2   4212.43    2558.8   6771.23   3.28356  -162.406
     3000         0   681.641   271.577   6.05777       1.2   4212.61   2561.82   6774.43   3.02343  -163.714
     2900         0   681.641   271.786   3.94321       1.2    4213.3   2565.53   6778.84   3.71427  -165.095
     2800         0   681.641   271.994   2.06261       1.2   4214.45   2568.84   6783.29   3.30621  -166.516
     2700         0   681.641   272.201  0.178769       1.2   4220.22   2575.54   6795.76   6.69935  -167.959
     2600         0   681.641   272.406   -2.0376       1.2   4235.09   2577.03   6812.12   1.49376   -169.43
     2500         0   681.641   272.611  -4.35587       1.2   4237.52   2582.32   6819.84   5.28947  -170.938
     2400         0   681.641   272.813  -6.70471       1.2   4237.93   2587.11   6825.04   4.78673  -172.481
     2300         0   681.641   273.013  -9.08172       1.2   4240.28   2591.25   6831.53   4.13669  -174.054
     2200         0   681.641    273.21  -11.3258       1.2   4249.11   2594.74   6843.85   3.49025  -175.655
     2100         0   681.641   273.402  -13.1663       1.2   4250.76   2598.13    6848.9   3.39768  -177.261
     2000         0   681.641   273.591  -14.8396       1.2    4252.5   2601.44   6853.95    3.3089  -178.855
     1900         0   681.641   273.776  -16.3846       1.2   4255.01    2605.2   6860.21   3.75706  -180.429
     1800         0   681.641   273.958  -17.8303       1.2   4256.47   2608.91   6865.38    3.7086  -181.979
     1700         0   681.641   274.137   -19.291       1.2   4256.56    2613.4   6869.96   4.49002  -183.502
     1600         0   681.641   274.312   -20.939       1.2   4259.39   2619.37   6878.76   5.97573  -185.008
     1500         0   681.641   274.483  -22.6396       1.2   4262.58   2623.44   6886.02   4.06182  -186.505
     1400         0   681.641   274.651  -24.3797       1.2   4265.22   2625.74   6890.95   2.29937  -187.995
     1300         0   681.641   274.813  -26.1435       1.2   4271.58   2628.66   6900.23   2.92257  -189.482
     1200         0   681.641   274.971  -27.6389       1.2   4289.65    2632.2   6921.85   3.54246  -190.962
     1100         0   681.641   275.123  -28.3881       1.2   4304.61   2636.29    6940.9    4.0874  -192.402
     1000         0   681.641   275.269  -28.8102       1.2   4317.42   2640.78    6958.2   4.49645  -193.775
      900         0   681.641   275.409  -28.8799       1.2    4330.6   2645.03   6975.63   4.24116  -195.069
      800         0   681.641   275.544  -28.6848       1.2      4345    2652.8   6997.81   7.77629  -196.272
      700         0   681.641   275.674  -28.1744       1.2   4357.16   2661.19   7018.35   8.39307  -197.381
      600         0   681.641   275.799  -27.1979       1.2   4379.16   2666.57   7045.73    5.3761  -198.379
      500         0   681.641    275.92  -25.9385       1.2    4401.6   2671.29    7072.9   4.72289  -199.255
      400         0   681.641   276.036  -24.3711       1.2   4436.43   2677.99   7114.41   6.69196  -200.003
      300         0   681.641   276.147   -22.552       1.2   4460.51   2679.57   7140.08   1.58005  -200.619
      200         0   681.641   276.253   -20.257       1.2   4491.37   2680.61   7171.98   1.03951  -201.098
      100         0   681.641   276.355  -17.0667       1.2   4507.36   2685.71   7193.07   5.10021  -201.408
        0         0   681.641   276.453  -13.3894       1.2   4510.33   2709.81   7220.14   24.1047  -201.522