     20000          0          0    179.437     354.04        1.5    78.9895    14.2831    93.2726    14.2831     6.5598
     19900          0          0    179.437     353.13        1.5    151.419    29.7361    181.156    15.4531    6.43382
     19800          0          0    179.437    352.506        1.5    228.894    46.3592    275.253    16.6231    6.30822
     19700          0          0    179.437    352.255        1.5    299.319    60.5222    359.841    14.1631    6.19879
     19600          0          0    179.437     352.29        1.5    351.209    72.5053    423.714    11.9831    6.12087
     19500          0          0    179.437    350.597        1.5    414.692    82.0183     496.71    9.51306    6.05158
     19400          0          0    179.437    347.879        1.5    487.353    94.1014    581.454    12.0831    5.90477
     19300          0          0    179.437    345.374        1.5    558.279    106.214    664.494    12.1131    5.65656
     19200          0          0    179.437    342.873        1.5    620.606    118.358    738.963    12.1431    5.32496
     19100          0          0    179.437     342.02        1.5    681.386    130.011    811.397    11.6531    4.94128
     19000          0          0    179.437    342.156        1.5     741.53    142.474    884.004    12.4631    4.58749
     18900          0          0    179.437    340.553        1.5    800.577    155.747    956.323    13.2731    4.26219
     18800          0          0    179.437    337.986        1.5    870.831     166.28    1037.11    10.5331    3.87637
     18700          0          0    179.437     336.21        1.5    952.601    178.113    1130.71    11.8331    3.41716
     18600          0          0    179.437    334.818        1.5    1047.59    192.576    1240.17    14.4631    2.92873
     18500          0          0    179.437    333.482        1.5    1150.05    201.259    1351.31    8.68306    2.42444
     18400          0          0    179.437    332.205        1.5    1219.19    209.492    1428.69    8.23306     1.9065
     18300          0          0    179.437    329.228        1.5     1275.7    218.075    1493.77    8.58306    1.34924
     18200          0          0    179.437      325.2        1.5     1360.8    226.658    1587.45    8.58306   0.672723
     18100          0          0    179.437    321.768        1.5    1469.79    234.714     1704.5    8.05639  -0.137283
     18000          0          0    179.437    318.559        1.5    1574.09    243.331    1817.42    8.61639   -1.04056
     17900          0          0    179.437     317.64        1.5    1670.99    253.364    1924.35    10.0331   -1.98653
     17800          0          0    179.437    318.134        1.5       1766    264.257    2030.25    10.8931   -2.86227
     17700          0          0    179.437    316.312        1.5    1860.47     274.54    2135.01    10.2831   -3.66765
     17600          0          0    179.437    313.229        1.5    1943.92    288.828    2232.75    14.2881   -4.52282
     17500          0          0    179.437    313.298        1.5    2011.35    302.776    2314.12    13.9481   -5.41147
     17400          0          0    182.115    344.137        1.5    2042.72    312.444    2355.16    9.66738   -7.03503
     17300          0          0    182.934    353.815        1.5    2073.54    322.233    2395.78    9.78928   -7.23612
     17200          0          0     183.39    359.881        1.5    2096.59    335.928    2432.52     13.695   -7.02974
     17100          0          0    183.841    363.835        1.5    2099.91    350.717    2450.63    14.7892   -6.64495
     17000          0          0    184.395    366.328        1.5    2106.32    368.422    2474.74    17.7049   -6.19849
     16900          0          0    185.076    363.157        1.5    2119.69    386.971    2506.66    18.5487   -5.83044
     16800          0          0    185.879     356.08        1.5    2132.94    406.282    2539.22    19.3111   -5.80695
     16700          0          0    186.789    347.713        1.5    2143.96    427.383    2571.34    21.1008   -6.22983
     16600          0          0    187.792    338.163        1.5    2156.83     452.74    2609.57    25.3575   -7.09448
     16500   0.078125   0.078125    188.875    339.172        1.5    2164.82    472.218    2637.03    19.4779   -8.22915
     16400   0.231934    8.04443    190.005    347.144        1.5    2171.27     496.18    2667.45    23.9623   -10.8183
     16300   0.175781    31.1816    191.122    351.844        1.5    2187.41    517.574    2704.99    21.3939   -15.9519
     16200          0     48.584    192.228    354.941        1.5    2208.43    544.791    2753.23    27.2167   -18.4893
     16100          0     48.584    193.398    346.535        1.5    2225.83     575.13    2800.96    30.3392   -16.6223
     16000          0     48.584     194.65    330.293        1.5    2233.36    604.183    2837.55     29.053   -15.7951
     15900          0     48.584    195.957    322.057        1.5    2236.11    632.078    2868.19    27.8954   -15.9802
     15800  0.0390625     48.623    197.303    318.652        1.5    2242.02    657.135    2899.16    25.0566   -16.5839
     15700  0.0585938    52.5488    198.668    316.417        1.5    2248.74    681.977    2930.72    24.8417   -18.2077
     15600  0.0634766    58.4131    200.035    315.189        1.5    2256.97    704.702    2961.67    22.7255   -20.1333
     15500  0.0830078    64.7803    201.399    313.189        1.5    2265.22    726.833    2992.05    22.1312   -21.9381
     15400   0.205078    73.2031    202.757    310.768        1.5    2278.35    748.081    3026.43    21.2481   -24.0313
     15300    0.46875    93.9746    204.072    309.794        1.5    2299.46    771.326    3070.78    23.2442   -28.6162
     15200   0.673828    141.055    205.261    309.503        1.5    2321.07    794.138    3115.21    22.8127   -38.0642
     15100   0.874023    208.638    206.255    315.059        1.5    2350.78    816.657    3167.44    22.5185     -49.74
     15000    1.06445     296.23    207.029    324.544        1.5    2393.28    838.931    3232.21    22.2738   -62.5481
     14900   0.908203     402.52    207.569    331.192        1.5    2444.93    860.009    3304.94     21.078   -75.6648
     14800          0    492.432    207.964     336.56        1.5    2506.43    881.324    3387.75    21.3148   -82.1649
     14700          0    492.432    208.492    327.374        1.5     2560.8    901.826    3462.62    20.5027   -69.5335
     14600          0    492.432    200.594    259.062        1.5    2574.82    937.072    3511.89    35.2457   -60.4457
     14500          0    492.432    198.219    232.654        1.5    2576.72      978.2    3554.92     41.128   -57.9519
     14400          0    492.432    198.255     216.48        1.5    2585.83     1021.3    3607.13    43.0992   -58.1944
     14300          0    492.432     199.12    202.509        1.5    2597.61    1061.33    3658.94      40.03   -59.6016
     14200          0    492.432    200.237    190.581        1.5    2615.88    1099.64    3715.53    38.3152   -61.5191
     14100          0    492.432    201.413    184.253        1.5    2634.51    1136.56    3771.07    36.9205   -63.5409
     14000          0    492.432    202.585    181.405        1.5     2662.2    1170.97    3833.17    34.4004   -65.3323
     13900          0    492.432    203.735    176.487        1.5    2695.03     1207.8    3902.83    36.8348   -66.8491
     13800          0    492.432    204.863    170.664        1.5    2719.06    1241.45    3960.52    33.6517   -68.2656
     13700          0    492.432    205.972    166.416        1.5    2758.97    1276.83     4035.8    35.3782   -69.6317
     13600          0    492.432    207.066     163.03        1.5    2791.61    1310.97    4102.58    34.1387   -70.9101
     13500          0    492.432    208.152    166.329        1.5    2824.52    1338.65    4163.17    27.6777   -72.0012
     13400          0    492.432    209.229    173.653        1.5    2855.96    1368.46    4224.42    29.8108     -72.62
     13300          0    492.432    210.294    170.581        1.5    2888.12    1395.02    4283.14    26.5658   -72.8911
     13200          0    492.432    213.796    191.605        1.5    2902.86    1421.14       4324    26.1188   -73.1656
     13100  0.0634766    492.495    216.029    198.349        1.5    2911.46    1440.98    4352.44    19.8364   -72.4138
     13000          0    498.779    217.832    204.257        1.5    2928.08    1461.63    4389.71    20.6536   -72.6007
     12900   0.126953    498.906    219.295    210.597        1.5     2929.5    1481.04    4410.54    19.4121   -71.0789
     12800   0.144043    511.619    220.401    216.929        1.5    2936.29    1501.53    4437.81    20.4813   -72.1484
     12700 0.00976562    525.889     221.35    219.044        1.5    2937.61    1522.78    4460.38    21.2526   -73.0663
     12600          0    526.855    222.405    218.325        1.5    2955.08    1545.52     4500.6    22.7452   -71.0237
     12500          0    526.855    223.546    218.206        1.5       2970    1568.96    4538.96    23.4413   -69.3311
     12400          0    526.855    224.745     218.22        1.5    2987.01    1590.32    4577.33    21.3547   -68.1053
     12300          0    526.855    225.986    216.904        1.5    2993.04    1611.12    4604.16    20.7998   -67.2811
     12200   0.136719    526.992     227.26    214.602        1.5    3001.49    1633.16    4634.65    22.0428   -66.8861
     12100   0.332031    540.859    228.517    213.711        1.5     3018.9    1657.09    4675.99    23.9245   -69.7152
     12000   0.522461    574.253    229.679     213.47        1.5    3044.85    1677.51    4722.35     20.419   -76.1828
     11900    0.78125    626.758    230.681    213.828        1.5    3075.09    1701.38    4776.47     23.873   -85.2835
     11800   0.253906    704.355    231.468      214.4        1.5    3110.38    1724.95    4835.33    23.5725   -97.4431
     11700  0.0512695    729.543     232.23    222.927        1.5    3157.56     1749.3    4906.86    24.3524   -96.5206
     11600          0    734.619    220.158    197.296        1.5    3185.74    1786.51    4972.25    37.2062   -91.4156
     11500          0    734.619    216.176     179.48        1.5    3205.79     1836.1    5041.89    49.5911   -89.0622
     11400          0    734.619    215.665    155.702        1.5    3214.53    1888.39    5102.92    52.2866   -89.1629
     11300          0    734.619    216.379    144.527        1.5    3216.95    1937.49    5154.44    49.0989   -90.6873
     11200          0    734.619    217.484    140.283        1.5    3219.31    1984.85    5204.16    47.3657   -92.4755
     11100          0    734.619    218.692    132.481        1.5    3242.02    2031.06    5273.08    46.2078   -94.1868
     11000          0    734.619    219.906    123.042        1.5    3273.58    2075.95    5349.54     44.894   -95.9802
     10900          0    734.619    221.099    117.642        1.5    3295.81    2122.45    5418.26    46.5006    -97.829
     10800          0    734.619    222.269    114.494        1.5     3306.4    2165.73    5472.14     43.281   -99.5446
     10700          0    734.619    223.417    110.415        1.5    3318.64    2208.54    5527.18     42.808   -101.117
     10600          0    734.619    224.544    105.938        1.5    3335.12     2250.9    5586.02    42.3556   -102.644
     10500          0    734.619     225.65    103.225        1.5    3351.85    2292.75     5644.6      41.85   -104.138
     10400          0    734.619    226.736    101.532        1.5    3369.22    2332.21    5701.43    39.4644   -105.538
     10300          0    734.619    227.804    100.436        1.5    3379.98    2369.31    5749.28    37.0956    -106.83
     10200          0    734.619     228.86    99.2499        1.5     3391.6    2406.15    5797.75    36.8404   -108.017
     10100          0    734.619    229.904    97.0351        1.5    3419.38    2439.94    5859.32     33.796   -109.161
     10000          0    734.619    230.937    94.4879        1.5    3440.59    2473.01     5913.6    33.0632   -110.314
      9900          0    734.619    231.948     91.767        1.5    3450.96    2505.36    5956.32    32.3521   -111.494
      9800          0    734.619    232.936    88.9107        1.5    3462.42    2536.17    5998.59    30.8075   -112.713
      9700          0    734.619    233.907    85.9454        1.5    3466.74    2565.45    6032.18      29.28   -113.977
      9600          0    734.619    234.866    82.8925        1.5    3470.42    2593.21    6063.64    27.7655   -115.289
      9500          0    734.619    235.808    79.7666        1.5    3478.47    2619.48    6097.95    26.2668   -116.652
      9400          0    734.619    236.728    77.4131        1.5    3503.32    2647.95    6151.27    28.4716   -118.051
      9300          0    734.619    237.631    75.5049        1.5    3527.37    2674.12    6201.49    26.1692   -119.444
      9200          0    734.619    238.516    73.8469        1.5    3550.36     2699.3    6249.66    25.1843   -120.814
      9100          0    734.619    239.376    72.3636        1.5    3565.25    2721.93    6287.18    22.6237   -122.153
      9000          0    734.619    240.217    71.0198        1.5    3577.97    2741.01    6318.98     19.083   -123.459
      8900          0    734.619    241.043    69.8077        1.5    3601.34    2760.62    6361.95    19.6071    -124.73
      8800          0    734.619    241.857    68.6992        1.5    3613.12    2779.29     6392.4    18.6677   -125.963
      8700          0    734.619    242.662    67.6768        1.5    3617.32    2797.02    6414.35    17.7381    -127.16
      8600          0    734.619    243.451    66.7323        1.5    3618.39    2814.12    6432.51    17.0986   -128.318
      8500          0    734.619     244.22    65.8576        1.5    3623.43     2830.6    6454.04    16.4802   -129.439
      8400          0    734.619    244.969    65.4867        1.5    3624.92    2846.93    6471.85    16.3309   -130.513
      8300          0    734.619    245.694    65.4432        1.5    3637.73    2859.54    6497.27    12.6056   -131.517
      8200          0    734.619    246.397    65.6261        1.5    3646.05    2872.02    6518.07    12.4783   -132.442
      8100          0    734.619    247.083     66.005        1.5    3657.38    2884.39    6541.77    12.3675   -133.285
      8000          0    734.619    247.757    66.5439        1.5    3660.69    2896.35    6557.05    11.9684   -134.042
      7900          0    734.619    248.422    67.2922        1.5    3673.12    2907.93    6581.05    11.5782   -134.713
      7800          0    734.619     249.08    68.2083        1.5     3683.2    2918.55    6601.76    10.6199   -135.293
      7700          0    734.619    249.732    69.2796        1.5    3690.99    2929.22    6620.21    10.6683   -135.782
      7600          0    734.619    250.371    70.5166        1.5    3700.85    2938.95     6639.8    9.72894   -136.176
      7500          0    734.619    250.995    71.8909        1.5    3716.02    2947.78     6663.8    8.82975   -136.476
      7400          0    734.619    251.606    72.3298        1.5     3734.4    2955.72    6690.12    7.94396   -136.699
      7300          0    734.619      252.2    72.2414        1.5     3754.1     2964.8     6718.9    9.07478   -136.901
      7200          0    734.619    252.775     71.875        1.5    3777.43    2975.02    6752.45    10.2247   -137.102
      7100          0    734.619    253.334    71.3183        1.5    3801.41    2983.99     6785.4    8.96605   -137.312
      7000          0    734.619     253.88    70.6203        1.5    3817.69    2987.71     6805.4    3.72038   -137.538
      6900          0    734.619    254.415    69.8247        1.5    3833.92    2991.39    6825.32    3.68519   -137.783
      6800          0    734.619    254.941    68.9518        1.5    3848.32    2999.35    6847.67    7.95866   -138.047
      6700          0    734.619    255.461    68.0268        1.5    3862.22    3005.99    6868.21    6.63941   -138.331
      6600          0    734.619    255.974    67.0787        1.5    3876.79    3009.42    6886.21    3.42636   -138.635
      6500          0    734.619     256.48    66.0984        1.5    3888.44    3014.04    6902.48    4.61954   -138.957
      6400          0    734.619    256.976    65.4018        1.5    3899.49    3018.26    6917.75     4.2237   -139.292
      6300          0    734.619    257.458    64.8703        1.5     3911.3    3023.75    6935.05    5.49232   -139.624
      6200          0    734.619    257.925    64.4395        1.5    3931.05    3029.63    6960.68    5.87538   -139.947
      6100          0    734.619    258.377    64.0993        1.5     3951.6     3035.9     6987.5    6.27272   -140.257
      6000          0    734.619    258.814    63.8211        1.5    3961.19    3042.59    7003.78    6.68578    -140.55
      5900          0    734.619    259.234     63.593        1.5    3972.64    3047.05    7019.69    4.46552   -140.826
      5800          0    734.619    259.639    63.4054        1.5    3990.27    3052.91    7043.18    5.86066   -141.086
      5700          0    734.619    260.032    63.2518        1.5    3998.06    3058.78    7056.85    5.86788    -141.33
      5600          0    734.619    260.416    63.1276        1.5    4004.08    3064.52    7068.59    5.73433   -141.558
      5500          0    734.619    260.792     63.029        1.5    4019.96    3070.12    7090.08    5.60817    -141.77
      5400          0    734.619    261.162     62.225        1.5    4035.11    3075.39     7110.5    5.26316   -141.981
      5300          0    734.619    261.527    60.9946        1.5    4042.64    3080.31    7122.95    4.92336    -142.23
      5200          0    734.619    261.887    59.5253        1.5    4062.41    3088.22    7150.63    7.91306   -142.529
      5100          0    734.619    262.243       57.9        1.5    4069.09    3095.18    7164.27     6.9567   -142.886
      5000          0    734.619    262.596    56.1355        1.5    4069.41    3101.18     7170.6    6.00379   -143.302
      4900          0    734.619    262.947    54.2838        1.5     4070.6    3108.24    7178.84    7.05349   -143.778
      4800          0    734.619    263.295    52.3484        1.5    4073.53    3115.69    7189.23    7.45488   -144.312
      4700          0    734.619     263.64    50.3487        1.5    4082.31    3123.55    7205.86    7.86014   -144.905
      4600          0    734.619    263.979    48.3153        1.5    4082.45    3129.37    7211.82    5.82137   -145.553
      4500          0    734.619    264.311    46.2296        1.5    4084.45    3134.16    7218.62    4.78889   -146.256
      4400          0    734.619    264.638    44.4684        1.5    4087.16    3140.63    7227.78    6.46241   -147.004
      4300          0    734.619    264.957    42.8865        1.5    4087.55    3147.17    7234.72    6.54295   -147.778
      4200  0.0292969    734.648    265.268    41.4009        1.5    4092.49     3154.1    7246.59    6.93218   -148.575
      4100  0.0878906    737.637    265.552    39.9507        1.5    4101.49    3160.25    7261.74    6.14779   -149.946
      4000  0.0927734    746.431    265.773    38.4408        1.5    4110.83    3167.78     7278.6    7.52693   -152.291
      3900   0.124512     755.74    265.931    36.9065        1.5    4122.83    3176.74    7299.58    8.96895   -154.382
      3800  0.0683594    768.135    266.034    35.3334        1.5    4133.17    3184.16    7317.33    7.41637   -156.774
      3700  0.0976562        775    266.124    33.2487        1.5    4147.55    3191.36    7338.91    7.20114     -157.8
      3600  0.0488281    784.717    266.211    29.6286        1.5    4159.42    3198.35    7357.78    6.98917   -159.435
      3500  0.0292969     789.58    266.309    25.3995        1.5    4170.49    3207.04    7377.53    8.69062   -160.169
      3400          0     792.48    266.443    20.9913        1.5    4177.62     3214.6    7392.22    7.55712   -160.805
      3300          0     792.48    266.616    16.4066        1.5    4179.71    3222.33    7402.05    7.73355   -161.216
      3200          0     792.48     266.82    12.1878        1.5    4180.41    3230.21    7410.62    7.87964   -162.019
      3100          0     792.48    267.038    9.29021        1.5    4182.57    3237.82     7420.4    7.61204   -163.074
      3000          0     792.48    267.261    6.86628        1.5    4183.55    3245.16    7428.72    7.33886   -164.278
      2900          0     792.48    267.486    4.77649        1.5    4185.08    3253.18    7438.26    8.01383   -165.575
      2800          0     792.48    267.711    2.92087        1.5    4187.08    3260.77    7447.85    7.58862   -166.928
      2700          0     792.48    267.936    1.06044        1.5    4191.97    3271.73     7463.7     10.964   -168.314
      2600          0     792.48    268.159   -1.13503        1.5    4205.94    3277.47    7483.41    5.74053   -169.737
      2500          0     792.48    268.382   -3.43414        1.5    4207.45    3286.99    7494.44    9.51838   -171.203
      2400          0     792.48    268.602   -5.76513        1.5    4207.98    3295.99    7503.97    8.99775   -172.709
      2300          0     792.48    268.821   -8.12571        1.5    4209.37    3304.32    7513.69    8.32876    -174.25
      2200          0     792.48    269.039   -10.3535        1.5    4217.23    3311.98    7529.21    7.66146   -175.821
      2100          0     792.48    269.254    -12.177        1.5    4217.89    3319.52    7537.42    7.54588   -177.399
      2000          0     792.48    269.468   -13.8332        1.5    4218.63    3326.95    7545.58    7.43203   -178.966
      1900          0     792.48     269.68   -15.3613        1.5    4220.11    3334.81    7554.92    7.85325   -180.515
      1800          0     792.48     269.89   -16.7901        1.5    4220.53    3342.58    7563.11    7.77618   -182.041
      1700          0     792.48    270.099   -18.2348        1.5    4221.49    3351.11     7572.6    8.52748   -183.541
      1600          0     792.48    270.306   -19.8682        1.5    4223.24    3361.09    7584.34    9.98128   -185.024
      1500          0     792.48    270.512   -21.5553        1.5    4225.36    3369.13    7594.48    8.03342     -186.5
      1400          0     792.48    270.714   -23.2827        1.5    4226.89    3375.36    7602.26    6.23566    -187.97
      1300          0     792.48    270.912    -25.034        1.5    4232.14    3382.19    7614.33    6.82383   -189.436
      1200          0     792.48    271.104   -26.5154        1.5     4249.1    3389.59    7638.69    7.40931   -190.896
      1100          0     792.48     271.29   -27.2475        1.5    4262.91    3397.52    7660.43    7.92014   -192.317
      1000          0     792.48     271.47    -27.651        1.5    4274.56    3405.81    7680.37      8.295   -193.672
       900          0     792.48    271.645   -27.7002        1.5    4286.57    3413.82    7700.39    8.00517   -194.947
       800          0     792.48    271.815   -27.4833        1.5    4299.77    3425.32    7725.09    11.5054   -196.132
       700          0     792.48    271.979   -26.9494        1.5     4310.7    3437.41     7748.1    12.0876   -197.222
       600          0     792.48    272.138   -25.9472        1.5    4331.44    3446.45    7777.89      9.037   -198.202
       500          0     792.48    272.291   -24.6608        1.5    4352.61     3454.8    7807.41     8.3513   -199.058
       400          0     792.48    272.438   -23.0647        1.5    4386.13    3465.09    7851.22    10.2893   -199.787
       300          0     792.48    272.579   -21.2159        1.5    4408.88    3470.23    7879.11    5.14742   -200.383
       200          0     792.48    272.715   -18.8886        1.5    4438.37    3474.81    7913.18    4.57776   -200.841
       100          0     792.48    272.845   -15.6624        1.5    4452.96    3483.42    7936.38    8.61011   -201.128
         0          0     792.48    272.971   -11.9471        1.5    4454.48    3511.01    7965.49    27.5872    -201.22