     20000          0          0    179.437     354.04        1.7    78.9895    14.2831    93.2726    14.2831     6.5598
     19900          0          0    179.437     353.13        1.7    151.419    29.7361    181.156    15.4531    6.43382
     19800          0          0    179.437    352.506        1.7    228.894    46.3592    275.253    16.6231    6.30822
     19700          0          0    179.437    352.255        1.7    299.319    60.5222    359.841    14.1631    6.19879
     19600          0          0    179.437     352.29        1.7    351.209    72.5053    423.714    11.9831    6.12087
     19500          0          0    179.437    350.597        1.7    414.692    82.0183     496.71    9.51306    6.05158
     19400          0          0    179.437    347.879        1.7    487.353    94.1014    581.454    12.0831    5.90477
     19300          0          0    179.437    345.374        1.7    558.279    106.214    664.494    12.1131    5.65656
     19200          0          0    179.437    342.873        1.7    620.606    118.358    738.963    12.1431    5.32496
     19100          0          0    179.437     342.02        1.7    681.386    130.011    811.397    11.6531    4.94128
     19000          0          0    179.437    342.156        1.7     741.53    142.474    884.004    12.4631    4.58749
     18900          0          0    179.437    340.553        1.7    800.577    155.747    956.323    13.2731    4.26219
     18800          0          0    179.437    337.986        1.7    870.831     166.28    1037.11    10.5331    3.87637
     18700          0          0    179.437     336.21        1.7    952.601    178.113    1130.71    11.8331    3.41716
     18600          0          0    179.437    334.818        1.7    1047.59    192.576    1240.17    14.4631    2.92873
     18500          0          0    179.437    333.482        1.7    1150.05    201.259    1351.31    8.68306    2.42444
     18400          0          0    179.437    332.205        1.7    1219.19    209.492    1428.69    8.23306     1.9065
     18300          0          0    179.437    329.228        1.7     1275.7    218.075    1493.77    8.58306    1.34924
     18200          0          0    179.437      325.2        1.7     1360.8    226.658    1587.45    8.58306   0.672723
     18100          0          0    179.437    321.768        1.7    1469.79    234.714     1704.5    8.05639  -0.137283
     18000          0          0    179.437    318.559        1.7    1574.09    243.331    1817.42    8.61639   -1.04056
     17900          0          0    179.437     317.64        1.7    1670.99    253.364    1924.35    10.0331   -1.98653
     17800          0          0    179.437    318.134        1.7       1766    264.257    2030.25    10.8931   -2.86227
     17700          0          0    179.437    316.312        1.7    1860.47     274.54    2135.01    10.2831   -3.66765
     17600          0          0    179.437    313.229        1.7    1943.92    288.828    2232.75    14.2881   -4.52282
     17500          0          0    179.437    313.298        1.7    2011.35    302.776    2314.12    13.9481   -5.41147
     17400          0          0    182.115    344.137        1.7    2042.72    312.444    2355.16    9.66738   -7.03503
     17300          0          0    182.934    353.815        1.7    2073.54    322.233    2395.78    9.78928   -7.23612
     17200          0          0     183.39    359.881        1.7    2096.59    335.928    2432.52     13.695   -7.02974
     17100          0          0    183.841    363.835        1.7    2099.91    350.717    2450.63    14.7892   -6.64495
     17000          0          0    184.395    366.328        1.7    2106.32    368.422    2474.74    17.7049   -6.19849
     16900          0          0    185.076    363.157        1.7    2119.69    386.971    2506.66    18.5487   -5.83044
     16800          0          0    185.879     356.08        1.7    2132.94    406.282    2539.22    19.3111   -5.80695
     16700          0          0    186.789    347.713        1.7    2143.96    427.383    2571.34    21.1008   -6.22983
     16600          0          0    187.792    338.163        1.7    2156.83     452.74    2609.57    25.3575   -7.09448
     16500  0.0830078  0.0830078    188.875    339.172        1.7    2164.82    472.218    2637.03    19.4779    -8.2304
     16400   0.249023     8.5498    189.988    347.142        1.7    2171.27    496.197    2667.46    23.9792   -10.9328
     16300   0.185547    33.3887    191.031    351.837        1.7     2187.4    517.682    2705.09    21.4851   -16.4195
     16200          0    51.7578    192.017    354.941        1.7    2208.43     545.11    2753.54    27.4282     -19.06
     16100          0    51.7578    193.087    346.553        1.7    2225.84    575.761     2801.6    30.6508   -17.0588
     16000          0    51.7578    194.277    330.331        1.7    2233.41    605.187     2838.6    29.4262   -16.1288
     15900          0    51.7578    195.544    322.116        1.7    2236.22    633.496    2869.71    28.3085   -16.2379
     15800  0.0439453    51.8018    196.863    318.732        1.7    2242.21    658.992     2901.2    25.4966   -16.7868
     15700  0.0634766    56.2158      198.2    316.511        1.7    2249.02    684.302    2933.32    25.3096   -18.4785
     15600  0.0683594    62.5684    199.528    315.295        1.7    2257.35    707.534    2964.89     23.232    -20.458
     15500   0.090332    69.4263    200.844    313.307        1.7    2265.72     730.22    2995.94     22.686    -22.305
     15400   0.222168    78.5913    202.142    310.898        1.7    2278.98    752.083    3031.06    21.8629   -24.4862
     15300   0.512695    101.099    203.359    309.932        1.7    2300.23    776.041    3076.27    23.9577   -29.3537
     15200    0.74707    152.603    204.341    309.636        1.7    2321.98    799.773    3121.75    23.7324   -39.5808
     15100   0.981445    227.544    204.966    315.181        1.7    2351.81    823.581    3175.39    23.8078   -52.4285
     15000     1.2207    325.928     205.18    324.651        1.7    2394.41    847.703    3242.11    24.1223   -66.7549
     14900    1.02539    447.803    204.951    331.262        1.7    2446.13    871.399    3317.53    23.6957   -81.8597
     14800          0    549.316    204.459    336.654        1.7    2507.72    896.219    3403.94    24.8197   -89.0889
     14700          0    549.316    204.278    327.548        1.7    2562.27    920.935     3483.2     24.716   -75.0783
     14600          0    549.316    195.993    259.336        1.7    2576.57    960.782    3537.35    39.8471   -64.8689
     14500          0    549.316    193.482    233.042        1.7    2578.08    1006.65    3584.72    45.8656    -61.561
     14400          0    549.316    193.436    216.957        1.7    2586.71    1054.56    3641.28    47.9175   -61.1999
     14300          0    549.316    194.237    203.044        1.7    2597.95    1099.48    3697.43    44.9133   -62.1575
     14200          0    549.316    195.295    191.161        1.7    2615.65    1142.74    3758.38    43.2572   -63.7398
     14100          0    549.316    196.416    184.893        1.7    2633.63    1184.65    3818.28    41.9175   -65.5131
     14000          0    549.316    197.541    182.102        1.7    2660.63     1224.1    3884.73    39.4436   -67.1216
     13900          0    549.316    198.667    177.202        1.7    2692.74       1266    3958.74    41.9031   -68.5033
     13800          0    549.316     199.79    171.382        1.7    2716.06    1304.72    4020.78    38.7251   -69.8195
     13700          0    549.316    200.908    167.134        1.7    2755.25    1345.17    4100.41    40.4422   -71.1112
     13600          0    549.316    202.018    163.741        1.7    2787.17    1384.35    4171.53    39.1873   -72.3345
     13500          0    549.316    203.117    167.081        1.7    2819.33    1417.07     4236.4    32.7127   -73.3847
     13400          0    549.316    204.205     174.46        1.7    2849.97     1451.9    4301.87    34.8352   -73.9733
     13300          0    549.316    205.275    171.363        1.7    2881.34    1483.49    4364.83    31.5846   -74.2206
     13200          0    549.316    208.743    192.454        1.7    2895.24    1514.66     4409.9    31.1723    -74.449
     13100  0.0830078    549.399    210.948    199.256        1.7    2902.93    1539.58    4442.51    24.9166   -73.6522
     13000          0    557.617    212.711    205.186        1.7    2918.62    1565.35    4483.97    25.7749   -74.1919
     12900   0.151367    557.769    214.135    211.562        1.7    2919.07    1589.92       4509    24.5728   -72.5549
     12800   0.170898    572.925    215.188    217.917        1.7    2926.85    1615.62    4542.47     25.694   -74.0239
     12700  0.0244141    589.868    216.044    220.018        1.7    2929.14    1642.18    4571.32    26.5584   -75.2978
     12600          0    592.285    217.006    219.283        1.7    2945.66    1670.32    4615.98    28.1435   -73.2959
     12500          0    592.285    218.087    219.173        1.7    2959.61    1699.22    4658.83    28.9006    -71.338
     12400          0    592.285    219.248    219.205        1.7    2975.64    1726.07    4701.71    26.8515   -69.9064
     12300          0    592.285    220.467    217.902        1.7    2980.67    1752.39    4733.06    26.3194   -68.9225
     12200   0.161133    592.446    221.728    215.609        1.7    2990.13    1779.97     4770.1    27.5746   -68.4088
     12100   0.371094     608.77    222.943     214.72        1.7    3008.55    1809.46    4818.01    29.4994   -71.6432
     12000   0.585938    646.094    223.969    214.464        1.7    3035.49    1835.59    4871.08    26.1282   -78.7068
     11900   0.883789    704.985    224.701    214.798        1.7     3066.7    1865.45    4932.14    29.8531   -88.7254
     11800   0.290527    792.771    225.028    215.328        1.7    3102.92    1895.46    4998.38    30.0119    -102.26
     11700  0.0683594    821.602    225.295    223.934        1.7     3151.1    1926.75    5077.85    31.2872   -101.215
     11600          0    828.369    213.084    198.333        1.7    3180.32    1971.03    5151.35      44.28   -95.6461
     11500          0    828.369    209.105    180.423        1.7    3201.31    2027.69       5229    56.6613   -92.6617
     11400          0    828.369    208.598    156.508        1.7    3210.86    2087.04     5297.9    59.3537   -92.3031
     11300          0    828.369    209.303      145.3        1.7    3214.06    2143.21    5357.27    56.1743   -93.4932
     11200          0    828.369    210.393    141.042        1.7    3215.66    2197.67    5413.33    54.4573   -95.0373
     11100          0    828.369    211.587    133.179        1.7    3237.67    2250.99    5488.66    53.3135   -96.5698
     11000          0    828.369      212.8    123.673        1.7     3268.6    2302.99    5571.58    52.0002   -98.2299
     10900          0    828.369    214.005    118.244        1.7    3290.22    2356.58     5646.8    53.5945   -99.9786
     10800          0    828.369    215.198    115.072        1.7    3300.24    2406.93    5707.17    50.3523   -101.618
     10700          0    828.369    216.377    110.956        1.7    3311.94    2456.78    5768.72    49.8476   -103.132
     10600          0    828.369    217.546     106.44        1.7    3327.92    2506.13    5834.05    49.3544   -104.614
     10500          0    828.369      218.7    103.705        1.7    3344.17    2554.93     5899.1    48.7998   -106.072
     10400          0    828.369    219.841    101.994        1.7    3361.07    2601.29    5962.36    46.3588   -107.442
     10300          0    828.369    220.971    100.884        1.7    3371.38    2645.22     6016.6     43.929   -108.708
     10200          0    828.369    222.092    99.6816        1.7    3382.57    2688.83     6071.4    43.6079   -109.872
     10100          0    828.369    223.204    97.4439        1.7    3409.94    2729.33    6139.26    40.4955   -110.995
     10000          0    828.369    224.298    94.8731        1.7    3430.77    2769.03     6199.8    39.7019   -112.127
      9900          0    828.369    225.372    92.1261        1.7    3440.78    2807.96    6248.73    38.9278   -113.289
      9800          0    828.369    226.432     89.241        1.7    3451.91    2845.27    6297.17    37.3116    -114.49
      9700          0    828.369    227.479     86.246        1.7    3455.92    2880.98     6336.9    35.7084   -115.736
      9600          0    828.369    228.507    83.1655        1.7    3459.34     2915.1    6374.44    34.1247   -117.032
      9500          0    828.369    229.518     80.012        1.7    3467.13    2947.66    6414.79    32.5571   -118.379
      9400          0    828.369    230.513    77.6384        1.7    3491.76    2982.34    6474.11    34.6873    -119.76
      9300          0    828.369    231.483    75.7154        1.7     3515.6    3014.66    6530.26    32.3174   -121.134
      9200          0    828.369    232.433    74.0458        1.7    3538.39    3045.93    6584.32     31.267   -122.485
      9100          0    828.369    233.371    72.5509        1.7     3553.1    3074.56    6627.66    28.6293   -123.806
      9000          0    828.369      234.3    71.1952        1.7    3565.64    3099.56     6665.2    25.0003   -125.094
      8900          0    828.369    235.217    69.9727        1.7    3588.84    3124.99    6713.83    25.4334   -126.347
      8800          0    828.369    236.114    68.8571        1.7    3600.46     3149.4    6749.87    24.4111   -127.563
      8700          0    828.369    236.991    67.8312        1.7    3604.52    3172.81    6777.33    23.4086    -128.74
      8600          0    828.369    237.843    66.8865        1.7    3605.74    3195.52    6801.26    22.7068   -129.878
      8500          0    828.369    238.674    66.0125        1.7    3610.63    3217.54    6828.17    22.0261   -130.976
      8400          0    828.369     239.49    65.6457        1.7    3611.95    3239.35    6851.31    21.8103   -132.028
      8300          0    828.369    240.294    65.6051        1.7    3624.61    3257.36    6881.97    18.0058    -133.01
      8200          0    828.369     241.09    65.7897        1.7    3632.76    3275.15     6907.9    17.7851   -133.915
      8100          0    828.369    241.874    66.1709        1.7    3643.93    3292.72    6936.65    17.5765   -134.738
      8000          0    828.369    242.637     66.715        1.7    3647.07    3309.81    6956.88    17.0879   -135.476
      7900          0    828.369    243.381    67.4724        1.7    3659.31    3326.43    6985.74    16.6191   -136.126
      7800          0    828.369      244.1    68.4029        1.7     3669.2    3342.03    7011.23    15.5999   -136.684
      7700          0    828.369    244.796    69.4934        1.7    3676.77    3357.63     7034.4    15.6039   -137.149
      7600          0    828.369    245.476    70.7515        1.7     3686.4    3372.26    7058.66    14.6242   -137.518
      7500          0    828.369    246.144    72.1468        1.7    3701.31    3385.94    7087.25     13.681   -137.792
      7400          0    828.369    246.804    72.5989        1.7    3719.42    3398.68    7118.11    12.7465   -137.989
      7300          0    828.369    247.456    72.5192        1.7    3738.85     3412.5    7151.35    13.8186   -138.167
      7200          0    828.369    248.103    72.1561        1.7    3761.89     3427.4    7189.29    14.8971   -138.344
      7100          0    828.369    248.738    71.6004        1.7    3785.59    3440.96    7226.56    13.5622   -138.533
      7000          0    828.369    249.358    70.9028        1.7    3801.59     3449.2    7250.79    8.24237   -138.738
      6900          0    828.369    249.964    70.1076        1.7    3817.54    3457.34    7274.88    8.13608    -138.96
      6800          0    828.369    250.553    69.2367        1.7    3831.65    3469.69    7301.33    12.3466   -139.201
      6700          0    828.369    251.124    68.3165        1.7    3845.26    3480.66    7325.92    10.9761   -139.461
      6600          0    828.369    251.678    67.3756        1.7    3859.53    3488.39    7347.92    7.72177   -139.739
      6500          0    828.369     252.22    66.4041        1.7    3870.88    3497.27    7368.15    8.88016   -140.036
      6400          0    828.369    252.751    65.7184        1.7    3881.61    3505.71    7387.33    8.44883   -140.345
      6300          0    828.369    253.274    65.1973        1.7    3893.09    3515.39    7408.48    9.67601    -140.65
      6200          0    828.369     253.79    64.7762        1.7    3912.51     3525.4    7437.91    10.0103   -140.947
      6100          0    828.369    254.299    64.4444        1.7    3932.71    3535.75    7468.46    10.3507    -141.23
      6000          0    828.369    254.803    64.1731        1.7    3941.95    3546.45     7488.4    10.6974   -141.499
      5900          0    828.369    255.295     63.951        1.7    3953.04    3554.85     7507.9     8.4052   -141.752
      5800          0    828.369    255.773    63.7696        1.7    3970.31    3564.58    7534.89    9.72747    -141.99
      5700          0    828.369    256.236    63.6228        1.7    3977.73    3574.25    7551.98    9.66409   -142.212
      5600          0    828.369    256.685    63.5071        1.7    3983.37    3583.71    7567.08    9.46497   -142.418
      5500          0    828.369    257.118    63.4193        1.7    3998.86    3592.99    7591.85    9.28161   -142.608
      5400          0    828.369    257.535    62.6247        1.7    4013.61    3601.88    7615.49    8.88984   -142.795
      5300          0    828.369    257.937    61.4048        1.7    4020.73    3610.39    7631.12    8.51321   -143.018
      5200          0    828.369    258.327    59.9465        1.7    4040.08    3621.87    7661.94    11.4734   -143.292
      5100          0    828.369    258.707    58.3327        1.7    4046.32    3632.36    7678.68    10.4926   -143.623
      5000          0    828.369    259.081    56.5801        1.7    4046.44    3641.88    7688.32    9.51898   -144.013
      4900          0    828.369    259.449    54.7409        1.7    4048.09    3652.43    7700.52    10.5514   -144.463
      4800          0    828.369    259.811    52.8185        1.7    4050.55    3663.37    7713.92     10.939   -144.971
      4700          0    828.369    260.169    50.8317        1.7    4058.84     3674.7    7733.54     11.331   -145.538
      4600          0    828.369    260.523    48.8108        1.7    4059.48    3683.98    7743.46    9.27689   -146.161
      4500          0    828.369    260.874    46.7368        1.7    4061.99     3692.2     7754.2    8.22618   -146.838
      4400 0.00244141    828.372    261.222    44.9883        1.7    4065.21    3702.08     7767.3      9.878   -147.562
      4300          0    828.613    261.566    43.4152        1.7    4066.14    3712.02    7778.15    9.93381   -148.358
      4200  0.0390625    828.652    261.906    41.9396        1.7    4071.61    3722.31    7793.92    10.2942   -149.123
      4100   0.100098     832.62    262.206    40.4881        1.7    4081.15     3731.8    7812.95    9.49412    -150.65
      4000    0.10498    842.634    262.404    38.9704        1.7    4091.02     3742.7    7833.72    10.8956   -153.155
      3900   0.136719    853.164    262.508    37.4295        1.7    4103.55    3755.09    7858.64    12.3922   -155.363
      3800  0.0805664     866.78    262.529    35.8542        1.7    4114.41    3766.01    7880.42    10.9206    -157.84
      3700   0.109863    874.866    262.535    33.7667        1.7     4129.3     3776.8    7906.11    10.7899   -158.929
      3600  0.0585938    885.801    262.537    30.1407        1.7    4141.69    3787.47    7929.16    10.6632    -160.61
      3500  0.0390625    891.641    262.559    25.9068        1.7    4153.26    3799.91    7953.17    12.4412   -161.334
      3400          0    895.508    262.638    21.4931        1.7     4160.9    3811.27    7972.17    11.3621   -161.962
      3300          0    895.508    262.789     16.913        1.7    4162.48    3822.83    7985.31    11.5606   -162.189
      3200          0    895.508        263     12.706        1.7    4162.66    3834.53    7997.19    11.6999   -162.852
      3100          0    895.508     263.24    9.82474        1.7    4164.29    3845.94    8010.23    11.4103     -163.8
      3000          0    895.508    263.495    7.41815        1.7    4165.82    3857.05    8022.87    11.1053    -164.92
      2900          0    895.508    263.758    5.34603        1.7    4167.92    3868.79    8036.71    11.7422   -166.151
      2800          0    895.508    264.025    3.50774        1.7    4170.51    3880.06    8050.57    11.2746   -167.449
      2700          0    895.508    264.295    1.66308        1.7    4174.79    3894.67    8069.46    14.6054   -168.789
      2600          0    895.508    264.562  -0.518628        1.7    4188.14    3904.01    8092.15    9.33789   -170.172
      2500          0    895.508    264.825   -2.80489        1.7    4189.03    3917.08    8106.11    13.0747   -171.603
      2400          0    895.508    265.083   -5.12337        1.7     4190.2     3929.6    8119.79    12.5171   -173.076
      2300          0    895.508    265.335   -7.47167        1.7    4190.94    3941.41    8132.35    11.8152   -174.587
      2200          0    895.508    265.582   -9.68625        1.7    4198.13    3952.53    8150.66    11.1183   -176.131
      2100          0    895.508    265.824   -11.4951        1.7    4198.15    3963.51    8161.66    10.9761   -177.683
      2000          0    895.508    266.062   -13.1357        1.7    4198.18    3974.34    8172.53     10.838   -179.226
      1900          0    895.508    266.296   -14.6473        1.7    4198.95    3985.58    8184.54    11.2369   -180.751
      1800          0    895.508    266.527   -16.0591        1.7    4199.27    3996.72    8195.99    11.1394   -182.254
      1700          0    895.508    266.755    -17.487        1.7    4200.98    4008.59    8209.57    11.8716   -183.731
      1600          0    895.508     266.98   -19.1041        1.7    4201.97     4021.9    8223.87    13.3077   -185.193
      1500          0    895.508    267.202   -20.7753        1.7     4203.3    4033.24    8236.54    11.3432   -186.647
      1400          0    895.508    267.421   -22.4872        1.7    4204.04    4042.77    8246.81    9.52881   -188.097
      1300          0    895.508    267.638    -24.224        1.7    4208.48    4052.87    8261.35    10.0979   -189.542
      1200          0    895.508    267.853   -25.6902        1.7    4224.61    4063.53    8288.14    10.6606   -190.983
      1100          0    895.508    268.065   -26.4053        1.7    4237.58    4074.68    8312.26    11.1448   -192.384
      1000          0    895.508    268.276   -26.7912        1.7    4248.37    4086.17    8334.54    11.4895   -193.719
       900          0    895.508    268.484   -26.8219        1.7     4259.5    4097.33    8356.83    11.1662   -194.975
       800          0    895.508     268.69   -26.5862        1.7     4271.8    4111.96    8383.76      14.63   -196.141
       700          0    895.508    268.892   -26.0324        1.7    4281.81    4127.14    8408.95    15.1745   -197.212
       600          0    895.508    269.088   -25.0088        1.7    4301.62    4139.22    8440.84    12.0867   -198.172
       500          0    895.508    269.278   -23.6998        1.7    4321.83    4150.59    8472.42    11.3647    -199.01
       400          0    895.508    269.461   -22.0801        1.7    4354.36    4163.85    8518.22    13.2666    -199.72
       300          0    895.508    269.638   -20.2068        1.7     4376.1    4171.94    8548.05    8.08871   -200.297
       200          0    895.508    269.809    -17.853        1.7    4404.56    4179.43    8583.98    7.48307   -200.736
       100          0    895.508    269.975   -14.5975        1.7    4418.08    4190.91    8608.99    11.4801   -201.006
         0 0.00732422    895.515    270.135   -10.8507        1.7    4418.51    4221.33    8639.83     30.423   -201.081