     20000          0          0    179.437     354.04        0.4    78.9895    14.2831    93.2726    14.2831     6.5598
     19900          0          0    179.437     353.13        0.4    151.419    29.7361    181.156    15.4531    6.43382
     19800          0          0    179.437    352.506        0.4    228.894    46.3592    275.253    16.6231    6.30822
     19700          0          0    179.437    352.255        0.4    299.319    60.5222    359.841    14.1631    6.19879
     19600          0          0    179.437     352.29        0.4    351.209    72.5053    423.714    11.9831    6.12087
     19500          0          0    179.437    350.597        0.4    414.692    82.0183     496.71    9.51306    6.05158
     19400          0          0    179.437    347.879        0.4    487.353    94.1014    581.454    12.0831    5.90477
     19300          0          0    179.437    345.374        0.4    558.279    106.214    664.494    12.1131    5.65656
     19200          0          0    179.437    342.873        0.4    620.606    118.358    738.963    12.1431    5.32496
     19100          0          0    179.437     342.02        0.4    681.386    130.011    811.397    11.6531    4.94128
     19000          0          0    179.437    342.156        0.4     741.53    142.474    884.004    12.4631    4.58749
     18900          0          0    179.437    340.553        0.4    800.577    155.747    956.323    13.2731    4.26219
     18800          0          0    179.437    337.986        0.4    870.831     166.28    1037.11    10.5331    3.87637
     18700          0          0    179.437     336.21        0.4    952.601    178.113    1130.71    11.8331    3.41716
     18600          0          0    179.437    334.818        0.4    1047.59    192.576    1240.17    14.4631    2.92873
     18500          0          0    179.437    333.482        0.4    1150.05    201.259    1351.31    8.68306    2.42444
     18400          0          0    179.437    332.205        0.4    1219.19    209.492    1428.69    8.23306     1.9065
     18300          0          0    179.437    329.228        0.4     1275.7    218.075    1493.77    8.58306    1.34924
     18200          0          0    179.437      325.2        0.4     1360.8    226.658    1587.45    8.58306   0.672723
     18100          0          0    179.437    321.768        0.4    1469.79    234.714     1704.5    8.05639  -0.137283
     18000          0          0    179.437    318.559        0.4    1574.09    243.331    1817.42    8.61639   -1.04056
     17900          0          0    179.437     317.64        0.4    1670.99    253.364    1924.35    10.0331   -1.98653
     17800          0          0    179.437    318.134        0.4       1766    264.257    2030.25    10.8931   -2.86227
     17700          0          0    179.437    316.312        0.4    1860.47     274.54    2135.01    10.2831   -3.66765
     17600          0          0    179.437    313.229        0.4    1943.92    288.828    2232.75    14.2881   -4.52282
     17500          0          0    179.437    313.298        0.4    2011.35    302.776    2314.12    13.9481   -5.41147
     17400          0          0    182.115    344.137        0.4    2042.72    312.444    2355.16    9.66738   -7.03503
     17300          0          0    182.934    353.815        0.4    2073.54    322.233    2395.78    9.78928   -7.23612
     17200          0          0     183.39    359.881        0.4    2096.59    335.928    2432.52     13.695   -7.02974
     17100          0          0    183.841    363.835        0.4    2099.91    350.717    2450.63    14.7892   -6.64495
     17000          0          0    184.395    366.328        0.4    2106.32    368.422    2474.74    17.7049   -6.19849
     16900          0          0    185.076    363.157        0.4    2119.69    386.971    2506.66    18.5487   -5.83044
     16800          0          0    185.879     356.08        0.4    2132.94    406.282    2539.22    19.3111   -5.80695
     16700          0          0    186.789    347.713        0.4    2143.96    427.383    2571.34    21.1008   -6.22983
     16600          0          0    187.792    338.163        0.4    2156.83     452.74    2609.57    25.3575   -7.09448
     16500  0.0585938  0.0585938    188.875    339.172        0.4    2164.82    472.218    2637.03    19.4779   -8.22414
     16400   0.170898    6.03027    190.071    347.151        0.4    2171.28    496.114    2667.39    23.8965   -10.3617
     16300   0.131836    23.0811     191.47    351.869        0.4    2187.45     517.16    2704.61    21.0459   -14.2401
     16200          0    36.1328    193.039    354.944        0.4    2208.47    543.566    2752.04    26.4058   -16.2167
     16100          0    36.1328    194.599    346.469        0.4     2225.8    572.704     2798.5    29.1384   -14.8829
     16000          0    36.1328    196.091    330.156        0.4     2233.2    600.317    2833.51    27.6126   -14.4629
     15900          0    36.1328    197.552    321.838        0.4    2235.72    626.617    2862.34    26.3001   -14.9497
     15800  0.0268555    36.1597    199.002    318.358        0.4    2241.34    649.975    2891.32    23.3577   -15.7727
     15700  0.0390625    38.8574     200.47    316.062        0.4     2247.7    673.015    2920.72    23.0402   -17.2883
     15600  0.0415039    42.7661    201.975    314.783        0.4    2255.53      693.8    2949.33    20.7854   -18.9626
     15500  0.0561523    46.9312    203.512    312.742        0.4    2263.33    713.819    2977.15    20.0183   -20.5141
     15400   0.148926    52.6392    205.082    310.284        0.4    2275.97    732.742    3008.71    18.9234   -22.2952
     15300   0.334473    67.7173    206.752    309.276        0.4    2296.57    753.307    3049.87    20.5645   -25.9927
     15200   0.466309    101.296    208.682    308.977        0.4    2317.65    772.698    3090.35    19.3912   -33.1168
     15100   0.588379    148.049    210.983    314.498        0.4     2346.8    790.488    3137.29    17.7903   -41.5672
     15000   0.695801    206.995    213.687      323.9        0.4    2388.65    806.104    3194.76    15.6156   -50.4726
     14900   0.603027    276.482    216.802    330.432        0.4    2439.54    817.948    3257.49    11.8447    -59.214
     14800          0    336.182    220.174    335.499        0.4    2499.98    827.053    3327.04    9.10438   -63.7315
     14700          0    336.182    223.138    325.927        0.4    2552.91     832.91    3385.82    5.85673   -54.9555
     14600          0    336.182    216.598    257.249        0.4    2565.12    852.152    3417.27    19.2424   -48.9352
     14500          0    336.182    214.721    230.485        0.4    2569.18    876.778    3445.96    24.6264   -48.6283
     14400          0    336.182    215.077    214.051        0.4    2580.73    903.055    3483.78    26.2766    -50.466
     14300          0    336.182    216.197    199.935        0.4    2595.08    926.008    3521.09    22.9532   -53.0345
     14200          0    336.182    217.509    187.913        0.4    2616.02    947.052    3563.07    21.0435   -55.7944
     14100          0    336.182    218.821    181.451        0.4    2637.44    966.564    3604.01    19.5124   -58.4259
     14000          0    336.182    220.076    178.478        0.4    2668.07    983.473    3651.54    16.9087   -60.6587
     13900          0    336.182    221.266    173.542        0.4    2703.84    1002.78    3706.62    19.3044   -62.4953
     13800          0    336.182    222.392    167.741        0.4     2730.8     1018.9     3749.7     16.123   -64.1431
     13700          0    336.182    223.461    163.512        0.4    2773.61    1036.79     3810.4    17.8893   -65.6764
     13600          0    336.182    224.477    160.166        0.4    2809.11    1053.52    3862.63    16.7277   -67.0773
     13500          0    336.182    225.448    163.361        0.4    2844.99     1063.9    3908.89    10.3824    -68.258
     13400          0    336.182    226.378    170.541        0.4    2879.54    1076.56     3956.1    12.6621    -68.943
     13300          0    336.182    227.274      167.6        0.4    2914.68    1086.15    4000.83    9.58562   -69.2647
     13200          0    336.182    230.831    188.379        0.4    2932.65    1095.23    4027.88    9.08365   -69.6676
     13100  0.0012207    336.183    233.077     194.96        0.4    2944.64    1098.02    4042.66    2.78774   -69.0397
     13000          0    336.304    234.886    200.823        0.4    2964.69    1101.62    4066.31     3.5998   -68.0681
     12900  0.0512695    336.355    236.334    207.081        0.4    2969.62    1103.99    4073.62    2.37356   -66.9022
     12800   0.065918    341.497    237.467    213.376        0.4    2972.86    1107.41    4080.27    3.41543   -66.7035
     12700          0    348.022    238.554    215.573        0.4    2975.01    1111.46    4086.47    4.04832   -66.5964
     12600          0    348.022    239.743    214.906        0.4     2995.9    1116.86    4112.77     5.4074   -65.1401
     12500          0    348.022     240.94    214.767        0.4    3014.26    1122.91    4137.18    6.04799   -64.1069
     12400          0    348.022    242.144    214.753        0.4    3034.74    1126.87    4161.61    3.95631   -63.3956
     12300          0    348.022    243.359    213.428        0.4    3044.24    1130.29    4174.54     3.4268   -62.9747
     12200  0.0585938    348.081    244.592    211.123        0.4    3049.22       1135    4184.23    4.71041     -62.88
     12100   0.209961    354.092    245.893    210.262        0.4    3063.18    1141.55    4204.74    6.54851   -64.3222
     12000   0.351562    375.229    247.405    210.106        0.4    3085.76    1144.25    4230.01    2.69252    -68.846
     11900    0.52002    410.554    249.266    210.543        0.4    3112.72    1149.53    4262.25    5.28774   -75.5287
     11800   0.151367    462.188    251.586    211.203        0.4    3144.81    1152.99     4297.8    3.45409   -84.2439
     11700 0.00732422     477.18    254.023    219.457        0.4    3188.52    1155.55    4344.07    2.55946   -83.6209
     11600          0    477.905    242.498     193.79        0.4     3213.2    1170.41    4383.61    14.8657   -79.9017
     11500          0    477.905    238.505    176.275        0.4    3230.04    1197.67    4427.71    27.2614   -79.3189
     11400          0    477.905    237.948    152.936        0.4    3236.02    1227.68     4463.7     30.004   -80.6938
     11300          0    477.905    238.649    141.876        0.4    3236.25    1254.51    4490.75    26.8283   -83.1361
     11200          0    477.905    239.744    137.698        0.4    3241.19    1279.61     4520.8    25.1056    -85.591
     11100          0    477.905     240.92    130.097        0.4    3266.29    1303.59    4569.88    23.9803   -87.7931
     11000          0    477.905    242.072    120.869        0.4    3300.02    1326.32    4626.34     22.728   -89.9514
     10900          0    477.905    243.174    115.565        0.4    3324.32    1350.75    4675.07    24.4256    -92.074
     10800          0    477.905    244.233    112.488        0.4    3336.92    1372.06    4708.98    21.3172   -93.9984
     10700          0    477.905    245.253    108.512        0.4    3351.06    1393.03     4744.1    20.9718   -95.7334
     10600          0    477.905    246.236    104.137        0.4    3369.35     1413.7    4783.04    20.6639   -97.3915
     10500          0    477.905    247.181    101.473        0.4    3387.83    1434.02    4821.84    20.3185   -98.9944
     10400          0    477.905     248.09    99.8166        0.4    3406.91    1452.13    4859.03    18.1102   -100.486
     10300          0    477.905    248.963    98.7423        0.4    3419.36    1468.07    4887.42    15.9374   -101.857
     10200          0    477.905    249.803    97.5884        0.4    3432.64    1483.96    4916.61    15.8971   -103.114
     10100          0    477.905    250.615    95.4262        0.4    3462.03    1497.05    4959.08    13.0852   -104.324
     10000          0    477.905    251.402     92.942        0.4    3484.79    1509.65    4994.44    12.5981   -105.538
      9900          0    477.905    252.168    90.2877        0.4    3496.64    1521.78    5018.42    12.1322    -106.78
      9800          0    477.905    252.914    87.5003        0.4    3509.51    1532.61    5042.12    10.8293   -108.059
      9700          0    477.905    253.641    84.6055        0.4    3515.16    1542.15    5057.32    9.54635   -109.383
      9600          0    477.905    254.348    81.6245        0.4    3520.12    1550.44    5070.56    8.28344   -110.755
      9500          0    477.905    255.036    78.5694        0.4    3529.36    1557.48    5086.84    7.03945   -112.178
      9400          0    477.905    255.707    76.2612        0.4    3555.36    1566.97    5122.33    9.49318   -113.636
      9300          0    477.905    256.364    74.3882        0.4    3580.53    1574.41    5154.94    7.43586   -115.089
      9200          0    477.905    257.007    72.7549        0.4    3604.61     1581.1    5185.71    6.69332   -116.519
      9100          0    477.905    257.631    71.2876        0.4    3620.58    1585.47    5206.05    4.36875    -117.92
      9000          0    477.905    258.236    69.9538        0.4    3634.37    1586.53     5220.9    1.06432   -119.287
      8900          0    477.905    258.822    68.7472        0.4    3658.79    1588.36    5247.15    1.82813    -120.62
      8800          0    477.905    259.393     67.641        0.4    3671.63    1589.49    5261.12    1.13196   -121.917
      8700          0    477.905    259.952    66.6183        0.4     3676.9    1589.94    5266.84   0.448243   -123.177
      8600          0    477.905      260.5    65.6694        0.4     3676.9    1589.99    5266.89  0.0500053   -124.399
      8500          0    477.905    261.039    64.7854        0.4    3683.02    1590.33    5273.35  -0.339325   -125.585
      8400          0    477.905    261.571    64.3902        0.4     3685.6     1590.6     5276.2  -0.271016   -126.724
      8300          0    477.905    262.094    64.3136        0.4    3699.54    1594.39    5293.94   -3.79434   -127.797
      8200          0    477.905    262.604    64.4561        0.4    3709.03    1598.12    5307.15   -3.72945   -128.792
      8100          0    477.905    263.099    64.7901        0.4    3721.58    1601.77    5323.35   -3.64909   -129.707
      8000          0    477.905    263.579    65.2816        0.4    3726.15    1605.63    5331.78   -3.85401   -130.538
      7900          0    477.905    264.045    65.9797        0.4    3739.89    1609.67    5349.56   -4.04514   -131.282
      7800          0    477.905    264.496    66.8453        0.4    3751.33    1614.47     5365.8   -4.79606   -131.935
      7700          0    477.905     264.93    67.8663        0.4    3760.53       1619    5379.53    -4.5303   -132.496
      7600          0    477.905    265.348    69.0518        0.4    3771.86    1624.25    5396.11   -5.24835   -132.962
      7500          0    477.905    265.753    70.3728        0.4    3788.55    1630.18    5418.72   -5.92812   -133.334
      7400          0    477.905    266.148    70.7787        0.4    3808.48    1636.77    5445.25   -6.59772   -133.629
      7300          0    477.905    266.534    70.6622        0.4    3829.76    1642.03    5471.79    -5.2592   -133.905
      7200          0    477.905    266.914    70.2714        0.4    3854.69    1645.95    5500.64   -3.91395   -134.181
      7100          0    477.905    267.288    69.6925        0.4     3880.3    1650.93    5531.23   -4.98801   -134.467
      7000          0    477.905    267.657    68.9737        0.4    3898.22    1660.99    5559.21   -10.0571   -134.769
      6900          0    477.905    268.022    68.1576        0.4    3916.12    1670.91    5587.04   -9.92201    -135.09
      6800          0    477.905    268.383    67.2641        0.4     3932.2     1676.4     5608.6    -5.4831    -135.43
      6700          0    477.905    268.741    66.3179        0.4    3947.82    1683.04    5630.85   -6.64127    -135.79
      6600          0    477.905    269.098    65.3474        0.4    3964.12    1692.74    5656.85   -9.69778    -136.17
      6500          0    477.905    269.451    64.3438        0.4    3977.52    1701.09    5678.61   -8.35127   -136.568
      6400          0    477.905    269.799    63.6165        0.4    3990.36    1709.69    5700.04   -8.59913   -136.979
      6300          0    477.905    270.141    63.0499        0.4    4003.99    1716.88    5720.86   -7.19058   -137.387
      6200          0    477.905    270.476    62.5796        0.4     4025.6    1723.55    5749.15   -6.67589   -137.785
      6100          0    477.905    270.805    62.1958        0.4    4048.05    1729.71    5777.75   -6.15461   -138.171
      6000          0    477.905    271.125    61.8707        0.4    4059.59    1735.33    5794.92   -5.62507   -138.541
      5900          0    477.905    271.436    61.5927        0.4    4073.04    1743.07    5816.11   -7.73577   -138.895
      5800          0    477.905    271.736    61.3533        0.4    4092.72     1749.3    5842.02   -6.23552   -139.232
      5700          0    477.905    272.024    61.1469        0.4    4102.62    1755.43    5858.05   -6.12361   -139.552
      5600          0    477.905    272.301    60.9698        0.4    4110.79    1761.58    5872.37   -6.15068   -139.857
      5500          0    477.905    272.568    60.8185        0.4    4128.89    1767.75    5896.63   -6.16799   -140.146
      5400          0    477.905    272.827    59.9744        0.4    4146.29    1774.15    5920.44   -6.40185   -140.433
      5300          0    477.905    273.078    58.7091        0.4     4156.1    1780.78    5936.88   -6.62834   -140.757
      5200          0    477.905    273.323    57.2097        0.4    4178.19     1784.3    5962.49   -3.52337   -141.131
      5100          0    477.905    273.563    55.5577        0.4    4187.21    1788.66    5975.87   -4.36278   -141.562
      5000          0    477.905    273.798    53.7692        0.4     4189.9    1793.86    5983.76   -5.19751    -142.05
      4900          0    477.905    274.028    51.8951        0.4     4191.1    1797.89    5988.99   -4.02831   -142.598
      4800          0    477.905    274.256    49.9389        0.4    4196.45    1801.39    5997.84   -3.50566   -143.204
      4700          0    477.905     274.48    47.9187        0.4    4207.65    1804.37    6012.02   -2.97995   -143.867
      4600          0    477.905    274.701    45.8644        0.4    4209.96    1809.27    6019.23   -4.90146   -144.585
      4500          0    477.905     274.92    43.7572        0.4    4210.42     1815.1    6025.52   -5.82043   -145.356
      4400          0    477.905    275.137    41.9682        0.4    4210.63    1819.13    6029.76   -4.03704   -146.172
      4300          0    477.905    275.351    40.3554        0.4    4212.77    1822.98    6035.75   -3.85146   -147.014
      4200          0    477.905    275.564    38.8352        0.4    4215.14    1826.35    6041.48   -3.36382   -147.873
      4100  0.0415039    477.947    275.774    37.3896        0.4    4221.57    1830.42    6051.99   -4.07423   -148.754
      4000  0.0463867    482.102    276.036    35.9194        0.4    4228.39    1833.16    6061.55   -2.73594   -150.419
      3900  0.0708008    486.765    276.366    34.4262        0.4    4237.92    1834.62    6072.54   -1.46642   -152.008
      3800  0.0292969    493.804    276.766    32.8902        0.4    4245.81    1837.94    6083.75   -3.31582   -153.897
      3700  0.0512695    496.755    277.168    30.8292        0.4    4257.77    1841.78    6099.56     -3.843   -154.817
      3600   0.012207    501.843    277.561    27.2442        0.4    4267.26    1846.14    6113.41   -4.36148   -156.235
      3500          0    503.052    277.921    23.0486        0.4    4275.97    1849.07    6125.04   -2.92116   -156.982
      3400          0    503.052    278.211     18.668        0.4    4280.79    1853.28    6134.06   -4.21127    -157.76
      3300          0    503.052    278.453     14.074        0.4    4285.21    1857.38    6142.59   -4.10284   -158.812
      3200          0    503.052    278.665    9.81942        0.4    4288.28    1861.34    6149.62   -3.96487   -160.098
      3100          0    503.052    278.856    6.86957        0.4    4292.86    1865.55    6158.41   -4.20598   -161.524
      3000          0    503.052    279.031    4.38828        0.4    4294.35    1869.98    6164.33   -4.43079   -163.017
      2900          0    503.052    279.192    2.23913        0.4    4295.36    1873.67    6169.04   -3.69226   -164.545
      2800          0    503.052    279.343    0.32461        0.4    4295.96    1877.72    6173.67   -4.04254   -166.084
      2700          0    503.052    279.483   -1.58959        0.4    4303.49     1878.3    6181.79  -0.583372   -167.624
      2600          0    503.052    279.616   -3.83116        0.4    4320.16    1884.02    6204.17   -5.71633   -169.178
      2500          0    503.052    279.743   -6.17101        0.4    4324.41    1885.86    6210.26   -1.84279   -170.755
      2400          0    503.052    279.864   -8.53877        0.4    4326.65    1888.12    6214.77   -2.26386   -172.359
      2300          0    503.052     279.98   -10.9326        0.4    4330.85    1890.95     6221.8   -2.83048   -173.987
      2200          0    503.052    280.093    -13.194        0.4    4341.55    1894.35     6235.9   -3.39339   -175.636
      2100          0    503.052    280.203    -15.054        0.4    4345.09    1897.75    6242.84   -3.40318   -177.287
      2000          0    503.052     280.31   -16.7477        0.4    4348.74    1901.16     6249.9   -3.41037   -178.923
      1900          0    503.052    280.415   -18.3142        0.4    4353.17    1904.04    6257.22   -2.88202   -180.536
      1800          0    503.052    280.518   -19.7821        0.4    4356.58    1906.89    6263.48    -2.8518   -182.124
      1700          0    503.052     280.62   -21.2648        0.4    4358.65    1908.89    6267.54   -1.99332   -183.683
      1600          0    503.052     280.72   -22.9334        0.4    4363.47    1909.32    6272.79  -0.432643   -185.225
      1500          0    503.052    280.819   -24.6544        0.4    4368.68    1911.59    6280.27   -2.27411   -186.757
      1400          0    503.052    280.917   -26.4146        0.4    4373.35    1915.56    6288.91   -3.96703   -188.282
      1300          0    503.052    281.014   -28.1985        0.4    4381.76    1918.84     6300.6   -3.27804   -189.803
      1200          0    503.052     281.11   -29.7175        0.4    4401.92    1921.44    6323.36   -2.59688   -191.317
      1100          0    503.052    281.206   -30.4959        0.4    4418.99    1923.43    6342.42   -1.99563   -192.792
      1000          0    503.052      281.3   -30.9507        0.4    4433.93    1924.97     6358.9   -1.53535   -194.199
       900          0    503.052    281.394    -31.057        0.4     4449.3    1926.71    6376.01    -1.7444   -195.527
       800          0    503.052    281.488   -30.9015        0.4    4465.91    1928.54    6394.46    1.83219   -196.766
       700          0    503.052    281.581   -30.4341        0.4    4480.33    1931.03    6411.35    2.48606    -197.91
       600          0    503.052    281.673   -29.5046        0.4    4504.63    1931.53    6436.16  -0.497786   -198.943
       500          0    503.052    281.764   -28.2951        0.4    4529.43    1932.65    6462.08   -1.12185   -199.855
       400          0    503.052    281.855   -26.7806        0.4    4566.67    1933.52    6500.19   0.872206    -200.64
       300          0    503.052    281.946   -25.0168        0.4    4593.22    1937.74    6530.96   -4.21894   -201.292
       200          0    503.052    282.035    -22.782        0.4     4626.6    1942.48    6569.09   -4.74277   -201.808
       100          0    503.052    282.124   -19.6583        0.4    4645.19    1943.15    6588.34  -0.669063   -202.155
         0          0    503.052    282.213   -16.0518        0.4    4650.81     1961.5    6612.31    18.3453   -202.307