     20000          0          0    179.437     354.04        1.9    78.9895    14.2831    93.2726    14.2831     6.5598
     19900          0          0    179.437     353.13        1.9    151.419    29.7361    181.156    15.4531    6.43382
     19800          0          0    179.437    352.506        1.9    228.894    46.3592    275.253    16.6231    6.30822
     19700          0          0    179.437    352.255        1.9    299.319    60.5222    359.841    14.1631    6.19879
     19600          0          0    179.437     352.29        1.9    351.209    72.5053    423.714    11.9831    6.12087
     19500          0          0    179.437    350.597        1.9    414.692    82.0183     496.71    9.51306    6.05158
     19400          0          0    179.437    347.879        1.9    487.353    94.1014    581.454    12.0831    5.90477
     19300          0          0    179.437    345.374        1.9    558.279    106.214    664.494    12.1131    5.65656
     19200          0          0    179.437    342.873        1.9    620.606    118.358    738.963    12.1431    5.32496
     19100          0          0    179.437     342.02        1.9    681.386    130.011    811.397    11.6531    4.94128
     19000          0          0    179.437    342.156        1.9     741.53    142.474    884.004    12.4631    4.58749
     18900          0          0    179.437    340.553        1.9    800.577    155.747    956.323    13.2731    4.26219
     18800          0          0    179.437    337.986        1.9    870.831     166.28    1037.11    10.5331    3.87637
     18700          0          0    179.437     336.21        1.9    952.601    178.113    1130.71    11.8331    3.41716
     18600          0          0    179.437    334.818        1.9    1047.59    192.576    1240.17    14.4631    2.92873
     18500          0          0    179.437    333.482        1.9    1150.05    201.259    1351.31    8.68306    2.42444
     18400          0          0    179.437    332.205        1.9    1219.19    209.492    1428.69    8.23306     1.9065
     18300          0          0    179.437    329.228        1.9     1275.7    218.075    1493.77    8.58306    1.34924
     18200          0          0    179.437      325.2        1.9     1360.8    226.658    1587.45    8.58306   0.672723
     18100          0          0    179.437    321.768        1.9    1469.79    234.714     1704.5    8.05639  -0.137283
     18000          0          0    179.437    318.559        1.9    1574.09    243.331    1817.42    8.61639   -1.04056
     17900          0          0    179.437     317.64        1.9    1670.99    253.364    1924.35    10.0331   -1.98653
     17800          0          0    179.437    318.134        1.9       1766    264.257    2030.25    10.8931   -2.86227
     17700          0          0    179.437    316.312        1.9    1860.47     274.54    2135.01    10.2831   -3.66765
     17600          0          0    179.437    313.229        1.9    1943.92    288.828    2232.75    14.2881   -4.52282
     17500          0          0    179.437    313.298        1.9    2011.35    302.776    2314.12    13.9481   -5.41147
     17400          0          0    182.115    344.137        1.9    2042.72    312.444    2355.16    9.66738   -7.03503
     17300          0          0    182.934    353.815        1.9    2073.54    322.233    2395.78    9.78928   -7.23612
     17200          0          0     183.39    359.881        1.9    2096.59    335.928    2432.52     13.695   -7.02974
     17100          0          0    183.841    363.835        1.9    2099.91    350.717    2450.63    14.7892   -6.64495
     17000          0          0    184.395    366.328        1.9    2106.32    368.422    2474.74    17.7049   -6.19849
     16900          0          0    185.076    363.157        1.9    2119.69    386.971    2506.66    18.5487   -5.83044
     16800          0          0    185.879     356.08        1.9    2132.94    406.282    2539.22    19.3111   -5.80695
     16700          0          0    186.789    347.713        1.9    2143.96    427.383    2571.34    21.1008   -6.22983
     16600          0          0    187.792    338.163        1.9    2156.83     452.74    2609.57    25.3575   -7.09448
     16500  0.0878906  0.0878906    188.875    339.172        1.9    2164.82    472.218    2637.03    19.4779   -8.23166
     16400   0.268555    9.05762     189.97    347.141        1.9    2171.27    496.216    2667.48    23.9979   -11.0478
     16300   0.200195    35.8447    190.928     351.83        1.9     2187.4    517.804     2705.2    21.5885   -16.9418
     16200          0    55.6641    191.774    354.939        1.9    2208.41    545.475    2753.89    27.6709   -19.7792
     16100          0    55.6641    192.728    346.569        1.9    2225.84    576.485    2802.33    31.0098   -17.6106
     16000          0    55.6641    193.847    330.368        1.9    2233.45    606.342    2839.79    29.8566   -16.5523
     15900          0    55.6641    195.067    322.178        1.9    2236.32    635.127    2871.45    28.7853   -16.5663
     15800  0.0488281    55.7129    196.356    318.816        1.9     2242.4    661.131    2903.53    26.0044   -17.0467
     15700  0.0683594    60.6152     197.66    316.612        1.9    2249.31    686.981    2936.29    25.8496   -18.7956
     15600  0.0756836    67.4585    198.943    315.413        1.9    2257.76    710.797    2968.56    23.8165   -20.8206
     15500  0.0976562    75.0488    200.203    313.439        1.9    2266.26    734.125    3000.38    23.3273   -22.7562
     15400   0.241699    84.9585     201.43    311.044        1.9    2279.66    756.699    3036.36    22.5748   -25.0084
     15300   0.566406    109.453    202.532    310.089        1.9    2301.07    781.484    3082.56    24.7845   -30.1984
     15200   0.849609    166.377     203.27    309.787        1.9    2322.97    806.287    3129.26     24.803    -41.389
     15100    1.15234    251.641    203.441    315.304        1.9    2352.92    831.619    3184.54    25.3319   -55.9389
     15000    1.48438    367.207    202.937    324.709        1.9    2395.58    857.984    3253.57    26.3655   -72.8268
     14900    1.21094    515.371    201.672    331.186        1.9    2447.23     884.96    3332.19    26.9752     -91.43
     14800          0    635.254    199.977    336.528        1.9     2508.7    914.261    3422.96    29.3016   -99.7974
     14700          0    635.254    198.852    327.484        1.9    2563.17    944.404    3507.58    30.1423   -83.7144
     14600          0    635.254     190.06    259.378        1.9    2577.52    990.183     3567.7    45.7795   -71.7923
     14500          0    635.254    187.391    233.231        1.9    2578.84    1042.14    3620.98    51.9565   -67.2268
     14400          0    635.254    187.238    217.278        1.9    2587.15    1096.26    3683.41    54.1164    -65.921
     14300          0    635.254    187.939    203.463        1.9    2597.97    1147.47    3745.44    51.2107     -66.17
     14200          0    635.254    188.912     191.66        1.9    2615.17    1197.11    3812.28     49.641   -67.2223
     14100          0    635.254    189.963    185.486        1.9    2632.56    1245.48    3878.04      48.37   -68.5999
     14000          0    635.254    191.036    182.781        1.9    2658.88    1291.43    3950.31    45.9494    -69.913
     13900          0    635.254    192.115    177.925        1.9    2690.27    1339.88    4030.15    48.4551   -71.0727
     13800          0    635.254      193.2    172.129        1.9    2712.84     1385.2    4098.04    45.3148   -72.2185
     13700          0    635.254    194.283    167.904        1.9    2751.26    1432.26    4183.52    47.0666   -73.3795
     13600          0    635.254    195.361    164.526        1.9     2782.4    1478.11    4260.51    45.8436   -74.5036
     13500          0    635.254    196.435    167.939        1.9     2813.7     1517.5     4331.2    39.3953   -75.4785
     13400          0    635.254    197.504    175.409        1.9    2843.39    1559.04    4402.42    41.5355     -76.01
     13300          0    635.254    198.572    172.285        1.9    2873.84    1597.33    4471.16    38.2878   -76.2135
     13200  0.0012207    635.255    201.989    193.457        1.9    2886.73    1635.25    4521.98    37.9255   -76.3731
     13100   0.112305    635.488    204.153    200.335        1.9    2893.34    1666.96    4560.31    31.7124   -75.5392
     13000          0    646.606     205.85    206.292        1.9    2907.93     1699.6    4607.53    32.6359   -76.6039
     12900   0.185547    646.792    207.211    212.716        1.9    2908.63     1731.1    4639.72    31.4968   -74.7975
     12800   0.205078    665.366    208.183    219.103        1.9    2917.59     1763.8    4681.39    32.6995   -76.8122
     12700  0.0488281    685.718    208.904     221.19        1.9    2921.06    1797.49    4718.55    33.6985   -78.5067
     12600          0    690.552    209.728    220.434        1.9    2936.42    1832.92    4769.33    35.4222    -76.653
     12500          0    690.552    210.711    220.339        1.9    2949.21    1869.19     4818.4    36.2769   -74.3204
     12400          0    690.552    211.811    220.399        1.9    2964.04    1903.48    4867.52    34.2887   -72.5968
     12300          0    690.552    212.989    219.117        1.9    2967.85    1937.28    4905.13    33.7975   -71.3857
     12200   0.200195    690.752    214.221    216.841        1.9    2978.55    1972.36    4950.91    35.0818   -70.7027
     12100   0.429688    711.001    215.358    215.955        1.9     2998.2    2009.45    5007.65    37.0838   -74.5922
     12000   0.678711    754.219    216.188    215.679        1.9    3026.36    2043.36    5069.71    33.9098   -82.5276
     11900    1.04004    822.451    216.553    215.977        1.9    3058.74    2081.36     5140.1    38.0009   -93.8444
     11800    0.34668    925.762    216.277    216.434        1.9    3096.07    2120.12    5216.19    38.7634   -109.445
     11700  0.0927734    960.176    215.903    225.133        1.9    3145.46     2160.8    5306.26    40.6786   -108.248
     11600          0     969.36    203.556    199.577        1.9    3175.92    2214.61    5390.53    53.8085   -101.985
     11500          0     969.36    199.616    181.532        1.9    3198.02    2280.76    5478.77    66.1509   -98.0902
     11400          0     969.36    199.114    157.432        1.9    3208.49     2349.6    5558.09    68.8384   -97.0627
     11300          0     969.36    199.787    146.188        1.9    3212.58    2415.29    5627.86    65.6901    -97.761
     11200          0     969.36    200.842    141.915        1.9     3213.3    2479.29     5692.6    64.0079   -98.9424
     11100          0     969.36    202.008    133.972        1.9    3234.52    2542.19    5776.71     62.892   -100.203
     11000          0     969.36    203.195    124.383        1.9    3264.74    2603.79    5868.53    61.6045   -101.659
     10900          0     969.36     204.38    118.922        1.9    3285.69    2667.01     5952.7    63.2202   -103.252
     10800          0     969.36    205.557    115.729        1.9    3295.05       2727    6022.05    59.9929   -104.774
     10700          0     969.36    206.729    111.574        1.9    3306.13     2786.5    6092.63    59.4964   -106.196
     10600          0     969.36    207.896    107.019        1.9    3321.53     2845.5    6167.03    59.0035   -107.606
     10500          0     969.36    209.062    104.266        1.9    3337.22    2903.94    6241.16    58.4378   -109.009
     10400          0     969.36    210.227    102.541        1.9    3353.57    2959.91    6313.48    55.9727   -110.334
     10300          0     969.36     211.39    101.424        1.9    3363.34    3013.42    6376.77    53.5095   -111.562
     10200          0     969.36    212.549    100.208        1.9    3374.01    3066.57    6440.58    53.1509   -112.693
     10100          0     969.36    213.703    97.9472        1.9    3400.87    3116.57    6517.44    49.9968   -113.787
     10000          0     969.36    214.855    95.3441        1.9    3421.23    3165.72    6586.95    49.1453   -114.894
      9900          0     969.36    216.004    92.5579        1.9    3430.81    3214.01    6644.82    48.2962   -116.033
      9800          0     969.36     217.14    89.6319        1.9    3441.55    3260.62    6702.16    46.6042   -117.212
      9700          0     969.36    218.261    86.5949        1.9    3445.21    3305.54    6750.76    44.9269   -118.437
      9600          0     969.36    219.373    83.4692        1.9    3448.32     3348.8    6797.13    43.2582   -119.711
      9500          0     969.36    220.479    80.2689        1.9    3455.86     3390.4    6846.26    41.5963   -121.036
      9400          0     969.36    221.571    77.8596        1.9    3480.27    3434.03     6914.3     43.629   -122.397
      9300          0     969.36    222.645    75.9043        1.9    3503.92    3475.18     6979.1     41.155   -123.751
      9200          0     969.36    223.695    74.2087        1.9    3526.55    3515.19    7041.73    40.0052    -125.08
      9100          0     969.36    224.728    72.6925        1.9    3541.11    3552.46    7093.57     37.272    -126.38
      9000          0     969.36    225.752    71.3187        1.9    3553.54    3586.01    7139.54     33.548   -127.646
      8900          0     969.36     226.77    70.0793        1.9    3576.63    3619.89    7196.51    33.8801   -128.876
      8800          0     969.36    227.775    68.9479        1.9    3588.16    3652.64     7240.8    32.7503   -130.069
      8700          0     969.36    228.758    67.9084        1.9    3592.14    3684.28    7276.41    31.6416   -131.222
      8600  0.0012207    969.362    229.714    66.9523        1.9    3593.42    3715.12    7308.54     30.836   -132.336
      8500          0    969.482    230.647    66.0666        1.9    3598.26    3745.17    7343.42    30.0526   -133.433
      8400          0    969.482    231.568    65.6949        1.9    3599.53     3774.9    7374.43    29.7319   -134.454
      8300          0    969.482    232.482     65.652        1.9    3612.14    3800.72    7412.86    25.8182   -135.407
      8200          0    969.482    233.388    65.8373        1.9    3620.24    3826.21    7446.45    25.4872   -136.283
      8100          0    969.482    234.276    66.2226        1.9    3631.36    3851.38    7482.74    25.1736   -137.078
      8000          0    969.482    235.143    66.7733        1.9    3634.44    3875.96     7510.4    24.5821   -137.786
      7900          0    969.482    235.982    67.5411        1.9    3646.62    3899.98     7546.6    24.0175   -138.406
      7800          0    969.482    236.802    68.4822        1.9    3656.43    3922.88     7579.3    22.8985   -138.934
      7700          0    969.482    237.606    69.5826        1.9    3663.91    3945.67    7609.58    22.7937   -139.369
      7600          0    969.482      238.4    70.8505        1.9    3673.44    3967.37    7640.81    21.6995   -139.709
      7500          0    969.482    239.186    72.2555        1.9    3688.24    3988.01    7676.25    20.6385   -139.954
      7400          0    969.482    239.961    72.7082        1.9    3706.25     4007.6    7713.84    19.5892   -140.123
      7300          0    969.482    240.715    72.6295        1.9    3725.56    4028.16    7753.71    20.5595   -140.271
      7200          0    969.482     241.45    72.2682        1.9    3748.49    4049.71     7798.2    21.5505   -140.419
      7100          0    969.482    242.158    71.7158        1.9    3772.08    4069.85    7841.93    20.1419   -140.575
      7000          0    969.482    242.845    71.0222        1.9    3787.95    4084.61    7872.56    14.7553   -140.746
      6900          0    969.482    243.516    70.2311        1.9    3803.78    4099.19    7902.97     14.584   -140.935
      6800          0    969.482    244.176    69.3627        1.9    3817.76    4117.91    7935.67    18.7235   -141.143
      6700          0    969.482    244.829    68.4427        1.9    3831.25    4135.18    7966.43    17.2711   -141.372
      6600          0    969.482    245.475       67.5        1.9     3845.4    4149.11    7994.51     13.925   -141.619
      6500          0    969.482    246.115    66.5258        1.9    3856.62    4164.09    8020.72    14.9853   -141.885
      6400          0    969.482    246.742    65.8409        1.9    3867.23    4178.55    8045.78    14.4581   -142.164
      6300          0    969.482    247.354    65.3234        1.9    3878.59    4194.15    8072.74    15.5956    -142.44
      6200          0    969.482    247.953    64.9091        1.9    3897.87    4209.99    8107.86    15.8469   -142.705
      6100          0    969.482    248.534    64.5881        1.9    3917.93    4226.11    8144.04    16.1157   -142.956
      6000          0    969.482    249.097    64.3314        1.9    3927.01    4242.51    8169.52    16.4032   -143.191
      5900          0    969.482    249.644    64.1256        1.9    3937.93    4256.57     8194.5    14.0561   -143.409
      5800          0    969.482    250.179    63.9608        1.9       3955    4271.89    8226.89    15.3211   -143.611
      5700          0    969.482    250.704    63.8303        1.9    3962.22    4287.09     8249.3    15.1961   -143.797
      5600          0    969.482    251.221    63.7297        1.9    3967.63    4302.02    8269.64    14.9293   -143.967
      5500          0    969.482    251.731    63.6552        1.9    3982.88    4316.69    8299.57    14.6693   -144.122
      5400          0    969.482    252.235     62.866        1.9     3997.4    4330.88    8328.27    14.1903   -144.277
      5300          0    969.482    252.732    61.6479        1.9    4004.27    4344.59    8348.86     13.718   -144.468
      5200          0    969.482    253.217    60.1901        1.9    4023.37    4361.18    8384.55    16.5829   -144.711
      5100          0    969.482    253.688    58.5769        1.9    4029.38    4376.69    8406.07    15.5123   -145.012
      5000          0    969.482    254.144    56.8258        1.9    4029.74    4391.14    8420.89    14.4557   -145.372
      4900          0    969.482    254.586    54.9901        1.9    4031.64    4406.56    8438.19    15.4136   -145.791
      4800          0    969.482    255.013    53.0737        1.9    4033.84     4422.3    8456.14    15.7374   -146.267
      4700          0    969.482    255.422    51.0957        1.9    4041.87    4438.37    8480.24    16.0775   -146.801
      4600          0    969.482    255.818    49.0863        1.9    4042.79    4452.36    8495.14    13.9821    -147.39
      4500          0    969.482    256.202    47.0257        1.9    4045.59    4465.25    8510.84    12.8976   -148.033
      4400 0.00732422     969.49    256.578     45.295        1.9    4049.12    4479.77    8528.89    14.5216   -148.723
      4300          0    970.215    256.939    43.7353        1.9    4050.36    4494.34     8544.7    14.5613   -149.576
      4200  0.0463867    970.261    257.292    42.2782        1.9    4056.17    4509.24    8565.42    14.9085   -150.286
      4100   0.112305    974.966    257.589    40.8402        1.9    4066.06    4523.36    8589.42    14.1112   -151.904
      4000   0.117188    986.201    257.738    39.3303        1.9    4076.29    4538.92    8615.21    15.5623    -154.56
      3900   0.151367    997.954    257.751    37.7993        1.9    4089.19    4556.07    8645.25    17.1487   -156.874
      3800  0.0927734    1013.03    257.651    36.2357        1.9    4100.43    4571.87     8672.3     15.799   -159.468
      3700    0.12207    1022.34    257.532    34.1595        1.9    4115.72    4587.66    8703.38    15.7935   -160.597
      3600  0.0683594    1034.49    257.411    30.5408        1.9    4128.51    4603.45    8731.95    15.7888   -162.303
      3500  0.0488281    1041.31    257.322     26.314        1.9    4140.48    4621.13    8761.61    17.6775   -163.001
      3400          0    1046.14    257.312    21.9065        1.9    4148.53    4637.81    8786.35    16.6879   -163.606
      3300          0    1046.14     257.41    17.3413        1.9    4149.69    4654.75    8804.44    16.9401   -163.636
      3200          0    1046.14      257.6    13.1567        1.9    4149.96    4671.85    8821.81    17.1004   -164.147
      3100          0    1046.14    257.834    10.3039        1.9    4151.11    4688.67    8839.78    16.8161   -164.977
      3000          0    1046.14    258.093    7.92742        1.9    4153.15    4705.18    8858.32    16.5072   -166.003
      2900          0    1046.14    258.367    5.88602        1.9    4155.79    4722.31     8878.1    17.1332   -167.156
      2800          0    1046.14    258.651    4.07801        1.9    4158.95    4738.96     8897.9    16.6489   -168.391
      2700          0    1046.14    258.943    2.26084        1.9    4162.63    4758.92    8921.55    19.9573   -169.676
      2600          0    1046.14     259.24   0.102437        1.9    4175.36    4773.58    8948.94    14.6603   -171.012
      2500          0    1046.14    259.541   -2.16402        1.9    4175.61    4791.94    8967.54    18.3593   -172.402
      2400          0    1046.14    259.844   -4.46569        1.9    4177.43    4809.69    8987.13    17.7555   -173.839
      2300          0    1046.14     260.15    -6.7999        1.9     4177.5    4826.69    9004.19    16.9997   -175.316
      2200          0    1046.14    260.457   -9.00118        1.9    4184.01    4842.93    9026.94    16.2426   -176.828
      2100          0    1046.14    260.765   -10.7963        1.9    4184.73    4858.97     9043.7    16.0347   -178.351
      2000          0    1046.14    261.073   -12.4234        1.9     4185.4     4874.8     9060.2    15.8269   -179.867
      1900          0    1046.14    261.379   -13.9215        1.9    4185.45    4890.95     9076.4    16.1539   -181.365
      1800          0    1046.14    261.682   -15.3194        1.9     4186.5    4906.93    9093.43    15.9843   -182.841
      1700          0    1046.14    261.978   -16.7333        1.9    4188.96    4923.58    9112.55    16.6482   -184.291
      1600          0    1046.14    262.265   -18.3365        1.9    4189.18     4941.6    9130.79    18.0224   -185.726
      1500          0    1046.14    262.542    -19.993        1.9    4189.73    4957.61    9147.34    16.0032   -187.152
      1400          0    1046.14    262.809   -21.6896        1.9    4189.79    4971.75    9161.54    14.1407   -188.574
      1300          0    1046.14    263.069   -23.4104        1.9    4193.41    4986.42    9179.83    14.6673   -189.992
      1200          0    1046.14    263.321   -24.8575        1.9    4208.71    5001.61    9210.32    15.1923   -191.406
      1100          0    1046.14    263.567   -25.5493        1.9    4220.83    5017.25    9238.08    15.6429    -192.78
      1000          0    1046.14    263.808   -25.9092        1.9    4230.74    5033.21    9263.94    15.9573   -194.088
       900          0    1046.14    264.044    -25.911        1.9    4240.95    5048.81    9289.77    15.6065   -195.316
       800          0    1046.14    264.275   -25.6446        1.9    4252.31    5067.86    9320.17    19.0449   -196.455
       700          0    1046.14    264.503   -25.0581        1.9    4261.35    5087.42    9348.77    19.5636   -197.499
       600          0    1046.14    264.728   -24.0001        1.9    4280.15    5103.87    9384.02    16.4472   -198.432
       500          0    1046.14    264.949    -22.656        1.9    4299.31    5119.56    9418.88     15.693   -199.242
       400          0    1046.14    265.168   -21.0003        1.9    4330.77    5137.12    9467.89    17.5591   -199.925
       300          0    1046.14    265.385    -19.091        1.9    4351.39    5149.46    9500.86    12.3419   -200.474
       200          0    1046.14    265.599   -16.6991        1.9    4378.69    5161.16    9539.85    11.6939   -200.886
       100          0    1046.14     265.81   -13.4025        1.9    4391.02     5176.8    9567.82     15.645   -201.128
         0  0.0292969    1046.17     266.02   -9.61333        1.9    4391.83    5211.34    9603.18    34.5383   -201.179