     20000          0          0    179.437     354.04        1.4    78.9895    14.2831    93.2726    14.2831     6.5598
     19900          0          0    179.437     353.13        1.4    151.419    29.7361    181.156    15.4531    6.43382
     19800          0          0    179.437    352.506        1.4    228.894    46.3592    275.253    16.6231    6.30822
     19700          0          0    179.437    352.255        1.4    299.319    60.5222    359.841    14.1631    6.19879
     19600          0          0    179.437     352.29        1.4    351.209    72.5053    423.714    11.9831    6.12087
     19500          0          0    179.437    350.597        1.4    414.692    82.0183     496.71    9.51306    6.05158
     19400          0          0    179.437    347.879        1.4    487.353    94.1014    581.454    12.0831    5.90477
     19300          0          0    179.437    345.374        1.4    558.279    106.214    664.494    12.1131    5.65656
     19200          0          0    179.437    342.873        1.4    620.606    118.358    738.963    12.1431    5.32496
     19100          0          0    179.437     342.02        1.4    681.386    130.011    811.397    11.6531    4.94128
     19000          0          0    179.437    342.156        1.4     741.53    142.474    884.004    12.4631    4.58749
     18900          0          0    179.437    340.553        1.4    800.577    155.747    956.323    13.2731    4.26219
     18800          0          0    179.437    337.986        1.4    870.831     166.28    1037.11    10.5331    3.87637
     18700          0          0    179.437     336.21        1.4    952.601    178.113    1130.71    11.8331    3.41716
     18600          0          0    179.437    334.818        1.4    1047.59    192.576    1240.17    14.4631    2.92873
     18500          0          0    179.437    333.482        1.4    1150.05    201.259    1351.31    8.68306    2.42444
     18400          0          0    179.437    332.205        1.4    1219.19    209.492    1428.69    8.23306     1.9065
     18300          0          0    179.437    329.228        1.4     1275.7    218.075    1493.77    8.58306    1.34924
     18200          0          0    179.437      325.2        1.4     1360.8    226.658    1587.45    8.58306   0.672723
     18100          0          0    179.437    321.768        1.4    1469.79    234.714     1704.5    8.05639  -0.137283
     18000          0          0    179.437    318.559        1.4    1574.09    243.331    1817.42    8.61639   -1.04056
     17900          0          0    179.437     317.64        1.4    1670.99    253.364    1924.35    10.0331   -1.98653
     17800          0          0    179.437    318.134        1.4       1766    264.257    2030.25    10.8931   -2.86227
     17700          0          0    179.437    316.312        1.4    1860.47     274.54    2135.01    10.2831   -3.66765
     17600          0          0    179.437    313.229        1.4    1943.92    288.828    2232.75    14.2881   -4.52282
     17500          0          0    179.437    313.298        1.4    2011.35    302.776    2314.12    13.9481   -5.41147
     17400          0          0    182.115    344.137        1.4    2042.72    312.444    2355.16    9.66738   -7.03503
     17300          0          0    182.934    353.815        1.4    2073.54    322.233    2395.78    9.78928   -7.23612
     17200          0          0     183.39    359.881        1.4    2096.59    335.928    2432.52     13.695   -7.02974
     17100          0          0    183.841    363.835        1.4    2099.91    350.717    2450.63    14.7892   -6.64495
     17000          0          0    184.395    366.328        1.4    2106.32    368.422    2474.74    17.7049   -6.19849
     16900          0          0    185.076    363.157        1.4    2119.69    386.971    2506.66    18.5487   -5.83044
     16800          0          0    185.879     356.08        1.4    2132.94    406.282    2539.22    19.3111   -5.80695
     16700          0          0    186.789    347.713        1.4    2143.96    427.383    2571.34    21.1008   -6.22983
     16600          0          0    187.792    338.163        1.4    2156.83     452.74    2609.57    25.3575   -7.09448
     16500  0.0732422  0.0732422    188.875    339.172        1.4    2164.82    472.218    2637.03    19.4779    -8.2279
     16400   0.224609    7.54883    190.013    347.148        1.4    2171.27    496.172    2667.45    23.9541   -10.7058
     16300   0.170898    29.9561    191.164    351.853        1.4    2187.43    517.524    2704.95    21.3516   -15.7015
     16200          0     46.875    192.326    354.948        1.4    2208.45    544.643     2753.1    27.1192   -18.1897
     16100          0     46.875    193.542    346.534        1.4    2225.85    574.838    2800.69    30.1956   -16.3913
     16000          0     46.875    194.822    330.284        1.4    2233.37    603.719    2837.09    28.8811   -15.6167
     15900          0     46.875    196.147    322.038        1.4     2236.1    631.425    2867.52    27.7051   -15.8409
     15800  0.0390625    46.9141    197.506    318.624        1.4    2241.98    656.278    2898.26    24.8539   -16.4735
     15700  0.0537109     50.835    198.883     316.38        1.4    2248.66    680.905    2929.57    24.6268    -18.118
     15600  0.0610352    56.2134    200.267    315.147        1.4    2256.85    703.399    2960.25    22.4934   -19.9515
     15500   0.078125     62.334    201.653    313.143        1.4    2265.05    725.276    2990.33    21.8771   -21.7377
     15400   0.197754    70.2661    203.038     310.72        1.4    2278.13    746.243    3024.38    20.9668   -23.7624
     15300   0.454102    90.2979    204.398    309.743        1.4     2299.2    769.161    3068.36    22.9183   -28.2414
     15200   0.644531    135.898    205.677     309.45        1.4    2320.76    791.557    3112.31    22.3962   -37.4562
     15100   0.830078    200.537    206.832    315.004        1.4    2350.41    813.498    3163.91    21.9412   -48.6591
     15000     1.0083    283.723    207.847    324.489        1.4    2392.85    834.954     3227.8    21.4554   -60.8346
     14900   0.859375    384.404    208.713    331.138        1.4    2444.45    854.887    3299.33    19.9337   -73.2725
     14800          0    469.482    209.485    336.486        1.4    2505.87    874.681    3380.56    19.7939    -79.411
     14700          0    469.482    210.316    327.263        1.4    2560.13     893.36    3453.49    18.6784   -67.3363
     14600          0    469.482    202.585    258.907        1.4       2574    926.614    3500.62    33.2548   -58.6998
     14500          0    469.482     200.27    232.452        1.4     2576.1    965.692    3541.79    39.0773   -56.5327
     14400          0    469.482    200.349    216.239        1.4    2585.46     1006.7    3592.15     41.005   -57.0171
     14300          0    469.482    201.255    202.242        1.4     2597.5    1044.59    3642.09    37.8952   -58.6032
     14200          0    469.482    202.399    190.297        1.4    2616.06    1080.75    3696.81    36.1538   -60.6513
     14100          0    469.482    203.587    183.949        1.4    2634.99    1115.49    3750.48    34.7463   -62.7689
     14000          0    469.482    204.774     181.08        1.4    2663.01     1147.7    3810.71    32.2115   -64.6316
     13900          0    469.482    205.944    176.152        1.4    2696.17    1182.33     3878.5    34.6261   -66.2004
     13800          0    469.482     207.09    170.324        1.4    2720.54    1213.75     3934.3    31.4247    -67.654
     13700          0    469.482    208.209    166.072        1.4    2760.79     1246.9    4007.69    33.1408   -69.0469
     13600          0    469.482      209.3    162.688        1.4    2793.77     1278.8    4072.57    31.9048   -70.3461
     13500          0    469.482    210.364    165.976        1.4    2827.04    1304.27     4131.3    25.4657   -71.4528
     13400          0    469.482    211.406    173.286        1.4    2858.85     1331.9    4190.75    27.6344   -72.0832
     13300          0    469.482    212.429    170.239        1.4    2891.34    1356.33    4247.67    24.4312   -72.3615
     13200          0    469.482    215.931    191.237        1.4    2906.45    1380.31    4286.77    23.9836   -72.6519
     13100  0.0537109    469.536    218.157    197.966        1.4    2915.44    1398.02    4313.46    17.7079   -71.9144
     13000          0    474.854    219.958    203.873        1.4    2932.44    1416.55    4348.99     18.528   -71.9168
     12900   0.117188    474.971    221.417    210.208        1.4    2934.25    1433.84    4368.09    17.2901   -70.4477
     12800   0.134277    486.707    222.528    216.538        1.4    2940.65     1452.2    4392.84    18.3542   -71.3609
     12700 0.00244141    500.002    223.502    218.663        1.4    2941.58     1471.3    4412.88    19.1008   -72.1573
     12600          0    500.244    224.581    217.956        1.4    2959.42    1491.86    4451.29    20.5686   -70.0654
     12500          0    500.244    225.734    217.838        1.4    2974.71    1513.12    4487.83    21.2537   -68.4846
     12400          0    500.244    226.932    217.851        1.4    2992.09    1532.29    4524.38    19.1676   -67.3462
     12300          0    500.244    228.167    216.537        1.4    2998.49     1550.9    4549.39    18.6191   -66.5902
     12200   0.126953    500.371    229.434    214.234        1.4    3006.58    1570.77    4577.35    19.8686   -66.2467
     12100   0.314941    513.254    230.704    213.345        1.4    3023.62    1592.51    4616.13    21.7385   -68.9159
     12000   0.500488    544.934    231.921    213.112        1.4    3049.21    1610.69     4659.9    18.1763   -75.1171
     11900   0.742188    595.225    233.042    213.475        1.4    3079.09     1632.2    4711.29    21.5116   -83.9248
     11800   0.239258     668.94    234.027    214.058        1.4    3114.05    1653.21    4767.26     21.013   -95.5558
     11700  0.0463867    692.673    235.001     222.55        1.4    3160.85    1674.79    4835.64    21.5807    -94.672
     11600          0    697.266    222.998    196.904        1.4    3188.63    1709.16    4897.79    34.3658    -89.784
     11500          0    697.266    219.016    179.121        1.4    3208.32    1755.91    4964.23    46.7503   -87.6699
     11400          0    697.266    218.499    155.397        1.4    3216.76    1805.36    5022.12    49.4526   -87.9451
     11300          0    697.266    219.219    144.231        1.4    3218.89    1851.62    5070.51    46.2583    -89.596
     11200          0    697.266    220.328    139.994        1.4    3221.53    1896.14    5117.68     44.522   -91.4763
     11100          0    697.266    221.529    132.218        1.4    3244.51    1939.51    5184.03     43.371   -93.2569
     11000          0    697.266    222.733    122.806        1.4    3276.31    1981.58    5257.89    42.0672    -95.103
     10900          0    697.266    223.925    117.416        1.4    3298.76    2025.26    5324.02    43.6752   -96.9908
     10800          0    697.266    225.098    114.272        1.4    3309.57    2065.71    5375.28    40.4524   -98.7352
     10700          0    697.266    226.247    110.202        1.4    3322.03    2105.69    5427.71    39.9777   -100.329
     10600          0    697.266    227.375    105.733        1.4    3338.71    2145.21    5483.92    39.5249   -101.875
     10500          0    697.266    228.483     103.02        1.4    3355.65    2184.23    5539.88    39.0165   -103.386
     10400          0    697.266    229.575    101.324        1.4    3373.22    2220.85    5594.07    36.6248   -104.801
     10300          0    697.266    230.648    100.224        1.4    3384.19     2255.1     5639.3    34.2518   -106.106
     10200          0    697.266    231.697     99.037        1.4    3396.03    2289.11    5685.14    34.0031   -107.303
     10100          0    697.266    232.721    96.8273        1.4    3424.01    2320.09     5744.1    30.9792   -108.454
     10000          0    697.266    233.724    94.2885        1.4    3445.43    2350.36    5795.79     30.276   -109.613
      9900          0    697.266    234.709     91.576        1.4    3455.99    2379.95    5835.94    29.5914   -110.801
      9800          0    697.266     235.67    88.7294        1.4    3467.63    2408.03    5875.66    28.0735   -112.028
      9700          0    697.266    236.607    85.7761        1.4    3472.11    2434.61    5906.72    26.5805   -113.301
      9600          0    697.266    237.525    82.7366        1.4    3475.96    2459.71    5935.67    25.1063   -114.622
      9500          0    697.266     238.43    79.6232        1.4    3484.14    2483.36     5967.5    23.6453   -115.994
      9400          0    697.266    239.315    77.2785        1.4    3509.13    2509.24    6018.37    25.8847     -117.4
      9300          0    697.266    240.177    75.3791        1.4     3533.3    2532.87    6066.17    23.6226   -118.798
      9200          0    697.266    241.022     73.728        1.4    3556.41    2555.55    6111.96    22.6785   -120.174
      9100          0    697.266    241.851    72.2483        1.4    3571.42    2575.69    6147.12    20.1486   -121.521
      9000          0    697.266     242.67    70.9053        1.4    3584.26    2592.32    6176.58    16.6301   -122.835
      8900          0    697.266    243.477    69.6926        1.4    3607.74     2609.5    6217.23    17.1729   -124.114
      8800          0    697.266    244.265    68.5849        1.4    3619.63    2625.76    6245.39    16.2601   -125.357
      8700          0    697.266    245.032    67.5651        1.4    3623.95    2641.12    6265.07    15.3678   -126.563
      8600          0    697.266     245.78    66.6235        1.4    3624.91    2655.89     6280.8    14.7695    -127.73
      8500          0    697.266    246.504    65.7522        1.4    3630.06    2670.09    6300.15    14.1957   -128.858
      8400          0    697.266    247.206    65.3836        1.4    3631.64    2684.18    6315.83    14.0936   -129.939
      8300          0    697.266    247.893    65.3394        1.4    3644.56    2694.59    6339.15    10.4069    -130.95
      8200          0    697.266    248.568    65.5185        1.4    3652.99     2704.9    6357.88    10.3065   -131.884
      8100          0    697.266    249.235     65.891        1.4    3664.43    2715.11    6379.55    10.2148   -132.736
      8000          0    697.266    249.895    66.4219        1.4    3667.87    2724.94    6392.81    9.82993   -133.503
      7900          0    697.266    250.547    67.1611        1.4    3680.43    2734.39    6414.82    9.45264   -134.185
      7800          0    697.266    251.186    68.0695        1.4    3690.65    2742.91    6433.55    8.51404   -134.775
      7700          0    697.266     251.81    69.1344        1.4    3698.58     2751.5    6450.08    8.59039   -135.274
      7600          0    697.266     252.42     70.365        1.4    3708.59    2759.18    6467.77    7.68021   -135.679
      7500          0    697.266    253.013    71.7333        1.4    3723.92    2765.99    6489.91    6.81226   -135.987
      7400          0    697.266    253.587    72.1704        1.4    3742.46    2771.95    6514.41     5.9633   -136.218
      7300          0    697.266    254.145    72.0808        1.4    3762.32    2779.08     6541.4    7.13023   -136.428
      7200          0    697.266     254.69    71.7126        1.4    3785.81    2787.39     6573.2    8.30972   -136.638
      7100          0    697.266    255.226    71.1534        1.4    3809.96    2794.47    6604.43    7.07442   -136.859
      7000          0    697.266    255.752    70.4523        1.4     3826.4    2796.32    6622.72    1.84759   -137.096
      6900          0    697.266    256.272     69.653        1.4    3842.81    2798.14    6640.95    1.82791   -137.351
      6800          0    697.266    256.786    68.7758        1.4    3857.38    2804.26    6661.63    6.11431   -137.626
      6700          0    697.266    257.293    67.8466        1.4    3871.46    2809.07    6680.53    4.80744   -137.921
      6600          0    697.266    257.788    66.8955        1.4    3886.21    2810.68    6696.89    1.61246   -138.235
      6500          0    697.266    258.268    65.9142        1.4    3898.05    2813.51    6711.56    2.83216   -138.569
      6400          0    697.266    258.734    65.2163        1.4    3909.28    2815.98    6725.26    2.46619   -138.915
      6300          0    697.266    259.185    64.6833        1.4    3921.28    2819.74    6741.02    3.76466   -139.257
      6200          0    697.266    259.621    64.2512        1.4    3941.22    2823.92    6765.14    4.17913   -139.588
      6100          0    697.266     260.04    63.9098        1.4    3961.95    2828.53    6790.48    4.61027   -139.906
      6000          0    697.266    260.444    63.6299        1.4    3971.74    2833.59    6805.33    5.05643   -140.207
      5900          0    697.266    260.836    63.3986        1.4    3983.39    2836.45    6819.84     2.8642   -140.493
      5800          0    697.266    261.219    63.2063        1.4    4001.21    2840.73    6841.94    4.28089   -140.762
      5700          0    697.266    261.595    63.0467        1.4    4009.21    2845.04    6854.25    4.30479   -141.016
      5600          0    697.266    261.965    62.9156        1.4    4015.44    2849.22    6864.66    4.18469   -141.255
      5500          0    697.266     262.33    62.8095        1.4    4031.54    2853.29    6884.83    4.06971   -141.478
      5400          0    697.266    262.691     61.999        1.4    4046.92    2857.03    6903.94    3.73415     -141.7
      5300          0    697.266    263.048    60.7624        1.4    4054.68    2860.43     6915.1    3.40246   -141.959
      5200          0    697.266    263.401    59.2871        1.4    4074.68    2866.83    6941.51    6.39917    -142.27
      5100          0    697.266    263.752    57.6557        1.4    4081.61    2872.28    6953.88    5.44825   -142.638
      5000          0    697.266    264.101    55.8852        1.4    4082.18    2876.77    6958.96    4.49912   -143.065
      4900          0    697.266    264.446    54.0281        1.4    4083.11    2882.33    6965.44    5.55426   -143.551
      4800          0    697.266    264.785    52.0884        1.4    4086.31    2888.29     6974.6    5.96549   -144.096
      4700          0    697.266    265.117    50.0849        1.4    4095.34    2894.68    6990.02    6.38299   -144.699
      4600          0    697.266    265.443    48.0479        1.4    4095.47    2899.03     6994.5    4.35653   -145.357
      4500          0    697.266    265.763    45.9589        1.4     4097.2    2902.37    6999.57    3.33735   -146.069
      4400          0    697.266    266.073    44.1943        1.4    4099.63     2907.4    7007.03    5.02707   -146.826
      4300          0    697.266    266.373    42.6093        1.4    4099.75    2912.53    7012.28    5.12679   -147.608
      4200  0.0244141     697.29    266.663    41.1207        1.4    4104.41    2918.06    7022.47    5.53743   -148.412
      4100  0.0830078     699.79    266.931    39.6743        1.4    4113.13    2922.83    7035.96      4.769   -149.699
      4000  0.0878906    708.096    267.154    38.1696        1.4     4122.2    2928.98    7051.18    6.14591   -151.982
      3900   0.117188    716.914    267.333    36.6386        1.4    4133.93    2936.54    7070.48    7.56745   -154.027
      3800  0.0634766    728.579    267.473    35.0696        1.4    4144.01    2942.52    7086.53    5.97745   -156.342
      3700  0.0927734    734.956    267.603    32.9873        1.4    4158.13    2948.24    7106.37    5.72171   -157.355
      3600  0.0439453    744.185     267.73    29.3695        1.4    4169.74    2953.71    7123.46    5.47017    -158.98
      3500  0.0268555    748.562    267.863    25.1433        1.4    4180.55    2960.85     7141.4    7.13738   -159.707
      3400          0    751.221    268.017     20.736        1.4    4187.43    2966.83    7154.26    5.98271   -160.381
      3300          0    751.221    268.197    16.1488        1.4    4189.78    2972.99    7162.76    6.15333   -160.867
      3200          0    751.221    268.395    11.9253        1.4    4190.74    2979.29    7170.03    6.30502   -161.725
      3100          0    751.221    268.602    9.02096        1.4    4193.17    2985.34    7178.51    6.04781   -162.824
      3000          0    751.221    268.814    6.58955        1.4    4193.87    2991.13       7185     5.7863   -164.062
      2900          0    751.221    269.027    4.49178        1.4    4195.12     2997.6    7192.72    6.47278   -165.387
      2800          0    751.221    269.242    2.62791        1.4    4196.83    3003.66    7200.48    6.05849   -166.763
      2700          0    751.221    269.456   0.759623        1.4    4202.01     3013.1    7215.12    9.44419   -168.169
      2600          0    751.221     269.67   -1.44296        1.4    4216.29    3017.33    7233.62    4.23036   -169.609
      2500          0    751.221    269.883    -3.7487        1.4    4218.12    3025.35    7243.47    8.01732    -171.09
      2400          0    751.221    270.095   -6.08599        1.4    4218.32    3032.86    7251.18     7.5053   -172.609
      2300          0    751.221    270.306   -8.45255        1.4    4220.04     3039.7    7259.74    6.84445   -174.162
      2200          0    751.221    270.515   -10.6865        1.4    4228.24    3045.88    7274.12    6.18488   -175.743
      2100          0    751.221    270.723   -12.5167        1.4    4229.24    3051.96     7281.2    6.07665   -177.332
      2000          0    751.221     270.93   -14.1798        1.4    4230.32    3057.93    7288.25    5.96981   -178.909
      1900          0    751.221    271.136   -15.7149        1.4    4232.16    3064.33    7296.48    6.39773   -180.468
      1800          0    751.221     271.34   -17.1509        1.4    4232.93    3070.66    7303.59    6.32713   -182.002
      1700          0    751.221    271.541   -18.6024        1.4    4233.53    3077.74    7311.27    7.08583   -183.511
      1600          0    751.221    271.737   -20.2417        1.4    4235.66    3086.29    7321.95    8.55011   -185.003
      1500          0    751.221    271.928   -21.9337        1.4    4238.14    3092.91    7331.05    6.61664   -186.487
      1400          0    751.221    272.114   -23.6652        1.4    4240.07    3097.74    7337.81    4.83623   -187.965
      1300          0    751.221    272.294   -25.4205        1.4     4245.7    3103.19    7348.89    5.44209   -189.438
      1200          0    751.221    272.469   -26.9066        1.4    4263.05    3109.23    7372.28    6.04421   -190.907
      1100          0    751.221     272.64   -27.6445        1.4    4277.26     3115.8    7393.06    6.57029   -192.336
      1000          0    751.221    272.806   -28.0546        1.4    4289.31    3122.76    7412.08     6.9594   -193.697
       900          0    751.221    272.967   -28.1111        1.4    4301.73    3129.44    7431.17    6.68337    -194.98
       800          0    751.221    273.123    -27.902        1.4    4315.35    3139.64    7454.99    10.1973   -196.173
       700          0    751.221    273.273   -27.3765        1.4     4326.7    3150.44    7477.14    10.7936    -197.27
       600          0    751.221    273.417   -26.3833        1.4    4347.89    3158.19    7506.08    7.75779   -198.256
       500          0    751.221    273.555   -25.1062        1.4     4369.5    3165.28    7534.78    7.08722    -199.12
       400          0    751.221    273.688   -23.5201        1.4    4403.47    3174.32    7577.79    9.03968   -199.856
       300          0    751.221    273.815   -21.6818        1.4    4426.69    3178.23    7604.92    3.91138   -200.458
       200          0    751.221    273.938    -19.366        1.4    4456.66    3181.59    7638.24    3.35449   -200.924
       100          0    751.221    274.056   -16.1527        1.4    4471.74    3188.98    7660.72    7.39886   -201.219
         0          0    751.221    274.171   -12.4511        1.4    4473.76    3215.37    7689.13    26.3871    -201.32