      20000           0           0     179.437      354.04         0.8     78.9895     14.2831     93.2726     14.2831      6.5598
      19900           0           0     179.437      353.13         0.8     151.419     29.7361     181.156     15.4531     6.43382
      19800           0           0     179.437     352.506         0.8     228.894     46.3592     275.253     16.6231     6.30822
      19700           0           0     179.437     352.255         0.8     299.319     60.5222     359.841     14.1631     6.19879
      19600           0           0     179.437      352.29         0.8     351.209     72.5053     423.714     11.9831     6.12087
      19500           0           0     179.437     350.597         0.8     414.692     82.0183      496.71     9.51306     6.05158
      19400           0           0     179.437     347.879         0.8     487.353     94.1014     581.454     12.0831     5.90477
      19300           0           0     179.437     345.374         0.8     558.279     106.214     664.494     12.1131     5.65656
      19200           0           0     179.437     342.873         0.8     620.606     118.358     738.963     12.1431     5.32496
      19100           0           0     179.437      342.02         0.8     681.386     130.011     811.397     11.6531     4.94128
      19000           0           0     179.437     342.156         0.8      741.53     142.474     884.004     12.4631     4.58749
      18900           0           0     179.437     340.553         0.8     800.577     155.747     956.323     13.2731     4.26219
      18800           0           0     179.437     337.986         0.8     870.831      166.28     1037.11     10.5331     3.87637
      18700           0           0     179.437      336.21         0.8     952.601     178.113     1130.71     11.8331     3.41716
      18600           0           0     179.437     334.818         0.8     1047.59     192.576     1240.17     14.4631     2.92873
      18500           0           0     179.437     333.482         0.8     1150.05     201.259     1351.31     8.68306     2.42444
      18400           0           0     179.437     332.205         0.8     1219.19     209.492     1428.69     8.23306      1.9065
      18300           0           0     179.437     329.228         0.8      1275.7     218.075     1493.77     8.58306     1.34924
      18200           0           0     179.437       325.2         0.8      1360.8     226.658     1587.45     8.58306    0.672723
      18100           0           0     179.437     321.768         0.8     1469.79     234.714      1704.5     8.05639   -0.137283
      18000           0           0     179.437     318.559         0.8     1574.09     243.331     1817.42     8.61639    -1.04056
      17900           0           0     179.437      317.64         0.8     1670.99     253.364     1924.35     10.0331    -1.98653
      17800           0           0     179.437     318.134         0.8        1766     264.257     2030.25     10.8931    -2.86227
      17700           0           0     179.437     316.312         0.8     1860.47      274.54     2135.01     10.2831    -3.66765
      17600           0           0     179.437     313.229         0.8     1943.92     288.828     2232.75     14.2881    -4.52282
      17500           0           0     179.437     313.298         0.8     2011.35     302.776     2314.12     13.9481    -5.41147
      17400           0           0     182.115     344.137         0.8     2042.72     312.444     2355.16     9.66738    -7.03503
      17300           0           0     182.934     353.815         0.8     2073.54     322.233     2395.78     9.78928    -7.23612
      17200           0           0      183.39     359.881         0.8     2096.59     335.928     2432.52      13.695    -7.02974
      17100           0           0     183.841     363.835         0.8     2099.91     350.717     2450.63     14.7892    -6.64495
      17000           0           0     184.395     366.328         0.8     2106.32     368.422     2474.74     17.7049    -6.19849
      16900           0           0     185.076     363.157         0.8     2119.69     386.971     2506.66     18.5487    -5.83044
      16800           0           0     185.879      356.08         0.8     2132.94     406.282     2539.22     19.3111    -5.80695
      16700           0           0     186.789     347.713         0.8     2143.96     427.383     2571.34     21.1008    -6.22983
      16600           0           0     187.792     338.163         0.8     2156.83      452.74     2609.57     25.3575    -7.09448
      16500   0.0634766   0.0634766     188.875     339.172         0.8     2164.82     472.218     2637.03     19.4779    -8.22539
      16400     0.19043     6.53809     190.051      347.15         0.8     2171.28     496.134     2667.41     23.9166    -10.4768
      16300    0.144043     25.5347     191.366     351.862         0.8     2187.44     517.284     2704.72       21.15    -14.7641
      16200           0     39.7949     192.797     354.944         0.8     2208.46     543.932     2752.39      26.648    -16.8857
      16100           0     39.7949      194.24      346.49         0.8     2225.81      573.43     2799.24     29.4977    -15.3941
      16000           0     39.7949     195.659     330.198         0.8     2233.25     601.474     2834.72      28.044    -14.8542
      15900           0     39.7949     197.075     321.905         0.8     2235.85     628.252      2864.1      26.778    -15.2523
      15800   0.0292969     39.8242     198.494     318.447         0.8     2241.55     652.119     2893.67     23.8664    -16.0105
      15700   0.0439453     42.7686     199.931     316.171         0.8     2248.02     675.698     2923.72     23.5794    -17.5322
      15600   0.0488281      47.168     201.395     314.909         0.8     2255.97     697.063     2953.04      21.365    -19.2668
      15500   0.0634766     52.0654     202.883      312.88         0.8     2263.91      717.71     2981.62     20.6469    -20.9195
      15400    0.166016     58.5156     204.393     310.433         0.8     2276.71     737.322     3014.03     19.6118    -22.7827
      15300    0.371094     75.3223     205.961     309.434         0.8     2297.46     758.677     3056.14     21.3553    -26.7602
      15200    0.522461     112.583     207.675     309.138         0.8     2318.71     779.075     3097.78     20.3984    -34.5114
      15100     0.65918     164.966     209.596     314.674         0.8     2348.03     798.253     3146.29     19.1778    -43.8306
      15000    0.786133     231.011     211.739     324.116         0.8      2390.1     815.817     3205.91     17.5637    -53.6634
      14900    0.678711     309.517     214.109     330.707         0.8     2441.26     830.354     3271.62     14.5373    -63.4498
      14800           0     376.709     216.619     335.885         0.8     2502.09     843.014      3345.1       12.66    -68.4426
      14700           0     376.709     218.868     326.438         0.8     2555.52     853.141     3408.66     10.1264    -58.6526
      14600           0     376.709     211.922     257.868         0.8     2568.36     877.058     3445.41     23.9178    -51.8366
      14500           0     376.709     209.895     231.202         0.8      2571.7     906.511     3478.21     29.4522    -50.9696
      14400           0     376.709     210.158     214.836         0.8     2582.46     937.707     3520.17     31.1964    -52.4037
      14300           0     376.709     211.207     200.752         0.8        2596      965.65     3561.65     27.9431    -54.6814
      14200           0     376.709     212.467     188.749         0.8      2616.1     991.736     3607.84     26.0855    -57.2326
      14100           0     376.709     213.736      182.32         0.8     2636.66     1016.33     3652.99      24.597    -59.7148
      14000           0     376.709     214.967     179.378         0.8     2666.38     1038.35     3704.73      22.018    -61.8413
      13900           0     376.709     216.154     174.441         0.8     2701.25     1062.77     3764.02     24.4161    -63.6012
      13800           0     376.709     217.294     168.627         0.8     2727.33     1083.99     3811.31     21.2206    -65.1935
      13700           0     376.709     218.389     164.386         0.8     2769.26     1106.95     3876.21     22.9609    -66.6872
      13600           0     376.709     219.443     161.024         0.8     2803.91     1128.71     3932.62     21.7622    -68.0599
      13500           0     376.709     220.461     164.244         0.8      2838.9     1144.08     3982.98     15.3693    -69.2207
      13400           0     376.709     221.448     171.459         0.8     2872.54     1161.67     4034.21     17.5922    -69.8915
      13300           0     376.709     222.409     168.477         0.8      2906.8     1176.12     4082.92     14.4514    -70.2026
      13200           0     376.709     225.959     189.328         0.8     2923.82     1190.08      4113.9     13.9562    -70.5723
      13100   0.0170898     376.726     228.213     195.953         0.8     2934.82     1197.73     4132.55     7.65173    -69.9119
      13000           0     378.418     230.044     201.826         0.8     2953.86     1206.17     4160.04     8.44249    -69.2372
      12900   0.0683594     378.486     231.521     208.103         0.8     2957.78     1213.36     4171.14     7.18692    -67.9798
      12800   0.0878906     385.342     232.671     214.408         0.8     2962.04     1221.57     4183.62       8.211    -68.0621
      12700           0     394.043     233.752     216.578         0.8     2963.19     1230.42     4193.61      8.8503    -68.2716
      12600           0     394.043     234.934     215.893         0.8     2983.09     1240.64     4223.73     10.2155     -66.612
      12500           0     394.043     236.142     215.754         0.8     3000.47     1251.48     4251.95     10.8453    -65.4194
      12400           0     394.043     237.368     215.741         0.8     3019.96     1260.21     4280.17     8.73192    -64.5825
      12300           0     394.043     238.609     214.413         0.8     3028.48     1268.39     4296.87     8.17692    -64.0617
      12200    0.078125     394.121     239.864     212.104         0.8     3034.44     1277.83     4312.27      9.4385    -63.8913
      12100    0.239258     402.095     241.164     211.234         0.8     3049.37     1289.11     4338.48      11.278    -65.6827
      12000    0.395508     426.177     242.588     211.058         0.8      3072.9     1296.62     4369.52     7.50998    -70.6737
      11900    0.585938     465.918     244.209     211.476         0.8     3100.79     1306.96     4407.75      10.345    -78.0006
      11800    0.178223     524.104      246.09     212.119         0.8      3133.8     1315.91     4449.72     8.95025    -87.6039
      11700   0.0170898     541.765     248.047     220.449         0.8      3178.5     1324.45     4502.95     8.53467    -86.9194
      11600           0     543.457     236.355     194.786         0.8     3204.17     1345.46     4549.63     21.0093     -82.808
      11500           0     543.457     232.361      177.19         0.8     3221.93     1378.86     4600.79      33.406    -81.7708
      11400           0     543.457     231.815     153.732         0.8      3228.7        1415     4643.71     36.1372    -82.8207
      11300           0     543.457     232.521     142.639         0.8     3229.24     1447.96      4677.2     32.9568    -85.0297
      11200           0     543.457     233.628     138.441         0.8     3233.44     1479.18     4712.62     31.2224    -87.3155
      11100           0     543.457     234.826     130.783         0.8     3257.85     1509.25      4767.1     30.0736    -89.3938
      11000           0     543.457     236.013     121.494         0.8     3290.96     1538.04        4829     28.7867    -91.4605
      10900           0     543.457     237.159     116.161         0.8     3314.66     1568.48     4883.15     30.4412    -93.5141
      10800           0     543.457     238.256     113.064         0.8     3326.69     1595.78     4922.46      27.294    -95.3843
      10700           0     543.457     239.306     109.064         0.8     3340.28     1622.69     4962.97     26.9193    -97.0758
      10600           0     543.457     240.313     104.668         0.8     3358.03     1649.28     5007.31     26.5873    -98.6983
      10500           0     543.457     241.284     101.998         0.8     3375.99      1675.5     5051.48     26.2162    -100.272
      10400           0     543.457     242.227     100.337         0.8     3394.54     1699.47     5094.01      23.973    -101.739
      10300           0     543.457     243.147     99.2617         0.8     3406.48     1721.22      5127.7     21.7533    -103.089
      10200           0     543.457     244.043     98.1032         0.8     3419.25     1742.88     5162.13     21.6569    -104.328
      10100           0     543.457     244.916     95.9307         0.8     3448.13     1761.66     5209.79     18.7837     -105.52
      10000           0     543.457     245.767     93.4337         0.8      3470.4      1779.9      5250.3     18.2328    -106.718
       9900           0     543.457     246.599     90.7649         0.8     3481.77      1797.6     5279.37     17.7012    -107.945
       9800           0     543.457     247.414     87.9615         0.8     3494.18     1813.93     5308.11     16.3298    -109.209
       9700           0     543.457      248.21     85.0504         0.8     3499.39     1828.91     5328.29     14.9773    -110.518
       9600           0     543.457     248.982      82.054         0.8     3503.91     1842.56     5346.47     13.6493    -111.873
       9500           0     543.457     249.729     78.9848         0.8     3512.74      1854.9     5367.64     12.3458    -113.277
       9400           0     543.457     250.457     76.6695         0.8     3538.33     1869.64     5407.98     14.7431    -114.716
       9300           0     543.457     251.169     74.7921         0.8      3563.1     1882.27     5445.37     12.6308    -116.149
       9200           0     543.457     251.869     73.1562         0.8     3586.78     1894.11     5480.88     11.8309    -117.561
       9100           0     543.457     252.559     71.6864         0.8     3602.35     1903.55      5505.9     9.44125    -118.944
       9000           0     543.457     253.238     70.3498         0.8     3615.74     1909.61     5525.35     6.06236    -120.295
       8900           0     543.457       253.9     69.1414         0.8     3639.77     1916.36     5556.13     6.74996    -121.612
       8800           0     543.457     254.545     68.0349         0.8     3652.21     1922.34     5574.55     5.98002    -122.894
       8700           0     543.457     255.177     67.0126         0.8     3657.09     1927.56     5584.65     5.22312    -124.138
       8600           0     543.457     255.795     66.0656         0.8     3657.49     1932.32      5589.8     4.75458    -125.344
       8500           0     543.457     256.396     65.1859         0.8      3663.2     1936.62     5599.82     4.30384    -126.512
       8400           0     543.457     256.978     64.8006         0.8     3665.37     1940.94     5606.31     4.32177    -127.633
       8300           0     543.457     257.545     64.7366         0.8     3678.89      1941.7     5620.59    0.755223    -128.685
       8200           0     543.457     258.099      64.893         0.8     3687.94     1942.47     5630.41    0.776249     -129.66
       8100           0     543.457     258.642     65.2409         0.8     3700.04     1943.28     5643.32    0.807677    -130.553
       8000           0     543.457     259.177     65.7457         0.8     3704.15     1943.83     5647.98    0.547843    -131.363
       7900           0     543.457     259.705     66.4567         0.8     3717.41     1944.12     5661.54    0.295436    -132.086
       7800           0     543.457     260.226     67.3336         0.8     3728.37     1944.65     5673.02   -0.525537    -132.719
       7700           0     543.457     260.738     68.3646         0.8     3737.07     1944.99     5682.06   -0.338037    -133.261
       7600           0     543.457     261.237     69.5601         0.8     3747.89     1946.13     5694.01    -1.13702     -133.71
       7500           0     543.457     261.721     70.8918         0.8     3764.06     1948.02     5712.08    -1.89593    -134.064
       7400           0     543.457     262.191     71.3036         0.8     3783.46     1950.66     5734.13    -2.64063    -134.343
       7300           0     543.457     262.646     71.1927         0.8     3804.21     1952.03     5756.24    -1.37073    -134.601
       7200           0     543.457     263.085     70.8079         0.8     3828.61     1952.12     5780.73  -0.0846039    -134.857
       7100           0     543.457     263.507     70.2365         0.8     3853.67     1953.32        5807    -1.20674    -135.123
       7000           0     543.457     263.914     69.5265         0.8     3871.04     1959.64     5830.68    -6.31409    -135.404
       6900           0     543.457      264.31     68.7203         0.8     3888.38     1965.85     5854.23    -6.21005    -135.703
       6800           0     543.457     264.697     67.8378         0.8     3903.89     1967.65     5871.53    -1.79718    -136.022
       6700           0     543.457     265.077     66.9035         0.8     3918.91     1970.62     5889.54    -2.97713     -136.36
       6600           0     543.457     265.451     65.9459         0.8     3934.62     1976.67     5911.29    -6.05106    -136.717
       6500           0     543.457      265.82     64.9556         0.8     3947.41     1981.39     5928.81    -4.71985    -137.093
       6400           0     543.457     266.184      64.243         0.8     3959.62     1986.38        5946    -4.98418    -137.482
       6300           0     543.457     266.545     63.6911         0.8     3972.61     1989.97     5962.58    -3.59461    -137.867
       6200           0     543.457     266.902     63.2355         0.8     3993.56     1993.07     5986.64    -3.10168    -138.244
       6100           0     543.457     267.257     62.8657         0.8     4015.34     1995.68     6011.02    -2.60659    -138.608
       6000           0     543.457      267.61     62.5535         0.8      4026.2     1997.79     6023.99    -2.10965    -138.957
       5900           0     543.457     267.958     62.2875         0.8     4038.96     2002.05     6041.01    -4.25819     -139.29
       5800           0     543.457     268.301     62.0591         0.8     4057.93     2004.85     6062.78    -2.80052    -139.609
       5700           0     543.457     268.637     61.8626         0.8     4067.12     2007.59      6074.7    -2.73657    -139.911
       5600           0     543.457     268.966     61.6944         0.8     4074.56      2010.4     6084.97    -2.81649    -140.198
       5500           0     543.457     269.289     61.5515         0.8     4091.92     2013.29     6105.21    -2.88895     -140.47
       5400           0     543.457     269.602     60.7126         0.8     4108.59     2016.47     6125.06    -3.17731    -140.739
       5300           0     543.457     269.905     59.4518         0.8     4117.66     2019.92     6137.58    -3.45537    -141.044
       5200           0     543.457     270.197     57.9568         0.8        4139     2020.32     6159.32   -0.397099    -141.399
       5100           0     543.457     270.477     56.3095         0.8     4147.27      2021.6     6168.87    -1.27748     -141.81
       5000           0     543.457     270.748     54.5264         0.8      4149.2     2023.75     6172.95    -2.14759    -142.279
       4900           0     543.457     271.009     52.6586         0.8     4149.64     2024.75     6174.39    -1.00873    -142.807
       4800           0     543.457     271.262     50.7094         0.8     4154.21     2025.27     6179.48   -0.512077    -143.392
       4700           0     543.457     271.509     48.6968         0.8     4164.64     2025.28     6189.91 -0.00861898    -144.035
       4600           0     543.457     271.749     46.6509         0.8     4166.16     2027.22     6193.38    -1.94919    -144.733
       4500           0     543.457     271.985     44.5526         0.8     4166.49     2030.11      6196.6    -2.88471    -145.484
       4400           0     543.457     272.216     42.7744         0.8      4167.5     2031.23     6198.72    -1.11605    -146.281
       4300           0     543.457     272.444     41.1732         0.8     4168.82     2032.17     6200.98   -0.943771    -147.104
       4200  0.00488281     543.462     272.668     39.6654         0.8     4172.02     2032.64     6204.65   -0.468299    -147.944
       4100   0.0561523     544.001     272.893     38.2252         0.8     4179.29     2033.83     6213.12     -1.1929      -148.9
       4000   0.0610352     549.622     273.149     36.7437         0.8     4186.93     2033.98     6220.91    0.150624    -150.803
       3900   0.0878906     555.752     273.445     35.2337         0.8     4197.26     2035.44      6232.7     1.45454    -152.569
       3800   0.0390625     564.492     273.779     33.6791         0.8     4205.95     2035.76     6241.71   -0.328612    -154.633
       3700   0.0634766     568.423     274.112     31.6064         0.8     4218.69     2036.55     6255.24   -0.787404    -155.551
       3600   0.0219727     574.729     274.441     28.0075         0.8     4228.94     2037.79     6266.73    -1.24091    -157.014
       3500  0.00732422     576.912     274.753     23.7977         0.8      4238.4     2038.04     6276.44    0.246738    -157.751
       3400           0     577.637     275.031     19.4043         0.8     4243.95     2039.07     6283.02      -1.031    -158.477
       3300           0     577.637     275.281     14.8071         0.8     4247.64        2040     6287.64   -0.930527    -159.357
       3200           0     577.637      275.51     10.5568         0.8     4249.97     2040.81     6290.78   -0.810194    -160.513
       3100           0     577.637     275.726     7.61579         0.8      4253.8     2041.89     6295.69     -1.0764     -161.84
       3000           0     577.637     275.932     5.14486         0.8     4254.54     2043.22     6297.76    -1.33245    -163.257
       2900           0     577.637      276.13     3.00661         0.8     4254.78     2043.85     6298.63   -0.630344    -164.724
       2800           0     577.637     276.321     1.10287         0.8     4254.97     2044.87     6299.84    -1.02137    -166.215
       2700           0     577.637     276.506   -0.801781         0.8     4261.72     2047.27     6308.98     2.39403    -167.715
       2600           0     577.637     276.684    -3.03559         0.8     4277.59     2050.05     6327.64    -2.78436    -169.235
       2500           0     577.637     276.857    -5.36873         0.8     4281.03     2051.09     6332.13      1.0433    -170.784
       2400           0     577.637     277.023    -7.73032         0.8     4282.47     2051.67     6334.14     0.57734    -172.362
       2300           0     577.637     277.182    -10.1182         0.8     4285.85      2051.7     6337.56  -0.0319377    -173.967
       2200           0     577.637     277.334    -12.3729         0.8     4295.73     2052.34     6348.07   -0.634491    -175.595
       2100           0     577.637     277.481    -14.2247         0.8     4298.44     2053.02     6351.46   -0.680503    -177.227
       2000           0     577.637      277.62    -15.9093         0.8     4301.25     2053.74     6354.99   -0.720279    -178.844
       1900           0     577.637     277.754    -17.4656         0.8     4304.84     2053.96      6358.8    -0.22085    -180.439
       1800           0     577.637     277.883    -18.9225         0.8     4307.39     2054.17     6361.57   -0.215991    -182.009
       1700           0     577.637     278.006    -20.3938         0.8     4308.59     2054.79     6363.38    0.620327    -183.551
       1600           0     577.637     278.126    -22.0512         0.8     4312.52     2056.96     6369.48     2.16157    -185.076
       1500           0     577.637     278.242    -23.7609         0.8     4316.84     2057.26      6374.1    0.302937    -186.592
       1400           0     577.637     278.355    -25.5097         0.8     4320.61     2058.66     6379.27    -1.40527    -188.102
       1300           0     577.637     278.466    -27.2823         0.8      4328.1     2059.39      6387.5   -0.729976    -189.607
       1200           0     577.637     278.575    -28.7887         0.8     4347.33     2059.46     6406.79  -0.0612122    -191.106
       1100           0     577.637     278.681    -29.5523         0.8     4363.45     2059.98     6423.44    0.528731    -192.565
       1000           0     577.637     278.786    -29.9911         0.8     4377.44     2060.96     6438.41    0.978616    -193.957
        900           0     577.637      278.89      -30.08         0.8     4391.83     2061.72     6453.55    0.759914    -195.271
        800           0     577.637     278.993     -29.906         0.8     4407.45     2066.05      6473.5     4.32746    -196.495
        700           0     577.637     279.094     -29.419         0.8     4420.85     2071.02     6491.87     4.97281    -197.624
        600           0     577.637     279.194    -28.4685         0.8     4444.12        2073     6517.12     1.98083    -198.642
        500           0     577.637     279.294     -27.237         0.8     4467.86     2074.35     6542.21     1.34897    -199.539
        400           0     577.637     279.392    -25.6996         0.8     4504.01     2077.69      6581.7     3.33548    -200.308
        300           0     577.637      279.49    -23.9122         0.8     4529.46     2079.45     6608.91    -1.76301    -200.945
        200           0     577.637     279.587    -21.6521         0.8     4561.71     2081.75     6643.46    -2.29403    -201.446
        100           0     577.637     279.683    -18.5007         0.8     4579.14     2083.52     6662.66     1.77259    -201.777
          0           0     577.637     279.778     -14.865         0.8     4583.58      2104.3     6687.88     20.7799    -201.914