     20000          0          0    179.437     354.04          2    78.9895    14.2831    93.2726    14.2831     6.5598
     19900          0          0    179.437     353.13          2    151.419    29.7361    181.156    15.4531    6.43382
     19800          0          0    179.437    352.506          2    228.894    46.3592    275.253    16.6231    6.30822
     19700          0          0    179.437    352.255          2    299.319    60.5222    359.841    14.1631    6.19879
     19600          0          0    179.437     352.29          2    351.209    72.5053    423.714    11.9831    6.12087
     19500          0          0    179.437    350.597          2    414.692    82.0183     496.71    9.51306    6.05158
     19400          0          0    179.437    347.879          2    487.353    94.1014    581.454    12.0831    5.90477
     19300          0          0    179.437    345.374          2    558.279    106.214    664.494    12.1131    5.65656
     19200          0          0    179.437    342.873          2    620.606    118.358    738.963    12.1431    5.32496
     19100          0          0    179.437     342.02          2    681.386    130.011    811.397    11.6531    4.94128
     19000          0          0    179.437    342.156          2     741.53    142.474    884.004    12.4631    4.58749
     18900          0          0    179.437    340.553          2    800.577    155.747    956.323    13.2731    4.26219
     18800          0          0    179.437    337.986          2    870.831     166.28    1037.11    10.5331    3.87637
     18700          0          0    179.437     336.21          2    952.601    178.113    1130.71    11.8331    3.41716
     18600          0          0    179.437    334.818          2    1047.59    192.576    1240.17    14.4631    2.92873
     18500          0          0    179.437    333.482          2    1150.05    201.259    1351.31    8.68306    2.42444
     18400          0          0    179.437    332.205          2    1219.19    209.492    1428.69    8.23306     1.9065
     18300          0          0    179.437    329.228          2     1275.7    218.075    1493.77    8.58306    1.34924
     18200          0          0    179.437      325.2          2     1360.8    226.658    1587.45    8.58306   0.672723
     18100          0          0    179.437    321.768          2    1469.79    234.714     1704.5    8.05639  -0.137283
     18000          0          0    179.437    318.559          2    1574.09    243.331    1817.42    8.61639   -1.04056
     17900          0          0    179.437     317.64          2    1670.99    253.364    1924.35    10.0331   -1.98653
     17800          0          0    179.437    318.134          2       1766    264.257    2030.25    10.8931   -2.86227
     17700          0          0    179.437    316.312          2    1860.47     274.54    2135.01    10.2831   -3.66765
     17600          0          0    179.437    313.229          2    1943.92    288.828    2232.75    14.2881   -4.52282
     17500          0          0    179.437    313.298          2    2011.35    302.776    2314.12    13.9481   -5.41147
     17400          0          0    182.115    344.137          2    2042.72    312.444    2355.16    9.66738   -7.03503
     17300          0          0    182.934    353.815          2    2073.54    322.233    2395.78    9.78928   -7.23612
     17200          0          0     183.39    359.881          2    2096.59    335.928    2432.52     13.695   -7.02974
     17100          0          0    183.841    363.835          2    2099.91    350.717    2450.63    14.7892   -6.64495
     17000          0          0    184.395    366.328          2    2106.32    368.422    2474.74    17.7049   -6.19849
     16900          0          0    185.076    363.157          2    2119.69    386.971    2506.66    18.5487   -5.83044
     16800          0          0    185.879     356.08          2    2132.94    406.282    2539.22    19.3111   -5.80695
     16700          0          0    186.789    347.713          2    2143.96    427.383    2571.34    21.1008   -6.22983
     16600          0          0    187.792    338.163          2    2156.83     452.74    2609.57    25.3575   -7.09448
     16500   0.090332   0.090332    188.875    339.172          2    2164.82    472.218    2637.03    19.4779   -8.23228
     16400    0.27832    9.31152     189.96     347.14          2    2171.27    496.226    2667.49     24.008   -11.1053
     16300   0.209961    37.0752    190.871    351.827          2    2187.39     517.87    2705.26    21.6445    -17.203
     16200          0    57.8613     191.64    354.938          2    2208.41    545.675    2754.09    27.8045   -20.1916
     16100          0    57.8613    192.528    346.578          2    2225.85    576.884    2802.73    31.2093   -17.9272
     16000          0    57.8613    193.607    330.388          2    2233.48    606.981    2840.46    30.0963   -16.7954
     15900          0    57.8613    194.801    322.212          2    2236.38    636.032    2872.41    29.0512   -16.7548
     15800  0.0512695    57.9126    196.072    318.862          2     2242.5    662.319    2904.82    26.2876   -17.1961
     15700  0.0732422    63.0615    197.359    316.669          2    2249.47     688.47    2937.94    26.1508     -18.97
     15600   0.078125    70.3906    198.616    315.477          2    2257.99    712.614     2970.6    24.1442   -21.0679
     15500   0.102539    78.2275    199.842     313.51          2    2266.56    736.302    3002.86    23.6881   -23.0071
     15400   0.253906    88.6328    201.029    311.124          2    2280.04    759.278    3039.32    22.9757   -25.3167
     15300   0.605469    114.375    202.065    310.174          2    2301.54     784.53    3086.07    25.2517   -30.7134
     15200   0.917969    175.234    202.656    309.859          2     2323.5    809.947    3133.45    25.4172   -42.6238
     15100     1.2793    267.393    202.548    315.347          2     2353.5    836.173    3189.67    26.2258   -58.2937
     15000    1.71875    395.762    201.582    324.685          2    2396.14    863.893    3260.03    27.7207   -77.1206
     14900    1.35742    567.275    199.598        331          2     2447.6    892.942    3340.54    29.0488   -99.0048
     14800          0     701.66    197.058    336.246          2    2508.78    925.163    3433.95    32.2212     -108.2
     14700          0     701.66    195.284    327.209          2    2562.99    958.874    3521.86    33.7109   -90.5325
     14600          0     701.66    186.139     259.16          2    2577.11    1008.57    3585.69    49.7006   -77.2826
     14500          0     701.66    183.351    233.119          2    2578.54    1064.57    3643.11    55.9964   -71.7299
     14400          0     701.66     183.13    217.263          2    2586.87     1122.8    3709.67    58.2242   -69.6788
     14300          0     701.66    183.782     203.52          2    2597.64    1178.16     3775.8    55.3677   -69.3672
     14200          0     701.66     184.72    191.773          2    2614.72       1232    3846.72    53.8321   -69.9986
     14100          0     701.66     185.75    185.665          2    2631.93    1284.58    3916.51    52.5835   -71.0584
     14000          0     701.66    186.814    183.017          2    2658.02    1334.75    3992.77    50.1715   -72.1314
     13900          0     701.66    187.894    178.185          2    2689.15    1387.43    4076.57    52.6763   -73.1102
     13800          0     701.66    188.983    172.399          2    2711.45    1436.96    4148.41    49.5318   -74.1219
     13700          0     701.66     190.08    168.182          2    2749.58    1488.23    4237.81    51.2704   -75.1834
     13600          0     701.66    191.182    164.801          2    2780.45    1538.25    4318.71     50.023   -76.2326
     13500          0     701.66    192.285    168.248          2    2811.45     1581.8    4393.24    43.5449   -77.1486
     13400          0     701.66     193.38    175.765          2    2840.78    1627.46    4468.23    45.6598   -77.6336
     13300          0     701.66    194.455    172.621          2    2870.89    1669.86    4540.75    42.4047   -77.7988
     13200 0.00976562     701.67    197.834    193.843          2     2883.4    1711.94    4595.34    42.0813   -77.9062
     13100   0.126953    702.764    199.953    200.768          2    2889.58    1747.85    4637.43    35.9116   -77.1938
     13000          0    715.332    201.589    206.749          2     2903.7    1784.75    4688.46    36.8975   -78.4626
     12900   0.205078    715.537     202.89    213.214          2     2904.9    1820.57    4725.47    35.8179   -76.5301
     12800   0.224609    736.064    203.794    219.634          2     2914.4    1857.66    4772.05    37.0883   -78.8242
     12700  0.0634766    758.364    204.419    221.726          2     2918.4    1895.84    4814.24    38.1837    -80.731
     12600          0    764.648    205.143    220.971          2    2933.22    1935.85    4869.07    40.0068    -78.956
     12500          0    764.648     206.05    220.898          2    2945.45    1976.79    4922.24    40.9374   -76.3931
     12400          0    764.648    207.099    220.986          2     2959.7    2015.79    4975.49    39.0014   -74.4887
     12300          0    764.648     208.24    219.726          2     2962.9    2054.33    5017.24    38.5464   -73.1362
     12200   0.219727    764.868    209.446    217.468          2    2974.23    2094.19    5068.42    39.8563   -72.3469
     12100    0.46875     787.09    210.533    216.595          2    2994.52     2136.1    5130.62    41.9092   -76.5399
     12000   0.737305    834.233     211.24    216.313          2    3023.31    2174.96    5198.26    38.8575   -85.0813
     11900    1.16211    908.389    211.385    216.595          2    3056.31    2218.13    5274.44    43.1689   -97.2174
     11800   0.385742    1023.82    210.732    216.991          2     3094.2    2262.43    5356.63     44.308   -114.536
     11700    0.10498    1062.12    209.955    225.741          2    3144.19    2309.06    5453.25    46.6273   -113.227
     11600          0    1072.51    197.534    200.227          2     3175.3    2368.89    5544.19    59.8298   -106.397
     11500          0    1072.51    193.622    182.102          2    3197.97    2441.03       5639    72.1442   -101.898
     11400          0    1072.51    193.144    157.878          2    3208.89    2515.84    5724.74    74.8078   -100.424
     11300          0    1072.51     193.82    146.606          2    3213.39     2587.5    5800.89    71.6575    -100.79
     11200          0    1072.51    194.861    142.323          2    3213.71    2657.49     5871.2     69.989   -101.725
     11100          0    1072.51     196.01    134.329          2    3234.58    2726.38    5960.96      68.89   -102.805
     11000          0    1072.51     197.19    124.683          2    3264.49    2793.99    6058.48    67.6104   -104.125
     10900          0    1072.51    198.379    119.197          2    3285.17    2863.21    6148.38    69.2208   -105.619
     10800          0    1072.51    199.574    115.982          2    3294.27    2929.19    6223.46    65.9761   -107.063
     10700          0    1072.51    200.768    111.794          2    3305.13    2994.64    6299.77    65.4567   -108.424
     10600          0    1072.51    201.965    107.205          2    3320.35    3059.58    6379.92    64.9353   -109.784
     10500          0    1072.51    203.162    104.433          2    3335.87    3123.92    6459.78    64.3382   -111.145
     10400          0    1072.51    204.343    102.698          2    3352.07    3185.77    6537.84    61.8568   -112.435
     10300          0    1072.51    205.507     101.58          2    3361.68    3245.17    6606.85    59.3927   -113.632
     10200          0    1072.51    206.659    100.365          2    3372.19    3304.21     6676.4    59.0412   -114.737
     10100          0    1072.51    207.803    98.1016          2     3398.9     3360.1       6759    55.8972   -115.807
     10000          0    1072.51    208.944     95.493          2    3419.11    3415.16    6834.27    55.0559   -116.892
      9900          0    1072.51    210.084    92.6994          2    3428.55    3469.38    6897.92    54.2165    -118.01
      9800          0    1072.51    211.219    89.7618          2    3439.15     3521.9    6961.06    52.5247   -119.169
      9700          0    1072.51    212.351    86.7095          2     3442.7    3572.74    7015.44    50.8365   -120.377
      9600          0    1072.51    213.481    83.5661          2    3445.72    3621.89    7067.61      49.15   -121.635
      9500          0    1072.51    214.612    80.3457          2    3453.18    3669.35    7122.53    47.4633   -122.944
      9400          0    1072.51    215.736    77.9219          2    3477.53    3718.82    7196.34     49.464   -124.288
      9300          0    1072.51    216.845    75.9537          2    3501.13    3765.77     7266.9    46.9551   -125.626
      9200          0    1072.51    217.944    74.2442          2    3523.72    3811.53    7335.24     45.756    -126.94
      9100          0    1072.51    219.038    72.7134          2    3538.26    3854.49    7392.75    42.9616   -128.225
      9000          0    1072.51     220.13    71.3252          2    3550.68    3893.66    7444.34    39.1703   -129.477
      8900          0    1072.51    221.206    70.0755          2    3573.77     3933.1    7506.88    39.4439   -130.691
      8800          0    1072.51    222.256     68.938          2    3585.32    3971.37    7556.69    38.2692   -131.867
      8700          0    1072.51    223.284    67.8932          2    3589.31    4008.49    7597.79    37.1155   -133.003
      8600          0    1072.51    224.302    66.9289          2    3590.57    4044.74    7635.31    36.2482   -134.101
      8500          0    1072.51    225.313    66.0342          2    3595.44    4080.12    7675.56    35.3869   -135.159
      8400          0    1072.51    226.317    65.6557          2    3596.75     4115.1    7711.86    34.9827   -136.171
      8300          0    1072.51    227.303    65.6101          2     3609.4     4146.1     7755.5     30.997   -137.111
      8200          0    1072.51     228.26    65.7991          2    3617.54    4176.72    7794.26    30.6153   -137.972
      8100          0    1072.51    229.193     66.191          2    3628.69    4206.97    7835.67    30.2574   -138.749
      8000          0    1072.51    230.111    66.7475          2     3631.8    4236.59    7868.39    29.6139    -139.44
      7900          0    1072.51    231.021    67.5183          2       3644    4265.57    7909.57    28.9791   -140.044
      7800          0    1072.51    231.924    68.4599          2    3653.83    4293.34    7947.17    27.7756   -140.555
      7700          0    1072.51    232.814     69.562          2    3661.33    4320.93    7982.26    27.5863   -140.974
      7600          0    1072.51    233.682    70.8348          2    3670.88    4347.35    8018.23    26.4182   -141.297
      7500          0    1072.51    234.523    72.2502          2    3685.69    4372.65    8058.34    25.3023   -141.523
      7400          0    1072.51    235.341    72.7089          2    3703.69    4396.86    8100.55     24.209   -141.671
      7300          0    1072.51    236.144    72.6333          2       3723    4421.99    8144.99    25.1311   -141.797
      7200          0    1072.51    236.936    72.2709          2    3745.93    4448.05    8193.99    26.0643   -141.924
      7100          0    1072.51    237.719    71.7117          2    3769.52    4472.64    8242.15    24.5811    -142.06
      7000          0    1072.51    238.493    71.0079          2    3785.41    4491.74    8277.15    19.1073   -142.213
      6900          0    1072.51    239.248     70.207          2    3801.26    4510.59    8311.85    18.8519   -142.384
      6800          0    1072.51    239.983    69.3311          2    3815.27    4533.51    8348.78    22.9167   -142.574
      6700          0    1072.51    240.694    68.4081          2     3828.8    4554.92    8383.71    21.4063   -142.782
      6600          0    1072.51    241.381    67.4669          2    3842.98    4572.94    8415.92    18.0193   -143.008
      6500          0    1072.51    242.051    66.4971          2    3854.23    4591.99    8446.22    19.0488   -143.252
      6400          0    1072.51     242.71    65.8188          2    3864.86    4610.48    8475.34    18.4898   -143.508
      6300          0    1072.51    243.361    65.3078          2    3876.23    4630.06     8506.3    19.5892    -143.76
      6200          0    1072.51    244.005    64.8993          2    3895.53    4649.86    8545.39    19.7952   -144.002
      6100          0    1072.51    244.643    64.5821          2    3915.59    4669.87    8585.46    20.0071   -144.232
      6000          0    1072.51     245.27    64.3284          2    3924.67     4690.1    8614.77      20.23   -144.446
      5900          0    1072.51    245.882    64.1259          2    3935.59    4707.91    8643.51    17.8178   -144.645
      5800          0    1072.51    246.481    63.9652          2    3952.66    4726.93    8679.59    19.0191   -144.828
      5700          0    1072.51    247.063    63.8408          2    3959.87    4745.77    8705.64    18.8371   -144.993
      5600          0    1072.51    247.626    63.7492          2    3965.26     4764.3    8729.55    18.5239   -145.141
      5500          0    1072.51    248.173     63.686          2    3980.48    4782.52       8763     18.227   -145.273
      5400          0    1072.51    248.707    62.9065          2    3994.96    4800.24     8795.2    17.7179   -145.403
      5300          0    1072.51    249.231    61.6977          2    4001.78    4817.46    8819.24    17.2192    -145.57
      5200          0    1072.51    249.746    60.2473          2    4020.83    4837.51    8858.34    20.0541   -145.789
      5100          0    1072.51    250.254    58.6392          2    4026.77    4856.46    8883.23    18.9461   -146.065
      5000          0    1072.51    250.756     56.891          2     4027.2     4874.3     8901.5    17.8442   -146.401
      4900          0    1072.51    251.251    55.0559          2    4029.16    4893.05    8922.21    18.7486   -146.797
      4800          0    1072.51    251.736     53.139          2     4031.3    4912.07    8943.37     19.014   -147.253
      4700          0    1072.51    252.206    51.1602          2    4039.26    4931.36    8970.62    19.2936   -147.766
      4600          0    1072.51    252.663    49.1501          2    4040.24     4948.5    8988.74    17.1375   -148.336
      4500          0    1072.51    253.105    47.0899          2     4043.1    4964.49     9007.6    15.9954    -148.96
      4400 0.00976562    1072.52    253.531    45.3631          2     4046.7    4982.06    9028.77    17.5688   -149.631
      4300          0    1073.49    253.928    43.8071          2    4048.02    4999.63    9047.65    17.5719   -150.509
      4200  0.0488281    1073.54    254.308    42.3584          2    4053.91    5017.53    9071.44    17.8922   -151.186
      4100   0.117188    1078.49    254.617      40.93          2    4063.89    5034.61     9098.5    17.0827   -152.821
      4000    0.12207    1090.21    254.749    39.4298          2    4074.22    5053.16    9127.38    18.5507   -155.529
      3900   0.158691    1102.45    254.721    37.9112          2    4087.23    5073.34    9160.57    20.1789   -157.877
      3800  0.0976562    1118.26    254.557    36.3609          2     4098.6    5092.23    9190.83    18.8931   -160.536
      3700   0.126953    1128.06    254.369    34.2991          2    4114.03    5111.19    9225.21    18.9565   -161.664
      3600  0.0732422     1140.7    254.181    30.6925          2    4126.96    5130.21    9257.17    19.0193   -163.367
      3500  0.0537109       1148    254.034    26.4748          2     4139.1    5151.17    9290.27    20.9665    -164.06
      3400          0    1153.32    253.983    22.0727          2    4147.32    5171.19    9318.51    20.0165   -164.659
      3300          0    1153.32    254.071    17.5145          2     4148.3    5191.47    9339.77    20.2788   -164.594
      3200          0    1153.32    254.278    13.3392          2    4148.75    5211.89    9360.64    20.4224   -165.032
      3100          0    1153.32    254.543    10.4979          2     4149.7       5232     9381.7    20.1072   -165.803
      3000          0    1153.32    254.839    8.13392          2    4151.95    5251.76    9403.71     19.761   -166.781
      2900          0    1153.32    255.151    6.10607          2    4154.81    5272.11    9426.92    20.3493   -167.893
      2800          0    1153.32     255.47    4.31269          2    4158.21    5291.94    9450.14    19.8305   -169.092
      2700          0    1153.32    255.792    2.51005          2    4161.64    5315.05    9476.69    23.1082   -170.345
      2600          0    1153.32    256.116   0.365361          2    4174.11    5332.83    9506.94    17.7843   -171.652
      2500          0    1153.32     256.44   -1.88773          2    4174.15    5354.29    9528.44    21.4596   -173.014
      2400          0    1153.32    256.766   -4.17622          2    4176.26    5375.13    9551.39    20.8345   -174.426
      2300          0    1153.32    257.091   -6.49757          2     4176.5    5395.18    9571.68    20.0587   -175.879
      2200          0    1153.32    257.417   -8.68527          2    4182.69    5414.47    9597.16     19.283   -177.368
      2100          0    1153.32    257.741   -10.4653          2    4183.74    5433.53    9617.27    19.0592   -178.869
      2000          0    1153.32    258.062   -12.0762          2    4184.77    5452.36    9637.13    18.8383   -180.363
      1900          0    1153.32    258.379   -13.5574          2    4185.09    5471.52     9656.6    19.1541   -181.841
      1800          0    1153.32    258.694   -14.9382          2    4186.52    5490.49    9677.01    18.9731   -183.297
      1700          0    1153.32    259.005   -16.3361          2    4189.38    5510.11    9699.49    19.6219   -184.729
      1600          0    1153.32    259.313   -17.9251          2    4189.57    5531.09    9720.66    20.9746   -186.145
      1500          0    1153.32    259.616   -19.5686          2     4189.7    5550.02    9739.71    18.9288   -187.555
      1400          0    1153.32    259.913   -21.2533          2    4190.19    5567.05    9757.24    17.0368   -188.959
      1300          0    1153.32    260.203   -22.9627          2    4193.36    5584.59    9777.95    17.5333    -190.36
      1200          0    1153.32    260.483   -24.3968          2     4208.2    5602.62    9810.82    18.0305   -191.755
      1100          0    1153.32    260.753   -25.0728          2    4219.84    5621.07    9840.92     18.457   -193.111
      1000          0    1153.32    261.014   -25.4152          2    4229.26    5639.83    9869.08    18.7513     -194.4
       900          0    1153.32    261.266   -25.3974          2    4238.96    5658.21    9897.17    18.3841    -195.61
       800          0    1153.32    261.511   -25.1098          2    4249.78    5680.02     9929.8    21.8091    -196.73
       700          0    1153.32    261.749   -24.5003          2    4258.26    5702.34     9960.6    22.3172   -197.754
       600          0    1153.32    261.982   -23.4174          2    4276.48    5721.53    9998.01    19.1927   -198.668
       500          0    1153.32    262.211   -22.0471          2    4295.03    5739.96      10035     18.432   -199.459
       400          0    1153.32    262.435    -20.364          2    4325.85    5760.25    10086.1    20.2927   -200.122
       300          0    1153.32    262.656   -18.4263          2    4345.81    5775.32    10121.1     15.071   -200.652
       200          0    1153.32    262.873   -16.0041          2    4372.42    5789.74    10162.2     14.419   -201.045
       100          0    1153.32    263.089   -12.6744          2    4384.02    5808.11    10192.1    18.3667   -201.266
         0  0.0439453    1153.36    263.301   -8.85058          2    4385.59    5845.37      10231    37.2567   -201.302