     20000          0          0    179.437     354.04        1.2    78.9895    14.2831    93.2726    14.2831     6.5598   0.258968   0.460851   0.605054   0.634429    2456.76    1.6e+19    5.73044    4.59858    4.35318    4.39114
     19900          0          0    179.437     353.13        1.2    151.419    29.7361    181.156    15.4531    6.43382   0.258968   0.460851   0.605054   0.634429    2456.76    1.6e+19    5.73044    4.59858    4.35318    4.39114
     19800          0          0    179.437    352.506        1.2    228.894    46.3592    275.253    16.6231    6.30822   0.258968   0.460851   0.605054   0.634429    2456.76    1.6e+19    5.73044    4.59858    4.35318    4.39114
     19700          0          0    179.437    352.255        1.2    299.319    60.5222    359.841    14.1631    6.19879   0.258968   0.460851   0.605054   0.634429    2456.76    1.6e+19    5.73044    4.59858    4.35318    4.39114
     19600          0          0    179.437     352.29        1.2    351.209    72.5053    423.714    11.9831    6.12087   0.258968   0.460851   0.605054   0.634429    2456.76    1.6e+19    5.73044    4.59858    4.35318    4.39114
     19500          0          0    179.437    350.597        1.2    414.692    82.0183     496.71    9.51306    6.05158   0.258968   0.460851   0.605054   0.634429    2456.76    1.6e+19    5.73044    4.59858    4.35318    4.39114
     19400          0          0    179.437    347.879        1.2    487.353    94.1014    581.454    12.0831    5.90477   0.258968   0.460851   0.605054   0.634429    2456.76    1.6e+19    5.73044    4.59858    4.35318    4.39114
     19300          0          0    179.437    345.374        1.2    558.279    106.214    664.494    12.1131    5.65656   0.258968   0.460851   0.605054   0.634429    2456.76    1.6e+19    5.73044    4.59858    4.35318    4.39114
     19200          0          0    179.437    342.873        1.2    620.606    118.358    738.963    12.1431    5.32496   0.258968   0.460851   0.605054   0.634429    2456.76    1.6e+19    5.73044    4.59858    4.35318    4.39114
     19100          0          0    179.437     342.02        1.2    681.386    130.011    811.397    11.6531    4.94128   0.258968   0.460851   0.605054   0.634429    2456.76    1.6e+19    5.73044    4.59858    4.35318    4.39114
     19000          0          0    179.437    342.156        1.2     741.53    142.474    884.004    12.4631    4.58749   0.258968   0.460851   0.605054   0.634429    2456.76    1.6e+19    5.73044    4.59858    4.35318    4.39114
     18900          0          0    179.437    340.553        1.2    800.577    155.747    956.323    13.2731    4.26219   0.258968   0.460851   0.605054   0.634429    2456.76    1.6e+19    5.73044    4.59858    4.35318    4.39114
     18800          0          0    179.437    337.986        1.2    870.831     166.28    1037.11    10.5331    3.87637   0.258968   0.460851   0.605054   0.634429    2456.76    1.6e+19    5.73044    4.59858    4.35318    4.39114
     18700          0          0    179.437     336.21        1.2    952.601    178.113    1130.71    11.8331    3.41716   0.258968   0.460851   0.605054   0.634429    2456.76    1.6e+19    5.73044    4.59858    4.35318    4.39114
     18600          0          0    179.437    334.818        1.2    1047.59    192.576    1240.17    14.4631    2.92873   0.258968   0.460851   0.605054   0.634429    2456.76    1.6e+19    5.73044    4.59858    4.35318    4.39114
     18500          0          0    179.437    333.482        1.2    1150.05    201.259    1351.31    8.68306    2.42444   0.258968   0.460851   0.605054   0.634429    2456.76    1.6e+19    5.73044    4.59858    4.35318    4.39114
     18400          0          0    179.437    332.205        1.2    1219.19    209.492    1428.69    8.23306     1.9065   0.258968   0.460851   0.605054   0.634429    2456.76    1.6e+19    5.73044    4.59858    4.35318    4.39114
     18300          0          0    179.437    329.228        1.2     1275.7    218.075    1493.77    8.58306    1.34924   0.258968   0.460851   0.605054   0.634429    2456.76    1.6e+19    5.73044    4.59858    4.35318    4.39114
     18200          0          0    179.437      325.2        1.2     1360.8    226.658    1587.45    8.58306   0.672723   0.258968   0.460851   0.605054   0.634429    2456.76    1.6e+19    5.73044    4.59858    4.35318    4.39114
     18100          0          0    179.437    321.768        1.2    1469.79    234.714     1704.5    8.05639  -0.137283   0.258968   0.460851   0.605054   0.634429    2456.76    1.6e+19    5.73044    4.59858    4.35318    4.39114
     18000          0          0    179.437    318.559        1.2    1574.09    243.331    1817.42    8.61639   -1.04056   0.258968   0.460851   0.605054   0.634429    2456.76    1.6e+19    5.73044    4.59858    4.35318    4.39114
     17900          0          0    179.437     317.64        1.2    1670.99    253.364    1924.35    10.0331   -1.98653   0.258968   0.460851   0.605054   0.634429    2456.76    1.6e+19    5.73044    4.59858    4.35318    4.39114
     17800          0          0    179.437    318.134        1.2       1766    264.257    2030.25    10.8931   -2.86227   0.258968   0.460851   0.605054   0.634429    2456.76    1.6e+19    5.73044    4.59858    4.35318    4.39114
     17700          0          0    179.437    316.312        1.2    1860.47     274.54    2135.01    10.2831   -3.66765   0.258968   0.460851   0.605054   0.634429    2456.76    1.6e+19    5.73044    4.59858    4.35318    4.39114
     17600          0          0    179.437    313.229        1.2    1943.92    288.828    2232.75    14.2881   -4.52282   0.258968   0.460851   0.605054   0.634429    2456.76    1.6e+19    5.73044    4.59858    4.35318    4.39114
     17500          0          0    179.437    313.298        1.2    2011.35    302.776    2314.12    13.9481   -5.41147   0.258968   0.460851   0.605054   0.634429    2456.76    1.6e+19    5.73044    4.59858    4.35318    4.39114
     17400          0          0    182.115    344.137        1.2    2042.72    312.444    2355.16    9.66738   -7.03503   0.258968   0.459299   0.604915   0.634429    2457.76    1.6e+19     5.7211    4.59193     4.3525    4.39344
     17300          0          0    182.934    353.815        1.2    2073.54    322.233    2395.78    9.78928   -7.23612   0.258968   0.457387   0.602965   0.634429    2458.73    1.6e+19    5.71793    4.58375    4.34297    4.38361
     17200          0          0     183.39    359.881        1.2    2096.59    335.928    2432.52     13.695   -7.02974   0.258968   0.455248    0.59985   0.634429    2459.65    1.6e+19    5.72125    4.57463    4.32783    4.36492
     17100          0          0    183.841    363.835        1.2    2099.91    350.717    2450.63    14.7892   -6.64495   0.258968   0.452619   0.595693   0.634429    2460.55    1.6e+19    5.72871    4.56346    4.30774    4.33998
     17000          0          0    184.395    366.328        1.2    2106.32    368.422    2474.74    17.7049   -6.19849   0.258968   0.475551   0.587251   0.634429    2461.42    1.6e+19    5.73799    4.54879    4.28324    4.31057
     16900          0          0    185.076    363.157        1.2    2119.69    386.971    2506.66    18.5487   -5.83044   0.258968   0.484658   0.575138   0.634429    2462.28    1.6e+19    5.74731    4.52873    4.25519    4.27796
     16800          0          0    185.879     356.08        1.2    2132.94    406.282    2539.22    19.3111   -5.80695   0.258968   0.484658     0.5616   0.634429    2463.11    1.6e+19    5.75543    4.50524    4.22418    4.24311
     16700          0          0    186.789    347.713        1.2    2143.96    427.383    2571.34    21.1008   -6.22983   0.258968   0.479384   0.548863   0.596992     2463.9    1.6e+19    5.76158    4.47861     4.5905    4.20736
     16600          0          0    187.792    338.163        1.2    2156.83     452.74    2609.57    25.3575   -7.09448   0.258968   0.472202   0.541008   0.572861    2464.62    1.6e+19    5.76538    4.44944    4.55473    4.57412
     16500          0          0    188.875    339.172        1.2    2164.82    472.218    2637.03    19.4779   -8.20911   0.258968   0.432691   0.532904   0.572861     2465.3    1.6e+19     5.7667    4.41878     4.5183    4.53859
     16400  0.0650992  0.0650992    190.027     347.24        1.2    2171.37    496.159    2667.52    23.9409   -8.99678   0.258968   0.412886   0.520135   0.572861    2465.94    1.6e+19    5.76561    4.78854    4.48125    4.50183
     16300   0.112242    6.62217    191.236    352.213        1.2    2187.88    517.439    2705.32    21.2797   -10.7624   0.258968   0.412886   0.502953   0.572861    2467.04    1.6e+19    5.76229    4.75451    4.44417    4.46379
     16200  0.0766722    17.8108    192.496    355.554        1.2    2209.51    544.388     2753.9    26.9495   -12.9945   0.258968   0.412886   0.485335   0.572861    2468.44    1.6e+19    5.75691    4.71878    4.40667    4.42412
     16100  0.0112837    25.4127    193.795    347.165        1.2    2227.54     574.33    2801.87    29.9425   -13.9511   0.258968   0.408444   0.474654   0.505823    2469.51    1.6e+19    5.74963    4.68199    4.76752     4.7872
     16000          0    26.5297    195.127    330.881        1.2    2235.66    602.907    2838.57    28.5764    -13.869   0.258968    0.40017   0.465598   0.505823    2470.07    1.6e+19    5.74064    4.64493    4.72891    4.75133
     15900          0    26.5297    196.486    322.612        1.2    2238.96    630.274    2869.23     27.367   -14.3747   0.258968   0.352126   0.454196   0.505823    2470.52    1.6e+19    5.73016    4.60922     4.6912    4.71609
     15800  0.0248728    26.5546    197.867    319.176        1.2     2245.4    654.767    2900.16    24.4934   -15.2193   0.258968    0.33798   0.437309   0.505823    2470.93    1.6e+19    5.71845    4.97414    4.65498    4.68179
     15700  0.0356241    29.0526    199.266    316.924        1.2    2252.62    679.011    2931.63    24.2436    -16.713   0.258938    0.33798   0.420879   0.505823     2471.5    1.6e+19    5.70578    4.93803     4.6202    4.64832
     15600  0.0403253    32.6198    200.681    315.698        1.2    2261.36     701.09    2962.45    22.0794   -18.3392   0.254454   0.337551   0.408105   0.492784    2472.11    1.6e+19    5.69258    4.90174    4.98589    4.61557
     15500  0.0383559    36.6503    202.105    313.713        1.2    2270.13    722.515    2992.65    21.4248   -19.8971   0.249878   0.330612   0.400503   0.434418    2472.69    1.6e+19    5.67917    4.86595    4.95197    4.98776
     15400  0.0771264    40.5247    203.537    311.338        1.2    2283.83    742.983    3026.81    20.4677    -21.298   0.245239   0.317276   0.393227   0.434418    2473.22    1.6e+19    5.66564    4.83108     4.9199    4.95987
     15300   0.132186    48.2924    204.975    310.527        1.2    2305.68    765.324       3071    22.3417   -23.4632   0.240573   0.269662   0.382934   0.434418       2474    1.6e+19    5.65209    5.19945     4.8889    4.93127
     15200   0.174116    61.5529    206.417    310.719        1.2    2328.51    786.981    3115.49    21.6564   -26.4924   0.235921   0.269662   0.369566   0.434418    2475.14    1.6e+19    5.63865    5.16763    4.85885    4.90164
     15100   0.251637     79.042    207.861    317.141        1.2     2360.3    807.893    3168.19    20.9122   -29.7619     0.2313   0.269662   0.356223   0.434418    2476.57    1.6e+19    5.62536    5.13591    4.82919    4.87084
     15000   0.319976    104.274    209.305    327.844        1.2    2406.09    827.891    3233.98    19.9978   -33.6313   0.226702   0.269662   0.342831   0.434418    2478.54    1.6e+19     5.6122    5.10458    5.19941    4.83843
     14900   0.375383    136.327    210.745    336.029        1.2    2462.58    845.793    3308.37     17.902   -37.5975   0.222107   0.269662   0.336111   0.383024    2480.98    1.6e+19    5.59911    5.07374    5.16755    4.80491
     14800   0.355382    173.845    212.179    342.834        1.2    2530.35    862.893    3393.25       17.1   -41.4241   0.217486   0.269662   0.329288    0.36527    2483.74    1.6e+19    5.58601    5.04338    5.13557     5.1722
     14700          0    209.028    213.549     333.96        1.2    2591.31    878.339    3469.65    15.4458   -43.7401   0.212826   0.236861   0.322322    0.36527    2486.32    1.6e+19    5.57285     5.0144    5.10328    5.13659
     14600          0    209.028    206.081    265.689        1.2    2611.96    908.098    3520.06    29.7591   -39.3031  0.0502332   0.269662   0.390089    0.36527    2484.29    1.6e+19    6.43037    5.16753    4.82207    5.13871
     14500          0    209.028    203.852     239.05        1.2    2616.46    943.593    3560.05    35.4951   -40.3392 0.00532501    0.33798   0.434418    0.36527    2482.12    1.6e+19    6.62635    4.97039    4.94679    5.19591
     14400          0    209.028    203.986    222.594        1.2    2619.46    980.961    3600.42    37.3678   -43.2814          0   0.412886   0.456289   0.434418    2479.98    1.6e+19      6.501    4.68858    4.60697    4.86241
     14300          0    209.028     204.93    208.357        1.2    2625.39    1015.18    3640.57    34.2202   -46.7451          0   0.412886   0.489317   0.434418    2477.87    1.6e+19      6.501    4.73554    4.61718    4.92563
     14200          0    209.028    206.098     196.19        1.2    2638.05    1047.64    3685.69    32.4543   -50.2262          0   0.412886   0.476114   0.434418    2475.68    1.6e+19      6.501    4.73789    4.61281    4.97917
     14100          0    209.028    207.299     189.64        1.2    2651.29    1078.67    3729.96    31.0341   -53.4368          0   0.412886   0.459706   0.505823    2473.44    1.6e+19      6.501    4.71697    4.60769    4.61907
     14000          0    209.028    208.477    186.605        1.2    2673.78    1107.18    3780.96    28.5075    -56.132          0   0.412886   0.445779   0.505823    2471.23    1.6e+19      6.501    4.68747    4.60363    4.64536
     13900          0    209.028    209.618     181.56        1.2    2701.54    1138.13    3839.67     30.952   -58.3376          0   0.412886   0.442002   0.505823    2468.97    1.6e+19      6.501    4.65782    4.60255    4.67062
     13800          0    209.028     210.72    175.645        1.2    2720.59    1165.92    3886.52     27.795   -60.2813          0   0.412886    0.44805   0.505823    2466.68    1.6e+19      6.501    4.63232    4.60482    4.69548
     13700          0    209.028    211.786    171.326        1.2    2755.59    1195.49    3951.08    29.5639   -62.0531          0   0.389745   0.461576   0.505823    2464.37    1.6e+19      6.501    4.61394     4.6101    4.72039
     13600          0    209.028    212.822    167.895        1.2    2783.36    1223.87    4007.23    28.3831   -63.6461          0   0.367259   0.480557   0.505823    2462.03    1.6e+19      6.501    4.60787    4.61806    4.74557
     13500          0    209.028    213.835    171.125        1.2    2811.48    1245.87    4057.34    21.9954   -64.9814          0    0.36678   0.503398   0.505823    2459.68    1.6e+19      6.501    4.60784    4.62845    4.77115
     13400          0    209.028    214.825    178.388        1.2    2838.19    1270.08    4108.27     24.215   -65.7892          0   0.375403   0.505823   0.505823    2457.35    1.6e+19      6.501     4.6107    4.64257    4.79735
     13300          0    209.028    215.793    175.345        1.2    2865.58    1291.15    4156.72    21.0665   -66.2072          0   0.389195   0.505823   0.569446    2455.09    1.6e+19      6.501    4.61541    4.66072    4.41798
     13200          0    209.028    219.305    196.303        1.2    2875.62    1311.76    4187.38    20.6101   -66.6241 0.00615582   0.384479   0.505823   0.572861       2455    1.6e+19    6.64657    4.61471     4.6863    4.43284
     13100  0.0127543    209.041    221.525    202.995        1.2    2879.58     1326.1    4205.68    14.3399   -65.9869  0.0297915   0.369374   0.505823   0.572861    2455.04    1.6e+19    6.30134    4.61043    4.70279     4.4414
     13000          0    210.304    223.323    208.928        1.2    2891.52    1341.26    4232.79     15.163    -65.239  0.0620557    0.33798   0.505823   0.572861    2455.25    1.6e+19    6.50771    4.99559    4.70438    4.44219
     12900  0.0629318    210.366    224.776    215.276        1.2    2894.79    1355.19    4249.98    13.9314   -64.0057  0.0844391    0.33798   0.505823   0.572861    2455.43    1.6e+19    5.87367     4.9715    4.69619     4.4352
     12800  0.0903204    216.687    225.889    221.662        1.2    2906.31    1370.18    4276.49    14.9928   -64.0032   0.120897    0.33798   0.505823   0.572861    2456.13    1.6e+19    6.00366    4.94321    4.68276    4.42116
     12700  0.0360454    225.665    226.892    223.879        1.2    2912.46     1385.9    4298.36    15.7105   -64.3148   0.149291    0.33798   0.505823   0.518654    2457.05    1.6e+19    6.10916    4.91394    4.66582    4.40362
     12600          0    229.233    227.994    223.183        1.2    2925.07    1403.05    4328.13    17.1563   -63.4137   0.149485    0.33798   0.504746   0.505823    2457.55    1.6e+19    6.19454    4.88317    4.64564    4.78475
     12500          0    229.233    229.146    223.048        1.2    2935.16    1420.89    4356.05    17.8419   -62.0649   0.171117   0.323286   0.470796   0.505823     2457.8    1.6e+19    5.45782    4.85206    4.62472    4.76253
     12400          0    229.233    230.333    223.049        1.2    2947.34    1436.66       4384    15.7669   -61.1089   0.189022   0.292665   0.440273   0.505823    2458.04    1.6e+19    5.50662    4.82335    4.60417    4.73899
     12300          0    229.233    231.551    221.723        1.2    2948.54     1451.9    4400.44     15.235   -60.4982   0.202597   0.269662   0.434418   0.505823    2458.26    1.6e+19     5.5442    5.19701    4.98227    4.71492
     12200   0.082656    229.316    232.796    219.407        1.2    2961.81     1468.4    4430.21    16.5063   -60.2617   0.212811   0.269662   0.434418   0.505823     2458.5    1.6e+19    5.57281    5.17075    4.95878    4.69045
     12100   0.148606    237.647    234.064    218.546        1.2    2984.05    1486.78    4470.83    18.3782   -62.0888   0.220373   0.269662   0.434418   0.505823    2459.34    1.6e+19    5.59419    5.14496    4.93455    4.66465
     12000    0.21347    252.573     235.35    218.506        1.2    3015.03    1501.53    4516.56    14.7479   -65.1071   0.225808   0.269662   0.434418   0.505823    2460.67    1.6e+19    5.60965    5.11965     4.9093    4.63653
     11900   0.249758    273.956    236.651    219.299        1.2    3050.74    1519.43    4570.17    17.9029   -68.9806   0.229507   0.269662   0.411664   0.459914    2462.46    1.6e+19    5.62022    5.09467    4.88361    4.60679
     11800   0.337708     299.02    237.969    220.675        1.2    3092.31     1536.5    4628.81    17.0711   -72.8872   0.231771   0.269662   0.389746   0.434418    2464.43    1.6e+19    5.62672    5.06989    4.85866    4.97884
     11700   0.122165    332.575    239.305    229.499        1.2    3146.06    1553.78    4699.84    17.2774   -77.6466   0.232838   0.264247   0.368792   0.434418    2467.01    1.6e+19    5.62978    5.04524    4.83333    4.94695
     11600  0.0753526    344.745    227.341    203.979        1.2    3180.92     1583.8    4764.73    30.0233    -76.709  0.0789755   0.281609   0.434418   0.434418    2466.11    1.6e+19     5.8547    4.80623    4.95382    4.94536
     11500  0.0137997    352.219    223.298    186.073        1.2    3207.56    1626.27    4833.83     42.469   -77.5142  0.0331987   0.398612   0.505823   0.434418    2464.73    1.6e+19    6.32245    4.61815    4.68414    4.99746
     11400   0.018493    353.603    222.727    162.252        1.2    3222.86     1671.5    4894.36    45.2248   -78.7779 0.00998131   0.412886   0.505823   0.505823    2462.96    1.6e+19    6.74152     4.7465    4.74542    4.65788
     11300  0.0206002    355.455    223.409    150.959        1.2    3231.71    1713.57    4945.28    42.0688   -81.2854 0.00571887   0.439032   0.505823   0.505823    2461.14    1.6e+19    6.63591     4.4069    4.76326    4.71627
     11200          0    357.494    224.492    146.595        1.2    3235.67    1753.92    4989.59    40.3583    -83.865 0.00335879   0.459734   0.505823   0.505823    2459.33    1.6e+19    6.57905    4.41237    4.76261    4.76626
     11100          0    357.494    225.667    138.756        1.2    3252.11    1793.16    5045.26    39.2327   -85.7784 0.00223684   0.413778   0.505823    0.52932    2457.28    1.6e+19     6.5524    4.40023    4.75696    4.40662
     11000          0    357.494    226.844    129.307        1.2     3277.4    1831.11    5108.51    37.9558    -87.737 0.00193171   0.412886   0.505823   0.572861    2455.26    1.6e+19    6.54519    4.78196    4.75104    4.42984
     10900          0    357.494    227.995     123.88        1.2    3293.39    1870.72    5164.11    39.6053   -89.7198 0.00216724   0.412886   0.505823   0.572861    2453.22    1.6e+19    6.55075    4.76048    4.74691    4.44985
     10800          0    357.494     229.11    120.713        1.2    3297.76    1907.16    5204.92    36.4402   -91.5446 0.00275641   0.412886   0.505823   0.572861    2451.16    1.6e+19    6.56471    4.74081    4.74679    4.46943
     10700          0    357.494     230.19    116.635        1.2    3303.78    1943.19    5246.97    36.0345    -93.207 0.00357409   0.412886   0.505823   0.572861    2449.08    1.6e+19    6.58419    4.72537    4.75115    4.48942
     10600          0    357.494     231.24    112.164        1.2    3314.04    1978.85    5292.89    35.6596   -94.8114 0.00453727   0.412886   0.505823   0.572861    2446.98    1.6e+19     6.6073    4.71509    4.75977    4.51041
     10500          0    357.494    232.264    109.446        1.2    3324.55    2014.09    5338.64    35.2362   -96.3741 0.00559117   0.412886   0.505823   0.572861    2444.87    1.6e+19    6.63281    4.71012    4.77225    4.53277
     10400          0    357.494    233.264    107.749        1.2    3335.69    2047.02    5382.72    32.9357    -97.834 0.00669982   0.412886   0.505823   0.572861    2442.75    1.6e+19    6.65988    4.71018    4.78814    4.55666
     10300          0    357.494    234.245    106.646        1.2    3340.24    2077.68    5417.92    30.6547   -99.1798 0.00783972   0.412886   0.520234   0.572861    2440.63    1.6e+19    6.68798    4.71482    4.40622    4.58211
     10200          0    357.494    235.207     105.46        1.2    3345.66    2108.17    5453.83    30.4927   -100.415 0.00899445   0.412886   0.553881   0.596221    2438.55    1.6e+19    6.71673    4.72345    4.42187    4.20713
     10100          0    357.494    236.146    103.252        1.2    3367.22    2135.73    5502.94    27.5542   -101.604  0.0101499   0.412886   0.572861   0.634429    2436.62    1.6e+19    6.74577    4.73533    4.43593    4.22288
     10000          0    357.494    237.058    100.718        1.2     3382.2    2162.67    5544.87    26.9421   -102.797  0.0112949   0.412886   0.572861   0.634429    2434.72    1.6e+19    6.77484    4.74981    4.45166    4.23886
      9900          0    357.494    237.947      98.01        1.2    3386.33    2189.02    5575.35    26.3533   -104.017  0.0130116   0.412886   0.572861   0.634429    2432.82    1.6e+19     6.2035     4.7665    4.46986    4.25752
      9800          0    357.494    238.816    95.1665        1.2    3391.53    2213.95    5605.48    24.9273   -105.275   0.018053   0.412886   0.572861   0.634429    2430.92    1.6e+19    6.22981    4.78512    4.49013    4.27839
      9700          0    357.494     239.67    92.2136        1.2    3393.48    2237.47    5630.95    23.5178   -106.577  0.0223139   0.427047   0.572861   0.634429    2429.04    1.6e+19    6.25557    4.40472    4.51212    4.30108
      9600          0    357.494    240.506    89.1734        1.2    3396.08    2259.59    5655.67    22.1252   -107.928  0.0264672   0.465261   0.572861   0.634429    2427.21    1.6e+19     6.2809     4.4184    4.53544     4.3253
      9500          0    357.494    241.319    86.0604        1.2    3397.83    2280.35    5678.17    20.7556   -109.329  0.0305087   0.484658   0.572861   0.634429    2425.43    1.6e+19    6.30578    4.42917    4.55962    4.35071
      9400   0.107979    357.602    242.109    83.7135        1.2    3416.38    2303.44    5719.82    23.0912    -110.79  0.0344338   0.484658   0.572861   0.634429    2423.68    1.6e+19    6.33014    4.44248     4.5844    4.37702
      9300  0.0976168     368.39    242.876    81.6398        1.2    3434.29    2324.36    5758.66    20.9245   -114.335  0.0382489   0.484658   0.590872   0.641382    2422.71    1.6e+19    6.35403    4.45882    4.20841    4.00231
      9200  0.0935825    378.147    243.622    79.7334        1.2     3451.4    2344.44    5795.84    20.0785   -117.156   0.041931   0.484658   0.624789     0.6881     2421.8    1.6e+19    6.37727    4.47723    4.22558     4.0179
      9100   0.082012    387.494    244.344    77.9874        1.2    3460.67     2362.1    5822.76    17.6561   -119.554  0.0454397   0.484658   0.634429   0.690526    2420.95    1.6e+19    6.39959    4.49676    4.23918    4.02879
      9000  0.0657159    395.679    245.043    76.3956        1.2    3468.01    2376.35    5844.37    14.2567   -121.483  0.0487693   0.484658   0.634429   0.690526    2420.02    1.6e+19    6.42094    4.51679    4.25387    4.04076
      8900  0.0689096    402.254    245.726    74.9733        1.2    3486.21    2391.28    5877.49    14.9241   -122.965  0.0519397   0.484658   0.634429   0.690526    2418.99    1.6e+19    6.44141    4.53707    4.26952    4.05419
      8800  0.0650798    409.141    246.396    73.6725        1.2    3493.02    2405.41    5898.42    14.1292   -124.468  0.0549808   0.484658   0.634429   0.690526    2417.98    1.6e+19    6.46118    4.55747    4.28599    4.06895
      8700  0.0612926    415.645    247.056    72.4725        1.2     3493.6    2418.75    5912.36    13.3442   -125.839  0.0579189   0.484658   0.634429   0.690526    2416.95    1.6e+19    6.48041    4.57791    4.30313     4.0848
      8600  0.0588615    421.772    247.708    71.3644        1.2     3499.3    2431.59     5930.9    12.8422   -127.102  0.0607735   0.484658   0.634429   0.690526     2415.9    1.6e+19    6.49922    4.59836    4.32086    4.10163
      8500  0.0564912    427.656    248.353    70.3359        1.2    3499.87    2443.94    5943.81    12.3472   -128.296  0.0630091   0.520324   0.634429   0.690526    2414.87    1.6e+19    6.51771     4.2142    4.33909     4.1193
      8400  0.0563529    433.305    248.986    69.8178        1.2    3502.72    2456.25    5958.97    12.3142   -129.421  0.0630091   0.544134   0.634429   0.690526    2413.86    1.6e+19    6.53618    4.22494    4.35759    4.13768
      8300  0.0390316    438.923    249.604    69.6298        1.2    3511.35    2464.95     5976.3    8.69649   -130.498  0.0630091   0.551677   0.634429   0.690526    2412.88    1.6e+19    6.55458    4.23464    4.37619    4.15656
      8200  0.0388815    442.826    250.209    69.6945        1.2    3515.59    2473.62    5989.21    8.66578   -131.188  0.0630091   0.551677   0.634429   0.690526    2411.78    1.6e+19    6.57281    4.24659    4.39492    4.17602
      8100  0.0387638    446.714    250.808    69.9691        1.2    3522.96    2482.26    6005.22    8.64186   -131.885  0.0630091   0.551677   0.654914   0.690526    2410.68    1.6e+19    6.59087    4.26035    4.01193     4.1959
      8000  0.0372651    450.589      251.4    70.4075        1.2    3523.51    2490.58     6014.1    8.32506   -132.561   0.065365   0.551677   0.676289   0.722461    2409.66    1.6e+19      5.808    4.27532    4.02571    3.81172
      7900  0.0358456    454.314     251.98    71.0591        1.2    3532.18     2498.6    6030.78     8.0197    -133.17  0.0699476   0.551677   0.690526   0.741151    2408.73    1.6e+19    5.82364    4.29096    4.03711    3.82128
      7800  0.0317506    457.894    252.545    71.8837        1.2    3538.58    2505.76    6044.34    7.15511   -133.702  0.0743139   0.551677   0.690526   0.741151    2407.82    1.6e+19    5.83862    4.30687    4.04855    3.83112
      7700  0.0324998     461.07    253.095    72.8718        1.2    3542.78    2513.06    6055.84     7.3054   -134.102  0.0785088   0.551677   0.690526   0.741151    2406.89    1.6e+19    5.85309    4.32286    4.06108    3.84243
      7600  0.0285179    464.316    253.632    74.0271        1.2    3549.13    2519.53    6068.66    6.46786   -134.468  0.0825668   0.551677   0.690526   0.741151    2405.97    1.6e+19    5.86716    4.33889    4.07444    3.85493
      7500  0.0246958    467.164     254.16    75.3237        1.2    3560.86     2525.2    6086.06    5.66512   -134.693  0.0865135   0.551677   0.690526   0.741151    2405.03    1.6e+19    5.88091    4.35493    4.08845    3.86841
      7400   0.020907     469.63     254.68    75.6964        1.2    3575.88    2530.07    6105.95    4.87026    -134.81  0.0903693   0.551677   0.690526   0.741151    2404.07    1.6e+19    5.89441    4.37097    4.10298    3.88272
      7300  0.0267037    471.726    255.193    75.5495        1.2    3592.27    2536.15    6128.42    6.08183   -134.883  0.0941526   0.551677   0.690526   0.741151    2403.09    1.6e+19    5.90772      4.387    4.11797    3.89776
      7200  0.0325171    474.402    255.701    75.1168        1.2    3612.36    2543.45     6155.8    7.29926    -135.12  0.0978788   0.557975   0.690526   0.741151    2402.16    1.6e+19     5.9209    4.00277    4.13335    3.91329
      7100  0.0268284    477.648    256.201    74.4782        1.2    3633.18    2549.55    6182.73    6.09858   -135.488   0.101551   0.582086   0.690526   0.741151     2401.3    1.6e+19    5.93394    4.01408    4.14894    3.92906
      7000 0.00208864    480.306    256.691    73.6998        1.2    3646.37    2550.46    6196.83   0.909037   -135.743   0.105149   0.597956   0.690526   0.741151    2400.44    1.6e+19    5.94677    4.02256     4.1645    3.94501
      6900 0.00224825    480.515    257.169    72.8647        1.2    3659.57    2551.39    6210.96   0.931432   -135.563   0.108656    0.61014   0.690526   0.741151    2399.43    1.6e+19    5.95934       4.03    4.17999    3.96145
      6800  0.0229711    480.761    257.635    71.9745        1.2    3670.94    2556.65    6227.59    5.26527   -135.529   0.112082   0.613942   0.690526   0.741151    2398.45    1.6e+19    5.97168    4.03758    4.19553     3.9784
      6700  0.0170349    483.052     258.09    71.0066        1.2    3681.86    2560.66    6242.53    4.01038   -135.995   0.115444   0.613942   0.704581   0.741151    2397.62    1.6e+19    5.98383    4.04686    3.80969     3.9952
      6600 0.00208702    484.741    258.534     70.009        1.2     3693.5    2561.53    6255.03   0.866124   -136.334   0.118736   0.613942   0.719772   0.762864    2396.81    1.6e+19    5.99578    4.05735    3.82124    3.60889
      6500 0.00818575    484.956    258.967    69.0031        1.2    3702.25    2563.66    6265.91    2.13269   -136.416   0.121945   0.613942   0.730838   0.783318    2395.97    1.6e+19    6.00748    4.06854    3.83084    3.61729
      6400 0.00672061    485.773    259.388    68.2822        1.2    3710.42    2565.47    6275.89    1.81222   -136.697   0.125067   0.613942   0.739051   0.786217    2395.21    1.6e+19    6.01891    4.08008    3.83909    3.62427
      6300   0.013169    486.451    259.794    67.7253        1.2    3719.37    2568.63       6288    3.15594   -136.972   0.128103   0.613942   0.741151   0.786217    2394.47    1.6e+19    6.03007    4.09174    3.84735    3.63219
      6200  0.0153777     487.77    260.188    67.2585        1.2     3736.3    2572.24    6308.55    3.61238   -137.385    0.13105   0.613942   0.741151   0.786217    2393.78    1.6e+19    6.04094    4.10342    3.85658    3.64082
      6100  0.0176221     489.31    260.571    66.8707        1.2    3754.08    2576.32     6330.4    4.07904   -137.817   0.133913   0.613942   0.741151   0.786217     2393.1    1.6e+19    6.05154    4.11512     3.8664       3.65
      6000  0.0198956    491.075    260.946    66.5349        1.2    3760.96    2580.88    6341.83    4.55388   -138.261   0.136698   0.613942   0.741151   0.786217    2392.45    1.6e+19    6.06189    4.12681     3.8766    3.65962
      5900 0.00962783    493.054    261.314     66.239        1.2    3769.77    2583.26    6353.03    2.38558   -138.708   0.139409   0.613942   0.741151   0.786217    2391.82    1.6e+19    6.07201    4.13848    3.88703    3.66955
      5800   0.016456    494.024    261.678    65.9935        1.2     3784.8    2587.08    6371.88    3.82239   -138.921   0.142055   0.613942   0.741151   0.786217    2391.13    1.6e+19    6.08191    4.15011    3.89763    3.67987
      5700  0.0166633    495.669    262.036    65.7773        1.2    3790.07    2590.95    6381.02    3.86371   -139.275   0.144646   0.613942   0.741151   0.786217    2390.48    1.6e+19    6.09164    4.16168     3.9084    3.69049
      5600  0.0161777    497.335    262.391    65.5853        1.2    3793.63    2594.71    6388.34    3.75931   -139.606   0.147193   0.613942   0.741151   0.786217    2389.84    1.6e+19    6.10124    4.17318    3.91928    3.70127
      5500  0.0157066    498.953    262.741    65.4178        1.2    3807.12    2598.36    6405.49    3.65856   -139.904   0.149485   0.613942   0.741151   0.786217    2389.21    1.6e+19    6.11071    4.18461    3.93022    3.71218
      5400  0.0141811    500.522    263.089     64.547        1.2    3819.95     2601.7    6421.65    3.33582   -140.187   0.149485   0.613942   0.741151   0.786217    2388.57    1.6e+19    6.12033    4.19597    3.94121     3.7232
      5300  0.0126685    501.938    263.435    63.2527        1.2    3825.22    2604.72    6429.94    3.01487   -140.477   0.149485   0.624642   0.741151   0.786217    2387.93    1.6e+19    6.13018    3.80618    3.95226    3.73435
      5200  0.0268807    503.219    263.779    61.7238        1.2    3842.79    2610.74    6453.53    6.02146   -140.799   0.149485   0.636439   0.741151   0.786217    2387.29    1.6e+19    6.14013    3.81367    3.96335    3.74562
      5100  0.0224815    505.903    264.116    60.0198        1.2    3847.35    2615.82    6463.17    5.08397   -141.456   0.149485   0.645209   0.741151   0.786217    2386.78    1.6e+19    6.15009       3.82    3.97436    3.75677
      5000  0.0181087    508.147    264.447    58.1728        1.2    3849.07    2619.97    6469.04    4.15315   -142.033   0.149485   0.652383   0.741151   0.786217    2386.24    1.6e+19    6.15996    3.82588    3.98518    3.76773
      4900  0.0231915    509.963    264.772    56.2471        1.2    3852.22     2625.2    6477.42    5.22793   -142.566   0.149485   0.658572   0.741151   0.786217    2385.69    1.6e+19    6.16967    3.83162    3.99584    3.77867
      4800  0.0252343    512.284    265.092    54.2348        1.2    3853.26    2630.86    6484.12    5.65801   -143.259   0.149485   0.664058   0.747079   0.786217    2385.18    1.6e+19    6.17923    3.83737    3.60574    3.78949
      4700  0.0273099     514.81    265.406    52.1529        1.2    3860.23    2636.95    6497.19    6.09418   -144.028   0.149485   0.668945   0.755035   0.786217     2384.7    1.6e+19    6.18862    3.84316    3.61416    3.79984
      4600  0.0178913    517.531    265.712    50.0326        1.2    3862.09    2641.04    6503.13    4.08767   -144.866   0.149485   0.671454   0.761382   0.801906    2384.28    1.6e+19    6.19781    3.84909    3.62172    3.40738
      4500  0.0132128    519.316    266.012    47.8728        1.2    3865.74    2644.13    6509.87    3.08841   -145.552   0.151772   0.671454   0.766124   0.812552    2383.83    1.6e+19    5.40605    3.85573    3.62822     3.4124
      4400  0.0212923    520.645    266.303    46.0523        1.2    3870.03    2648.93    6518.96     4.7968    -146.22   0.154582   0.671454   0.769674   0.820843    2383.38    1.6e+19    5.41351    3.86287    3.63392    3.41632
      4300  0.0218867    522.775    266.585    44.4059        1.2    3871.94    2653.84    6525.78    4.91473     -147.1   0.157224   0.671454   0.772397   0.825184    2383.01    1.6e+19    5.42055    3.87025     3.6391    3.41965
      4200  0.0239357    524.965    266.857    42.8505        1.2    3878.33    2659.18    6537.51      5.343   -147.999   0.159734   0.671454   0.774622   0.825184    2382.66    1.6e+19    5.42724    3.87768    3.64408     3.4235
      4100  0.0203867    527.355    267.119    41.3683        1.2    3888.74    2663.77    6552.51    4.58092   -148.939   0.162126   0.671454   0.776592   0.825184    2382.32    1.6e+19    5.43364    3.88508    3.64911    3.42786
      4000  0.0267325      529.4    267.373     39.936        1.2    3899.58    2669.69    6569.27    5.92707   -149.807   0.164411   0.671454   0.778368   0.825184    2381.98    1.6e+19    5.43976    3.89239    3.65426     3.4326
      3900  0.0330993     532.08    267.619    38.5279        1.2    3913.21    2676.97    6590.18    7.28059   -150.808   0.166604   0.671454   0.779962   0.825184    2381.68    1.6e+19    5.44565    3.89958    3.65954    3.43757
      3800  0.0251995    535.382    267.859    37.1266        1.2    3925.34    2682.56     6607.9    5.59112   -151.909   0.168713   0.671454   0.781348   0.825184    2381.44    1.6e+19    5.45133    3.90666    3.66488    3.44256
      3700  0.0235295      537.9    268.093     35.165        1.2    3941.63     2687.8    6629.43    5.23224   -152.827    0.17074   0.671454   0.782516   0.825184    2381.14    1.6e+19     5.4568     3.9136    3.67023    3.44766
      3600  0.0218777    540.252    268.322    31.6783        1.2    3955.56    2692.67    6648.23    4.87772   -153.796   0.172694   0.671454   0.783507   0.825184    2380.84    1.6e+19    5.46208    3.92039    3.67564    3.45295
      3500  0.0292647    542.447    268.548    27.5258        1.2    3968.75    2699.13    6667.87    6.45202   -154.879    0.17459   0.671454   0.784349   0.825184    2380.53    1.6e+19    5.46722    3.92705    3.68113    3.45843
      3400  0.0235514    545.368     268.77    23.1171        1.2    3978.01    2704.36    6682.36    5.23029   -156.262   0.176439   0.671454   0.785048   0.825184    2380.28    1.6e+19    5.47223    3.93357    3.68669    3.46394
      3300  0.0241744    547.723    268.988    18.4657        1.2    3978.04    2709.72    6687.76    5.36199   -157.664   0.178245   0.671454     0.7856   0.825184       2380    1.6e+19    5.47714    3.93998    3.69227     3.4695
      3200  0.0248098    550.141    269.204    14.1489        1.2     3979.3    2715.22    6694.52    5.49649   -159.228   0.180011   0.671454   0.786029   0.825184    2379.72    1.6e+19    5.48195    3.94627    3.69788    3.47516
      3100  0.0235838    552.621    269.416    11.1414        1.2    3979.61    2720.45    6700.06    5.23368   -160.881   0.181743   0.671454   0.786217   0.825184    2379.45    1.6e+19    5.48668    3.95245    3.70354    3.48087
      3000  0.0223675    554.978    269.627    8.60666        1.2    3982.33    2725.42    6707.75    4.97325   -162.528   0.183446   0.671454   0.786217   0.825184    2379.17    1.6e+19    5.49133    3.95855    3.70927    3.48663
      2900   0.025606    557.218    269.835    6.41055        1.2    3985.49    2731.09    6716.58    5.66482   -164.155   0.185123   0.671454   0.786217   0.825184    2378.89    1.6e+19    5.49592    3.96456    3.71503    3.49247
      2800  0.0237079    559.777    270.042    4.44884        1.2    3989.02    2736.35    6725.37    5.25845   -165.834   0.186777   0.671454   0.786217   0.825184    2378.64    1.6e+19    5.50045     3.9705    3.72081    3.49834
      2700   0.039567    562.164    270.246    2.48788        1.2    3992.48       2745    6737.48    8.65396   -167.453   0.188411   0.671454   0.786217   0.825184    2378.38    1.6e+19    5.50494    3.97637    3.72659     3.5042
      2600  0.0152626    566.096    270.448   0.175091        1.2    4005.14    2748.45    6753.59    3.45221   -169.357   0.190023   0.671454   0.786217   0.825184    2378.23    1.6e+19    5.50937    3.98217    3.73233    3.50986
      2500  0.0330218     567.64    270.648   -2.21421        1.2    4005.43     2755.7    6761.14    7.25171   -170.766   0.191605   0.671454   0.786217   0.825184    2377.91    1.6e+19    5.51373    3.98792    3.73796    3.51557
      2400  0.0306953     570.94    270.847   -4.64108        1.2    4007.09    2762.46    6769.54     6.7526   -172.572   0.193163   0.671454   0.786217   0.825184    2377.72    1.6e+19    5.51803    3.99359     3.7436    3.52131
      2300  0.0276758    574.006    271.044   -7.10091        1.2    4007.45    2768.56    6776.02    6.10563   -174.315   0.194703   0.671454   0.786217   0.825184    2377.52    1.6e+19    5.52228    3.99921    3.74917    3.52689
      2200  0.0246656    576.771     271.24   -9.42173        1.2    4014.38    2774.02     6788.4    5.46016   -176.004   0.196217   0.676801   0.786065   0.825184     2377.3    1.6e+19    5.52647    3.60401    3.75468    3.53245
      2100  0.0242384    579.237    271.433   -11.3304        1.2    4014.57    2779.39    6793.96    5.36681   -177.636   0.197705   0.681416   0.785841   0.825184    2377.07    1.6e+19     5.5306    3.60776    3.76015    3.53805
      2000  0.0238285    581.661    271.623   -13.0662        1.2     4014.6    2784.67    6799.27    5.27664   -179.255   0.199164   0.685202   0.785617   0.825184    2376.85    1.6e+19    5.53465    3.61098    3.76557     3.5437
      1900  0.0259256    584.046     271.81   -14.6703        1.2    4015.39    2790.39    6805.78    5.72346   -180.854   0.200596   0.688623   0.785398   0.825184    2376.63    1.6e+19    5.53863    3.61392    3.77095    3.54937
      1800  0.0257073    586.638    271.993   -16.1758        1.2    4015.59    2796.06    6811.65    5.67413   -182.473      0.202   0.691907   0.785189   0.825184    2376.44    1.6e+19    5.54253    3.61665    3.77626    3.55499
      1700  0.0293609    589.212    272.171   -17.6968        1.2    4017.09    2802.52    6819.61    6.45528   -184.057   0.203372   0.695165    0.78499   0.825184    2376.25    1.6e+19    5.54636    3.61922    3.78148    3.56053
      1600  0.0362926    592.155    272.346   -19.4102        1.2    4018.39    2810.46    6828.84    7.94116   -185.688   0.204712    0.69844   0.784801   0.825184    2376.09    1.6e+19     5.5501    3.62165    3.78661    3.56593
      1500  0.0273958    595.776    272.517    -21.189        1.2    4020.13    2816.49    6836.62    6.02807   -187.416   0.206015   0.701745   0.784618   0.825184    2375.99    1.6e+19    5.55374    3.62393    3.79159    3.57108
      1400  0.0191862    598.507    272.684   -23.0008        1.2    4021.39    2820.75    6842.14    4.26609   -188.934   0.207274   0.705072   0.784438   0.825184    2375.83    1.6e+19    5.55726    3.62607     3.7964     3.5761
      1300  0.0220943    600.429    272.848   -24.8194        1.2    4026.42    2825.64    6852.06    4.88761   -190.309    0.20849   0.708398   0.784742   0.825184    2375.63    1.6e+19    5.56067    3.62805    3.40104     3.5812
      1200  0.0249772    602.641     273.01   -26.3649        1.2    4043.22    2831.14    6874.37    5.50331   -191.771   0.209676   0.711708   0.786355   0.825184    2375.45    1.6e+19      5.564    3.62989    3.40527    3.58634
      1100  0.0275024    605.141    273.168   -27.1666        1.2    4056.96    2837.19    6894.15    6.04222    -193.26   0.210837   0.714996   0.787719   0.825184     2375.3    1.6e+19    5.56726    3.63159     3.4093     3.5913
      1000  0.0293872    607.893    273.321   -27.6459        1.2    4068.61    2843.63    6912.24    6.44381   -194.727    0.21197   0.718242    0.78889   0.825184    2375.18    1.6e+19    5.57044    3.63317    3.41318    3.59601
       900  0.0281736    610.831     273.47   -27.7773        1.2    4080.69    2849.81     6930.5    6.17987   -196.137   0.213067   0.721425    0.78989   0.825966    2375.08    1.6e+19    5.57353    3.63463     3.4169    3.20043
       800  0.0445696    613.665    273.615   -27.6441        1.2    4094.05    2859.52    6953.56    9.70516   -197.423   0.214124   0.724011   0.790681   0.831789    2374.99    1.6e+19    5.57651      3.636    3.42036    3.20367
       700  0.0474052    618.124    273.754    -27.218        1.2    4105.24    2869.83    6975.07    10.3125   -198.898   0.215138   0.724011   0.791178   0.835571    2375.03    1.6e+19    5.57937     3.6377    3.42336    3.20577
       600  0.0333766    622.851    273.888   -26.3422        1.2    4126.39    2877.11     7003.5    7.28718   -200.234   0.216098   0.723558   0.791403   0.838033    2375.11    1.6e+19    5.58208    3.63984    3.42586    3.20714
       500  0.0303021    626.185    274.018   -25.1693        1.2    4148.06    2883.74     7031.8    6.62454   -201.136   0.216993   0.723218   0.791453   0.840117    2375.08    1.6e+19    5.58461    3.64226    3.42801     3.2083
       400  0.0393998    629.225    274.146   -23.6744        1.2    4182.19    2892.32    7074.51    8.58161    -201.87   0.217834   0.722971   0.791435   0.842224    2375.04    1.6e+19    5.58699    3.64482    3.42998    3.20948
       300  0.0155642    633.141    274.271   -21.9352        1.2    4205.66    2895.78    7101.44    3.45577   -202.646   0.218638   0.722791    0.79139   0.844092    2375.07    1.6e+19    5.58927    3.64741    3.43186    3.21052
       200  0.0129637    634.695    274.394   -19.6905        1.2    4235.95    2898.67    7134.63    2.89804   -202.843    0.21941   0.722662   0.791335   0.846208    2374.93    1.6e+19    5.59146    3.64999    3.43366     3.2117
       100   0.031773     636.01    274.517   -16.5276        1.2    4251.41    2905.61    7157.02    6.93773    -202.91   0.220165   0.722575   0.791328   0.848757    2374.79    1.6e+19     5.5936    3.65254    3.43552    3.21312
         0  0.0312268    639.187    274.638   -12.8967        1.2    4253.88    2912.43    7166.31    6.81747   -203.181   0.220923   0.722526   0.791357      0.851    2374.78    1.6e+19    5.59575    3.65505    3.43742    3.21437