      20000           0           0     179.437      354.04           0     78.9895     14.2831     93.2726     14.2831      6.5598    0.258968    0.460851    0.605054    0.634429     2456.76     1.6e+19     5.73044     4.59858     4.35318     4.39114
      19900           0           0     179.437      353.13           0     151.419     29.7361     181.156     15.4531     6.43382    0.258968    0.460851    0.605054    0.634429     2456.76     1.6e+19     5.73044     4.59858     4.35318     4.39114
      19800           0           0     179.437     352.506           0     228.894     46.3592     275.253     16.6231     6.30822    0.258968    0.460851    0.605054    0.634429     2456.76     1.6e+19     5.73044     4.59858     4.35318     4.39114
      19700           0           0     179.437     352.255           0     299.319     60.5222     359.841     14.1631     6.19879    0.258968    0.460851    0.605054    0.634429     2456.76     1.6e+19     5.73044     4.59858     4.35318     4.39114
      19600           0           0     179.437      352.29           0     351.209     72.5053     423.714     11.9831     6.12087    0.258968    0.460851    0.605054    0.634429     2456.76     1.6e+19     5.73044     4.59858     4.35318     4.39114
      19500           0           0     179.437     350.597           0     414.692     82.0183      496.71     9.51306     6.05158    0.258968    0.460851    0.605054    0.634429     2456.76     1.6e+19     5.73044     4.59858     4.35318     4.39114
      19400           0           0     179.437     347.879           0     487.353     94.1014     581.454     12.0831     5.90477    0.258968    0.460851    0.605054    0.634429     2456.76     1.6e+19     5.73044     4.59858     4.35318     4.39114
      19300           0           0     179.437     345.374           0     558.279     106.214     664.494     12.1131     5.65656    0.258968    0.460851    0.605054    0.634429     2456.76     1.6e+19     5.73044     4.59858     4.35318     4.39114
      19200           0           0     179.437     342.873           0     620.606     118.358     738.963     12.1431     5.32496    0.258968    0.460851    0.605054    0.634429     2456.76     1.6e+19     5.73044     4.59858     4.35318     4.39114
      19100           0           0     179.437      342.02           0     681.386     130.011     811.397     11.6531     4.94128    0.258968    0.460851    0.605054    0.634429     2456.76     1.6e+19     5.73044     4.59858     4.35318     4.39114
      19000           0           0     179.437     342.156           0      741.53     142.474     884.004     12.4631     4.58749    0.258968    0.460851    0.605054    0.634429     2456.76     1.6e+19     5.73044     4.59858     4.35318     4.39114
      18900           0           0     179.437     340.553           0     800.577     155.747     956.323     13.2731     4.26219    0.258968    0.460851    0.605054    0.634429     2456.76     1.6e+19     5.73044     4.59858     4.35318     4.39114
      18800           0           0     179.437     337.986           0     870.831      166.28     1037.11     10.5331     3.87637    0.258968    0.460851    0.605054    0.634429     2456.76     1.6e+19     5.73044     4.59858     4.35318     4.39114
      18700           0           0     179.437      336.21           0     952.601     178.113     1130.71     11.8331     3.41716    0.258968    0.460851    0.605054    0.634429     2456.76     1.6e+19     5.73044     4.59858     4.35318     4.39114
      18600           0           0     179.437     334.818           0     1047.59     192.576     1240.17     14.4631     2.92873    0.258968    0.460851    0.605054    0.634429     2456.76     1.6e+19     5.73044     4.59858     4.35318     4.39114
      18500           0           0     179.437     333.482           0     1150.05     201.259     1351.31     8.68306     2.42444    0.258968    0.460851    0.605054    0.634429     2456.76     1.6e+19     5.73044     4.59858     4.35318     4.39114
      18400           0           0     179.437     332.205           0     1219.19     209.492     1428.69     8.23306      1.9065    0.258968    0.460851    0.605054    0.634429     2456.76     1.6e+19     5.73044     4.59858     4.35318     4.39114
      18300           0           0     179.437     329.228           0      1275.7     218.075     1493.77     8.58306     1.34924    0.258968    0.460851    0.605054    0.634429     2456.76     1.6e+19     5.73044     4.59858     4.35318     4.39114
      18200           0           0     179.437       325.2           0      1360.8     226.658     1587.45     8.58306    0.672723    0.258968    0.460851    0.605054    0.634429     2456.76     1.6e+19     5.73044     4.59858     4.35318     4.39114
      18100           0           0     179.437     321.768           0     1469.79     234.714      1704.5     8.05639   -0.137283    0.258968    0.460851    0.605054    0.634429     2456.76     1.6e+19     5.73044     4.59858     4.35318     4.39114
      18000           0           0     179.437     318.559           0     1574.09     243.331     1817.42     8.61639    -1.04056    0.258968    0.460851    0.605054    0.634429     2456.76     1.6e+19     5.73044     4.59858     4.35318     4.39114
      17900           0           0     179.437      317.64           0     1670.99     253.364     1924.35     10.0331    -1.98653    0.258968    0.460851    0.605054    0.634429     2456.76     1.6e+19     5.73044     4.59858     4.35318     4.39114
      17800           0           0     179.437     318.134           0        1766     264.257     2030.25     10.8931    -2.86227    0.258968    0.460851    0.605054    0.634429     2456.76     1.6e+19     5.73044     4.59858     4.35318     4.39114
      17700           0           0     179.437     316.312           0     1860.47      274.54     2135.01     10.2831    -3.66765    0.258968    0.460851    0.605054    0.634429     2456.76     1.6e+19     5.73044     4.59858     4.35318     4.39114
      17600           0           0     179.437     313.229           0     1943.92     288.828     2232.75     14.2881    -4.52282    0.258968    0.460851    0.605054    0.634429     2456.76     1.6e+19     5.73044     4.59858     4.35318     4.39114
      17500           0           0     179.437     313.298           0     2011.35     302.776     2314.12     13.9481    -5.41147    0.258968    0.460851    0.605054    0.634429     2456.76     1.6e+19     5.73044     4.59858     4.35318     4.39114
      17400           0           0     182.115     344.137           0     2042.72     312.444     2355.16     9.66738    -7.03503    0.258968    0.459299    0.604915    0.634429     2457.76     1.6e+19      5.7211     4.59193      4.3525     4.39344
      17300           0           0     182.934     353.815           0     2073.54     322.233     2395.78     9.78928    -7.23612    0.258968    0.457387    0.602965    0.634429     2458.73     1.6e+19     5.71793     4.58375     4.34297     4.38361
      17200           0           0      183.39     359.881           0     2096.59     335.928     2432.52      13.695    -7.02974    0.258968    0.455248     0.59985    0.634429     2459.65     1.6e+19     5.72125     4.57463     4.32783     4.36492
      17100           0           0     183.841     363.835           0     2099.91     350.717     2450.63     14.7892    -6.64495    0.258968    0.452619    0.595693    0.634429     2460.55     1.6e+19     5.72871     4.56346     4.30774     4.33998
      17000           0           0     184.395     366.328           0     2106.32     368.422     2474.74     17.7049    -6.19849    0.258968    0.475551    0.587251    0.634429     2461.42     1.6e+19     5.73799     4.54879     4.28324     4.31057
      16900           0           0     185.076     363.157           0     2119.69     386.971     2506.66     18.5487    -5.83044    0.258968    0.484658    0.575138    0.634429     2462.28     1.6e+19     5.74731     4.52873     4.25519     4.27796
      16800           0           0     185.879      356.08           0     2132.94     406.282     2539.22     19.3111    -5.80695    0.258968    0.484658      0.5616    0.634429     2463.11     1.6e+19     5.75543     4.50524     4.22418     4.24311
      16700           0           0     186.789     347.713           0     2143.96     427.383     2571.34     21.1008    -6.22983    0.258968    0.479384    0.548863    0.596992      2463.9     1.6e+19     5.76158     4.47861      4.5905     4.20736
      16600           0           0     187.792     338.163           0     2156.83      452.74     2609.57     25.3575    -7.09448    0.258968    0.472202    0.541008    0.572861     2464.62     1.6e+19     5.76538     4.44944     4.55473     4.57412
      16500           0           0     188.875     339.172           0     2164.82     472.218     2637.03     19.4779    -8.20911    0.258968    0.432691    0.532904    0.572861      2465.3     1.6e+19      5.7667     4.41878      4.5183     4.53859
      16400   0.0650992   0.0650992     190.027      347.24           0     2171.37     496.159     2667.52     23.9409    -8.99678    0.258968    0.412886    0.520135    0.572861     2465.94     1.6e+19     5.76561     4.78854     4.48125     4.50183
      16300    0.111926     6.62185      191.31     352.193           0     2187.86     517.365     2705.22     21.2062    -10.7661    0.258968    0.412886     0.50326    0.572861     2466.56     1.6e+19     5.76229     4.75452     4.44482     4.46801
      16200    0.075701     17.7782     192.795     355.467           0     2209.41     544.015     2753.42     26.6501    -13.0117    0.258968    0.412886    0.487354    0.572861     2467.15     1.6e+19     5.75704     4.71898     4.41094     4.44113
      16100  0.00966992     25.2823      194.41     346.979           0     2227.24     573.342     2800.59      29.327    -13.9891    0.258968    0.408654    0.477466    0.571037     2467.72     1.6e+19     5.75027     4.68294     4.77961     4.41843
      16000           0     26.2396     196.009     330.602           0     2235.09     601.037     2836.12     27.6947    -13.9222    0.258968    0.400757    0.470557    0.505823     2468.23     1.6e+19     5.74245     4.64754     4.74998     4.79702
      15900           0     26.2396      197.54     322.246           0     2238.02     627.349     2865.37     26.3124    -14.4737    0.258968    0.350038    0.463764    0.505823     2468.68     1.6e+19     5.73387     4.61413     4.72116     4.77195
      15800   0.0219197     26.2615     199.033     318.736           0     2244.02     650.676     2894.69     23.3269    -15.3471    0.258968    0.325791    0.454411    0.505823      2469.1     1.6e+19     5.72469     4.98402     4.69166     4.74327
      15700    0.032293     28.4638     200.533     316.417           0     2250.74     673.653     2924.39     22.9766    -16.7925    0.258968     0.33798    0.440565    0.505823     2469.49     1.6e+19     5.71499     4.95161     4.66193     4.71402
      15600   0.0365918     31.6974     202.071     315.126           0      2258.9     694.342     2953.24     20.6892    -18.3723    0.258602     0.33798    0.426798    0.505823     2469.88     1.6e+19     5.70479     4.91914     4.63268     4.68625
      15500    0.034189     35.3542     203.645     313.073           0     2267.03     714.227     2981.26     19.8851    -19.8872     0.25506    0.334707    0.413386    0.505823     2470.24     1.6e+19     5.69436     4.88701     4.60448     4.66031
      15400   0.0725297     38.8115     205.243     310.628           0     2280.02      732.99     3013.01     18.7624    -21.2471    0.251498    0.328622    0.405989    0.505823     2470.57     1.6e+19     5.68391     4.85576     4.97641     4.63582
      15300    0.126991     46.1189     206.898     309.731           0     2301.07     753.409     3054.48     20.4191    -23.3759    0.247942    0.304642    0.399923    0.488786     2470.89     1.6e+19     5.67351     4.82578      4.9494      4.6145
      15200    0.167891     58.8589     208.685     309.803           0     2322.99     772.797     3095.78     19.3886    -26.3788    0.244439      0.2492    0.394559    0.444984     2471.13     1.6e+19     5.66331     5.19962     4.92574     4.60281
      15100    0.243948     75.7241      210.65      316.03           0     2353.67     790.921     3144.59     18.1238    -29.6339      0.2411    0.244403    0.390437     0.43543     2471.32     1.6e+19     5.65362      5.1747      4.9077     4.60027
      15000    0.310185     100.185     212.851      326.44           0     2398.06     807.373     3205.43     16.4518    -33.5054    0.238067    0.257039    0.386096    0.458359      2471.5     1.6e+19     5.64484     5.15056     4.89606     4.60638
      14900    0.362739     131.256     215.346      334.23           0     2452.75     820.674     3273.42     13.3008    -37.4927    0.235492    0.269662    0.384067    0.505823     2471.72     1.6e+19     5.63741     5.12701     4.89146     4.62126
      14800    0.339498     167.507     218.147     340.506           0     2518.19     831.805        3350     11.1317    -41.3544    0.233541    0.269662    0.385395    0.505823     2471.97     1.6e+19      5.6318     5.10656     4.89447     4.64778
      14700           0     201.117     221.108     331.132           0     2576.32     839.692     3416.01      7.8869    -43.7125    0.232407    0.269662    0.390002    0.505823     2472.21     1.6e+19     5.62854     5.09024      4.9058     4.68376
      14600           0     201.117     215.082     262.303           0     2593.59      860.45     3454.04     20.7575    -39.5414   0.0630091     0.33798    0.497349    0.505823     2470.58     1.6e+19     6.53591     4.85826     4.66432     4.73079
      14500           0     201.117     213.407     235.376           0     2594.41      886.39      3480.8     25.9403    -40.6896   0.0113437    0.412886    0.572861    0.525329     2468.85     1.6e+19     6.77608     4.67814     4.42515      4.4055
      14400           0     201.117      213.83     218.766           0     2601.24     913.915     3515.16     27.5244    -43.6605  0.00391936    0.484658    0.572861    0.572861     2467.22     1.6e+19     6.59245     4.42236     4.50135     4.47224
      14300           0     201.117     214.963     204.478           0     2611.05     938.102     3549.15     24.1873    -47.1057 3.52966e-05    0.484658    0.572861    0.572861     2465.59     1.6e+19     6.50082     4.48614     4.52871     4.52838
      14200           0     201.117     216.269     192.304           0      2627.6     960.385     3587.99     22.2832     -50.542           0    0.484658    0.572861    0.572861      2463.9     1.6e+19       6.501     4.50741       4.532      4.5701
      14100           0     201.117      217.57     185.723           0     2644.75     981.149      3625.9     20.7638    -53.6949           0    0.484658    0.572861    0.572861     2462.15     1.6e+19       6.501     4.50472     4.52623     4.59931
      14000           0     201.117     218.812     182.658           0     2671.19     999.322     3670.52     18.1729    -56.3293           0    0.484658    0.572861    0.619691     2460.42     1.6e+19       6.501     4.49123      4.5182     4.21431
      13900           0     201.117     219.987     177.641           0     2702.87      1019.9     3722.77     20.5828     -58.475           0    0.484658    0.572861    0.634429     2458.71     1.6e+19       6.501     4.47483      4.5099     4.22042
      13800           0     201.117     221.097     171.773           0      2725.8     1037.32     3763.12     17.4181     -60.362           0    0.484658    0.572861    0.634429     2456.98     1.6e+19       6.501     4.45973     4.50356     4.22544
      13700           0     201.117     222.148     167.493           0     2764.62     1056.52     3821.15     19.2023    -62.0816 4.41743e-05    0.484658    0.572861    0.634429     2455.24     1.6e+19     6.50103     4.44797     4.50064     4.23134
      13600           0     201.117     223.147     164.106           0     2796.19     1074.58     3870.77     18.0577    -63.6283  0.00111776    0.484658    0.572861    0.634429     2453.48     1.6e+19     6.52606     4.44033     4.50151      4.2388
      13500           0     201.117     224.103     167.288           0     2828.14     1086.31     3914.45     11.7273    -64.9234  0.00222968    0.484658    0.572861    0.634429     2451.71     1.6e+19     6.55223     4.43697     4.50606     4.24827
      13400           0     201.117      225.02      174.47           0     2858.76     1100.33     3959.09     14.0203    -65.6975  0.00335489    0.484658    0.572861    0.634429     2449.93     1.6e+19     6.57895     4.43766     4.51398     4.25992
      13300           0     201.117     225.904     171.509           0     2889.99     1111.29     4001.28     10.9564    -66.0891  0.00447838    0.484658    0.572861    0.634429     2448.14     1.6e+19     6.60588     4.44205     4.52496     4.27378
      13200           0     201.117     229.452     192.314           0     2904.02     1121.75     4025.77     10.4633    -66.5405   0.0322105    0.484658    0.572861    0.634429     2448.27     1.6e+19     6.31631     4.44953     4.54935     4.29245
      13100           0     201.117     231.687     198.907           0     2912.07     1125.93        4038     4.17806    -65.9494   0.0630091    0.484658    0.572861    0.634429     2448.54     1.6e+19     6.57295     4.44861     4.56416     4.30209
      13000           0     201.117     233.485     204.784           0     2928.16     1130.93     4059.09     5.00135    -64.9815    0.112669     0.46908    0.572861    0.634429     2448.91     1.6e+19     5.97379      4.4332     4.56386     4.30235
      12900   0.0352881     201.152     234.921      211.06           0     2929.11     1134.72     4063.83     3.78609      -63.84    0.149485    0.429585    0.572861    0.634429     2449.34     1.6e+19     6.13629     4.41033     4.55348     4.29378
      12800   0.0629377     204.709     236.046     217.392           0     2936.37     1139.55     4075.92     4.83597    -63.3347     0.17348    0.412886    0.572861    0.634429      2449.8     1.6e+19     5.46421     4.78428     4.53797     4.28001
      12700   0.0081789     210.948     237.151     219.611           0     2938.25        1145     4083.25     5.45178    -63.2637    0.209259    0.412886    0.572861    0.634429     2450.31     1.6e+19     5.56283     4.75573     4.52043      4.2652
      12600           0     211.758     238.375     218.937           0     2955.11     1151.78     4106.89     6.77484    -62.0606    0.236523    0.412886    0.572861    0.634429     2450.86     1.6e+19     5.64039      4.7249     4.50042     4.24715
      12500           0     211.758       239.6      218.79           0     2969.45     1159.17     4128.61     7.38758    -61.0568     0.25718    0.412886    0.572861    0.634429     2451.44     1.6e+19      5.7006     4.69301     4.47756     4.22389
      12400           0     211.758      240.82     218.769           0     2985.91     1164.45     4150.36     5.28038    -60.3683    0.258968    0.408874    0.564083    0.572861     2452.01     1.6e+19     5.74742     4.66119     4.45262     4.59957
      12300           0     211.758     242.042     217.435           0     2991.41     1169.19      4160.6      4.7444    -59.9657    0.258968    0.373096    0.536402    0.572861     2452.51     1.6e+19     5.78415     4.63169      4.4289     4.57465
      12200   0.0546509     211.812     243.275     215.119           0     3000.38     1175.22      4175.6     6.02788    -59.8851    0.264373    0.343333    0.511642    0.572861     2452.98     1.6e+19     5.01166     4.60505     4.40576     4.54777
      12100     0.12109     217.344     244.592     214.253           0     3018.33     1183.07      4201.4     7.84983    -61.2447    0.272662     0.33798    0.505823    0.572861     2453.44     1.6e+19     5.03098     4.97906     4.78173     4.52305
      12000    0.186018     229.518     246.105     214.195           0        3045     1187.06     4232.06     3.99244    -63.9207    0.277771     0.33798    0.505823    0.572861      2453.9     1.6e+19     5.04451     4.95305     4.75834     4.50521
      11900    0.221606     248.155     247.892     214.912           0     3076.32     1193.72     4270.05     6.66209    -67.5562    0.280657     0.33798    0.499694    0.572861     2454.37     1.6e+19     5.05361     4.92765     4.73898      4.4973
      11800    0.308315     270.402     249.969      216.14           0     3113.36     1198.79     4312.15      5.0706     -71.301    0.282079     0.33798    0.491462    0.572861     2454.83     1.6e+19     5.05954     4.90344     4.72616     4.49974
      11700    0.101002     301.027     252.389     224.605           0     3162.21     1202.99      4365.2     4.19276    -75.9657    0.282642    0.323239    0.486883    0.572861     2455.28     1.6e+19     5.06346     4.88158     4.72052     4.51437
      11600   0.0535874     311.079     241.334     198.773           0     3191.87     1219.02     4410.89     16.0303    -75.1102     0.14665    0.412886    0.554678    0.572861     2454.08     1.6e+19     6.09919     4.64361      4.4658     4.54898
      11500           0     316.384     237.758     180.947           0     3213.38     1247.02     4460.41     28.0084     -75.909   0.0630091    0.484658    0.634429    0.634429     2452.76     1.6e+19      6.5928     4.45932      4.2241     4.22191
      11400           0     316.384     237.448      157.38           0     3223.81     1277.53     4501.34     30.5042    -77.2742   0.0495853    0.487256    0.634429    0.634429      2451.5     1.6e+19     6.42619     4.20077     4.30016     4.29226
      11300           0     316.384      238.26      146.18           0     3227.88     1304.75     4532.63     27.2174    -79.7217   0.0358425    0.551677    0.634429    0.634429     2450.22     1.6e+19     6.33894     4.26109     4.32834     4.35143
      11200           0     316.384     239.413     141.903           0     3228.62     1330.18      4558.8     25.4372    -82.1875   0.0288927    0.551677    0.634429    0.634429     2448.88     1.6e+19      6.2958     4.27778     4.33212     4.39501
      11100           0     316.384     240.624     134.221           0     3249.59     1354.46     4604.05     24.2758    -84.4017   0.0261014    0.551677    0.634429    0.690526     2447.54     1.6e+19     6.27866     4.27082     4.32556     4.01884
      11000           0     316.384       241.8     124.927           0     3279.27     1377.46     4656.73     22.9999    -86.5704   0.0258746    0.551677    0.634429    0.690526     2446.21     1.6e+19     6.27727     4.25318     4.31445     4.02974
      10900           0     316.384     242.913     119.576           0     3299.56     1402.15     4701.71     24.6873    -88.7017   0.0272149    0.551677    0.634429    0.690526     2444.86     1.6e+19     6.28549      4.2326     4.30356     4.03666
      10800           0     316.384      243.96     116.467           0     3308.18     1423.74     4731.92     21.5903     -90.633   0.0294954    0.523459    0.634429    0.690526     2443.48     1.6e+19     6.29952      4.2155      4.2951     4.04166
      10700           0     316.384     244.952      112.47           0     3318.36     1445.01     4763.37     21.2734    -92.3738   0.0323323    0.501453    0.634429    0.690526     2442.04     1.6e+19     6.31707     4.20704     4.28994     4.04632
      10600           0     316.384     245.901     108.077           0     3332.71     1466.01     4798.72     20.9989    -94.0371   0.0354964    0.492418    0.634429    0.690526     2440.57     1.6e+19     6.33677     4.20342     4.28836     4.05175
      10500           0     316.384     246.815     105.402           0     3347.26     1486.69     4833.96     20.6854    -95.6457   0.0388432    0.490551    0.634429    0.690526     2439.08     1.6e+19     6.35776     4.20273      4.2902      4.0586
      10400           0     316.384     247.695     103.736           0     3362.42      1505.2     4867.62     18.5051    -97.1429   0.0422777    0.493016    0.634429    0.690526      2437.6     1.6e+19     6.37947     4.20407      4.2951      4.0672
      10300           0     316.384     248.544     102.655           0     3370.96     1521.56     4892.52     16.3563    -98.5204   0.0457369    0.498233    0.634429    0.690526     2436.12     1.6e+19     6.40149     4.20695     4.30271     4.07763
      10200   0.0748856     316.459     249.363     101.496           0     3380.34     1537.89     4918.23     16.3374    -99.8017   0.0491785    0.505227    0.634429    0.690526     2434.65     1.6e+19     6.42357     4.21108     4.31263     4.08985
      10100   0.0601133     323.933     250.294      99.187           0     3405.96      1551.3     4957.26     13.4056    -102.499   0.0525989    0.513388    0.634429    0.690526     2433.19     1.6e+19     6.44568     4.21629     4.32518     4.10769
      10000   0.0563754     329.941     251.337     96.4881           0     3425.18     1563.96     4989.14     12.6631    -104.572   0.0560934    0.522572    0.634429    0.690526     2431.75     1.6e+19     6.46845     4.22263     4.34176     4.13146
       9900   0.0526989     335.575     252.393     93.6071           0     3433.71     1575.87     5009.57     11.9067    -106.421   0.0596959    0.532756    0.634429    0.690526     2430.33     1.6e+19     6.49211     4.23022     4.36196     4.15823
       9800   0.0450488     340.837     253.439     90.5923           0     3443.48     1586.17     5029.66     10.3051    -108.119   0.0630091    0.543741    0.634429    0.690526     2428.93     1.6e+19     6.51653     4.23909      4.3849     4.18679
       9700   0.0376238     345.334     254.455     87.4851           0     3446.26     1594.91     5041.17       8.733    -109.641   0.0630091    0.551677    0.647209    0.726606     2427.57     1.6e+19     6.54185     4.24931     4.00865     3.81324
       9600   0.0304788     349.089     255.426     84.3162           0     3448.52     1602.11     5050.63     7.20547    -111.045   0.0630091    0.551677    0.672666    0.741151     2426.33     1.6e+19     6.56783      4.2624     4.02732     3.83171
       9500    0.023628     352.131     256.341     81.1026           0     3455.23     1607.85     5063.08     5.73384    -112.376   0.0630091    0.551677    0.690526    0.741151     2425.14     1.6e+19     6.59389     4.27804     4.04363      3.8501
       9400    0.034626     354.504     257.198     78.6656           0     3478.83     1615.85     5094.68     8.00237    -113.653   0.0682078    0.551677    0.690526    0.741151     2423.96     1.6e+19     5.81769     4.29544     4.06103     3.86803
       9300   0.0239633     357.956     258.031     76.6616           0     3501.72     1621.62     5123.34     5.76905    -115.195   0.0746023    0.551677    0.690526    0.741151     2422.79     1.6e+19     5.83961      4.3141     4.07986     3.88659
       9200   0.0197537     360.348     258.841     74.9116           0     3523.65     1626.48     5150.12     4.85926    -116.503   0.0806531    0.551677    0.690526    0.741151     2421.63     1.6e+19     5.86052     4.33366     4.09956     3.90581
       9100  0.00810151     362.312      259.61     73.3465           0     3537.56     1628.87     5166.43     2.38983    -117.742   0.0864242    0.551677    0.690526    0.741151     2420.48     1.6e+19      5.8806     4.35383     4.11964     3.92504
       9000           0     363.114     260.327     71.9446           0     3549.36     1629.89     5179.25    -1.02689    -118.775   0.0919401    0.551677    0.690526    0.741151     2419.34     1.6e+19     5.89993     4.37438     4.13969      3.9437
       8900           0     363.114     260.982     70.7021           0     3571.82     1630.23     5202.05   -0.331905    -119.707   0.0971952    0.551677    0.690526    0.741151     2418.22     1.6e+19     5.91847     4.39509     4.15928      3.9613
       8800           0     363.114     261.591     69.5775           0     3582.73     1631.29     5214.02    -1.06594    -120.703     0.10218    0.580215    0.690526    0.741151     2417.12     1.6e+19     5.93618      4.0125     4.17818     3.97812
       8700           0     363.114     262.167     68.5453           0     3586.07     1633.06     5219.12    -1.76714    -121.736    0.106893    0.604072    0.690526    0.741151     2416.07     1.6e+19     5.95302     4.02418     4.19629     3.99459
       8600           0     363.114     262.713     67.5935           0     3587.99     1635.22     5223.22    -2.16291    -122.788    0.111334    0.613942    0.708736    0.762356     2415.09     1.6e+19     5.96898     4.03394     3.81151     3.60868
       8500           0     363.114     263.229     66.7117           0     3592.18     1637.75     5229.93    -2.52869    -123.843    0.115512    0.613942    0.724237    0.783021     2414.21     1.6e+19     5.98408     4.04509     3.82245     3.61717
       8400           0     363.114     263.716     66.3222           0     3592.83     1640.17        5233     -2.4156    -124.882    0.119439    0.613942    0.734987    0.786217     2413.38     1.6e+19     5.99834      4.0573     3.83118     3.62379
       8300           0     363.114     264.177     66.2544           0     3604.84     1646.04     5250.88    -5.87654    -125.877    0.123133    0.613942    0.741151    0.786217     2412.57     1.6e+19     6.01183     4.06996     3.83929     3.63108
       8200           0     363.114     264.616     66.4068           0     3612.37     1651.78     5264.15    -5.74078    -126.813     0.12662    0.613942    0.741151    0.786217     2411.77     1.6e+19     6.02461     4.08278     3.84831     3.63898
       8100           0     363.114     265.038     66.7504           0     3622.96     1657.37     5280.33    -5.58835    -127.681    0.129932    0.613942    0.741151    0.786217     2410.98     1.6e+19     6.03681     4.09561     3.85811     3.64758
       8000           0     363.114     265.448     67.2507           0     3625.56     1663.09     5288.66    -5.72301    -128.475    0.133098    0.613942    0.741151    0.786217     2410.19     1.6e+19     6.04852     4.10841     3.86839     3.65684
       7900           0     363.114     265.847     67.9564           0     3637.33     1668.94     5306.27     -5.8472    -129.193    0.136145    0.613942    0.741151    0.786217     2409.41     1.6e+19     6.05984     4.12113     3.87903     3.66665
       7800           0     363.114     266.238     68.8278           0     3646.79     1675.48     5322.27    -6.53768    -129.826    0.139095    0.613942    0.741151    0.786217     2408.64     1.6e+19     6.07083     4.13375     3.88993     3.67694
       7700           0     363.114     266.621     69.8522           0        3654      1681.7      5335.7    -6.22077    -130.374    0.141962    0.613942    0.741151    0.786217     2407.87     1.6e+19     6.08156     4.14626     3.90105     3.68761
       7600           0     363.114     266.998     71.0387           0     3663.34      1688.6     5351.94    -6.89753    -130.832    0.144762    0.613942    0.741151    0.786217     2407.11     1.6e+19     6.09208     4.15866     3.91232     3.69858
       7500           0     363.114     267.369     72.3589           0     3678.04     1696.14     5374.18     -7.5438    -131.199    0.147504    0.613942    0.741151    0.786217     2406.35     1.6e+19     6.10241     4.17095     3.92372     3.70981
       7400           0     363.114     267.735     72.7641           0     3695.99     1704.33     5400.32    -8.18528    -131.493    0.149485    0.613942    0.741151    0.786217      2405.6     1.6e+19     6.11261     4.18313     3.93522     3.72124
       7300           0     363.114     268.098     72.6459           0     3715.28     1711.15     5426.43     -6.8228     -131.77    0.149485    0.613942    0.741151    0.786217     2404.85     1.6e+19     6.12303     4.19523      3.9468     3.73283
       7200           0     363.114     268.458     72.2524           0     3738.24     1716.61     5454.84     -5.4578    -132.048    0.149485    0.624459    0.741151    0.786217      2404.1     1.6e+19     6.13365     3.80622     3.95847     3.74454
       7100           0     363.114     268.815     71.6704           0     3761.87     1723.12     5484.99    -6.51455    -132.339    0.149485    0.636978    0.741151    0.786217     2403.38     1.6e+19     6.14435     3.81434     3.97019     3.75637
       7000           0     363.114     269.165     70.9487           0     3777.81     1734.69      5512.5    -11.5654    -132.646    0.149485    0.646274    0.741151    0.786217     2402.67     1.6e+19     6.15505     3.82119     3.98185     3.76826
       6900           0     363.114      269.51     70.1299           0     3793.74      1746.1     5539.84    -11.4096    -132.972    0.149485    0.653863    0.741151    0.786217     2401.97     1.6e+19     6.16565     3.82753     3.99343     3.78017
       6800           0     363.114     269.847     69.2343           0     3807.85     1753.04      5560.9    -6.94731    -133.319    0.149485    0.660411    0.745801    0.786217     2401.29     1.6e+19     6.17614     3.83373      3.6045     3.79206
       6700           0     363.114     270.178     68.2869           0      3821.5     1761.12     5582.62    -8.07831    -133.686    0.149485    0.666196    0.754802    0.793108     2400.63     1.6e+19     6.18649     3.83992     3.61391     3.40324
       6600           0     363.114     270.501     67.3165           0     3835.83     1772.22     5608.05    -11.1011    -134.073    0.149485    0.671311    0.761755    0.808977     2400.02     1.6e+19     6.19665     3.84613      3.6221     3.41072
       6500           0     363.114     270.814     66.3143           0     3847.27     1781.94      5629.2    -9.71407    -134.477    0.151721    0.671454    0.766899    0.819939     2399.46     1.6e+19     5.40592     3.85284     3.62907     3.41589
       6400           0     363.114     271.116     65.5891           0     3858.13     1791.85     5649.98    -9.91605    -134.893    0.154856    0.671454    0.770756    0.825184     2398.92     1.6e+19     5.41424     3.86026     3.63518     3.42005
       6300           0     363.114     271.406     65.0256           0     3869.78     1800.31     5670.09    -8.45625    -135.306    0.157788    0.671454    0.773884    0.825184     2398.41     1.6e+19     5.42205     3.86805     3.64094     3.42477
       6200           0     363.114     271.685     64.5593           0     3889.41     1808.19     5697.61    -7.88523    -135.709     0.16056    0.671454    0.776652    0.825184      2397.9     1.6e+19     5.42945       3.876     3.64673     3.43008
       6100           0     363.114     271.954     64.1802           0     3909.88      1815.5     5725.38    -7.30427    -136.099      0.1632    0.671454    0.779157    0.825184      2397.4     1.6e+19     5.43651     3.88398     3.65265     3.43578
       6000           0     363.114     272.215     63.8597           0     3919.43     1822.21     5741.65    -6.71469    -136.474    0.165728    0.671454    0.781417    0.825184     2396.91     1.6e+19      5.4433     3.89193      3.6587     3.44175
       5900           0     363.114     272.468     63.5858           0     3930.89     1830.98     5761.87    -8.76762    -136.834    0.168162    0.671454    0.783438    0.825184     2396.43     1.6e+19     5.44985     3.89982     3.66488     3.44793
       5800           0     363.114     272.714     63.3496           0     3948.57      1838.2     5786.77      -7.214    -137.178    0.170514    0.671454    0.785222    0.825184     2395.96     1.6e+19     5.45619     3.90761     3.67115     3.45427
       5700           0     363.114     272.955      63.145           0     3956.48     1845.25     5801.73     -7.0546    -137.507    0.172795    0.671454    0.786217    0.825184     2395.49     1.6e+19     5.46236      3.9153     3.67753     3.46073
       5600           0     363.114      273.19     62.9683           0     3962.65     1852.29     5814.94    -7.04015     -137.82    0.175013    0.671454    0.786217    0.825184     2395.03     1.6e+19     5.46836     3.92288     3.68416     3.46731
       5500           0     363.114     273.421     62.8161           0     3978.74     1859.31     5838.05    -7.02149    -138.118    0.177178    0.671454    0.786217    0.825184     2394.57     1.6e+19     5.47424     3.93037     3.69096     3.47403
       5400           0     363.114     273.649     61.9704           0     3994.15     1866.54     5860.69    -7.22423    -138.414    0.179297    0.671454    0.786217    0.825184     2394.12     1.6e+19     5.48001     3.93777     3.69785     3.48087
       5300           0     363.114     273.874     60.7022           0     4001.97     1873.96     5875.93    -7.42379    -138.748    0.181376    0.671454    0.786217    0.825184     2393.67     1.6e+19     5.48567     3.94509     3.70479     3.48781
       5200           0     363.114     274.095     59.1989           0     4022.06     1878.26     5900.32    -4.29549    -139.132     0.18342    0.671454    0.786217    0.825184     2393.22     1.6e+19     5.49126     3.95232     3.71176     3.49483
       5100           0     363.114     274.315     57.5421           0      4029.1     1883.37     5912.47    -5.11458    -139.573    0.185432    0.671454    0.786217    0.825184     2392.78     1.6e+19     5.49676     3.95948     3.71874     3.50189
       5000           0     363.114     274.531      55.748           0     4029.81      1889.3     5919.12    -5.93127    -140.072    0.187416    0.671454    0.786217    0.825184     2392.34     1.6e+19     5.50221     3.96657     3.72573     3.50898
       4900           0     363.114     274.746     53.8678           0     4030.59     1894.05     5924.63    -4.74571     -140.63    0.189374    0.671454    0.786217    0.825184     2391.91     1.6e+19     5.50758     3.97359     3.73271      3.5161
       4800           0     363.114     274.958     51.9049           0     4033.96     1898.25     5932.22    -4.20806    -141.246    0.191307    0.671454    0.786217    0.825184     2391.48     1.6e+19     5.51291     3.98055     3.73967     3.52322
       4700           0     363.114     275.168     49.8775           0     4043.21     1901.92     5945.13    -3.66842     -141.92    0.193218    0.671454    0.786217    0.825184     2391.05     1.6e+19     5.51818     3.98744     3.74661     3.53033
       4600           0     363.114     275.377     47.8157           0     4043.56      1907.5     5951.06    -5.57689    -142.648    0.195107    0.671454    0.786217    0.825184     2390.62     1.6e+19      5.5234     3.99427     3.75353     3.53744
       4500           0     363.114     275.584     45.7007           0     4045.04     1913.98     5959.02    -6.48356     -143.43    0.196976    0.672756    0.786217    0.825184      2390.2     1.6e+19     5.52858     3.60098     3.76042     3.54452
       4400           0     363.114     275.788     43.9036           0     4047.18     1918.67     5965.85    -4.68817    -144.257    0.198824    0.679497    0.786217    0.825184      2389.8     1.6e+19      5.5337     3.60636     3.76727     3.55159
       4300           0     363.114     275.989     42.2828           0     4047.39     1923.16     5970.55    -4.48927     -145.11    0.200645    0.684419    0.786217    0.825184      2389.4     1.6e+19     5.53876     3.61078     3.77403     3.55862
       4200           0     363.114     276.186     40.7552           0     4051.68     1927.15     5978.83    -3.98584    -145.979    0.202433    0.688327    0.786217    0.825184     2389.01     1.6e+19     5.54374     3.61477     3.78068     3.56559
       4100           0     363.114     276.378     39.3027           0     4060.03     1931.82     5991.85     -4.6777    -146.861    0.204181      0.6916    0.786217    0.825184     2388.63     1.6e+19     5.54862     3.61855     3.78722     3.57249
       4000           0     363.114     276.565     37.8951           0     4068.82     1935.09     6003.91    -3.26506    -147.753    0.205891    0.694429    0.786217    0.825184     2388.26     1.6e+19     5.55339     3.62225     3.79365     3.57931
       3900           0     363.114     276.748     36.5175           0     4080.44     1936.94     6017.38    -1.84824    -148.653    0.207561    0.696914    0.786217    0.825184      2387.9     1.6e+19     5.55807     3.62594     3.79997     3.58603
       3800           0     363.114     276.928       35.16           0     4090.61     1940.42     6031.02     -3.4775    -149.561    0.209192    0.699114    0.789313    0.825184     2387.55     1.6e+19     5.56264     3.62965     3.40563     3.59263
       3700           0     363.114     277.103     33.2452           0     4104.98     1944.19     6049.17     -3.7776     -150.48    0.210785    0.701052    0.791899    0.825184      2387.2     1.6e+19     5.56711     3.63338     3.41087     3.59899
       3600           0     363.114     277.273     29.8114           0     4117.04     1948.27      6065.3    -4.07332    -151.479    0.212337    0.702745    0.794074    0.832664     2386.88     1.6e+19     5.57148     3.63712     3.41581     3.20416
       3500           0     363.114     277.439     25.7141           0     4128.41     1950.71     6079.12    -2.43943    -152.613    0.213849    0.704209    0.795763    0.839094     2386.57     1.6e+19     5.57574     3.64088      3.4202     3.20773
       3400           0     363.114       277.6      21.372           0     4135.93     1954.31     6090.24    -3.60027    -153.897    0.215317    0.705451    0.797028     0.84404     2386.29     1.6e+19     5.57988     3.64463     3.42405     3.21049
       3300           0     363.114     277.755     16.7874           0     4137.64     1957.71     6095.35     -3.4053    -155.328    0.216737     0.70648    0.797976    0.848127     2386.02     1.6e+19     5.58389     3.64836     3.42749     3.21277
       3200           0     363.114     277.904     12.5287           0        4138     1960.92     6098.91    -3.20432      -156.9    0.218108    0.707309    0.798692    0.851675     2385.77     1.6e+19     5.58777     3.65206     3.43063     3.21475
       3100           0     363.114     278.047     9.56865           0     4139.88     1964.31     6104.19    -3.39738    -158.545    0.219427    0.707958    0.799235     0.85486     2385.53     1.6e+19      5.5915     3.65573     3.43355     3.21653
       3000           0     363.114     278.185       7.074           0     4141.07      1967.9     6108.97    -3.58467    -160.208    0.220695    0.708443    0.799645    0.857788      2385.3     1.6e+19      5.5951     3.65937     3.43632     3.21817
       2900           0     363.114     278.316     4.91036           0     4142.73     1970.71     6113.44    -2.81649    -161.867    0.221913    0.708782    0.799961    0.857963     2385.07     1.6e+19     5.59856     3.66297     3.43898     3.21996
       2800           0     363.114     278.443     2.98118           0     4144.79     1973.86     6118.65    -3.14327    -163.511    0.223083    0.708993    0.800241    0.857963     2384.85     1.6e+19     5.60189     3.66654     3.44169     3.22213
       2700  0.00101042     363.115     278.566     1.05232           0     4149.69     1974.19     6123.88    0.334347    -165.134    0.224209    0.709096    0.800503    0.857963     2384.63     1.6e+19     5.60509     3.67008     3.44447     3.22458
       2600           0     363.215     278.686    -1.20577           0     4163.73     1978.98     6142.71    -4.78628    -166.772    0.225296    0.709109    0.800755    0.857963     2384.41     1.6e+19     5.60819     3.67361     3.44735     3.22727
       2500           0     363.215     278.804    -3.56147           0     4165.37     1979.88     6145.25   -0.904168      -168.4    0.226351    0.709049    0.800997    0.857963      2384.2     1.6e+19      5.6112     3.67711     3.45032     3.23012
       2400           0     363.215     278.918    -5.94421           0     4165.72      1981.2     6146.92    -1.31816    -170.045    0.227377    0.708929    0.801223    0.857963     2383.99     1.6e+19     5.61413     3.68061     3.45335     3.23304
       2300           0     363.215     279.029    -8.35264           0     4167.34     1983.08     6150.42    -1.87931    -171.708    0.228378     0.70876     0.80143    0.857963     2383.78     1.6e+19     5.61699      3.6841     3.45641     3.23603
       2200           0     363.215     279.138     -10.628           0     4175.47     1985.52     6160.99    -2.43822    -173.388    0.229354    0.708553    0.801619    0.857963     2383.57     1.6e+19     5.61979     3.68758     3.45949     3.23907
       2100           0     363.215     279.245    -12.5012           0     4176.46     1987.96     6164.42    -2.44525    -175.065     0.23031    0.708316    0.801792    0.857963     2383.37     1.6e+19     5.62252     3.69104     3.46259     3.24215
       2000           0     363.215     279.351    -14.2075           0     4177.56     1990.41     6167.98    -2.45069    -176.724    0.231248    0.708058    0.801953    0.857963     2383.16     1.6e+19     5.62521     3.69449      3.4657     3.24526
       1900           0     363.215     279.455    -15.7862           0     4179.47     1992.34     6171.81    -1.92139    -178.358    0.232169    0.707785    0.802104    0.857963     2382.96     1.6e+19     5.62786     3.69792      3.4688     3.24838
       1800           0     363.215     279.558    -17.2659           0     4180.37     1994.23     6174.59    -1.89086    -179.964    0.233077    0.707506    0.802247    0.857963     2382.76     1.6e+19     5.63046     3.70133     3.47191     3.25153
       1700           0     363.215     279.659    -18.7602           0      4180.8     1995.26     6176.06    -1.03254    -181.541    0.233971    0.707226    0.802386    0.857963     2382.56     1.6e+19     5.63304     3.70472     3.47502     3.25468
       1600  0.00199504     363.217      279.76    -20.4407           0     4183.13     1995.79     6178.92    0.527636    -183.099    0.234855    0.706951    0.802522    0.857963     2382.36     1.6e+19     5.63558     3.70808     3.47812     3.25783
       1500           0     363.415     279.864    -22.1767           0     4185.86      1997.1     6182.97     -1.3185    -184.682     0.23573    0.706685    0.802661    0.857963     2382.17     1.6e+19      5.6381     3.71142     3.48122     3.26109
       1400           0     363.415     279.967    -23.9508           0     4188.07     2000.12     6188.19    -3.01709    -186.213    0.236602    0.706434    0.802811    0.857963     2381.97     1.6e+19     5.64062     3.71474     3.48437     3.26439
       1300           0     363.415     280.067    -25.7473           0     4194.03     2002.45     6196.49    -2.33147    -187.741     0.23747    0.706203    0.802964    0.857963     2381.78     1.6e+19     5.64312     3.71803     3.48751      3.2676
       1200           0     363.415     280.166     -27.278           0     4211.75     2004.11     6215.85    -1.65262    -189.264     0.23833    0.705993    0.803117    0.857963     2381.59     1.6e+19      5.6456      3.7213     3.49061     3.27078
       1100           0     363.415     280.263    -28.0666           0     4226.38     2005.16     6231.54    -1.05311    -190.747     0.23918    0.705805    0.803272    0.857963     2381.39     1.6e+19     5.64806     3.72454     3.49368     3.27392
       1000           0     363.415     280.359    -28.5308           0     4238.91     2005.75     6244.67   -0.594206    -192.164     0.24002     0.70564     0.80343    0.857963     2381.21     1.6e+19     5.65049     3.72774     3.49672     3.27703
        900           0     363.415     280.454    -28.6455           0     4251.86     2006.56     6258.42   -0.804349    -193.502    0.240851    0.705498    0.803592    0.857963     2381.02     1.6e+19      5.6529      3.7309     3.49973     3.28012
        800   0.0124348     363.427     280.549    -28.4976           0     4266.08     2009.33     6275.41      2.7714    -194.753    0.241673    0.705381     0.80376    0.857963     2380.83     1.6e+19     5.65528     3.73402     3.50271     3.28319
        700   0.0152131     364.673     280.666    -28.0573           0     4278.11     2012.73     6290.84     3.40018    -196.129    0.242494    0.705289    0.803951    0.857963     2380.65     1.6e+19     5.65766     3.73711     3.50578     3.28692
        600 0.000995323      366.18     280.819    -27.1724           0     4300.09     2013.09     6313.17    0.356198    -197.391    0.243359    0.705231    0.804221    0.857963     2380.47     1.6e+19     5.66017     3.74019     3.50926     3.29169
        500           0     366.279     280.964    -25.9925           0     4322.59     2013.41     6335.99   -0.321465    -198.231    0.244294    0.705221     0.80456    0.857963     2380.29     1.6e+19     5.66289     3.74333     3.51313     3.29633
        400  0.00713831     366.286     281.084    -24.4943           0     4357.53     2015.05     6372.58     1.64356    -198.951    0.245257    0.705261    0.804896    0.857963     2380.11     1.6e+19     5.66569     3.74655     3.51694     3.30023
        300           0     366.993     281.204    -22.7529           0     4381.82     2018.53     6400.35    -3.47783    -199.682    0.246211     0.70534    0.805211    0.857963     2379.94     1.6e+19     5.66847      3.7498     3.52057     3.30407
        200           0     366.993     281.321     -20.533           0     4412.96     2022.56     6435.51    -4.02848    -200.135    0.247158    0.705449    0.805523    0.857963     2379.76     1.6e+19     5.67123     3.75306     3.52413     3.30774
        100           0     366.993     281.425    -17.4166           0      4429.3     2022.59     6451.89   0.0305703    -200.438    0.248081    0.705583    0.805816    0.857963     2379.59     1.6e+19     5.67392      3.7563     3.52751       3.311
          0           0     366.993     281.521    -13.8141           0     4432.69     2022.65     6455.34  -0.0662468    -200.559     0.24897    0.705734    0.806086    0.857963     2379.43     1.6e+19     5.67652     3.75949     3.53068     3.31401