      20000           0           0     179.437      354.04         1.8     78.9895     14.2831     93.2726     14.2831      6.5598    0.258968    0.460851    0.605054    0.634429     2456.76     1.6e+19     5.73044     4.59858     4.35318     4.39114
      19900           0           0     179.437      353.13         1.8     151.419     29.7361     181.156     15.4531     6.43382    0.258968    0.460851    0.605054    0.634429     2456.76     1.6e+19     5.73044     4.59858     4.35318     4.39114
      19800           0           0     179.437     352.506         1.8     228.894     46.3592     275.253     16.6231     6.30822    0.258968    0.460851    0.605054    0.634429     2456.76     1.6e+19     5.73044     4.59858     4.35318     4.39114
      19700           0           0     179.437     352.255         1.8     299.319     60.5222     359.841     14.1631     6.19879    0.258968    0.460851    0.605054    0.634429     2456.76     1.6e+19     5.73044     4.59858     4.35318     4.39114
      19600           0           0     179.437      352.29         1.8     351.209     72.5053     423.714     11.9831     6.12087    0.258968    0.460851    0.605054    0.634429     2456.76     1.6e+19     5.73044     4.59858     4.35318     4.39114
      19500           0           0     179.437     350.597         1.8     414.692     82.0183      496.71     9.51306     6.05158    0.258968    0.460851    0.605054    0.634429     2456.76     1.6e+19     5.73044     4.59858     4.35318     4.39114
      19400           0           0     179.437     347.879         1.8     487.353     94.1014     581.454     12.0831     5.90477    0.258968    0.460851    0.605054    0.634429     2456.76     1.6e+19     5.73044     4.59858     4.35318     4.39114
      19300           0           0     179.437     345.374         1.8     558.279     106.214     664.494     12.1131     5.65656    0.258968    0.460851    0.605054    0.634429     2456.76     1.6e+19     5.73044     4.59858     4.35318     4.39114
      19200           0           0     179.437     342.873         1.8     620.606     118.358     738.963     12.1431     5.32496    0.258968    0.460851    0.605054    0.634429     2456.76     1.6e+19     5.73044     4.59858     4.35318     4.39114
      19100           0           0     179.437      342.02         1.8     681.386     130.011     811.397     11.6531     4.94128    0.258968    0.460851    0.605054    0.634429     2456.76     1.6e+19     5.73044     4.59858     4.35318     4.39114
      19000           0           0     179.437     342.156         1.8      741.53     142.474     884.004     12.4631     4.58749    0.258968    0.460851    0.605054    0.634429     2456.76     1.6e+19     5.73044     4.59858     4.35318     4.39114
      18900           0           0     179.437     340.553         1.8     800.577     155.747     956.323     13.2731     4.26219    0.258968    0.460851    0.605054    0.634429     2456.76     1.6e+19     5.73044     4.59858     4.35318     4.39114
      18800           0           0     179.437     337.986         1.8     870.831      166.28     1037.11     10.5331     3.87637    0.258968    0.460851    0.605054    0.634429     2456.76     1.6e+19     5.73044     4.59858     4.35318     4.39114
      18700           0           0     179.437      336.21         1.8     952.601     178.113     1130.71     11.8331     3.41716    0.258968    0.460851    0.605054    0.634429     2456.76     1.6e+19     5.73044     4.59858     4.35318     4.39114
      18600           0           0     179.437     334.818         1.8     1047.59     192.576     1240.17     14.4631     2.92873    0.258968    0.460851    0.605054    0.634429     2456.76     1.6e+19     5.73044     4.59858     4.35318     4.39114
      18500           0           0     179.437     333.482         1.8     1150.05     201.259     1351.31     8.68306     2.42444    0.258968    0.460851    0.605054    0.634429     2456.76     1.6e+19     5.73044     4.59858     4.35318     4.39114
      18400           0           0     179.437     332.205         1.8     1219.19     209.492     1428.69     8.23306      1.9065    0.258968    0.460851    0.605054    0.634429     2456.76     1.6e+19     5.73044     4.59858     4.35318     4.39114
      18300           0           0     179.437     329.228         1.8      1275.7     218.075     1493.77     8.58306     1.34924    0.258968    0.460851    0.605054    0.634429     2456.76     1.6e+19     5.73044     4.59858     4.35318     4.39114
      18200           0           0     179.437       325.2         1.8      1360.8     226.658     1587.45     8.58306    0.672723    0.258968    0.460851    0.605054    0.634429     2456.76     1.6e+19     5.73044     4.59858     4.35318     4.39114
      18100           0           0     179.437     321.768         1.8     1469.79     234.714      1704.5     8.05639   -0.137283    0.258968    0.460851    0.605054    0.634429     2456.76     1.6e+19     5.73044     4.59858     4.35318     4.39114
      18000           0           0     179.437     318.559         1.8     1574.09     243.331     1817.42     8.61639    -1.04056    0.258968    0.460851    0.605054    0.634429     2456.76     1.6e+19     5.73044     4.59858     4.35318     4.39114
      17900           0           0     179.437      317.64         1.8     1670.99     253.364     1924.35     10.0331    -1.98653    0.258968    0.460851    0.605054    0.634429     2456.76     1.6e+19     5.73044     4.59858     4.35318     4.39114
      17800           0           0     179.437     318.134         1.8        1766     264.257     2030.25     10.8931    -2.86227    0.258968    0.460851    0.605054    0.634429     2456.76     1.6e+19     5.73044     4.59858     4.35318     4.39114
      17700           0           0     179.437     316.312         1.8     1860.47      274.54     2135.01     10.2831    -3.66765    0.258968    0.460851    0.605054    0.634429     2456.76     1.6e+19     5.73044     4.59858     4.35318     4.39114
      17600           0           0     179.437     313.229         1.8     1943.92     288.828     2232.75     14.2881    -4.52282    0.258968    0.460851    0.605054    0.634429     2456.76     1.6e+19     5.73044     4.59858     4.35318     4.39114
      17500           0           0     179.437     313.298         1.8     2011.35     302.776     2314.12     13.9481    -5.41147    0.258968    0.460851    0.605054    0.634429     2456.76     1.6e+19     5.73044     4.59858     4.35318     4.39114
      17400           0           0     182.115     344.137         1.8     2042.72     312.444     2355.16     9.66738    -7.03503    0.258968    0.459299    0.604915    0.634429     2457.76     1.6e+19      5.7211     4.59193      4.3525     4.39344
      17300           0           0     182.934     353.815         1.8     2073.54     322.233     2395.78     9.78928    -7.23612    0.258968    0.457387    0.602965    0.634429     2458.73     1.6e+19     5.71793     4.58375     4.34297     4.38361
      17200           0           0      183.39     359.881         1.8     2096.59     335.928     2432.52      13.695    -7.02974    0.258968    0.455248     0.59985    0.634429     2459.65     1.6e+19     5.72125     4.57463     4.32783     4.36492
      17100           0           0     183.841     363.835         1.8     2099.91     350.717     2450.63     14.7892    -6.64495    0.258968    0.452619    0.595693    0.634429     2460.55     1.6e+19     5.72871     4.56346     4.30774     4.33998
      17000           0           0     184.395     366.328         1.8     2106.32     368.422     2474.74     17.7049    -6.19849    0.258968    0.475551    0.587251    0.634429     2461.42     1.6e+19     5.73799     4.54879     4.28324     4.31057
      16900           0           0     185.076     363.157         1.8     2119.69     386.971     2506.66     18.5487    -5.83044    0.258968    0.484658    0.575138    0.634429     2462.28     1.6e+19     5.74731     4.52873     4.25519     4.27796
      16800           0           0     185.879      356.08         1.8     2132.94     406.282     2539.22     19.3111    -5.80695    0.258968    0.484658      0.5616    0.634429     2463.11     1.6e+19     5.75543     4.50524     4.22418     4.24311
      16700           0           0     186.789     347.713         1.8     2143.96     427.383     2571.34     21.1008    -6.22983    0.258968    0.479384    0.548863    0.596992      2463.9     1.6e+19     5.76158     4.47861      4.5905     4.20736
      16600           0           0     187.792     338.163         1.8     2156.83      452.74     2609.57     25.3575    -7.09448    0.258968    0.472202    0.541008    0.572861     2464.62     1.6e+19     5.76538     4.44944     4.55473     4.57412
      16500           0           0     188.875     339.172         1.8     2164.82     472.218     2637.03     19.4779    -8.20911    0.258968    0.432691    0.532904    0.572861      2465.3     1.6e+19      5.7667     4.41878      4.5183     4.53859
      16400   0.0650992   0.0650992     190.027      347.24         1.8     2171.37     496.159     2667.52     23.9409    -8.99678    0.258968    0.412886    0.520135    0.572861     2465.95     1.6e+19     5.76561     4.78854     4.48125     4.50183
      16300    0.112401     6.62233       191.2     352.223         1.8     2187.89     517.475     2705.36     21.3164    -10.7605    0.258968    0.412886    0.502799    0.572861     2467.27     1.6e+19     5.76228      4.7545     4.44384     4.46169
      16200   0.0771596     17.8272     192.346     355.598         1.8     2209.57     544.574     2754.14     27.0992     -12.986    0.258968    0.412886    0.484532    0.561295     2469.08     1.6e+19     5.75684     4.71868     4.40453     4.41567
      16100   0.0120971     25.4781     193.486     347.258         1.8     2227.69     574.826     2802.51      30.251    -13.9322    0.258968    0.408339    0.473269    0.505823     2470.42     1.6e+19     5.74932     4.68152     4.76157     4.77058
      16000 0.000511716     26.6762     194.683     331.022         1.8     2235.95     603.846     2839.79     29.0202    -13.8421    0.258968    0.399876    0.463004    0.505823     2471.03     1.6e+19     5.73974     4.64362     4.71795     4.72687
      15900 0.000634259     26.7275     195.953     322.797         1.8     2239.43     631.746     2871.18     27.8998    -14.3357    0.258968    0.352386    0.446991    0.505823     2471.48     1.6e+19     5.72828     4.60633     4.67569     4.68689
      15800   0.0263612     26.8166     197.275     319.398         1.8     2246.09      656.83     2902.92     25.0845    -15.1772    0.258968     0.33798    0.428385    0.505823     2471.89     1.6e+19     5.71527     4.96945     4.63603     4.64999
      15700   0.0373142     29.4637     198.621     317.179         1.8     2253.57     681.719     2935.29     24.8891    -16.6899    0.257355     0.33798    0.410936    0.488769     2472.55     1.6e+19     5.70112     4.93137     4.99862      4.6145
      15600   0.0422333     33.2001     199.966      315.99         1.8      2262.6     704.513     2967.11     22.7935    -18.3362     0.25236    0.335876     0.40266    0.434418     2473.25     1.6e+19     5.68644     4.89306     4.96156     4.98334
      15500   0.0405029     37.4216     201.308     314.041         1.8      2271.7     726.735     2998.44     22.2223    -19.9136     0.24725    0.328546    0.394628    0.434418     2473.98     1.6e+19     5.67149     4.85538     4.92605     4.95094
      15400   0.0795188      41.511     202.647     311.705         1.8     2285.77     748.093     3033.86     21.3583    -21.3323    0.242057    0.309068    0.383959    0.434418     2474.66     1.6e+19     5.65639     4.81889     4.89122     4.91779
      15300    0.134918     49.5182     203.963     310.941         1.8     2308.03     771.447     3079.48     23.3534    -23.5126    0.236809    0.269662     0.36879    0.434418     2475.72     1.6e+19     5.64121     5.18492     4.85712     4.88306
      15200    0.177416     63.0526     205.218     311.201         1.8     2331.34     794.302     3125.64     22.8556    -26.5525    0.231529    0.269662    0.353276    0.434418     2477.36     1.6e+19     5.62602     5.15062     4.82267     4.84424
      15100    0.255733     80.8725     206.385     317.731         1.8     2363.72     816.691     3180.41     22.3886     -29.828    0.226191    0.269662    0.339989    0.369849     2479.43     1.6e+19     5.61074     5.11618     5.18589     4.80127
      15000    0.325195     106.515     207.432     328.591         1.8     2410.26     838.561     3248.82     21.8701    -33.6973    0.220723    0.269662    0.331472     0.36527     2482.27     1.6e+19     5.59518     5.08158     5.14576     5.15312
      14900    0.382122     139.092     208.329     336.989         1.8     2467.71     858.878     3326.59     20.3172    -37.6556    0.215027    0.269662    0.321889     0.36527     2485.85     1.6e+19     5.57906     5.04661     5.10129     5.09401
      14800    0.363857     177.286     209.067     344.077         1.8     2536.73      879.09     3415.82     20.2117    -41.4661    0.208967    0.231958    0.310855     0.36527     2490.02     1.6e+19     5.56201     5.01169     5.05094     5.02472
      14700           0     213.307     209.631     335.473         1.8     2599.19     898.454     3497.65     19.3639    -43.7621    0.202415    0.209552    0.299483    0.299483     2493.86     1.6e+19     5.54369     5.77682     5.79491     5.75078
      14600           0     213.307     201.446     267.512         1.8     2621.67     932.847     3554.52     34.3935     -39.186   0.0416216    0.269662     0.36527    0.299483     2491.68     1.6e+19     6.37531      5.1224      5.0859     5.72836
      14500           0     213.307     198.954     241.033         1.8     2628.15     973.241      3601.4     40.3938    -40.1631   0.0020729     0.33798     0.36527    0.299483     2489.28     1.6e+19     6.54852     4.91359      5.1989     5.77629
      14400           0     213.307     198.952     224.664         1.8     2629.09     1015.64     3644.73     42.4025    -43.0896           0    0.412886    0.434418     0.36527     2486.91     1.6e+19       6.501     4.62407     4.84129     5.04465
      14300           0     213.307       199.8     210.459         1.8     2632.91     1054.99      3687.9     39.3501    -46.5617           0    0.412886    0.434418     0.36527      2484.6     1.6e+19       6.501     4.65211      4.8466     5.10954
      14200           0     213.307     200.893     198.302         1.8     2643.46     1092.65     3736.12       37.66    -50.0648           0    0.412886    0.434418     0.36527     2482.21     1.6e+19       6.501     4.63798     4.83948     5.16859
      14100           0     213.307     202.031     191.775         1.8     2654.56     1128.96     3783.52     36.3019    -53.3045           0    0.359611    0.434418    0.427069     2479.76     1.6e+19       6.501     4.60582     4.83156     4.81714
      14000           0     213.307     203.163     188.762         1.8      2674.9     1162.78     3837.68     33.8221    -56.0314           0     0.33798    0.434418    0.434418     2477.28     1.6e+19       6.501     4.97697     4.82559     4.85061
      13900           0     213.307     204.277     183.705         1.8     2700.51     1199.07     3899.58     36.2927    -58.2679           0     0.33798    0.429847    0.434418     2474.75     1.6e+19       6.501     4.94646     4.82474     4.88294
      13800           0     213.307      205.37     177.767         1.8     2717.44     1232.22     3949.66     33.1454    -60.2404           0     0.33798    0.434418    0.434418     2472.18     1.6e+19       6.501     4.91955     4.82915     4.91501
      13700           0     213.307     206.439     173.428         1.8     2750.34     1267.13     4017.46     34.9111    -62.0383           0     0.33798    0.434418    0.434418      2469.6     1.6e+19       6.501     4.89871     4.83892     4.94742
      13600           0     213.307     207.487     169.974         1.8     2776.03     1300.84     4076.88     33.7177    -63.6545           0     0.33798    0.434418    0.434418     2466.99     1.6e+19       6.501     4.88478     4.85381     4.98078
      13500           0     213.307     208.518     173.233         1.8     2802.04     1328.16      4130.2     27.3122    -65.0102           0     0.33798    0.434418     0.48196     2464.39     1.6e+19       6.501     4.87774       4.873     4.61268
      13400           0     213.307     209.532     180.542         1.8     2826.59     1357.67     4184.26     29.5082    -65.8343           0     0.33798    0.434418    0.505823     2461.89     1.6e+19       6.501     4.87713     4.89357     4.63574
      13300           0     213.307     210.528     177.459         1.8     2851.87        1384     4235.87     26.3323    -66.2646           0     0.33798    0.434418    0.505823     2459.38     1.6e+19       6.501     4.88219     4.91563     4.66233
      13200           0     213.307     214.013     198.492         1.8     2859.73      1409.9     4269.63     25.9023    -66.6628 5.56687e-05     0.33798    0.434418    0.505823     2459.11     1.6e+19     6.50129     4.87839     4.94229      4.6836
      13100   0.0276086     213.335     216.216     205.236         1.8     2861.44     1429.55     4290.99     19.6486    -66.0042   0.0105281     0.33798    0.434418    0.505823     2458.97     1.6e+19     6.75534      4.8725     4.96177      4.6974
      13000           0     216.068     217.991     211.193         1.8     2871.12     1450.04     4321.17     20.4955    -65.5438   0.0391771     0.33798    0.434418    0.505823     2459.21     1.6e+19     6.35987     4.85488     4.96641     4.70174
      12900    0.077822     216.146     219.423     217.578         1.8     2876.69     1469.33     4346.01     19.2846    -64.2278   0.0630091    0.313888    0.434418    0.505823     2459.24     1.6e+19     6.52779     4.82981      4.9606     4.69747
      12800    0.105162     223.956     220.487     223.999         1.8     2890.54     1489.72     4380.27     20.3948    -64.4695   0.0811554    0.275749    0.434418    0.505823     2460.14     1.6e+19     5.86226     4.80429     4.94885     4.68367
      12700   0.0512605     234.418     221.373     226.228         1.8     2899.05     1510.95        4410     21.2291    -64.9657    0.110927    0.269662    0.434418    0.505823     2461.36     1.6e+19     5.96751     5.17837     4.93167     4.65948
      12600           0     239.493     222.335     225.536         1.8     2909.31     1533.77     4443.07     22.8145    -64.2084    0.134009    0.269662    0.434418    0.505823     2462.03     1.6e+19      6.0519     5.14995     4.90806        4.63
      12500           0     239.493     223.385     225.428         1.8     2917.01     1557.37     4474.38     23.6023    -62.6525    0.149485    0.269662    0.434418    0.445288     2462.16     1.6e+19     6.11865     5.12005     4.88104     4.60289
      12400           0     239.493     224.511     225.459         1.8     2926.78     1578.96     4505.74     21.5888    -61.5362    0.149485    0.269662    0.432404    0.434418     2462.26     1.6e+19     6.17173     5.08978     4.85476      4.9804
      12300           0     239.493     225.689     224.154         1.8        2928     1600.05     4528.06     21.0967    -60.8027    0.154325    0.249843    0.401785    0.434418     2462.34     1.6e+19     5.41283     5.06076     4.83118     4.95734
      12200   0.0984991     239.591     226.909     221.855         1.8     2943.71     1622.45     4566.16      22.393    -60.4756    0.165486    0.231176    0.376296    0.434418     2462.41     1.6e+19     5.44265     5.03408     4.80986     4.93472
      12100     0.16432     249.507     228.106     221.013         1.8     2968.43     1646.78     4615.21     24.3363    -62.5648    0.173802    0.215289     0.36527    0.434418     2463.53     1.6e+19     5.46508     5.00945     5.18842     4.90849
      12000    0.229294     266.004      229.21     221.003         1.8      3001.9     1667.67     4669.58     20.8872    -65.7758    0.179863    0.209552     0.36527    0.434418     2465.37     1.6e+19     5.48155     5.78526     5.16301     4.87408
      11900    0.266118      288.97     230.195     221.861         1.8     3040.17     1692.03      4732.2     24.3588    -69.7843    0.184034    0.209552     0.36527    0.434418     2467.91     1.6e+19     5.49294     5.76041     5.13234     4.83004
      11800    0.354916     315.671     231.058     223.341         1.8     3084.41     1716.01     4800.42     23.9819    -73.7833    0.186521    0.209552    0.347265     0.36527     2470.82     1.6e+19     5.49975     5.73479     5.09649      5.1799
      11700    0.134627     350.942     231.778     232.395         1.8     3141.06     1740.82     4881.87     24.8041    -78.5989    0.187448    0.209552    0.326407     0.36527     2474.62     1.6e+19     5.50229     5.70775     5.05641     5.11979
      11600   0.0882492     364.358     219.338       207.1         1.8     3179.04     1778.84     4957.88     38.0255     -77.624   0.0627001    0.269662     0.36527     0.36527     2473.99     1.6e+19     6.51198     5.06803     5.16233     5.09537
      11500   0.0269007     373.122     215.034     189.169         1.8     3208.78     1829.57     5038.35     50.7325    -78.4444    0.010997     0.33798    0.434418     0.36527      2472.7     1.6e+19     6.76725     4.87412     4.87759     5.13132
      11400   0.0315058     375.817     214.283     165.213         1.8     3227.03     1883.24     5110.28     53.6687    -79.7539  0.00289949    0.345427    0.434418     0.36527     2470.67     1.6e+19     6.56811      4.6019     4.92742     5.19418
      11300   0.0335293     378.969     214.828     153.881         1.8     3238.81     1933.89      5172.7     50.6492    -82.3193           0    0.412886    0.434418    0.434418     2468.76     1.6e+19       6.501      4.6448     4.93852     4.84936
      11200           0     382.289     215.779     149.492         1.8     3245.66     1982.96     5228.62      49.071    -84.9559           0    0.412886    0.434418    0.434418     2466.84     1.6e+19       6.501     4.64355     4.93248       4.897
      11100           0     382.289     216.859     141.581         1.8     3259.28        2031     5290.28     48.0408    -86.6711           0    0.412886    0.434418    0.434418      2464.5     1.6e+19       6.501     4.61999     4.92354     4.93952
      11000           0     382.289     217.979      132.06         1.8     3281.82     2077.82     5359.64      46.821     -88.492           0     0.33798    0.434418    0.434418     2462.05     1.6e+19       6.501     4.99692     4.91826     4.97856
      10900           0     382.289     219.105     126.604         1.8     3295.08     2126.32      5421.4     48.4948    -90.3803           0     0.33798    0.434418    0.481929     2459.54     1.6e+19       6.501     4.97592     4.91889     4.61267
      10800           0     382.289     220.227     123.414         1.8     3296.75     2171.64      5468.4     45.3234    -92.1382           0     0.33798    0.434418    0.505823      2457.1     1.6e+19       6.501     4.95626     4.92333     4.63566
      10700           0     382.289     221.333     119.294         1.8     3300.11     2216.53     5516.65     44.8918    -93.7518           0     0.33798    0.434418    0.505823     2454.65     1.6e+19       6.501      4.9409     4.93157     4.66073
      10600           0     382.289     222.422     114.779         1.8     3307.75     2261.01     5568.77     44.4784    -95.3197           0     0.33798    0.434418    0.505823     2452.18     1.6e+19       6.501     4.93102     4.94438     4.68797
      10500           0     382.289     223.493     112.038         1.8     3315.67     2305.02     5620.69      44.007    -96.8545           0     0.33798    0.434418    0.505823      2449.7     1.6e+19       6.501      4.9269     4.96154     4.71719
      10400           0     382.289      224.55     110.322         1.8     3324.24     2346.67     5670.91     41.6503    -98.2922           0     0.33798    0.434418    0.505823      2447.2     1.6e+19       6.501     4.92834     4.98258      4.7483
      10300           0     382.289     225.594     109.208         1.8     3326.23     2385.98     5712.21     39.3058    -99.6193           0     0.33798    0.450798    0.505823      2444.7     1.6e+19       6.501     4.93491     4.60625     4.78115
      10200           0     382.289     226.626     108.004         1.8      3329.1     2425.05     5754.15      39.074    -100.839 0.000522288     0.33798    0.498718    0.548396     2442.27     1.6e+19     6.51215     4.94599     4.62587     4.41202
      10100           0     382.289     227.638     105.771         1.8     3348.14     2461.11     5809.25     36.0623    -102.012  0.00185312     0.33798    0.505823    0.572861        2440     1.6e+19     6.54334     4.96073     4.64436     4.43239
      10000           0     382.289     228.627     103.206         1.8     3360.64     2496.49     5857.13     35.3732     -103.19  0.00317661     0.33798    0.505823    0.572861     2437.73     1.6e+19      6.5747     4.97846     4.66575     4.45514
       9900           0     382.289     229.597     100.465         1.8     3362.31     2531.19      5893.5     34.7028    -104.396  0.00448696     0.33798    0.505823    0.572861     2435.46     1.6e+19     6.60609     4.99879     4.68969     4.48057
       9800           0     382.289     230.552     97.5851         1.8      3365.1     2564.38     5929.47     33.1917     -105.64  0.00578116    0.386865    0.505823    0.572861     2433.23     1.6e+19     6.63743     4.61528     4.71576      4.5082
       9700  0.00623066     382.295     231.486     94.5968         1.8     3369.43     2596.08     5965.51     31.7011     -106.93  0.00705404    0.412886    0.505823    0.572861     2431.06     1.6e+19     6.66859     4.62725      4.7434     4.53762
       9600  0.00876477      382.92     232.392     91.5132         1.8     3374.37     2626.32     6000.69     30.2397     -108.39  0.00830021    0.412886    0.505823    0.572861     2428.98     1.6e+19     6.69941     4.64217     4.77211     4.56814
       9500           0     383.788      233.27     88.3474         1.8      3374.9     2655.13     6030.03     28.8048    -109.919  0.00951774    0.412886    0.509747    0.572861     2426.92     1.6e+19     6.72985     4.66096     4.40156     4.59925
       9400           0     383.788     234.139     85.9659         1.8      3391.2     2686.19     6077.39     31.0614     -111.28   0.0107069    0.412886    0.563367    0.634429      2424.9     1.6e+19     6.75988     4.68256      4.4241     4.22188
       9300           0     383.788     234.994     84.0389         1.8     3406.72     2714.99     6121.71     28.8062     -112.65    0.011867    0.412886    0.572861    0.634429     2422.99     1.6e+19     6.78947     4.70595     4.44281     4.24111
       9200           0     383.788      235.83      82.366         1.8     3421.19     2742.86     6164.05       27.87    -114.008   0.0158637    0.412886    0.572861    0.634429     2421.08     1.6e+19     6.21715     4.73047     4.46429     4.26221
       9100           0     383.788     236.651     80.8683         1.8     3427.58     2768.21     6195.79      25.349    -115.345   0.0202778    0.412886    0.572861    0.634429     2419.18     1.6e+19     6.24323     4.75589     4.48766     4.28507
       9000           0     383.788      237.46     79.5101         1.8     3431.81     2790.05     6221.86     21.8403    -116.654   0.0244801    0.412886    0.572861    0.634429     2417.29     1.6e+19     6.26875     4.78203     4.51239     4.30946
       8900           0     383.788     238.258     78.2836         1.8     3446.69     2812.44     6259.14     22.3915    -117.933   0.0285775     0.43524    0.572861    0.634429     2415.42     1.6e+19     6.29386     4.40757     4.53815     4.33512
       8800           0     383.788     239.045      77.162         1.8     3450.01     2833.92     6283.94     21.4796    -119.178   0.0325822    0.480812    0.572861    0.634429     2413.61     1.6e+19     6.31862     4.42426     4.56464      4.3618
       8700   0.0962726     383.884     239.812     76.1294         1.8     3454.26     2854.51     6308.77     20.5877    -120.409   0.0364836    0.484658    0.572861    0.634429     2411.86     1.6e+19     6.34295     4.43922     4.59142     4.38927
       8600   0.0944098      393.51     240.465     75.0385         1.8     3463.63      2874.6     6338.23     20.0852    -123.456   0.0402606    0.484658    0.604447    0.664311     2411.19     1.6e+19      6.3667     4.45731     4.21464     4.00995
       8500   0.0928956     402.949      240.99     73.9531         1.8     3466.68     2894.31     6360.99     19.7102     -125.98   0.0437931    0.484658    0.632131    0.686791     2410.64     1.6e+19     6.38909      4.4772     4.22896     4.01746
       8400   0.0937509      412.24     241.444     73.3677         1.8     3473.08     2914.16     6387.24     19.8555    -128.113   0.0469816    0.484658    0.634429    0.690526     2410.12     1.6e+19     6.40946      4.4976     4.23964     4.02022
       8300   0.0774944     421.599     241.854     73.1127         1.8     3478.23     2930.61     6408.84      16.446    -129.968   0.0498215    0.484658    0.634429    0.690526     2409.63     1.6e+19     6.42772     4.51772      4.2495     4.02239
       8200   0.0783313     429.349     242.249     73.1159         1.8     3479.05     2947.23     6426.29     16.6263    -131.272   0.0523532    0.484658    0.634429    0.690526     2408.96     1.6e+19     6.44409     4.53716     4.25868     4.02541
       8100   0.0792171     437.183     242.639      73.337         1.8     3483.06     2964.05      6447.1     16.8109    -132.461   0.0546441    0.484658    0.634429    0.690526      2408.3     1.6e+19     6.45899     4.55572     4.26774     4.02976
       8000    0.078719     445.104     243.019     73.7308         1.8     3486.93     2980.75     6467.68     16.7058    -133.542   0.0567554    0.484658    0.634429    0.690526     2407.66     1.6e+19     6.47278     4.57337      4.2769     4.03508
       7900   0.0782612     452.975     243.389      74.346         1.8     3492.31     2997.36     6489.67     16.6109    -134.491    0.058728    0.484658    0.634429    0.690526     2407.02     1.6e+19     6.48573     4.59015     4.28622     4.04121
       7800   0.0750895     460.798     243.751     75.1395         1.8     3495.46     3013.31     6508.77      15.949    -135.314   0.0605917     0.49775    0.634429    0.690526     2406.38     1.6e+19     6.49802     4.20528     4.29572      4.0481
       7700   0.0767449     468.309     244.107     76.1014         1.8     3496.42      3029.6     6526.02     16.2932    -135.969   0.0623659    0.519743    0.634429    0.690526     2405.74     1.6e+19     6.50977     4.21492     4.30537     4.05577
       7600   0.0736869      475.98     244.451     77.2355         1.8     3499.56     3045.25     6544.82     15.6489     -136.56   0.0630091    0.533533    0.634429    0.690526     2405.15     1.6e+19     6.52108     4.22187     4.31508     4.06408
       7500   0.0707766     483.346     244.784     78.5153         1.8     3508.11     3060.29      6568.4     15.0408    -136.991   0.0630091    0.543713    0.634429    0.690526     2404.54     1.6e+19     6.53215     4.22781      4.3248     4.07291
       7400   0.0678762     490.421     245.112     78.8596         1.8     3519.96     3074.73     6594.69     14.4385    -137.299   0.0630091    0.551677    0.634429    0.690526     2403.92     1.6e+19     6.54295      4.2334      4.3346     4.08234
       7300   0.0745442     497.215     245.437     78.6798         1.8     3533.22     3090.57     6623.79     15.8379    -137.551   0.0630091    0.551677    0.634429    0.690526     2403.27     1.6e+19     6.55351     4.23977     4.34458      4.0924
       7200   0.0812745     504.676     245.755     78.2094         1.8     3550.21     3107.82     6658.03     17.2449    -137.957   0.0630091    0.551677    0.634429    0.690526     2402.69     1.6e+19     6.56389     4.24736     4.35481     4.10265
       7100   0.0765104     512.799     246.057     77.5298         1.8     3567.99     3124.06     6692.04     16.2425    -138.488   0.0630091    0.551677    0.634429    0.690526     2402.19     1.6e+19      6.5741     4.25577     4.36507      4.1125
       7000   0.0525604     520.426     246.352     76.7054         1.8     3578.17     3135.31     6713.48     11.2476    -138.902   0.0630091    0.551677    0.634429    0.690526     2401.63     1.6e+19     6.58409     4.26476     4.37521     4.12215
       6900   0.0532688     525.683     246.671     75.8151         1.8     3588.42     3146.73     6735.15      11.429    -138.878   0.0630091    0.551677    0.634429    0.690526     2400.81     1.6e+19      6.5939     4.27412     4.38547     4.13302
       6800   0.0744916     531.031     247.017       74.86         1.8      3596.9     3162.62     6759.52     15.8835    -138.994   0.0640276    0.551677    0.634429    0.690526     2400.01     1.6e+19     5.80346     4.28378     4.39642     4.14544
       6700   0.0691378     538.475     247.352     73.8233         1.8     3605.01     3177.37     6782.38     14.7478      -139.6   0.0666653    0.551677     0.64298    0.690526     2399.44     1.6e+19     5.81243     4.29373     4.00708     4.15768
       6600   0.0546996     545.374     247.672     72.7547         1.8     3613.91     3189.09        6803     11.7283    -140.076   0.0692459    0.551677    0.653002    0.690526     2398.83     1.6e+19     5.82124     4.30387      4.0162     4.16897
       6500    0.061186     550.851     247.999      71.673         1.8     3619.98      3202.2     6822.18     13.1011    -140.295   0.0717617    0.551677    0.661391    0.690526     2398.09     1.6e+19     5.82985     4.31406     4.02476      4.1803
       6400   0.0600799     556.968      248.33     70.8766         1.8     3625.56     3215.07     6840.62     12.8701    -140.706   0.0742444    0.551677    0.668884    0.690526     2397.44     1.6e+19     5.83838     4.32423     4.03331     4.19169
       6300   0.0668641     562.983     248.656     70.2426         1.8     3631.99     3229.36     6861.35      14.294    -141.109   0.0767075    0.551677    0.675577    0.697267     2396.79     1.6e+19     5.84687     4.33436     4.04189     3.80247
       6200   0.0694491     569.672     248.971     69.6991         1.8     3646.49     3244.19     6890.67     14.8291    -141.644   0.0791443    0.551677    0.681029    0.715719     2396.27     1.6e+19     5.85529     4.34447     4.04994     3.80924
       6100   0.0721155      576.62     249.269     69.2363         1.8     3661.89     3259.57     6921.46      15.381    -142.195   0.0815315    0.551677    0.684847    0.726972     2395.81     1.6e+19     5.86356     4.35448     4.05688     3.81338
       6000   0.0748666     583.834      249.55     68.8278         1.8     3666.48     3275.52        6942     15.9503    -142.755   0.0838398    0.551677    0.687401    0.734784     2395.42     1.6e+19     5.87159     4.36432     4.06289     3.81625
       5900   0.0650999     591.311     249.812     68.4617         1.8     3673.06     3289.41     6962.47     13.8878    -143.317   0.0860469    0.551677    0.689057    0.740643     2395.07     1.6e+19     5.87928     4.37391     4.06824     3.81841
       5800   0.0724141     597.828     250.069     68.1472         1.8     3685.95     3304.84     6990.79     15.4309    -143.647   0.0881416    0.551677    0.690159    0.741151     2394.64     1.6e+19      5.8866     4.38319     4.07323     3.82108
       5700   0.0731654      605.07     250.318     67.8631         1.8     3689.13     3320.42     7009.55     15.5816    -144.116   0.0901408    0.551677    0.690526    0.741151     2394.29     1.6e+19     5.89361     4.39214     4.07839     3.82466
       5600   0.0732551     612.387     250.554     67.6047         1.8     3690.67     3336.02     7026.69     15.5956    -144.564   0.0920535    0.553608    0.690526    0.741151     2393.95     1.6e+19     5.90033     4.00074      4.0838     3.82861
       5500   0.0733955     619.712      250.78     67.3722         1.8     3702.21     3351.64     7053.84     15.6198    -144.981   0.0938781    0.568196    0.690526    0.741151     2393.63     1.6e+19     5.90675     4.00665     4.08934     3.83289
       5400   0.0725208     627.051     250.996      66.426         1.8     3713.16     3367.06     7080.23     15.4294    -145.384   0.0956099    0.576824    0.690526    0.741151     2393.33     1.6e+19     5.91287     4.01065     4.09488     3.83745
       5300   0.0716833     634.302     251.201     65.0534         1.8     3716.63     3382.31     7098.94      15.249    -145.797    0.097247    0.582981    0.690526    0.741151     2393.03     1.6e+19     5.91866     4.01394     4.10036     3.84226
       5200   0.0866301     641.486     251.399     63.4428         1.8     3732.48     3400.71      7133.2     18.4011    -146.246   0.0987954    0.587902    0.690526    0.741151     2392.74     1.6e+19     5.92414     4.01697     4.10579     3.84731
       5100   0.0830564     650.145     251.575     61.6557         1.8      3735.4     3418.34     7153.74     17.6253    -147.029    0.100261    0.592073    0.690526    0.741151     2392.62     1.6e+19     5.92935     4.01991      4.1111     3.85184
       5000   0.0795106     658.447      251.73     59.7247         1.8     3738.67     3435.21     7173.88       16.87    -147.736    0.101621    0.595665    0.690526    0.741151     2392.47     1.6e+19     5.93419      4.0228     4.11597     3.85571
       4900   0.0854287     666.404     251.879     57.7131         1.8     3743.29     3453.33     7196.62      18.121    -148.406    0.102869    0.598734    0.690526    0.741151     2392.29     1.6e+19     5.93863     4.02566     4.12046      3.8595
       4800   0.0883498      674.95     252.019     55.6135         1.8     3743.62     3472.06     7215.68      18.731    -149.237    0.104022    0.601333    0.690526    0.741151     2392.18     1.6e+19     5.94275     4.02848      4.1247     3.86307
       4700   0.0913347     683.788     252.145     53.4436         1.8      3749.3     3491.42     7240.71     19.3551    -150.147    0.105085    0.603512    0.690526    0.741151     2392.11     1.6e+19     5.94654     4.03127      4.1286     3.86616
       4600   0.0828089     692.913     252.257     51.2347         1.8     3752.36     3508.96     7261.32     17.5428    -151.129    0.106055    0.605299    0.690459    0.741151     2392.07     1.6e+19     5.95002     4.03403     4.13211     3.86872
       4500   0.0789437      701.19     252.368     48.9839         1.8     3757.12     3525.69     7282.81     16.7323    -151.964    0.106934    0.607821    0.689362    0.741151     2391.95     1.6e+19     5.95316     4.03664     4.13537     3.87127
       4400   0.0878049     709.093     252.486     47.0755         1.8     3762.43     3544.31     7306.73      18.614    -152.784    0.107747     0.61147    0.688327    0.741151     2391.78     1.6e+19     5.95608     4.03884     4.13868     3.87433
       4300    0.089192     717.875       252.6     45.3409         1.8     3765.28     3563.21     7328.48     18.9003    -153.815    0.108524    0.613942    0.687375    0.741151     2391.72     1.6e+19     5.95887     4.04062     4.14206     3.87742
       4200   0.0920349     726.797     252.702     43.6982         1.8     3772.51      3582.7     7355.22     19.4981    -154.866    0.109266    0.613942    0.686437    0.741151     2391.68     1.6e+19     5.96153     4.04266     4.14534     3.88014
       4100   0.0892631     735.998     252.794     42.1292         1.8     3783.69     3601.61      7385.3     18.9056    -155.957    0.109961    0.613942    0.685488    0.741151     2391.67     1.6e+19     5.96403     4.04498     4.14841      3.8825
       4000   0.0963849     744.931     252.883     40.6094         1.8      3795.2     3622.03     7417.22     20.4173    -156.978    0.110605    0.613942    0.684534    0.741151     2391.62     1.6e+19     5.96635     4.04743     4.15125     3.88468
       3900    0.103576     754.577     252.963     39.1138         1.8     3809.41     3643.96     7453.37     21.9367     -158.13    0.111203    0.613942    0.683593    0.741151     2391.65     1.6e+19     5.96851     4.04994     4.15391     3.88652
       3800   0.0965046     764.927     253.027     37.6257         1.8     3822.04     3664.39     7486.43     20.4226    -159.381    0.111749    0.613942    0.682628    0.741151     2391.76     1.6e+19     5.97047     4.05244     4.15622     3.88759
       3700   0.0956268     774.577     253.085     35.5626         1.8     3838.73     3684.63     7523.36     20.2395    -160.454    0.112224    0.613942    0.681621    0.741151      2391.8     1.6e+19     5.97219     4.05486     4.15811     3.88832
       3600   0.0947373     784.139     253.146     31.9529         1.8     3852.93     3704.68     7557.61     20.0537    -161.577    0.112638    0.613942    0.680637    0.741151     2391.82     1.6e+19     5.97368     4.05714     4.15978     3.88915
       3500    0.102902     793.621      253.21      27.664         1.8     3866.26     3726.47     7592.73     21.7904    -162.817    0.113012    0.613942    0.679717    0.741151     2391.83     1.6e+19     5.97503     4.05927     4.16135     3.89013
       3400   0.0979695     803.906     253.266     23.1138         1.8     3875.52      3747.2     7622.72     20.7341    -164.354    0.113359    0.613942     0.67886    0.741151     2391.93     1.6e+19     5.97629     4.06127     4.16285     3.89086
       3300     0.09936     813.704     253.318     18.3144         1.8      3875.7     3768.24     7643.94     21.0321    -165.912    0.113673    0.613942    0.678034    0.741151     2391.98     1.6e+19     5.97742     4.06312     4.16415     3.89139
       3200    0.100763     823.642      253.37     13.8597         1.8     3876.67     3789.57     7666.24       21.33    -167.633    0.113956    0.613942    0.677259    0.741151     2392.04     1.6e+19     5.97844     4.06484     4.16534     3.89196
       3100    0.100302     833.717     253.419     10.7314         1.8     3877.39      3810.8     7688.19     21.2305    -169.441    0.114215    0.613942    0.676537    0.741151     2392.11     1.6e+19     5.97938     4.06642     4.16642     3.89244
       3000   0.0998411     843.747     253.467     8.08504         1.8     3879.59     3831.93     7711.52      21.133    -171.244    0.114451    0.613942    0.675861    0.741151     2392.18     1.6e+19     5.98023     4.06787     4.16741     3.89286
       2900    0.103847     853.735     253.514     5.78499         1.8     3882.13     3853.92     7736.04     21.9857    -173.026    0.114666    0.613942    0.675236    0.741151     2392.24     1.6e+19     5.98101     4.06921     4.16832      3.8933
       2800    0.102723     864.119     253.558     3.72515         1.8     3884.93     3875.66     7760.59     21.7423    -174.859    0.114864    0.613942    0.674658    0.741151     2392.35     1.6e+19     5.98173     4.07044     4.16915     3.89359
       2700    0.119443     874.408     253.597     1.66555         1.8     3889.22     3900.96     7790.18     25.3027    -176.632    0.115042    0.613942     0.67411    0.741151     2392.44     1.6e+19     5.98237     4.07157     4.16985     3.89373
       2600   0.0959488     886.329     253.619   -0.747653         1.8      3902.8     3921.24     7824.04     20.2812    -178.685    0.115191    0.613942    0.673566    0.741151     2392.71     1.6e+19     5.98291     4.07259     4.17032     3.89303
       2500    0.114547     895.942     253.644    -3.23982         1.8     3904.11      3945.5     7849.61     24.2564    -180.253    0.115286    0.613942    0.672992    0.741151     2392.73     1.6e+19     5.98326     4.07348      4.1704     3.89238
       2400    0.113095     907.395     253.668    -5.77032         1.8     3904.64     3969.43     7874.07     23.9323    -182.211    0.115348    0.613942    0.672462    0.741151     2392.95     1.6e+19     5.98348     4.07422     4.17044     3.89176
       2300    0.110955     918.703     253.679    -8.33392         1.8     3906.24      3992.9     7899.14      23.471    -184.109    0.115377    0.613942    0.671926    0.741151     2393.16     1.6e+19     5.98359     4.07482     4.17022     3.89053
       2200    0.108803     929.796     253.688    -10.7548         1.8      3914.5     4015.91     7930.41     23.0124    -185.955     0.11536    0.613942    0.671379    0.741151     2393.33     1.6e+19     5.98353     4.07527     4.16975     3.88916
       2100    0.109212     940.677     253.698    -12.7587         1.8     3915.74     4039.02     7954.76     23.1017    -187.746    0.115303    0.613942    0.670845    0.741151     2393.49     1.6e+19     5.98332     4.07554     4.16912      3.8879
       2000    0.109621     951.599     253.711    -14.5877         1.8     3917.23     4062.21     7979.44      23.189    -189.524    0.115222    0.613942    0.670343    0.741151     2393.65     1.6e+19     5.98303     4.07567     4.16847     3.88677
       1900    0.112537     962.564     253.724    -16.2833         1.8     3919.64     4086.01     8005.65     23.8096    -191.282    0.115126    0.613942    0.669876    0.741151     2393.81     1.6e+19     5.98268     4.07566      4.1678      3.8857
       1800    0.113138     973.818     253.733    -17.8791         1.8     3921.14     4109.95     8031.09     23.9335    -193.058    0.115019    0.613942    0.669436    0.741151        2394     1.6e+19     5.98229     4.07554     4.16712     3.88454
       1700    0.117633     985.136     253.738    -19.4925         1.8     3921.44     4134.84     8056.28     24.8883      -194.8    0.114897    0.613942    0.669009    0.741151      2394.2     1.6e+19     5.98185     4.07532     4.16634     3.88321
       1600    0.125461     996.907     253.737    -21.3013         1.8     3924.63     4161.39     8086.01     26.5509    -196.588    0.114754    0.613747     0.66858    0.741151     2394.44     1.6e+19     5.98133     4.07501     4.16543     3.88158
       1500     0.11744     1009.45      253.72    -23.1765         1.8     3928.36     4186.21     8114.57     24.8248     -198.47    0.114577     0.61324    0.668122    0.741151     2394.77     1.6e+19     5.98069     4.07468     4.16424     3.87926
       1400    0.110037     1021.18       253.7    -25.0866         1.8      3931.7     4209.46     8141.16     23.2504    -200.148    0.114347     0.61276    0.667615    0.741151     2395.01     1.6e+19     5.97986      4.0743     4.16268     3.87668
       1300    0.113723     1032.19      253.69    -27.0065         1.8     3938.92     4233.51     8172.43     24.0455    -201.687    0.114074    0.612293     0.66711    0.741151     2395.17     1.6e+19     5.97887     4.07381     4.16103      3.8746
       1200    0.117382     1043.57     253.688     -28.647         1.8     3958.01     4258.33     8216.34     24.8252     -203.31    0.113792    0.611837    0.666653    0.741151     2395.36     1.6e+19     5.97785     4.07322     4.15952     3.87292
       1100    0.120698     1055.31     253.683    -29.5332         1.8     3974.11     4283.86     8257.97     25.5274    -204.958    0.113514    0.611396    0.666231    0.741151      2395.6     1.6e+19     5.97685     4.07257      4.1581     3.87117
       1000    0.123391     1067.38      253.67     -30.091         1.8      3988.2     4309.96     8298.16     26.0949    -206.583    0.113234     0.61097    0.665817    0.741151     2395.86     1.6e+19     5.97583     4.07185     4.15663     3.86915
        900    0.122984     1079.72     253.649    -30.2932         1.8      4002.8     4335.96     8338.76     26.0006     -208.15    0.112936    0.610556    0.665385    0.741151     2396.16     1.6e+19     5.97476     4.07108     4.15501     3.86674
        800    0.140297     1092.03     253.624    -30.2266         1.8     4018.74     4365.65     8384.39     29.6964    -209.595    0.112608    0.610147    0.664925    0.741151     2396.45     1.6e+19     5.97357     4.07023     4.15317     3.86406
        700    0.144121     1106.07     253.578    -29.8583         1.8     4032.58     4396.14     8428.72     30.4885    -211.221    0.112241    0.609738    0.664416    0.741151     2396.92     1.6e+19     5.97225     4.06929     4.15102     3.86046
        600    0.131029     1120.47     253.507    -29.0305         1.8     4056.41     4423.81     8480.22      27.668    -212.713      0.1118    0.609315    0.663793    0.741151     2397.43     1.6e+19     5.97066      4.0682     4.14822     3.85557
        500    0.128853     1133.57     253.434    -27.9011         1.8     4080.82     4451.02     8531.83     27.2081    -213.781    0.111257    0.608861     0.66306    0.741151      2397.8     1.6e+19      5.9687      4.0669      4.1448     3.85046
        400    0.138886     1146.46     253.373    -26.4455         1.8     4117.72     4480.37     8598.09     29.3549    -214.684    0.110637    0.608368    0.662297    0.741151     2398.14     1.6e+19     5.96647     4.06535     4.14117     3.84583
        300    0.115819     1160.33     253.307    -24.7424         1.8     4143.99     4504.79     8648.78     24.4199    -215.626    0.109978    0.607837    0.661536    0.741151     2398.59     1.6e+19      5.9641     4.06357     4.13751      3.8411
        200    0.113913     1171.91     253.256    -22.5248         1.8     4177.12     4528.83     8705.95     24.0369    -216.002    0.109288    0.607274    0.660782    0.741151     2398.78     1.6e+19     5.96161      4.0616     4.13385      3.8371
        100    0.133495     1183.32      253.23    -19.3793         1.8     4195.42     4557.05     8752.48      28.225    -216.247    0.108614    0.606693    0.660127    0.741151     2398.95     1.6e+19     5.95919     4.05949     4.13067     3.83446
          0    0.133732     1196.67     253.199    -15.7581         1.8     4200.76     4585.31     8786.07     28.2565    -216.686    0.107995    0.606113    0.659569    0.741151     2399.33     1.6e+19     5.95697     4.05734     4.12797     3.83179