      20000           0           0     179.437      354.04         1.9     78.9895     14.2831     93.2726     14.2831      6.5598    0.258968    0.460851    0.605054    0.634429     2456.76     1.6e+19     5.73044     4.59858     4.35318     4.39114
      19900           0           0     179.437      353.13         1.9     151.419     29.7361     181.156     15.4531     6.43382    0.258968    0.460851    0.605054    0.634429     2456.76     1.6e+19     5.73044     4.59858     4.35318     4.39114
      19800           0           0     179.437     352.506         1.9     228.894     46.3592     275.253     16.6231     6.30822    0.258968    0.460851    0.605054    0.634429     2456.76     1.6e+19     5.73044     4.59858     4.35318     4.39114
      19700           0           0     179.437     352.255         1.9     299.319     60.5222     359.841     14.1631     6.19879    0.258968    0.460851    0.605054    0.634429     2456.76     1.6e+19     5.73044     4.59858     4.35318     4.39114
      19600           0           0     179.437      352.29         1.9     351.209     72.5053     423.714     11.9831     6.12087    0.258968    0.460851    0.605054    0.634429     2456.76     1.6e+19     5.73044     4.59858     4.35318     4.39114
      19500           0           0     179.437     350.597         1.9     414.692     82.0183      496.71     9.51306     6.05158    0.258968    0.460851    0.605054    0.634429     2456.76     1.6e+19     5.73044     4.59858     4.35318     4.39114
      19400           0           0     179.437     347.879         1.9     487.353     94.1014     581.454     12.0831     5.90477    0.258968    0.460851    0.605054    0.634429     2456.76     1.6e+19     5.73044     4.59858     4.35318     4.39114
      19300           0           0     179.437     345.374         1.9     558.279     106.214     664.494     12.1131     5.65656    0.258968    0.460851    0.605054    0.634429     2456.76     1.6e+19     5.73044     4.59858     4.35318     4.39114
      19200           0           0     179.437     342.873         1.9     620.606     118.358     738.963     12.1431     5.32496    0.258968    0.460851    0.605054    0.634429     2456.76     1.6e+19     5.73044     4.59858     4.35318     4.39114
      19100           0           0     179.437      342.02         1.9     681.386     130.011     811.397     11.6531     4.94128    0.258968    0.460851    0.605054    0.634429     2456.76     1.6e+19     5.73044     4.59858     4.35318     4.39114
      19000           0           0     179.437     342.156         1.9      741.53     142.474     884.004     12.4631     4.58749    0.258968    0.460851    0.605054    0.634429     2456.76     1.6e+19     5.73044     4.59858     4.35318     4.39114
      18900           0           0     179.437     340.553         1.9     800.577     155.747     956.323     13.2731     4.26219    0.258968    0.460851    0.605054    0.634429     2456.76     1.6e+19     5.73044     4.59858     4.35318     4.39114
      18800           0           0     179.437     337.986         1.9     870.831      166.28     1037.11     10.5331     3.87637    0.258968    0.460851    0.605054    0.634429     2456.76     1.6e+19     5.73044     4.59858     4.35318     4.39114
      18700           0           0     179.437      336.21         1.9     952.601     178.113     1130.71     11.8331     3.41716    0.258968    0.460851    0.605054    0.634429     2456.76     1.6e+19     5.73044     4.59858     4.35318     4.39114
      18600           0           0     179.437     334.818         1.9     1047.59     192.576     1240.17     14.4631     2.92873    0.258968    0.460851    0.605054    0.634429     2456.76     1.6e+19     5.73044     4.59858     4.35318     4.39114
      18500           0           0     179.437     333.482         1.9     1150.05     201.259     1351.31     8.68306     2.42444    0.258968    0.460851    0.605054    0.634429     2456.76     1.6e+19     5.73044     4.59858     4.35318     4.39114
      18400           0           0     179.437     332.205         1.9     1219.19     209.492     1428.69     8.23306      1.9065    0.258968    0.460851    0.605054    0.634429     2456.76     1.6e+19     5.73044     4.59858     4.35318     4.39114
      18300           0           0     179.437     329.228         1.9      1275.7     218.075     1493.77     8.58306     1.34924    0.258968    0.460851    0.605054    0.634429     2456.76     1.6e+19     5.73044     4.59858     4.35318     4.39114
      18200           0           0     179.437       325.2         1.9      1360.8     226.658     1587.45     8.58306    0.672723    0.258968    0.460851    0.605054    0.634429     2456.76     1.6e+19     5.73044     4.59858     4.35318     4.39114
      18100           0           0     179.437     321.768         1.9     1469.79     234.714      1704.5     8.05639   -0.137283    0.258968    0.460851    0.605054    0.634429     2456.76     1.6e+19     5.73044     4.59858     4.35318     4.39114
      18000           0           0     179.437     318.559         1.9     1574.09     243.331     1817.42     8.61639    -1.04056    0.258968    0.460851    0.605054    0.634429     2456.76     1.6e+19     5.73044     4.59858     4.35318     4.39114
      17900           0           0     179.437      317.64         1.9     1670.99     253.364     1924.35     10.0331    -1.98653    0.258968    0.460851    0.605054    0.634429     2456.76     1.6e+19     5.73044     4.59858     4.35318     4.39114
      17800           0           0     179.437     318.134         1.9        1766     264.257     2030.25     10.8931    -2.86227    0.258968    0.460851    0.605054    0.634429     2456.76     1.6e+19     5.73044     4.59858     4.35318     4.39114
      17700           0           0     179.437     316.312         1.9     1860.47      274.54     2135.01     10.2831    -3.66765    0.258968    0.460851    0.605054    0.634429     2456.76     1.6e+19     5.73044     4.59858     4.35318     4.39114
      17600           0           0     179.437     313.229         1.9     1943.92     288.828     2232.75     14.2881    -4.52282    0.258968    0.460851    0.605054    0.634429     2456.76     1.6e+19     5.73044     4.59858     4.35318     4.39114
      17500           0           0     179.437     313.298         1.9     2011.35     302.776     2314.12     13.9481    -5.41147    0.258968    0.460851    0.605054    0.634429     2456.76     1.6e+19     5.73044     4.59858     4.35318     4.39114
      17400           0           0     182.115     344.137         1.9     2042.72     312.444     2355.16     9.66738    -7.03503    0.258968    0.459299    0.604915    0.634429     2457.76     1.6e+19      5.7211     4.59193      4.3525     4.39344
      17300           0           0     182.934     353.815         1.9     2073.54     322.233     2395.78     9.78928    -7.23612    0.258968    0.457387    0.602965    0.634429     2458.73     1.6e+19     5.71793     4.58375     4.34297     4.38361
      17200           0           0      183.39     359.881         1.9     2096.59     335.928     2432.52      13.695    -7.02974    0.258968    0.455248     0.59985    0.634429     2459.65     1.6e+19     5.72125     4.57463     4.32783     4.36492
      17100           0           0     183.841     363.835         1.9     2099.91     350.717     2450.63     14.7892    -6.64495    0.258968    0.452619    0.595693    0.634429     2460.55     1.6e+19     5.72871     4.56346     4.30774     4.33998
      17000           0           0     184.395     366.328         1.9     2106.32     368.422     2474.74     17.7049    -6.19849    0.258968    0.475551    0.587251    0.634429     2461.42     1.6e+19     5.73799     4.54879     4.28324     4.31057
      16900           0           0     185.076     363.157         1.9     2119.69     386.971     2506.66     18.5487    -5.83044    0.258968    0.484658    0.575138    0.634429     2462.28     1.6e+19     5.74731     4.52873     4.25519     4.27796
      16800           0           0     185.879      356.08         1.9     2132.94     406.282     2539.22     19.3111    -5.80695    0.258968    0.484658      0.5616    0.634429     2463.11     1.6e+19     5.75543     4.50524     4.22418     4.24311
      16700           0           0     186.789     347.713         1.9     2143.96     427.383     2571.34     21.1008    -6.22983    0.258968    0.479384    0.548863    0.596992      2463.9     1.6e+19     5.76158     4.47861      4.5905     4.20736
      16600           0           0     187.792     338.163         1.9     2156.83      452.74     2609.57     25.3575    -7.09448    0.258968    0.472202    0.541008    0.572861     2464.62     1.6e+19     5.76538     4.44944     4.55473     4.57412
      16500           0           0     188.875     339.172         1.9     2164.82     472.218     2637.03     19.4779    -8.20911    0.258968    0.432691    0.532904    0.572861      2465.3     1.6e+19      5.7667     4.41878      4.5183     4.53859
      16400   0.0650992   0.0650992     190.027      347.24         1.9     2171.37     496.159     2667.52     23.9409    -8.99678    0.258968    0.412886    0.520135    0.572861     2465.95     1.6e+19     5.76561     4.78854     4.48125     4.50183
      16300    0.112427     6.62235     191.194     352.225         1.9     2187.89     517.481     2705.37     21.3225    -10.7601    0.258968    0.412886    0.502773    0.572861     2467.31     1.6e+19     5.76228      4.7545     4.44378     4.46133
      16200    0.077241     17.8299     192.321     355.605         1.9     2209.58     544.606     2754.18     27.1242    -12.9845    0.258968    0.412886    0.484476    0.556437     2469.19     1.6e+19     5.75683     4.71867     4.40417     4.41429
      16100   0.0122331      25.489     193.435     347.274         1.9     2227.71     574.908     2802.62     30.3025    -13.9291    0.258968    0.408322    0.473036    0.505823     2470.57     1.6e+19     5.74926     4.68144     4.76058     4.76775
      16000 0.000692534     26.7008     194.609     331.045         1.9        2236     604.002        2840     29.0943    -13.8376    0.258968    0.399827    0.462567    0.505823     2471.19     1.6e+19     5.73959      4.6434     4.71611     4.72275
      15900 0.000851652     26.7702     195.863     322.828         1.9     2239.51     631.992      2871.5     27.9891    -14.3314    0.258968    0.351334    0.445779    0.505823     2471.64     1.6e+19     5.72797     4.60586     4.67309     4.68199
      15800   0.0266092     26.8811     197.176     319.435         1.9     2246.21     657.175     2903.38     25.1839    -15.1743    0.258968     0.33798     0.42688    0.505823     2472.05     1.6e+19     5.71474     4.96868     4.63285     4.64464
      15700   0.0375965      29.553     198.512     317.222         1.9     2253.73     682.173      2935.9     24.9981    -16.6892    0.257091     0.33798    0.410099     0.46888     2472.73     1.6e+19     5.70034     4.93026     4.99485     4.60918
      15600   0.0425531     33.3176     199.846     316.038         1.9     2262.81     705.088      2967.9     22.9145    -18.3383     0.25201    0.335597    0.401763    0.434418     2473.45     1.6e+19     5.68541     4.89161     4.95757     4.97772
      15500   0.0408644     37.5712     201.172     314.096         1.9     2271.96     727.446     2999.41     22.3578    -19.9183    0.246809      0.3282    0.393625    0.434418      2474.2     1.6e+19     5.67021     4.85361     4.92164     4.94446
      15400   0.0799236     41.6967     202.495     311.767         1.9     2286.09     748.956     3035.05       21.51    -21.3395    0.241522    0.304873    0.381795    0.434418     2474.91     1.6e+19     5.65484     4.81676     4.88633     4.91048
      15300    0.135383     49.7445      203.79     311.012         1.9     2308.42     772.482     3080.91     23.5262     -23.522    0.236174    0.269662    0.366349    0.434418     2476.02     1.6e+19     5.63938     5.18249     4.85167     4.87473
      15200    0.177979     63.3254     205.013     311.283         1.9     2331.82     795.543     3127.36     23.0607    -26.5635    0.230785    0.269662    0.350456    0.434418     2477.75     1.6e+19     5.62389     5.14775     4.81646     4.83437
      15100    0.256432     81.2017     206.132     317.831         1.9      2364.3     818.184     3182.48      22.641      -29.84    0.225322    0.269662    0.338402     0.36527     2479.91     1.6e+19     5.60826     5.11283     5.17837     5.19023
      15000    0.326086     106.915     207.113     328.719         1.9     2410.97     840.373     3251.34     22.1894    -33.7093    0.219705    0.269662    0.329543     0.36527     2482.91     1.6e+19     5.59229     5.07768     5.13675     5.13827
      14900    0.383274      139.58     207.919     337.153         1.9     2468.58     861.101     3329.68     20.7279     -37.666    0.213819    0.269662    0.319414     0.36527     2486.69     1.6e+19     5.57565       5.042     5.08991     5.07445
      14800    0.365308      177.89     208.539      344.29         1.9     2537.81      881.84     3419.65     20.7395    -41.4737    0.207511    0.222327    0.317444    0.300281     2491.09     1.6e+19     5.55793     5.00658     5.03628     5.00023
      14700           0     214.055     208.967     335.732         1.9     2600.53     901.867      3502.4     20.0269    -43.7668    0.200631    0.209552    0.299483    0.299483     2495.15     1.6e+19     5.53873     5.77009     5.77571      5.7188
      14600           0     214.055     200.665     267.825         1.9     2623.33     937.043     3560.37     35.1754    -39.1671    0.040143    0.269662     0.36527    0.299483     2492.95     1.6e+19     6.36596     5.11454     5.06402     5.69096
      14500           0     214.055     198.129     241.373         1.9     2630.15     978.261     3608.41     41.2185    -40.1338  0.00151382     0.33798     0.36527    0.299483     2490.54     1.6e+19     6.53536     4.90392     5.17163     5.73548
      14400           0     214.055     198.104      225.02         1.9     2630.72     1021.51     3652.23     43.2496    -43.0574           0    0.388064    0.410865    0.333945     2488.04     1.6e+19       6.501      4.6138     4.81734      5.0101
      14300           0     214.055     198.942     210.819         1.9     2634.19     1061.72     3695.91     40.2077    -46.5314           0    0.412886    0.422111     0.36527     2485.71     1.6e+19       6.501     4.63892     4.82078     5.07367
      14200           0     214.055     200.027     198.661         1.9     2644.38     1100.24     3744.63     38.5256    -50.0384           0    0.412886    0.404154     0.36527     2483.28     1.6e+19       6.501     4.62201     4.81373     5.13193
      14100           0     214.055     201.162     192.136         1.9     2655.12     1137.42     3792.54     37.1718     -53.283           0     0.33798    0.389599     0.36527      2480.7     1.6e+19       6.501     4.99362     4.80834     5.18416
      14000           0     214.055     202.299     189.122         1.9      2675.1      1172.1      3847.2     34.6856    -56.0167           0     0.33798    0.386191    0.434418     2478.07     1.6e+19       6.501     4.96128     4.80713     4.82505
      13900           0     214.055     203.425     184.057         1.9     2700.36     1209.25      3909.6     37.1447    -58.2599           0     0.33798    0.389141    0.434418     2475.47     1.6e+19       6.501     4.92835     4.80856     4.85774
      13800           0     214.055      204.53     178.111         1.9     2716.95     1243.23     3960.18     33.9854    -60.2384           0     0.33798    0.401091    0.434418     2472.85     1.6e+19       6.501     4.89986     4.81351     4.89072
      13700           0     214.055     205.609     173.765         1.9      2749.5     1278.97     4028.48     35.7407    -62.0415           0     0.33798      0.4203    0.434418     2470.22     1.6e+19       6.501     4.87794     4.82186     4.92386
      13600           0     214.055     206.664     170.305         1.9     2774.87     1313.51     4088.38     34.5409    -63.6621           0     0.33798    0.434418    0.434418     2467.61     1.6e+19       6.501     4.86317     4.83347     4.95714
      13500           0     214.055     207.696     173.568         1.9     2800.54     1341.65     4142.19     28.1338    -65.0212           0     0.33798    0.434418    0.434418     2464.98     1.6e+19       6.501     4.85536     4.85066     4.99106
      13400           0     214.055      208.71     180.885         1.9     2824.75     1371.98     4196.73     30.3298    -65.8489           0     0.33798    0.434418    0.505823      2462.4     1.6e+19       6.501     4.85408     4.87198     4.61964
      13300           0     214.055     209.708     177.797         1.9     2849.69     1399.13     4248.82     27.1521    -66.2815           0     0.33798    0.434418    0.505823      2459.9     1.6e+19       6.501     4.85866     4.89415     4.64364
      13200           0     214.055     213.188     198.842         1.9      2857.2     1425.86     4283.05     26.7272    -66.6765           0     0.33798    0.434418    0.505823     2459.62     1.6e+19       6.501     4.85472     4.92033     4.66325
      13100   0.0299896     214.085     215.387     205.596         1.9     2858.55     1446.33     4304.88     20.4777    -66.0137  0.00960885     0.33798    0.434418    0.505823     2459.48     1.6e+19     6.73214     4.84886     4.93929     4.67591
      13000           0     217.054     217.154     211.559         1.9     2867.87     1467.67     4335.53     21.3323    -65.5982   0.0355946     0.33798    0.434418    0.505823     2459.77     1.6e+19     6.33739     4.83137     4.94345     4.67922
      12900   0.0802363     217.134     218.578     217.952         1.9      2873.8      1487.8      4361.6     20.1299    -64.2674   0.0615903    0.286756    0.434418    0.505823     2459.79     1.6e+19     6.50463     4.80776     4.93718     4.67406
      12800    0.107589     225.185     219.628     224.381         1.9     2888.04     1509.05     4397.09     21.2537    -64.5472     0.07483    0.269662    0.434418    0.505823     2460.74     1.6e+19      5.8404     5.18285     4.92503      4.6592
      12700   0.0537746     235.891     220.488     226.615         1.9     2896.93     1531.16      4428.1     22.1148     -65.072    0.104803    0.269662    0.434418    0.505823     2462.05     1.6e+19     5.94554      5.1562     4.90726     4.63339
      12600           0     241.214     221.417     225.928         1.9      2906.8      1554.9      4461.7     23.7331     -64.337    0.128034    0.269662    0.434418    0.448553     2462.76     1.6e+19     6.02981     5.12739     4.88287     4.60376
      12500           0     241.214     222.441     225.827         1.9      2914.1     1579.44     4493.55     24.5468    -62.7467    0.145914    0.269662    0.434418    0.434418     2462.83     1.6e+19     6.09641     5.09717     4.85621     4.97853
      12400           0     241.214     223.551     225.867         1.9     2923.47     1601.99     4525.46     22.5495    -61.6035    0.149485    0.257132    0.405778    0.434418     2462.91     1.6e+19     6.14884     5.06693     4.83088     4.95389
      12300           0     241.214     224.719     224.568         1.9      2925.1     1624.06     4549.17     22.0669    -60.8491    0.149485    0.235868    0.375671    0.434418     2462.96     1.6e+19     6.19054     5.03869      4.8083     4.93017
      12200    0.101191     241.315     225.935     222.272         1.9     2941.23     1647.43     4588.66      23.368    -60.5065    0.157536    0.217759     0.36527    0.434418        2463     1.6e+19     5.42138     5.01261     5.18646     4.90756
      12100    0.167006       251.5     227.117     221.435         1.9     2966.37     1672.75     4639.12     25.3249    -62.6399    0.166016    0.209552     0.36527    0.434418      2464.2     1.6e+19     5.44408     5.78754     5.16325     4.88071
      12000     0.23202     268.266     228.186     221.433         1.9     3000.27     1694.67     4694.94     21.9115    -65.8834    0.172195    0.209552     0.36527    0.434418     2466.16     1.6e+19     5.46073     5.76222     5.13665     4.84445
      11900     0.26896     291.505      229.11     222.304         1.9     3038.99     1720.11      4759.1     25.4439    -69.9145    0.176426    0.209552    0.359843     0.36527     2468.85     1.6e+19      5.4722     5.73683     5.10464     5.19893
      11800    0.357925      318.49     229.888     223.807         1.9     3083.69     1745.26     4828.95      25.152    -73.9301    0.178911    0.209552    0.337323     0.36527     2471.91     1.6e+19     5.47896     5.71063     5.06829     5.14534
      11700    0.136831     354.061     230.497     232.903         1.9     3140.84     1771.35     4912.19      26.085    -78.7558    0.214971    0.202804    0.313478     0.36527     2475.95     1.6e+19     5.48019     5.68315     5.02625      5.0795
      11600   0.0905499     367.698     217.967     207.656         1.9     3179.38     1810.74     4990.13     39.3967    -77.7749   0.0588117    0.269662     0.36362     0.36527     2475.39     1.6e+19     6.48628     5.04404     5.12819     5.04981
      11500   0.0292575     376.692     213.611     189.726         1.9     3209.68      1862.9     5072.57     52.1561    -78.5982  0.00987954     0.33798    0.434418     0.36527     2474.14     1.6e+19     6.73895      4.8494     4.84177     5.08151
      11400   0.0338665     379.622     212.821      165.75         1.9     3228.47     1918.03      5146.5      55.131    -79.9158  0.00163715     0.33798    0.434418     0.36527     2472.15     1.6e+19     6.53826     4.97377     4.88596     5.14073
      11300   0.0358899     383.011     213.332     154.416         1.9     3240.78     1970.18     5210.96     52.1458    -82.4918           0    0.412886    0.434418    0.378087     2470.14     1.6e+19       6.501     4.62068     4.89465     4.80355
      11200           0     386.564     214.252     150.026         1.9     3248.17     2020.77     5268.94      50.598    -85.1396           0    0.399205    0.434418    0.434418     2468.25     1.6e+19       6.501     4.61562     4.88807     4.84795
      11100           0     386.564      215.31     142.105         1.9     3261.26     2070.36     5331.62       49.59    -86.8186           0     0.33798    0.434418    0.434418     2465.85     1.6e+19       6.501     4.99786      4.8777     4.88739
      11000           0     386.564     216.424      132.57         1.9     3283.29     2118.74     5402.03     48.3761    -88.6139           0     0.33798    0.434418    0.434418     2463.35     1.6e+19       6.501     4.97383      4.8713     4.92461
      10900           0     386.564     217.546      127.11         1.9     3296.05     2168.79     5464.84     50.0541     -90.484           0     0.33798    0.434418    0.434418     2460.81     1.6e+19       6.501     4.94717     4.87116     4.96028
      10800           0     386.564     218.659     123.918         1.9     3297.21     2215.68      5512.9     46.8906    -92.2301           0     0.33798    0.434418    0.434418     2458.25     1.6e+19       6.501     4.92336     4.87732     4.99542
      10700           0     386.564     219.761     119.794         1.9     3300.07     2262.15     5562.22     46.4644    -93.8364           0     0.33798    0.434418    0.505823     2455.73     1.6e+19       6.501     4.90502     4.88835     4.62247
      10600           0     386.564     220.847     115.274         1.9     3307.22      2308.2     5615.42     46.0532    -95.3984           0     0.33798    0.434418    0.505823     2453.26     1.6e+19       6.501     4.89303     4.90155      4.6465
      10500           0     386.564     221.916     112.532         1.9     3314.64     2353.79     5668.43     45.5844    -96.9281           0     0.33798    0.434418    0.505823     2450.77     1.6e+19       6.501     4.88733      4.9181      4.6737
      10400           0     386.564     222.968     110.817         1.9     3322.72     2397.02     5719.74      43.232    -98.3613           0     0.33798    0.434418    0.505823     2448.28     1.6e+19       6.501     4.88753     4.93829     4.70336
      10300           0     386.564     224.007     109.705         1.9     3324.21     2437.91     5762.12     40.8934    -99.6844           0     0.33798    0.434418    0.505823     2445.77     1.6e+19       6.501     4.89307     4.96184      4.7351
      10200           0     386.564     225.034     108.503         1.9     3326.58     2478.58     5805.16     40.6658      -100.9           0     0.33798    0.434418    0.505823     2443.25     1.6e+19       6.501     4.90337     4.98835     4.76866
      10100           0     386.564     226.053     106.266         1.9     3345.13     2516.22     5861.35     37.6472    -102.071 0.000225089     0.33798    0.472506    0.517926     2440.75     1.6e+19     6.50523     4.91784     4.61456     4.40341
      10000           0     386.564     227.058     103.695         1.9     3357.14     2553.17      5910.3     36.9419    -103.249  0.00157978     0.33798    0.505823    0.572861     2438.43     1.6e+19     6.53691     4.93575     4.63461     4.42696
       9900           0     386.564     228.041     100.948         1.9     3358.32     2589.43     5947.75     36.2586    -104.454  0.00292177     0.33798    0.505823    0.572861     2436.16     1.6e+19     6.56864     4.95626     4.65622     4.44979
       9800           0     386.564     229.005     98.0629         1.9     3360.63     2624.16     5984.79     34.7387    -105.696  0.00424582     0.33798    0.505823    0.572861     2433.89     1.6e+19     6.60029     4.97893     4.68061     4.47519
       9700  0.00843375     386.572     229.954     95.0668         1.9     3365.44      2657.4     6022.84     33.2337    -106.984  0.00555055    0.348556    0.505823    0.572861     2431.62     1.6e+19     6.63182     4.60321     4.70718     4.50277
       9600   0.0109093     387.418      230.88     91.9704         1.9     3370.83     2689.15     6059.98     31.7515    -108.485  0.00683478    0.401598    0.505823    0.572861     2429.51     1.6e+19      6.6632     4.62038     4.73539     4.53175
       9500           0     388.498     231.772     88.7916         1.9     3371.81     2719.45     6091.26     30.3033    -110.042  0.00809051    0.412886    0.505823    0.572861     2427.48     1.6e+19      6.6942     4.63472     4.76445     4.56148
       9400           0     388.498     232.647     86.4034         1.9     3387.67        2752     6139.68     32.5526    -111.383  0.00931224    0.412886    0.505823    0.572861     2425.32     1.6e+19     6.72469     4.65305     4.79406      4.5924
       9300           0     388.498     233.519     84.4701         1.9     3402.76     2782.29     6185.04      30.281    -112.739   0.0105049    0.412886    0.552866    0.632687     2423.26     1.6e+19     6.75475      4.6745     4.41939     4.21829
       9200           0     388.498     234.376     82.7921         1.9      3416.8     2811.61     6228.41     29.3238    -114.087   0.0116707    0.412886    0.572861    0.634429     2421.34     1.6e+19     6.78444     4.69799     4.43824     4.23752
       9100           0     388.498     235.213     81.2915         1.9     3422.77      2838.4     6261.16     26.7875    -115.415   0.0149244    0.412886    0.572861    0.634429     2419.43     1.6e+19     6.21265     4.72272     4.45946     4.25847
       9000           0     388.498     236.032     79.9318         1.9     3426.58     2861.66     6288.24     23.2677    -116.716    0.019558    0.412886    0.572861    0.634429     2417.53     1.6e+19     6.23888     4.74838     4.48275     4.28117
       8900           0     388.498     236.839     78.7051         1.9     3441.04     2885.48     6326.52     23.8108    -117.988   0.0237847    0.412886    0.572861    0.634429     2415.63     1.6e+19     6.26451     4.77477     4.50745      4.3054
       8800           0     388.498     237.636     77.5829         1.9     3443.94     2908.36      6352.3     22.8891    -119.227   0.0279015    0.417843    0.572861    0.634429     2413.75     1.6e+19     6.28971     4.40166     4.53321     4.33092
       8700    0.103026     388.601     238.423     76.5478         1.9      3448.6     2930.34     6378.94     21.9774    -120.454   0.0319256    0.471857    0.572861    0.634429     2411.94     1.6e+19     6.31455      4.4208     4.55976      4.3575
       8600    0.101306     398.902     239.073     75.4476         1.9     3458.38     2951.82      6410.2      21.477    -123.626   0.0358264    0.484658    0.572861    0.634429     2411.35     1.6e+19     6.33884     4.43551      4.5858     4.37945
       8500   0.0999598     409.031     239.569     74.3511         1.9     3461.83     2972.95     6434.78     21.1306    -126.248   0.0394518    0.484658    0.589429    0.634429     2410.76     1.6e+19      6.3616     4.45293     4.20759      4.3947
       8400    0.100996     419.028      239.99     73.7554         1.9     3468.62     2994.26     6462.88     21.3099    -128.459   0.0426985    0.484658    0.616785    0.647542     2410.22     1.6e+19     6.38214     4.47194     4.22122     4.00436
       8300   0.0849425     429.112     240.362     73.4919         1.9     3473.39      3012.2     6485.59     17.9382    -130.378   0.0455589    0.484658    0.632478    0.657656     2409.76     1.6e+19     6.40035     4.49123     4.23033     4.00773
       8200     0.08599     437.607     240.715     73.4888         1.9     3473.84     3030.36      6504.2     18.1598    -131.736   0.0480698    0.484658    0.634429    0.662653     2409.15     1.6e+19     6.41644     4.50998     4.23769      4.0094
       8100    0.087103     446.207     241.061     73.7056         1.9     3477.47     3048.75     6526.22     18.3886    -132.973   0.0503027    0.484658    0.634429    0.667685     2408.57     1.6e+19     6.43082     4.52785     4.24504     4.01108
       8000   0.0868459     454.917     241.394     74.0969         1.9     3481.72     3067.08     6548.79     18.3306    -134.096   0.0523256    0.484658    0.634429    0.672895     2408.01     1.6e+19     6.44391     4.54473     4.25219     4.01282
       7900   0.0866472     463.602     241.714     74.7115         1.9     3486.72     3085.36     6572.09     18.2858    -135.083   0.0541843    0.484658    0.634429    0.678373     2407.47     1.6e+19     6.45599     4.56062      4.2591     4.01465
       7800   0.0837402     472.263     242.022     75.5058         1.9     3489.51     3103.04     6592.55     17.6777    -135.942   0.0559111    0.484658    0.634429    0.684152     2406.94     1.6e+19     6.46726     4.57558     4.26576     4.01658
       7700   0.0856442     480.639     242.323     76.4694         1.9      3490.1     3121.12     6611.22     18.0768    -136.631   0.0575311    0.484658    0.634429    0.690499      2406.4     1.6e+19     6.47787     4.58967     4.27221      4.0187
       7600           0     489.118     242.616     77.6048         1.9     3492.88      3138.6     6631.48     17.4841    -137.237   0.0590658    0.491202    0.634429    0.690526     2405.87     1.6e+19     6.48796     4.20266     4.27858     4.02154
       7500           0     489.118     242.997          79         1.9     3500.94     3155.43     6656.37     16.8284    -136.124   0.0605457    0.510809    0.634429    0.690526      2404.4     1.6e+19     6.49772     4.21121     4.28578     4.02981
       7400           0     489.118     243.479      79.508         1.9     3512.14      3171.5     6683.64     16.0709    -135.308     0.06209    0.523041    0.634429    0.690526     2402.96     1.6e+19     6.50794     4.21731     4.29583     4.04471
       7300           0     489.118     244.001     79.4937         1.9     3524.59     3188.77     6713.36     17.2735    -134.743   0.0630091    0.532742    0.634429    0.690526     2401.54     1.6e+19     6.51926     4.22283     4.30898     4.06353
       7200   0.0863795     489.204      244.54     79.1931         1.9      3540.6     3207.23     6747.83       18.46    -134.394   0.0630091    0.541793    0.634429    0.690526     2400.14     1.6e+19     6.53201     4.22855     4.32473     4.08479
       7100   0.0814152     497.837     244.985     78.5695         1.9     3557.33     3224.55     6781.88      17.315    -135.835   0.0630091    0.550843    0.634429    0.690526     2399.74     1.6e+19      6.5459      4.2348     4.34174     4.10308
       7000    0.057485     505.955     245.322     77.7412         1.9     3566.48     3236.83     6803.31      12.278    -136.907   0.0630091    0.551677    0.634429    0.690526     2399.28     1.6e+19     6.55987     4.24236     4.35745     4.11653
       6900    0.058275     511.704     245.641     76.8304         1.9     3575.71     3249.29        6825     12.4586    -137.364   0.0630091    0.551677    0.634429    0.690526     2398.55     1.6e+19     6.57316     4.25171     4.37145     4.12869
       6800   0.0796241     517.553      245.97     75.8484         1.9     3583.21     3266.22     6849.43       16.93    -137.838   0.0630091    0.551677    0.634429    0.690526     2397.84     1.6e+19     6.58575     4.26217      4.3846     4.14093
       6700   0.0744584      525.51     246.275     74.7846         1.9     3590.36     3282.04      6872.4     15.8246    -138.713   0.0630091    0.551677    0.634429    0.690526     2397.36     1.6e+19     6.59782     4.27329     4.39714     4.15196
       6600   0.0602184     532.942     246.557     73.6912         1.9     3598.31     3294.88      6893.2     12.8426    -139.397    0.065478    0.551677     0.64657    0.690526     2396.84     1.6e+19     5.80839     4.28474     4.00753     4.16159
       6500   0.0668994     538.971     246.846     72.5876         1.9     3603.48     3309.14     6912.61      14.254    -139.774   0.0682523    0.551677    0.658186    0.690526     2396.18     1.6e+19     5.81785     4.29619     4.01551     4.17088
       6400   0.0660122      545.66     247.135     71.7738         1.9     3608.15      3323.2     6931.35     14.0645    -140.311   0.0708357    0.551677    0.667558    0.690526     2395.62     1.6e+19     5.82668      4.3074     4.02276     4.17984
       6300   0.0730337     552.268     247.416     71.1266         1.9     3613.71     3338.74     6952.44     15.5341    -140.815   0.0732838    0.551677    0.675451    0.690526     2395.07     1.6e+19     5.83508     4.31826     4.02967     4.18818
       6200   0.0758749     559.574     247.681     70.5735         1.9     3627.32     3354.86     6982.18     16.1194    -141.433   0.0756182    0.551677    0.682144    0.690526     2394.61     1.6e+19     5.84311     4.32876     4.03633     4.19575
       6100   0.0788023     567.164     247.925     70.1042         1.9     3641.86     3371.58     7013.44     16.7248    -142.054   0.0778376    0.551677    0.687643    0.696102     2394.21     1.6e+19     5.85077     4.33889     4.04264     3.80204
       6000   0.0818158     575.048     248.151     69.6913         1.9     3645.59     3388.93     7034.52     17.3488    -142.674    0.079933    0.551677    0.690526    0.705564     2393.87     1.6e+19     5.85802     4.34862     4.04829     3.80551
       5900   0.0723113      583.22     248.359     69.3224         1.9     3651.31     3404.27     7055.58     15.3413     -143.29   0.0818973    0.551677    0.690526    0.710966     2393.58     1.6e+19     5.86483     4.35793     4.05344     3.80749
       5800   0.0798729     590.458     248.562     69.0058         1.9     3663.33     3421.21     7084.54     16.9376    -143.667   0.0837307    0.551677    0.690526     0.71592      2393.2     1.6e+19     5.87121     4.36679     4.05813     3.80931
       5700    0.080877     598.447      248.76     68.7201         1.9     3665.66     3438.35     7104.01     17.1405     -144.18   0.0854591    0.551677    0.690526    0.720394     2392.92     1.6e+19     5.87723     4.37519     4.06254     3.81096
       5600   0.0812271     606.535     248.942     68.4609         1.9     3666.34     3455.56      7121.9     17.2076    -144.667   0.0870931    0.551677    0.690526    0.723952     2392.67     1.6e+19     5.88294     4.38317     4.06662     3.81227
       5500   0.0816211     614.658     249.114     68.2278         1.9     3677.02     3472.84     7149.87      17.286    -145.121   0.0886303    0.551677    0.690526    0.727097     2392.42     1.6e+19     5.88831     4.39072     4.07037     3.81342
       5400   0.0809866     622.819     249.276     67.2789         1.9     3687.13     3489.99     7177.12     17.1485     -145.56   0.0900738    0.551677    0.690526    0.730035     2392.19     1.6e+19     5.89338     4.39786     4.07385      3.8145
       5300   0.0803821     630.917     249.432     65.9021         1.9     3689.74     3507.01     7196.75     17.0181    -146.007     0.09143     0.55972    0.690526    0.732952     2391.97     1.6e+19     5.89814     4.00375     4.07712     3.81558
       5200   0.0955741     638.971     249.581      64.286         1.9     3704.75     3527.23     7231.98      20.219    -146.488   0.0927039    0.567056    0.690526    0.735955     2391.76     1.6e+19     5.90262     4.00755     4.08018     3.81668
       5100   0.0922769     648.525     249.704     62.4934         1.9     3706.84     3546.72     7253.56     19.4956    -147.303   0.0938913    0.571886    0.690526    0.737187     2391.75     1.6e+19      5.9068     4.01043     4.08293     3.81714
       5000   0.0890213     657.749     249.803     60.5568         1.9     3710.94     3565.52     7276.46     18.7975    -148.043   0.0949588    0.575401    0.690526    0.737221      2391.7     1.6e+19     5.91057     4.01288     4.08511     3.81715
       4900   0.0952403     666.658     249.892     58.5395         1.9     3716.38     3585.63     7302.01     20.1083    -148.745   0.0958924    0.578066    0.690526    0.737626     2391.63     1.6e+19     5.91387     4.01507      4.0869      3.8173
       4800   0.0984812     676.185     249.969     56.4341         1.9     3717.53     3606.41     7323.94     20.7814    -149.609   0.0967082    0.580114    0.690526    0.737699     2391.63     1.6e+19     5.91675     4.01708     4.08843     3.81733
       4700    0.101803     686.036     250.028     54.2585         1.9     3722.39     3627.88     7350.28     21.4721    -150.553   0.0974119    0.581854    0.689682    0.736934     2391.67     1.6e+19     5.91924     4.01894     4.08968     3.81704
       4600   0.0936225     696.209      250.07     52.0438         1.9     3726.27     3647.61     7373.88     19.7297     -151.57   0.0980004    0.584471    0.687722    0.735545     2391.75     1.6e+19     5.92133     4.02051     4.09084     3.81653
       4500    0.090099     705.567      250.11     49.7867         1.9     3731.83      3666.6     7398.43     18.9901    -152.442   0.0984764    0.587525    0.685789    0.735002     2391.73     1.6e+19     5.92301     4.02161      4.0919     3.81633
       4400    0.099305     714.586     250.157     47.8726         1.9     3737.94     3687.54     7425.48     20.9426      -153.3   0.0988701    0.590512    0.683975    0.735897     2391.68     1.6e+19     5.92441     4.02225     4.09303     3.81666
       4300    0.101051     724.519     250.199     46.1323         1.9     3741.58     3708.85     7450.42     21.3009     -154.37   0.0992168    0.593216    0.682269    0.736437     2391.74     1.6e+19     5.92564     4.02256     4.09421     3.81686
       4200    0.104266     734.627     250.227      44.484         1.9      3749.6     3730.82     7480.42      21.973     -155.46   0.0995159    0.595583    0.680567    0.736067     2391.81     1.6e+19      5.9267     4.02264     4.09523     3.81672
       4100     0.10188     745.051     250.242     42.9096         1.9     3761.55     3752.28     7513.83     21.4578    -156.593   0.0997542      0.5976    0.678849    0.735043     2391.93     1.6e+19     5.92755     4.02256     4.09602     3.81635
       4000    0.109401     755.247     250.251     41.3845         1.9     3773.84     3775.33     7549.16     23.0493    -157.656   0.0999241    0.599266    0.677132    0.734016     2392.01     1.6e+19     5.92815     4.02236     4.09659     3.81597
       3900    0.117012     766.195     250.249     39.8836         1.9     3788.82     3799.98      7588.8     24.6514    -158.852    0.100029    0.600596    0.675445    0.732415     2392.18     1.6e+19     5.92853     4.02207     4.09699     3.81538
       3800    0.110374     777.889     250.226     38.3904         1.9     3802.22      3823.2     7625.42     23.2242    -160.147    0.100062    0.601601    0.673743    0.729384     2392.43     1.6e+19     5.92864     4.02171     4.09709     3.81426
       3700     0.10993     788.926     250.195     36.3191         1.9     3819.67     3846.33        7666     23.1303    -161.266    0.100004     0.60226    0.672028    0.726433      2392.6     1.6e+19     5.92844     4.02128     4.09685     3.81318
       3600    0.109474     799.919     250.166     32.6961         1.9     3834.61     3869.37     7703.97     23.0339    -162.439   0.0998667    0.602578    0.670389    0.724286     2392.75     1.6e+19     5.92795     4.02078     4.09651     3.81239
       3500    0.118079     810.875      250.14     28.3903         1.9     3848.66     3894.23     7742.88     24.8603    -163.728   0.0996772    0.602609    0.668859    0.722639     2392.89     1.6e+19     5.92727     4.02024     4.09615     3.81178
       3400    0.113588     822.678     250.105     23.8211         1.9     3858.63     3918.12     7776.75     23.8948    -165.316   0.0994528    0.602422    0.667421    0.720311     2393.13     1.6e+19     5.92648     4.01969     4.09574     3.81093
       3300    0.115419     834.039     250.066     19.0002         1.9     3859.13      3942.4     7801.53     24.2839    -166.926    0.099189    0.602044    0.666036    0.717878      2393.3     1.6e+19     5.92554     4.01912     4.09517     3.81003
       3200    0.117261     845.582     250.027     14.5252         1.9     3860.77     3967.08     7827.84     24.6725      -168.7   0.0988904    0.601492    0.664734    0.715716     2393.48     1.6e+19     5.92448     4.01854     4.09454     3.80924
       3100    0.117235     857.308     249.987     11.3793         1.9     3860.84     3991.74     7852.58     24.6635    -170.563   0.0985665    0.600793    0.663512    0.713443     2393.68     1.6e+19     5.92333     4.01796     4.09385      3.8084
       3000    0.117204     869.032     249.944     8.71681         1.9     3863.67      4016.4     7880.07     24.6558     -172.42   0.0982206    0.599176    0.662363    0.711176     2393.87     1.6e+19     5.92211     4.01742     4.09311     3.80757
       2900    0.121637     880.757     249.903     6.40152         1.9     3866.82     4041.99     7908.82     25.5971    -174.258   0.0978577    0.597364     0.66129     0.70908     2394.05     1.6e+19     5.92082      4.0171     4.09233      3.8068
       2800    0.120932      892.92     249.859     4.32697         1.9     3870.23     4067.43     7937.67     25.4415    -176.146   0.0974841    0.595831    0.660289    0.706669     2394.27     1.6e+19      5.9195     4.01684     4.09152     3.80592
       2700    0.138085      905.03     249.812     2.25169         1.9     3873.93     4096.52     7970.45     29.0884    -177.976   0.0970969    0.594377    0.659342    0.704102     2394.48     1.6e+19     5.91813      4.0166     4.09063     3.80497
       2600    0.114994     918.816     249.746   -0.178591         1.9     3886.94     4120.68     8007.62     24.1543    -180.084   0.0966892    0.592916    0.658421    0.699724     2394.86     1.6e+19     5.91668     4.01634     4.08957     3.80337
       2500    0.134003     930.334     249.686    -2.68933         1.9     3887.71     4148.89      8036.6     28.2144    -181.709   0.0962335    0.591353    0.657503    0.696585     2394.97     1.6e+19     5.91507     4.01603     4.08827     3.80222
       2400    0.132953     943.733     249.627    -5.23949         1.9     3888.76     4176.86     8065.63     27.9732    -183.723   0.0957549    0.589696    0.656671    0.693474     2395.29     1.6e+19     5.91338     4.01568     4.08705     3.80108
       2300    0.131203     957.027     249.556    -7.82377         1.9     3889.85     4204.46     8094.31     27.5943    -185.678   0.0952544    0.587966    0.655858    0.690526     2395.58     1.6e+19     5.91161     4.01529     4.08567      4.1995
       2200    0.129427     970.145     249.484    -10.2653         1.9     3897.62     4231.68      8129.3     27.2159     -187.58   0.0947185    0.586132    0.655043    0.690526     2395.84     1.6e+19     5.90972     4.01487     4.08407     4.19736
       2100    0.130202     983.089     249.417    -12.2892         1.9      3898.4     4259.06     8157.46     27.3827    -189.428   0.0941559    0.584183    0.654223    0.690526     2396.08     1.6e+19     5.90773      4.0144     4.08222     4.19494
       2000     0.13097      996.11     249.355    -14.1383         1.9     3899.44      4286.6     8186.04     27.5451    -191.263   0.0935826    0.586812    0.653037    0.690526     2396.33     1.6e+19     5.90571      4.0137     4.08025     4.19237
       1900    0.134253     1009.21     249.294    -15.8537         1.9     3901.41     4314.84     8216.26     28.2397    -193.077   0.0930063    0.587326    0.651565    0.690526     2396.58     1.6e+19     5.90368     4.01155     4.07824     4.18967
       1800    0.135216     1022.64     249.229    -17.4691         1.9     3902.51     4343.28     8245.79     28.4381    -194.909   0.0924246    0.583464    0.650116    0.690526     2396.87     1.6e+19     5.90164     4.01024     4.07612     4.18671
       1700    0.140074     1036.16      249.16    -19.1028         1.9     3902.61     4372.75     8275.35     29.4671    -196.706   0.0918333    0.580723    0.648668    0.690526     2397.16     1.6e+19     5.89956     4.00931     4.07385     4.18344
       1600    0.148272     1050.18     249.084    -20.9332         1.9     3905.42     4403.95     8309.37     31.2035    -198.549   0.0912275    0.578329    0.647202    0.690526     2397.49     1.6e+19     5.89743      4.0085     4.07142     4.17974
       1500    0.140604        1065     248.993    -22.8305         1.9     3908.81      4433.5     8342.31     29.5517    -200.486   0.0905937    0.575987    0.645657    0.690526     2397.92     1.6e+19      5.8952     4.00772     4.06867     4.17521
       1400    0.133541     1079.05     248.899    -24.7637         1.9     3911.83     4461.55     8373.38     28.0508     -202.22   0.0899099    0.573539    0.643993    0.690526     2398.24     1.6e+19      5.8928     4.00691     4.06553     4.17033
       1300    0.137565     1092.41     248.819    -26.7076         1.9     3918.75     4490.47     8409.22     28.9165    -203.815   0.0891874    0.570938     0.64233    0.690526     2398.48     1.6e+19     5.89027     4.00607     4.06229     4.16601
       1200     0.14156     1106.17     248.749    -28.3705         1.9     3937.56     4520.23     8457.79     29.7648    -205.493   0.0884632    0.568252    0.640775    0.690526     2398.76     1.6e+19     5.88773      4.0052      4.0592     4.16212
       1100     0.14521     1120.33     248.675    -29.2764         1.9     3953.41     4550.77     8504.18     30.5348    -207.197   0.0877532    0.565562      0.6393    0.690526     2399.07     1.6e+19     5.88524     4.00434     4.05622     4.15817
       1000    0.148238     1134.85     248.595    -29.8522         1.9     3967.26     4581.94      8549.2     31.1702    -208.876   0.0870483    0.562886     0.63784    0.690526     2399.42     1.6e+19     5.88278      4.0035      4.0532     4.15389
        900    0.148162     1149.68     248.506    -30.0703         1.9     3981.63     4613.08     8594.72     31.1437    -210.498   0.0863322     0.56019    0.636341    0.690526      2399.8     1.6e+19     5.88028     4.00265     4.05002     4.14919
        800    0.165832     1164.51     248.413    -30.0182         1.9     3997.37     4647.99     8645.36     34.9068    -211.997   0.0855909    0.557422    0.634779    0.690526     2400.17     1.6e+19     5.87769     4.00178     4.04664      4.1442
        700    0.170013      1181.1     248.299    -29.6622         1.9     4011.01     4683.76     8694.76      35.768    -213.676   0.0848141    0.554542    0.633115    0.690526     2400.73     1.6e+19     5.87498     4.00089     4.04294      4.1382
        600    0.157255     1198.09     248.156     -28.844         1.9     4034.65     4716.78     8751.43     33.0188    -215.221   0.0839612    0.551677    0.631196    0.690526     2401.33     1.6e+19     5.87201     4.39992     4.03859     4.13076
        500    0.155412     1213.81     248.014    -27.7228         1.9     4058.88     4749.41     8808.29     32.6289    -216.344    0.083001    0.551677    0.629039    0.690526     2401.77     1.6e+19     5.86867     4.39839     4.03362     4.12312
        400    0.165794     1229.36     247.884    -26.2739         1.9     4095.61     4784.25     8879.86     34.8436    -217.303   0.0819617    0.551677    0.626827    0.690526     2402.19     1.6e+19     5.86506     4.39611     4.02848     4.11606
        300    0.143032     1245.92      247.75    -24.5761         1.9     4121.72     4814.23     8935.95      29.977    -218.299   0.0808815    0.551677    0.624622    0.690526     2402.72     1.6e+19     5.86131     4.39323     4.02332     4.10893
        200    0.141436     1260.22     247.632    -22.3606         1.9     4154.68     4843.89     8998.57     29.6607    -218.732    0.079768    0.551677    0.622431    0.690526     2402.99     1.6e+19     5.85745     4.38986     4.01816     4.10265
        100    0.161362     1274.38     247.543    -19.2131         1.9     4172.82      4877.8     9050.62     33.9123    -219.034   0.0786713    0.551677    0.620462    0.690526     2403.23     1.6e+19     5.85365     4.38615     4.01352     4.09793
          0    0.161938     1290.52     247.446    -15.5869         1.9     4177.98     4911.81     9089.79     34.0092    -219.528   0.0776353    0.551677    0.618705    0.690526      2403.7     1.6e+19     5.85007     4.38224     4.00936     4.09318