      20000           0           0     179.437      354.04           2     78.9895     14.2831     93.2726     14.2831      6.5598    0.258968    0.460851    0.605054    0.634429     2456.76     1.6e+19     5.73044     4.59858     4.35318     4.39114
      19900           0           0     179.437      353.13           2     151.419     29.7361     181.156     15.4531     6.43382    0.258968    0.460851    0.605054    0.634429     2456.76     1.6e+19     5.73044     4.59858     4.35318     4.39114
      19800           0           0     179.437     352.506           2     228.894     46.3592     275.253     16.6231     6.30822    0.258968    0.460851    0.605054    0.634429     2456.76     1.6e+19     5.73044     4.59858     4.35318     4.39114
      19700           0           0     179.437     352.255           2     299.319     60.5222     359.841     14.1631     6.19879    0.258968    0.460851    0.605054    0.634429     2456.76     1.6e+19     5.73044     4.59858     4.35318     4.39114
      19600           0           0     179.437      352.29           2     351.209     72.5053     423.714     11.9831     6.12087    0.258968    0.460851    0.605054    0.634429     2456.76     1.6e+19     5.73044     4.59858     4.35318     4.39114
      19500           0           0     179.437     350.597           2     414.692     82.0183      496.71     9.51306     6.05158    0.258968    0.460851    0.605054    0.634429     2456.76     1.6e+19     5.73044     4.59858     4.35318     4.39114
      19400           0           0     179.437     347.879           2     487.353     94.1014     581.454     12.0831     5.90477    0.258968    0.460851    0.605054    0.634429     2456.76     1.6e+19     5.73044     4.59858     4.35318     4.39114
      19300           0           0     179.437     345.374           2     558.279     106.214     664.494     12.1131     5.65656    0.258968    0.460851    0.605054    0.634429     2456.76     1.6e+19     5.73044     4.59858     4.35318     4.39114
      19200           0           0     179.437     342.873           2     620.606     118.358     738.963     12.1431     5.32496    0.258968    0.460851    0.605054    0.634429     2456.76     1.6e+19     5.73044     4.59858     4.35318     4.39114
      19100           0           0     179.437      342.02           2     681.386     130.011     811.397     11.6531     4.94128    0.258968    0.460851    0.605054    0.634429     2456.76     1.6e+19     5.73044     4.59858     4.35318     4.39114
      19000           0           0     179.437     342.156           2      741.53     142.474     884.004     12.4631     4.58749    0.258968    0.460851    0.605054    0.634429     2456.76     1.6e+19     5.73044     4.59858     4.35318     4.39114
      18900           0           0     179.437     340.553           2     800.577     155.747     956.323     13.2731     4.26219    0.258968    0.460851    0.605054    0.634429     2456.76     1.6e+19     5.73044     4.59858     4.35318     4.39114
      18800           0           0     179.437     337.986           2     870.831      166.28     1037.11     10.5331     3.87637    0.258968    0.460851    0.605054    0.634429     2456.76     1.6e+19     5.73044     4.59858     4.35318     4.39114
      18700           0           0     179.437      336.21           2     952.601     178.113     1130.71     11.8331     3.41716    0.258968    0.460851    0.605054    0.634429     2456.76     1.6e+19     5.73044     4.59858     4.35318     4.39114
      18600           0           0     179.437     334.818           2     1047.59     192.576     1240.17     14.4631     2.92873    0.258968    0.460851    0.605054    0.634429     2456.76     1.6e+19     5.73044     4.59858     4.35318     4.39114
      18500           0           0     179.437     333.482           2     1150.05     201.259     1351.31     8.68306     2.42444    0.258968    0.460851    0.605054    0.634429     2456.76     1.6e+19     5.73044     4.59858     4.35318     4.39114
      18400           0           0     179.437     332.205           2     1219.19     209.492     1428.69     8.23306      1.9065    0.258968    0.460851    0.605054    0.634429     2456.76     1.6e+19     5.73044     4.59858     4.35318     4.39114
      18300           0           0     179.437     329.228           2      1275.7     218.075     1493.77     8.58306     1.34924    0.258968    0.460851    0.605054    0.634429     2456.76     1.6e+19     5.73044     4.59858     4.35318     4.39114
      18200           0           0     179.437       325.2           2      1360.8     226.658     1587.45     8.58306    0.672723    0.258968    0.460851    0.605054    0.634429     2456.76     1.6e+19     5.73044     4.59858     4.35318     4.39114
      18100           0           0     179.437     321.768           2     1469.79     234.714      1704.5     8.05639   -0.137283    0.258968    0.460851    0.605054    0.634429     2456.76     1.6e+19     5.73044     4.59858     4.35318     4.39114
      18000           0           0     179.437     318.559           2     1574.09     243.331     1817.42     8.61639    -1.04056    0.258968    0.460851    0.605054    0.634429     2456.76     1.6e+19     5.73044     4.59858     4.35318     4.39114
      17900           0           0     179.437      317.64           2     1670.99     253.364     1924.35     10.0331    -1.98653    0.258968    0.460851    0.605054    0.634429     2456.76     1.6e+19     5.73044     4.59858     4.35318     4.39114
      17800           0           0     179.437     318.134           2        1766     264.257     2030.25     10.8931    -2.86227    0.258968    0.460851    0.605054    0.634429     2456.76     1.6e+19     5.73044     4.59858     4.35318     4.39114
      17700           0           0     179.437     316.312           2     1860.47      274.54     2135.01     10.2831    -3.66765    0.258968    0.460851    0.605054    0.634429     2456.76     1.6e+19     5.73044     4.59858     4.35318     4.39114
      17600           0           0     179.437     313.229           2     1943.92     288.828     2232.75     14.2881    -4.52282    0.258968    0.460851    0.605054    0.634429     2456.76     1.6e+19     5.73044     4.59858     4.35318     4.39114
      17500           0           0     179.437     313.298           2     2011.35     302.776     2314.12     13.9481    -5.41147    0.258968    0.460851    0.605054    0.634429     2456.76     1.6e+19     5.73044     4.59858     4.35318     4.39114
      17400           0           0     182.115     344.137           2     2042.72     312.444     2355.16     9.66738    -7.03503    0.258968    0.459299    0.604915    0.634429     2457.76     1.6e+19      5.7211     4.59193      4.3525     4.39344
      17300           0           0     182.934     353.815           2     2073.54     322.233     2395.78     9.78928    -7.23612    0.258968    0.457387    0.602965    0.634429     2458.73     1.6e+19     5.71793     4.58375     4.34297     4.38361
      17200           0           0      183.39     359.881           2     2096.59     335.928     2432.52      13.695    -7.02974    0.258968    0.455248     0.59985    0.634429     2459.65     1.6e+19     5.72125     4.57463     4.32783     4.36492
      17100           0           0     183.841     363.835           2     2099.91     350.717     2450.63     14.7892    -6.64495    0.258968    0.452619    0.595693    0.634429     2460.55     1.6e+19     5.72871     4.56346     4.30774     4.33998
      17000           0           0     184.395     366.328           2     2106.32     368.422     2474.74     17.7049    -6.19849    0.258968    0.475551    0.587251    0.634429     2461.42     1.6e+19     5.73799     4.54879     4.28324     4.31057
      16900           0           0     185.076     363.157           2     2119.69     386.971     2506.66     18.5487    -5.83044    0.258968    0.484658    0.575138    0.634429     2462.28     1.6e+19     5.74731     4.52873     4.25519     4.27796
      16800           0           0     185.879      356.08           2     2132.94     406.282     2539.22     19.3111    -5.80695    0.258968    0.484658      0.5616    0.634429     2463.11     1.6e+19     5.75543     4.50524     4.22418     4.24311
      16700           0           0     186.789     347.713           2     2143.96     427.383     2571.34     21.1008    -6.22983    0.258968    0.479384    0.548863    0.596992      2463.9     1.6e+19     5.76158     4.47861      4.5905     4.20736
      16600           0           0     187.792     338.163           2     2156.83      452.74     2609.57     25.3575    -7.09448    0.258968    0.472202    0.541008    0.572861     2464.62     1.6e+19     5.76538     4.44944     4.55473     4.57412
      16500           0           0     188.875     339.172           2     2164.82     472.218     2637.03     19.4779    -8.20911    0.258968    0.432691    0.532904    0.572861      2465.3     1.6e+19      5.7667     4.41878      4.5183     4.53859
      16400   0.0650992   0.0650992     190.027      347.24           2     2171.37     496.159     2667.52     23.9409    -8.99678    0.258968    0.412886    0.520135    0.572861     2465.95     1.6e+19     5.76561     4.78854     4.48125     4.50183
      16300    0.112454     6.62238     191.187     352.227           2     2187.89     517.487     2705.38     21.3286    -10.7598    0.258968    0.412886    0.502748    0.572861     2467.35     1.6e+19     5.76228      4.7545     4.44373     4.46098
      16200   0.0773224     17.8326     192.296     355.613           2     2209.59     544.637     2754.22     27.1492    -12.9831    0.258968    0.412886    0.484397    0.551618      2469.3     1.6e+19     5.75682     4.71865     4.40382     4.41293
      16100   0.0123692     25.4999     193.383      347.29           2     2227.74     574.991     2802.73      30.354    -13.9259    0.258968    0.408304    0.472802    0.505823     2470.72     1.6e+19     5.74921     4.68136     4.75958     4.76492
      16000 0.000873652     26.7253     194.535     331.069           2     2236.04     604.159      2840.2     29.1685    -13.8331    0.258968    0.399778    0.462128    0.505823     2471.35     1.6e+19     5.73944     4.64318     4.71426     4.71863
      15900  0.00106968     26.8129     195.774     322.858           2     2239.59     632.238     2871.83     28.0785     -14.327    0.258968    0.350291    0.444563    0.505823      2471.8     1.6e+19     5.72765      4.6054     4.67048     4.67708
      15800   0.0268579     26.9456     197.076     319.472           2     2246.32     657.521     2903.85     25.2835    -15.1714    0.258968     0.33798     0.42537    0.505823     2472.22     1.6e+19     5.71421     4.96791     4.62966     4.63927
      15700   0.0378798     29.6424     198.403     317.265           2     2253.89     682.629     2936.52     25.1074    -16.6886    0.256827     0.33798    0.409264    0.449907     2472.91     1.6e+19     5.69956     4.92915     4.99109     4.60412
      15600   0.0428745     33.4354     199.724     316.087           2     2263.02     705.664     2968.68     23.0359    -18.3404    0.251659    0.335317    0.400864    0.434418     2473.65     1.6e+19     5.68438     4.89017     4.95358     4.97202
      15500   0.0412281     37.7212     201.036     314.152           2     2272.23     728.158     3000.39     22.4939     -19.923    0.246368    0.327854    0.392615    0.434418     2474.43     1.6e+19     5.66893     4.85185     4.91722     4.93792
      15400   0.0803312     41.8831     202.342     311.829           2     2286.42     749.821     3036.24     21.6627    -21.3466    0.240985    0.300666    0.379614    0.434418     2475.16     1.6e+19     5.65329     4.81466     4.88141     4.90309
      15300    0.135851     49.9718     203.616     311.082           2     2308.82     773.521     3082.34     23.7002    -23.5314    0.235536    0.269662    0.363885    0.434418     2476.33     1.6e+19     5.63754     5.18004     4.84618     4.86632
      15200    0.178546     63.5996     204.806     311.365           2     2332.29     796.789     3129.08     23.2674    -26.5744    0.230037    0.269662    0.347609    0.434418     2478.13     1.6e+19     5.62174     5.14487      4.8102     4.82443
      15100    0.257136     81.5327     205.878     317.932           2     2364.88     819.684     3184.56     22.8951     -29.852    0.224448    0.269662    0.336813     0.36527     2480.39     1.6e+19     5.60577     5.10947     5.17086     5.17884
      15000    0.326985     107.316     206.792     328.847           2     2411.67     842.194     3253.87     22.5108    -33.7213     0.21868    0.269662     0.32759     0.36527     2483.55     1.6e+19     5.58939     5.07376     5.12766     5.12321
      14900    0.384435     140.072     207.506     337.318           2     2469.45     863.335     3332.79      21.141    -37.6764    0.212603    0.269662    0.316905     0.36527     2487.54     1.6e+19     5.57223     5.03737     5.07843     5.05474
      14800     0.36677     178.498     208.009     344.504           2      2538.9     884.605      3423.5       21.27    -41.4815    0.206043      0.2125    0.315633    0.299483     2492.16     1.6e+19     5.55382      5.0015     5.02151     5.77507
      14700           0     214.808     208.302     335.993           2     2601.88     905.298     3507.18     20.6928    -43.7717    0.198835    0.209552    0.299483    0.299483     2496.45     1.6e+19     5.53373     5.76329     5.75634     5.68651
      14600           0     214.808      199.88     268.142           2     2624.99     941.259     3566.25     35.9604    -39.1481   0.0386511    0.269662     0.36527    0.299483     2494.23     1.6e+19     6.35655      5.1066     5.04218     5.65333
      14500           0     214.808     197.301     241.718           2     2632.16     983.305     3615.46     42.0461    -40.1043 0.000949214     0.33798     0.36527    0.299483     2491.82     1.6e+19     6.52212     4.89417     5.14431      5.6946
      14400           0     214.808     197.253      225.38           2     2632.37     1027.41     3659.78     44.1014    -43.0244           0    0.346824     0.36527    0.299483     2489.29     1.6e+19       6.501     4.60243     5.18939     5.76808
      14300           0     214.808     198.078     211.183           2     2635.48     1068.48     3703.95     41.0719    -46.5001           0    0.412886     0.36527     0.36527     2486.79     1.6e+19       6.501     4.62617     5.19875     5.03848
      14200           0     214.808     199.162     199.023           2     2645.31     1107.87     3753.18     39.3908    -50.0114           0    0.370252     0.36527     0.36527     2484.28     1.6e+19       6.501     4.60875     5.19319     5.09732
      14100           0     214.808     200.302     192.496           2     2655.69      1145.9     3801.59     38.0313    -53.2617           0     0.33798     0.36527     0.36527     2481.62     1.6e+19       6.501      4.9813     5.18648     5.15052
      14000           0     214.808     201.446     189.481           2     2675.31     1181.44     3856.74     35.5392    -56.0016           0     0.33798     0.36527     0.36527     2478.89     1.6e+19       6.501     4.94553     5.18456     5.19887
      13900           0     214.808     202.576     184.411           2     2700.21     1219.43     3919.64     37.9941    -58.2519           0     0.33798     0.36527    0.434418     2476.22     1.6e+19       6.501     4.91011      5.1877     4.83359
      13800           0     214.808     203.686     178.457           2     2716.45     1254.26     3970.71     34.8295    -60.2364           0     0.33798     0.36527    0.434418     2473.55     1.6e+19       6.501     4.87987     5.19463     4.86603
      13700           0     214.808     204.773     174.105           2     2748.67     1290.84     4039.51     36.5774    -62.0446           0     0.33798    0.380438    0.434418     2470.86     1.6e+19       6.501     4.85679     4.80567     4.89972
      13600           0     214.808     205.837     170.639           2      2773.7     1326.21     4099.91     35.3678    -63.6696           0     0.33798    0.410337    0.434418     2468.19     1.6e+19       6.501     4.84133     4.81776     4.93403
      13500           0     214.808     206.878     173.904           2     2799.03     1355.16     4154.19     28.9524    -65.0324           0     0.33798    0.434418    0.434418     2465.55     1.6e+19       6.501     4.83307      4.8318     4.96836
      13400           0     214.808     207.895     181.229           2      2822.9     1386.31     4209.21     31.1449    -65.8631           0     0.33798    0.434418    0.445099     2462.91     1.6e+19       6.501     4.83133     4.85112     4.60284
      13300           0     214.808     208.895     178.135           2      2847.5     1414.27     4261.77     27.9653    -66.2988           0     0.33798    0.434418    0.505823     2460.37     1.6e+19       6.501     4.83548      4.8738      4.6275
      13200           0     214.808      212.37     199.192           2     2854.66     1441.82     4296.47     27.5451     -66.691           0     0.33798    0.434418    0.505823     2460.09     1.6e+19       6.501     4.83145     4.89969     4.64496
      13100   0.0323598     214.841     214.566     205.956           2     2855.65     1463.11     4318.77      21.299    -66.0243  0.00869461     0.33798    0.434418    0.505823     2459.95     1.6e+19     6.70924     4.82568     4.91811     4.65619
      13000           0     218.044     216.325     211.924           2      2864.6     1485.28     4349.88     22.1609    -65.6536   0.0320357    0.295177    0.434418    0.505823     2460.27     1.6e+19     6.31523     4.80999     4.92175     4.65823
      12900   0.0826314     218.127     217.742     218.324           2     2870.91     1506.24     4377.15     20.9654    -64.3081   0.0581446    0.269662    0.434418    0.505823     2460.26     1.6e+19      6.4819     5.18843     4.91501     4.65202
      12800    0.109996     226.417     218.781      224.76           2     2885.53     1528.34     4413.88     22.1011    -64.6256   0.0685859    0.269662    0.434418    0.505823     2461.29     1.6e+19     5.81898     5.16245     4.90247     4.63599
      12700   0.0562699     237.363     219.614     226.999           2     2894.81     1551.33     4446.14     22.9889    -65.1785   0.0987797    0.269662    0.434418    0.468639     2462.68     1.6e+19     5.92409     5.13518     4.88406     4.60912
      12600           0     242.934      220.51     226.317           2     2904.28     1575.97     4480.26     24.6403    -64.4663    0.122172    0.269662    0.434418    0.434418     2463.39     1.6e+19     6.00831     5.10593     4.85977     4.98122
      12500           0     242.934     221.508     226.225           2     2911.19     1601.45     4512.64     25.4794    -62.8414    0.140166    0.267048    0.413818    0.434418     2463.46     1.6e+19     6.07484      5.0754     4.83327     4.95316
      12400           0     242.934     222.603     226.272           2     2920.15     1624.95      4545.1     23.4971    -61.6709    0.149485    0.242948    0.377831    0.434418      2463.5     1.6e+19     6.12687     5.04578     4.80901      4.9274
      12300           0     242.934     223.763     224.978           2      2922.2     1647.97     4570.17     23.0225    -60.8955    0.149485     0.22222     0.36527    0.434418     2463.53     1.6e+19     6.16804     5.01815     5.18573     4.90346
      12200    0.103863     243.038     224.974     222.687           2     2938.74      1672.3     4611.04     24.3282    -60.5373    0.149691    0.209552     0.36527    0.434418     2463.56     1.6e+19     5.40054     5.79193     5.16201     4.88068
      12100    0.169679      253.49     226.141     221.855           2     2964.29      1698.6     4662.89     26.3007    -62.7145    0.158342    0.209552     0.36527    0.434418     2464.84     1.6e+19     5.42353     5.76549     5.13788     4.85298
      12000    0.234741     270.523     227.172     221.861           2     2998.63     1721.52     4720.15     22.9256      -65.99    0.164631    0.209552     0.36527    0.418957     2466.93     1.6e+19     5.44036     5.73958     5.11032     4.81488
      11900    0.271802     294.034     228.033     222.748           2     3037.79     1748.05     4785.83     26.5214    -70.0441    0.168915    0.209552    0.349146     0.36527     2469.73     1.6e+19     5.45188     5.71364     5.07808     5.16884
      11800    0.360942     321.303     228.724     224.273           2     3082.95     1774.36     4857.32     26.3157    -74.0758    0.191564    0.203972    0.324429     0.36527     2472.98     1.6e+19     5.45806     5.68707     5.04087     5.11033
      11700    0.139052     357.176     229.221     233.414           2     3140.62     1801.72     4942.34     27.3612    -78.9115    0.230159    0.195689    0.299483     0.36527     2477.27     1.6e+19     5.45651      5.6594     5.79644     5.03913
      11600   0.0928767     371.035     216.596     208.217           2     3179.72     1842.49     5022.21     40.7677    -77.9248    0.054819    0.243467     0.36527    0.324762     2476.76     1.6e+19     6.46013     5.02069     5.09402      5.0074
      11500   0.0316418     380.261     212.184      190.29           2     3210.58     1896.07     5106.65     53.5827    -78.7522  0.00874201     0.33798    0.384551     0.36527     2475.51     1.6e+19     6.71042     4.82549     4.80791     5.03559
      11400   0.0362582      383.43     211.357     166.295           2     3229.92     1952.67     5182.59     56.5951    -80.0786 0.000359978     0.33798    0.434418     0.36527     2473.56     1.6e+19     6.50837     4.94626      4.8473     5.09081
      11300   0.0382769     387.058     211.833      154.96           2     3242.77     2006.31     5249.08     53.6444    -82.6651           0     0.33798    0.434418     0.36527     2471.56     1.6e+19       6.501     4.99757     4.85183     5.15029
      11200 0.000378293     390.848     212.726     150.567           2      3250.7     2058.44     5309.14     52.1245    -85.3238           0     0.33888    0.434418    0.378562     2469.51     1.6e+19       6.501     4.60023     4.84422     4.80368
      11100           0     390.885     213.774     142.632           2     3263.26     2109.56     5372.83     51.1259    -86.9748           0     0.33798    0.434418    0.434418     2467.05     1.6e+19       6.501     4.97968     4.83435     4.84034
      11000           0     390.885     214.885     133.083           2     3284.78     2159.48     5444.26     49.9147    -88.7428           0     0.33798    0.434418    0.434418     2464.55     1.6e+19       6.501     4.94911     4.82718     4.87484
      10900           0     390.885     216.001     127.619           2     3297.03     2211.08     5508.11     51.5991    -90.5934           0     0.33798    0.430155    0.434418     2462.01     1.6e+19       6.501     4.91769     4.82644     4.90895
      10800           0     390.885     217.105     124.426           2     3297.69     2259.52     5557.21     48.4446    -92.3255           0     0.33798    0.434418    0.434418     2459.44     1.6e+19       6.501     4.89032     4.83152      4.9432
      10700           0     390.885     218.196       120.3           2     3300.04     2307.55      5607.6     48.0293    -93.9217           0     0.33798    0.434418    0.434418     2456.85     1.6e+19       6.501     4.86924     4.84233     4.97796
      10600           0     390.885     219.273     115.776           2     3306.69     2355.18     5661.87      47.627    -95.4778           0     0.33798    0.434418    0.477419     2454.25     1.6e+19       6.501     4.85515     4.85828     4.61146
      10500           0     390.885     220.338     113.034           2     3313.61     2402.34     5715.95     47.1617     -97.003           0     0.33798    0.434418    0.505823     2451.76     1.6e+19       6.501     4.84797     4.87634     4.63537
      10400           0     390.885     221.389     111.319           2     3321.18     2447.15     5768.34     44.8108     -98.432           0     0.33798    0.434418    0.505823     2449.26     1.6e+19       6.501     4.84708     4.89624     4.66248
      10300           0     390.885     222.425     110.209           2     3322.17     2489.63      5811.8     42.4748     -99.751           0     0.33798    0.434418    0.505823     2446.75     1.6e+19       6.501     4.85176       4.919     4.69244
      10200           0     390.885     223.449     109.009           2     3324.04     2531.88     5855.91     42.2515    -100.963           0     0.33798    0.434418    0.505823     2444.24     1.6e+19       6.501     4.86132     4.94463     4.72465
      10100           0     390.885     224.462     106.772           2     3342.07     2571.11     5913.19     39.2383     -102.13           0     0.33798    0.434418    0.505823     2441.71     1.6e+19       6.501     4.87514     4.97285     4.75872
      10000           0     390.885     225.467     104.199           2     3353.58     2609.65     5963.23     38.5327    -103.306           0     0.33798      0.4429    0.505823     2439.19     1.6e+19       6.501     4.89268     4.60312     4.79438
       9900           0     390.885     226.465     101.446           2     3354.27     2647.48     6001.75     37.8351    -104.509  0.00132591     0.33798    0.503404    0.572861      2436.8     1.6e+19     6.53094     4.91336     4.62676      4.4223
       9800           0     390.885     227.444      98.554           2     3356.09     2683.78     6039.87        36.3     -105.75  0.00268177     0.33798    0.505823    0.572861     2434.53     1.6e+19     6.56294     4.93635     4.64818     4.44528
       9700   0.0107213     390.896     228.402     95.5522           2     3361.38     2718.57     6079.95     34.7855    -107.036  0.00401675     0.33798    0.505823    0.572861     2432.25     1.6e+19     6.59479     4.96111     4.67278     4.47063
       9600   0.0131419      391.97     229.331     92.4469           2     3367.25     2751.87     6119.11        33.3    -108.579  0.00532913     0.33798    0.505823    0.572861     2430.11     1.6e+19     6.62645     4.98745     4.69956     4.49751
       9500           0     393.271     230.231     89.2556           2     3368.69     2783.71      6152.4     31.8441    -110.167  0.00661531    0.376711    0.505823    0.572861     2428.01     1.6e+19     6.65781     4.61214      4.7277     4.52527
       9400           0     393.271     231.122     86.8588           2      3384.1     2817.79     6201.89     34.0778    -111.486  0.00787045    0.412886    0.505823    0.572861     2425.84     1.6e+19     6.68875     4.62808     4.75673     4.55464
       9300           0     393.271     232.006     84.9208           2     3398.73     2849.58     6248.32     31.7937    -112.826  0.00909405    0.412886    0.505823    0.572861     2423.68     1.6e+19     6.71922     4.64574     4.78653     4.58581
       9200           0     393.271      232.88     83.2381           2     3412.33      2880.4     6292.73     30.8202    -114.163   0.0102911    0.412886    0.541042    0.620091     2421.57     1.6e+19     6.74934     4.66689     4.41433     4.21443
       9100           0     393.271     233.739     81.7326           2     3417.86     2908.67     6326.52     28.2612    -115.482   0.0114635    0.412886    0.572861    0.634429     2419.64     1.6e+19     6.77914     4.69037     4.43387     4.23396
       9000           0     393.271     234.576     80.3702           2     3421.23     2933.39     6354.61     24.7242    -116.777   0.0139304    0.412886    0.572861    0.634429     2417.73     1.6e+19     6.20789     4.71523     4.45475     4.25478
       8900           0     393.271     235.395     79.1422           2     3435.25     2958.64      6393.9     25.2551    -118.042   0.0188002    0.412886    0.572861    0.634429     2415.83     1.6e+19     6.23431     4.74106      4.4779     4.27728
       8800           0     393.271       236.2     78.0198           2     3437.71     2982.97     6420.68     24.3245    -119.274   0.0230549    0.412886    0.572861    0.634429     2413.94     1.6e+19     6.26007     4.76766     4.50254     4.30134
       8700    0.109998     393.381     236.996     76.9847           2     3442.81     3006.37     6449.19     23.4045    -120.497   0.0271941    0.412886    0.572861    0.634429     2412.06     1.6e+19     6.28536     4.79487     4.52828      4.3267
       8600     0.10843      404.38     237.638     75.8754           2     3453.02     3029.29     6482.31     22.9116      -123.8   0.0312097    0.461647    0.572861    0.634429     2411.54     1.6e+19     6.31011     4.41699     4.55383     4.34677
       8500    0.107323     415.222     238.103     74.7683           2     3456.89     3051.88     6508.77     22.5971    -126.521   0.0349268    0.484658    0.572861    0.634429     2411.08     1.6e+19     6.33322     4.43165     4.57588     4.35924
       8400    0.108626     425.955     238.475      74.165           2     3464.09     3074.71     6538.79     22.8251    -128.811   0.0382074    0.484658    0.572861    0.634429     2410.61     1.6e+19     6.35376     4.44769      4.5937     4.36759
       8300           0     436.709     238.793     73.8954           2     3468.45     3094.21     6562.67     19.5071    -130.776     0.04105    0.484658    0.587245    0.634429     2410.17     1.6e+19     6.37169     4.46498     4.20686     4.37339
       8200   0.0928232     436.802     239.216     74.0137           2     3468.53     3113.87      6582.4     19.6595    -130.431   0.0435287    0.484658    0.604213    0.634429     2408.47     1.6e+19     6.38741      4.4824     4.21575     4.38336
       8100           0     445.991     239.651     74.2873           2     3471.58     3133.67     6605.25     19.7986    -132.097   0.0458442    0.484658    0.619606    0.634429      2407.9     1.6e+19     6.40218     4.49945     4.22473     4.39454
       8000   0.0923843     446.084      240.12     74.8144           2     3476.54     3153.28     6629.81     19.6047     -131.77   0.0480571    0.484658    0.633188    0.652885     2406.27     1.6e+19     6.41636     4.51601     4.23361     4.00614
       7900           0      455.23     240.563      75.488           2     3480.77     3172.71     6653.48     19.4374    -133.382   0.0502402    0.484658    0.634429    0.672547     2405.81     1.6e+19     6.43042     4.53215     4.24335      4.0127
       7800           0      455.23     241.022      76.412           2     3482.65     3191.39     6674.04     18.6776    -132.947   0.0523756    0.484658    0.634429    0.690526     2404.28     1.6e+19     6.44424     4.54795     4.25316     4.01902
       7700  0.00864952     455.238     241.571     77.5467           2     3483.13     3210.22     6693.35     18.8293    -132.689   0.0545227    0.484658    0.634429    0.690526     2402.77     1.6e+19      6.4582     4.56353     4.26439     4.03039
       7600           0     456.095     242.142     78.8443           2     3484.66     3228.18     6712.84     17.9581    -132.695   0.0567651    0.484658    0.634429    0.690526     2401.38     1.6e+19     6.47285     4.57913     4.27799     4.04577
       7500           0     456.095     242.725     80.2844           2     3491.44     3245.28     6736.72        17.1    -132.543   0.0591104    0.484658    0.634429    0.690526     2399.88     1.6e+19     6.48825     4.59505     4.29377     4.06391
       7400           0     456.095     243.321     80.7744           2     3501.38     3261.51     6762.88     16.2292     -132.43    0.061551    0.508016    0.634429    0.690526      2398.4     1.6e+19     6.50437     4.20912      4.3115     4.08431
       7300           0     456.095     243.918     80.7246           2     3512.59     3278.87     6791.46     17.3568     -132.38   0.0630091    0.530368    0.634429    0.690526     2396.97     1.6e+19     6.52113      4.2188      4.3307     4.10622
       7200           0     456.095     244.509     80.3835           2     3527.41     3297.36     6824.77     18.4907    -132.393   0.0630091    0.547246    0.634429    0.690526     2395.56     1.6e+19     6.53864      4.2271     4.35089     4.12913
       7100   0.0801125     456.175     245.093     79.8408           2     3542.87     3314.56     6857.44     17.2074    -132.481   0.0630091    0.551677    0.634429    0.690526     2394.18     1.6e+19     6.55667       4.236     4.37175     4.15265
       7000   0.0559499     464.162     245.563     79.0376           2     3550.73      3326.6     6877.33     12.0365    -134.142   0.0630091    0.551677    0.634429    0.690526     2393.76     1.6e+19     6.57489     4.24761     4.39238     4.17179
       6900   0.0566273     469.758      245.94     78.1116           2     3558.68     3338.76     6897.44       12.16    -135.019   0.0630091    0.551677    0.651664    0.690526     2393.06     1.6e+19     6.59238     4.26115     4.00923     4.18614
       6800   0.0779587     475.442     246.292     77.1106           2     3564.91     3355.37     6920.28     16.6082    -135.798   0.0653179    0.551677    0.671266    0.690526      2392.4     1.6e+19     5.80784     4.27568     4.02079     4.19801
       6700   0.0729225     483.233     246.594     76.0306           2     3570.81     3370.87     6941.69      15.506    -136.898   0.0691712    0.551677    0.684514    0.703803     2392.05     1.6e+19     5.82098     4.29044     4.02976     3.80486
       6600   0.0588901     490.511     246.851     74.9269           2     3577.53     3383.42     6960.96     12.5493    -137.747   0.0725342    0.551677    0.690526     0.71008     2391.68     1.6e+19      5.8325     4.30485     4.03646     3.80717
       6500   0.0657766     496.407     247.102     73.8185           2     3581.47     3397.42     6978.89     13.9985    -138.248   0.0754705    0.551677    0.690526    0.714586     2391.16     1.6e+19      5.8426     4.31858     4.04245     3.80882
       6400   0.0651335     502.984     247.347     73.0045           2     3584.91     3411.28     6996.19     13.8534     -138.88   0.0780923    0.551677    0.690526    0.718927     2390.74     1.6e+19     5.85165     4.33148     4.04817     3.81042
       6300   0.0724104     509.504     247.577     72.3611           2     3589.23     3426.65     7015.88     15.3726    -139.457   0.0804775    0.551677    0.690526    0.722819     2390.33     1.6e+19     5.85991     4.34356     4.05352     3.81185
       6200   0.0755381     516.748     247.787     71.8153           2     3601.61     3442.66     7044.27     16.0126    -140.134   0.0826677    0.551677    0.690526    0.725779     2390.02     1.6e+19     5.86751     4.35483     4.05848     3.81294
       6100   0.0787757     524.305     247.972     71.3563           2     3614.89     3459.34     7074.23     16.6779    -140.803   0.0846762    0.551677    0.690526    0.727608     2389.75     1.6e+19      5.8745     4.36534     4.06295     3.81361
       6000   0.0821165     532.186     248.134     70.9558           2     3617.35     3476.71     7094.06     17.3663    -141.464   0.0865046    0.551677    0.690526    0.728623     2389.53     1.6e+19     5.88088     4.37511     4.06691     3.81398
       5900   0.0729584     540.389     248.273     70.6011           2      3621.8     3492.13     7113.93     15.4269    -142.115   0.0881557    0.551677    0.690526    0.728925     2389.35     1.6e+19     5.88665     4.38413     4.07037     3.81409
       5800   0.0808505     547.693     248.408     70.2995           2     3632.53     3509.22     7141.75     17.0923    -142.526   0.0896384    0.551677    0.690526    0.730177     2389.07     1.6e+19     5.89185     4.39244     4.07345     3.81456
       5700    0.082201     555.779     248.535     70.0294           2     3633.55     3526.59     7160.14     17.3651    -143.069    0.090989      0.5518    0.690526    0.731571     2388.89     1.6e+19     5.89659     4.00006     4.07637     3.81507
       5600   0.0829117         564     248.646     69.7861           2     3634.19     3544.09     7178.29     17.5039    -143.587   0.0922241    0.562235    0.690526    0.732327     2388.73     1.6e+19     5.90093     4.00552     4.07902     3.81535
       5500   0.0836852     572.292     248.743     69.5695           2     3643.53     3561.75     7205.28     17.6569     -144.07   0.0933391    0.568343    0.690526    0.732843     2388.61     1.6e+19     5.90486     4.00917     4.08134     3.81554
       5400   0.0834472      580.66     248.827     68.6369           2     3652.28     3579.35     7231.63     17.5979    -144.538   0.0943328    0.572359    0.690526    0.733234      2388.5     1.6e+19     5.90836     4.01198     4.08332     3.81568
       5300   0.0832471     589.005     248.901      67.276           2     3653.52      3596.9     7250.42     17.5494    -145.016   0.0952111    0.575207    0.690526     0.73364     2388.39     1.6e+19     5.91146     4.01433     4.08502     3.81583
       5200    0.098831     597.345     248.966     65.6749           2     3667.14     3617.73     7284.87     20.8335    -145.528   0.0959857    0.577311    0.690526    0.734164      2388.3     1.6e+19      5.9142     4.01642     4.08651     3.81602
       5100   0.0959467     607.225     249.006     63.8959           2     3667.83     3637.93     7305.75     20.1945    -146.375   0.0966643    0.578888    0.690526     0.73278     2388.39     1.6e+19      5.9166     4.01833     4.08772     3.81551
       5000   0.0930944     616.817     249.019     61.9716           2     3673.34     3657.51     7330.84     19.5809    -147.148   0.0972195    0.580023    0.690526    0.730155     2388.44     1.6e+19     5.91856     4.02008      4.0884     3.81455
       4900   0.0997011     626.133     249.026     59.9649           2     3680.21     3678.48     7358.69     20.9743    -147.885   0.0976411    0.580749    0.690526    0.728029     2388.46     1.6e+19     5.92005     4.02166     4.08872     3.81376
       4800    0.103332     636.107     249.021     57.8685           2     3682.79     3700.21        7383     21.7287    -148.783   0.0979497    0.581119    0.690526    0.725623     2388.56     1.6e+19     5.92115     4.02306     4.08882     3.81288
       4700    0.107043     646.444         249     55.7004           2     3686.21     3722.71     7408.92     22.5003    -149.763   0.0981524    0.581898    0.688918     0.72238     2388.69     1.6e+19     5.92186     4.02427     4.08872     3.81169
       4600   0.0992542      657.14     248.961     53.4919           2     3691.53     3743.55     7435.08     20.8388    -150.817   0.0982456    0.584812    0.686284    0.718575     2388.86     1.6e+19     5.92219     4.02489     4.08865     3.81029
       4500   0.0961048     667.062     248.922     51.2395           2     3698.55     3763.73     7462.27     20.1785    -151.726   0.0982308    0.587984     0.68376    0.715799     2388.93     1.6e+19     5.92214     4.02476     4.08851     3.80927
       4400    0.105673     676.682     248.892     49.3293           2     3706.11     3785.93     7492.05     22.2076    -152.621   0.0981395    0.590492    0.681428    0.714674     2388.95     1.6e+19     5.92182     4.02407     4.08846     3.80885
       4300    0.107789     687.252     248.858      47.592           2     3711.21     3808.58     7519.79     22.6421    -153.729    0.098009    0.592189    0.679266      0.7132     2389.09     1.6e+19     5.92136     4.02309     4.08849     3.80831
       4200    0.111374     698.034     248.809     45.9461           2      3720.7     3831.97     7552.66     23.3907    -154.858   0.0978378    0.593213    0.677154    0.710751     2389.25     1.6e+19     5.92075     4.02201     4.08835     3.80741
       4100    0.109357      709.17     248.748     44.3733           2     3734.12     3854.92     7589.04     22.9521     -156.03   0.0976113    0.593706    0.675065    0.707613     2389.44     1.6e+19     5.91995     4.02091     4.08798     3.80626
       4000     0.11724     720.113     248.681      42.849           2     3747.86     3879.54      7627.4     24.6194    -157.133   0.0973213    0.593763    0.673016    0.704503      2389.6     1.6e+19     5.91892     4.01982      4.0874     3.80512
       3900     0.12522     731.845     248.603     41.3482           2     3764.31     3905.84     7670.15      26.297    -158.369   0.0969726    0.593458    0.671032    0.700792     2389.85     1.6e+19     5.91769     4.01877     4.08665     3.80376
       3800    0.118955     744.361     248.504     39.8545           2     3779.17     3930.78     7709.95     24.9464    -159.706    0.096556    0.592827    0.669061    0.695533     2390.17     1.6e+19     5.91621     4.01773     4.08559     3.80183
       3700    0.118871     756.256     248.397     37.7799           2     3798.08     3955.71     7753.79     24.9283    -160.866   0.0960512    0.591858    0.667099    0.690526      2390.4     1.6e+19     5.91443      4.0167      4.0842     4.19995
       3600    0.118768     768.143     248.294     34.1494           2     3814.48     3980.62     7795.09      24.906    -162.081   0.0954718    0.590558    0.665219    0.690526     2390.62     1.6e+19     5.91238     4.01565     4.08265     4.19785
       3500    0.127723     780.029     248.195     29.8328           2     3829.97     4007.42     7837.39     26.8047    -163.412   0.0948462    0.588983      0.6634    0.690526     2390.84     1.6e+19     5.91017     4.01459     4.08089     4.19532
       3400     0.12359     792.797     248.088     25.2508           2     3841.37     4033.33      7874.7     25.9119    -165.043   0.0941916    0.587185    0.661618    0.690526     2391.15     1.6e+19     5.90786     4.01354     4.07885     4.19202
       3300    0.125778     805.159     247.976     20.4151           2     3843.29     4059.71     7902.99     26.3741    -166.697   0.0934998    0.585172    0.659828    0.690526     2391.41     1.6e+19     5.90542     4.01249      4.0764     4.18813
       3200    0.127981     817.739     247.864     15.9257           2     3846.33     4086.54     7932.87      26.836    -168.514   0.0927728    0.582944    0.658072    0.690526     2391.69     1.6e+19     5.90286     4.01142     4.07365     4.18399
       3100    0.128325     830.537     247.749     12.7678           2     3847.64     4113.44     7961.09     26.9014    -170.421   0.0920176    0.580521    0.656361    0.690526     2391.98     1.6e+19      5.9002     4.01035     4.07063      4.1795
       3000     0.12867      843.37     247.631     10.0945           2     3851.85     4140.41     7992.27     26.9694    -172.323   0.0912347     0.57792    0.654694    0.690526     2392.27     1.6e+19     5.89745     4.00926     4.06737     4.17474
       2900    0.133489     856.242     247.512     7.76942           2     3856.37      4168.4     8024.78     27.9877    -174.206   0.0904265     0.57451    0.653084    0.690526     2392.56     1.6e+19     5.89461     4.00819     4.06392     4.16984
       2800    0.133183      869.59     247.389     5.68602           2     3861.14     4196.31     8057.45     27.9113    -176.139    0.089597    0.572714    0.650891    0.690526     2392.89     1.6e+19      5.8917     4.00721     4.06031     4.16461
       2700    0.150752     882.926      247.26     3.60181           2     3863.49     4227.95     8091.44     31.6398    -178.015   0.0887408    0.569379    0.647966    0.690526     2393.22     1.6e+19      5.8887       4.006     4.05666      4.1591
       2600    0.128094     897.979     247.108      1.1621           2     3875.16     4254.74      8129.9     26.7918     -180.17   0.0878488    0.566105    0.645087    0.690526     2393.74     1.6e+19     5.88558     4.00483     4.05277     4.15252
       2500    0.147535     910.808     246.961    -1.35874           2     3875.72     4285.68     8161.41      30.939    -181.843     0.08689    0.562693    0.642145    0.690526     2393.98     1.6e+19     5.88223     4.00365     4.04845       4.146
       2400     0.14694     925.561     246.813    -3.91937           2      3878.1     4316.47     8194.57     30.7868    -183.906    0.085892    0.559106    0.639325    0.690526     2394.44     1.6e+19     5.87874     4.00244      4.0441     4.13949
       2300    0.145657     940.253     246.649    -6.51442           2     3878.32     4346.97     8225.29     30.5006     -185.91   0.0848546    0.555356    0.636489    0.690526     2394.88     1.6e+19     5.87512      4.0012     4.03945     4.13224
       2200    0.144355     954.818     246.483    -8.96622           2     3884.79     4377.19     8261.98     30.2172    -187.863   0.0837624    0.551677    0.633626    0.690526     2395.29     1.6e+19     5.87132     4.39991      4.0345     4.12481
       2100    0.145613     969.254      246.32    -10.9997           2      3885.3     4407.67     8292.97     30.4804    -189.763   0.0826247    0.551677    0.630793    0.690526     2395.68     1.6e+19     5.86736       4.398     4.02939     4.11751
       2000    0.146876     983.817     246.159    -12.8577           2     3885.55     4438.41     8323.96     30.7412    -191.652   0.0814576    0.551677    0.628031    0.690526     2396.08     1.6e+19     5.86331      4.3953     4.02423     4.11039
       1900     0.15066     998.508     245.997    -14.5817           2     3886.25     4469.95      8356.2     31.5363     -193.52   0.0802697    0.551677    0.625335    0.690526     2396.49     1.6e+19     5.85919     4.39201     4.01903     4.10334
       1800    0.152143     1013.58      245.83    -16.2056           2     3886.42     4501.78      8388.2     31.8369    -195.408   0.0790613    0.551677     0.62268    0.690526     2396.93     1.6e+19       5.855     4.38826     4.01376     4.09616
       1700    0.157542      1028.8     245.655     -17.848           2     3887.77     4534.75     8422.52     32.9714    -197.263   0.0778241    0.551677    0.620022    0.690526     2397.39     1.6e+19     5.85072     4.38414     4.00834     4.08875
       1600    0.166311     1044.56      245.47    -19.6877           2     3889.34     4569.57     8458.91     34.8175    -199.164    0.076548    0.551677    0.617327    0.690526      2397.9     1.6e+19     5.84632      4.3797     4.00271     4.08093
       1500    0.159231     1061.18     245.264    -21.5943           2     3891.49     4602.85     8494.34     33.2809    -201.161   0.0752151    0.551677    0.615252    0.690526     2398.51     1.6e+19     5.84172     4.37497     4.39652     4.07224
       1400    0.152766      1077.1     245.051    -23.5371           2     3893.28     4634.75     8528.03     31.8994    -202.958   0.0737988    0.551677    0.613668    0.690526     2399.04     1.6e+19     5.83685     4.36994     4.38953     4.06315
       1300    0.157407     1092.38     244.849    -25.4911           2     3898.99     4667.64     8566.63     32.8869    -204.617   0.0723095    0.551677     0.61204    0.690526     2399.47     1.6e+19     5.83173     4.36459     4.38226     4.05456
       1200    0.162043     1108.13     244.653    -27.1624           2     3916.59      4701.5     8618.09       33.86    -206.361   0.0707866    0.551677    0.610434    0.690526     2399.96     1.6e+19     5.82651     4.35894     4.37501     4.04632
       1100    0.166362     1124.33      244.45    -28.0735           2     3931.23     4736.26     8667.49     34.7596    -208.132   0.0692455    0.551677     0.60884    0.690526      2400.5     1.6e+19     5.82124     4.35307     4.36776     4.03789
       1000    0.170087     1140.97     244.235    -28.6526           2     3943.88     4771.79     8715.67     35.5298    -209.881    0.067675    0.551677    0.607221    0.690526     2401.09     1.6e+19     5.81587     4.34699     4.36034     4.02899
        900    0.170731     1157.98     244.006    -28.8714           2     3957.06     4807.43     8764.49     35.6437    -211.574   0.0660558    0.551677    0.605547    0.690526     2401.72     1.6e+19     5.81036     4.34071     4.35261      4.0195
        800    0.189166     1175.08     243.768    -28.8183           2     3971.59     4846.98     8818.58     39.5522    -213.146   0.0643715    0.551677    0.603855     0.66955     2402.32     1.6e+19     5.80463     4.33423     4.34476      4.0117
        700    0.194131        1194     243.502    -28.4585           2     3984.03     4887.55     8871.58     40.5648    -214.901   0.0630091    0.551677    0.602296    0.651879      2403.1     1.6e+19     6.59853     4.32754     4.33752     4.00581
        600    0.182143      1213.4     243.203    -27.6341           2     4006.47     4925.52     8931.99     37.9718    -216.525   0.0630091    0.551677    0.600808    0.635131      2403.9     1.6e+19     6.59142     4.32064     4.33059     4.00023
        500    0.181065     1231.61     242.904    -26.5051           2     4029.48     4963.26     8992.74     37.7381    -217.731   0.0630091    0.551677    0.599327    0.634429     2404.54     1.6e+19     6.58358     4.31348     4.32368     4.39404
        400    0.192223     1249.73     242.621    -25.0472           2     4064.98     5003.37     9068.35     40.1064    -218.773   0.0630091    0.551677    0.597789    0.634429     2405.16     1.6e+19     6.57526     4.30603     4.31647      4.3868
        300    0.170197     1268.93     242.333    -23.3394           2     4089.85     5038.76     9128.61     35.3936    -219.855   0.0630091    0.551677    0.596159    0.634429     2405.91     1.6e+19     6.56668     4.29828     4.30883     4.37829
        200    0.169343     1285.95     242.063    -21.1107           2     4121.56     5073.99     9195.55     35.2293    -220.376   0.0630091    0.550467    0.594432    0.634429     2406.39     1.6e+19      6.5579     4.29032     4.30071     4.36981
        100     0.19005      1302.9     241.825    -17.9459           2     4138.44     5113.62     9252.06     39.6305    -220.768   0.0630091    0.551677    0.591783    0.634429     2406.86     1.6e+19     6.54914     4.28221     4.29278     4.36232
          0     0.19141     1321.91     241.576    -14.2989           2     4142.31      5153.5     9295.81     39.8797     -221.35   0.0630091    0.551677    0.588495    0.634429     2407.57     1.6e+19     6.54061     4.27371     4.28525     4.35423