      20000           0           0     179.437      354.04         0.2     78.9895     14.2831     93.2726     14.2831      6.5598    0.258968    0.460851    0.605054    0.634429     2456.76     1.6e+19     5.73044     4.59858     4.35318     4.39114
      19900           0           0     179.437      353.13         0.2     151.419     29.7361     181.156     15.4531     6.43382    0.258968    0.460851    0.605054    0.634429     2456.76     1.6e+19     5.73044     4.59858     4.35318     4.39114
      19800           0           0     179.437     352.506         0.2     228.894     46.3592     275.253     16.6231     6.30822    0.258968    0.460851    0.605054    0.634429     2456.76     1.6e+19     5.73044     4.59858     4.35318     4.39114
      19700           0           0     179.437     352.255         0.2     299.319     60.5222     359.841     14.1631     6.19879    0.258968    0.460851    0.605054    0.634429     2456.76     1.6e+19     5.73044     4.59858     4.35318     4.39114
      19600           0           0     179.437      352.29         0.2     351.209     72.5053     423.714     11.9831     6.12087    0.258968    0.460851    0.605054    0.634429     2456.76     1.6e+19     5.73044     4.59858     4.35318     4.39114
      19500           0           0     179.437     350.597         0.2     414.692     82.0183      496.71     9.51306     6.05158    0.258968    0.460851    0.605054    0.634429     2456.76     1.6e+19     5.73044     4.59858     4.35318     4.39114
      19400           0           0     179.437     347.879         0.2     487.353     94.1014     581.454     12.0831     5.90477    0.258968    0.460851    0.605054    0.634429     2456.76     1.6e+19     5.73044     4.59858     4.35318     4.39114
      19300           0           0     179.437     345.374         0.2     558.279     106.214     664.494     12.1131     5.65656    0.258968    0.460851    0.605054    0.634429     2456.76     1.6e+19     5.73044     4.59858     4.35318     4.39114
      19200           0           0     179.437     342.873         0.2     620.606     118.358     738.963     12.1431     5.32496    0.258968    0.460851    0.605054    0.634429     2456.76     1.6e+19     5.73044     4.59858     4.35318     4.39114
      19100           0           0     179.437      342.02         0.2     681.386     130.011     811.397     11.6531     4.94128    0.258968    0.460851    0.605054    0.634429     2456.76     1.6e+19     5.73044     4.59858     4.35318     4.39114
      19000           0           0     179.437     342.156         0.2      741.53     142.474     884.004     12.4631     4.58749    0.258968    0.460851    0.605054    0.634429     2456.76     1.6e+19     5.73044     4.59858     4.35318     4.39114
      18900           0           0     179.437     340.553         0.2     800.577     155.747     956.323     13.2731     4.26219    0.258968    0.460851    0.605054    0.634429     2456.76     1.6e+19     5.73044     4.59858     4.35318     4.39114
      18800           0           0     179.437     337.986         0.2     870.831      166.28     1037.11     10.5331     3.87637    0.258968    0.460851    0.605054    0.634429     2456.76     1.6e+19     5.73044     4.59858     4.35318     4.39114
      18700           0           0     179.437      336.21         0.2     952.601     178.113     1130.71     11.8331     3.41716    0.258968    0.460851    0.605054    0.634429     2456.76     1.6e+19     5.73044     4.59858     4.35318     4.39114
      18600           0           0     179.437     334.818         0.2     1047.59     192.576     1240.17     14.4631     2.92873    0.258968    0.460851    0.605054    0.634429     2456.76     1.6e+19     5.73044     4.59858     4.35318     4.39114
      18500           0           0     179.437     333.482         0.2     1150.05     201.259     1351.31     8.68306     2.42444    0.258968    0.460851    0.605054    0.634429     2456.76     1.6e+19     5.73044     4.59858     4.35318     4.39114
      18400           0           0     179.437     332.205         0.2     1219.19     209.492     1428.69     8.23306      1.9065    0.258968    0.460851    0.605054    0.634429     2456.76     1.6e+19     5.73044     4.59858     4.35318     4.39114
      18300           0           0     179.437     329.228         0.2      1275.7     218.075     1493.77     8.58306     1.34924    0.258968    0.460851    0.605054    0.634429     2456.76     1.6e+19     5.73044     4.59858     4.35318     4.39114
      18200           0           0     179.437       325.2         0.2      1360.8     226.658     1587.45     8.58306    0.672723    0.258968    0.460851    0.605054    0.634429     2456.76     1.6e+19     5.73044     4.59858     4.35318     4.39114
      18100           0           0     179.437     321.768         0.2     1469.79     234.714      1704.5     8.05639   -0.137283    0.258968    0.460851    0.605054    0.634429     2456.76     1.6e+19     5.73044     4.59858     4.35318     4.39114
      18000           0           0     179.437     318.559         0.2     1574.09     243.331     1817.42     8.61639    -1.04056    0.258968    0.460851    0.605054    0.634429     2456.76     1.6e+19     5.73044     4.59858     4.35318     4.39114
      17900           0           0     179.437      317.64         0.2     1670.99     253.364     1924.35     10.0331    -1.98653    0.258968    0.460851    0.605054    0.634429     2456.76     1.6e+19     5.73044     4.59858     4.35318     4.39114
      17800           0           0     179.437     318.134         0.2        1766     264.257     2030.25     10.8931    -2.86227    0.258968    0.460851    0.605054    0.634429     2456.76     1.6e+19     5.73044     4.59858     4.35318     4.39114
      17700           0           0     179.437     316.312         0.2     1860.47      274.54     2135.01     10.2831    -3.66765    0.258968    0.460851    0.605054    0.634429     2456.76     1.6e+19     5.73044     4.59858     4.35318     4.39114
      17600           0           0     179.437     313.229         0.2     1943.92     288.828     2232.75     14.2881    -4.52282    0.258968    0.460851    0.605054    0.634429     2456.76     1.6e+19     5.73044     4.59858     4.35318     4.39114
      17500           0           0     179.437     313.298         0.2     2011.35     302.776     2314.12     13.9481    -5.41147    0.258968    0.460851    0.605054    0.634429     2456.76     1.6e+19     5.73044     4.59858     4.35318     4.39114
      17400           0           0     182.115     344.137         0.2     2042.72     312.444     2355.16     9.66738    -7.03503    0.258968    0.459299    0.604915    0.634429     2457.76     1.6e+19      5.7211     4.59193      4.3525     4.39344
      17300           0           0     182.934     353.815         0.2     2073.54     322.233     2395.78     9.78928    -7.23612    0.258968    0.457387    0.602965    0.634429     2458.73     1.6e+19     5.71793     4.58375     4.34297     4.38361
      17200           0           0      183.39     359.881         0.2     2096.59     335.928     2432.52      13.695    -7.02974    0.258968    0.455248     0.59985    0.634429     2459.65     1.6e+19     5.72125     4.57463     4.32783     4.36492
      17100           0           0     183.841     363.835         0.2     2099.91     350.717     2450.63     14.7892    -6.64495    0.258968    0.452619    0.595693    0.634429     2460.55     1.6e+19     5.72871     4.56346     4.30774     4.33998
      17000           0           0     184.395     366.328         0.2     2106.32     368.422     2474.74     17.7049    -6.19849    0.258968    0.475551    0.587251    0.634429     2461.42     1.6e+19     5.73799     4.54879     4.28324     4.31057
      16900           0           0     185.076     363.157         0.2     2119.69     386.971     2506.66     18.5487    -5.83044    0.258968    0.484658    0.575138    0.634429     2462.28     1.6e+19     5.74731     4.52873     4.25519     4.27796
      16800           0           0     185.879      356.08         0.2     2132.94     406.282     2539.22     19.3111    -5.80695    0.258968    0.484658      0.5616    0.634429     2463.11     1.6e+19     5.75543     4.50524     4.22418     4.24311
      16700           0           0     186.789     347.713         0.2     2143.96     427.383     2571.34     21.1008    -6.22983    0.258968    0.479384    0.548863    0.596992      2463.9     1.6e+19     5.76158     4.47861      4.5905     4.20736
      16600           0           0     187.792     338.163         0.2     2156.83      452.74     2609.57     25.3575    -7.09448    0.258968    0.472202    0.541008    0.572861     2464.62     1.6e+19     5.76538     4.44944     4.55473     4.57412
      16500           0           0     188.875     339.172         0.2     2164.82     472.218     2637.03     19.4779    -8.20911    0.258968    0.432691    0.532904    0.572861      2465.3     1.6e+19      5.7667     4.41878      4.5183     4.53859
      16400   0.0650992   0.0650992     190.027      347.24         0.2     2171.37     496.159     2667.52     23.9409    -8.99678    0.258968    0.412886    0.520135    0.572861     2465.94     1.6e+19     5.76561     4.78854     4.48125     4.50183
      16300    0.111978      6.6219     191.298     352.197         0.2     2187.86     517.377     2705.24     21.2185    -10.7655    0.258968    0.412886    0.503209    0.572861     2466.64     1.6e+19     5.76229     4.75452     4.44471     4.46731
      16200   0.0758625     17.7836     192.745     355.481         0.2     2209.42     544.077      2753.5        26.7    -13.0088    0.258968    0.412886    0.487018    0.572861     2467.36     1.6e+19     5.75702     4.71895     4.41022     4.43829
      16100  0.00993787      25.304     194.308     347.009         0.2     2227.29     573.507      2800.8     29.4294    -13.9827    0.258968    0.408619    0.476981    0.551607     2468.02     1.6e+19     5.75017     4.68278     4.77752     4.41292
      16000           0     26.2878     195.862     330.648         0.2     2235.18     601.348     2836.53     27.8411    -13.9134    0.258968    0.400658    0.469748    0.505823     2468.53     1.6e+19     5.74215      4.6471     4.74654     4.79002
      15900           0     26.2878     197.365     322.307         0.2     2238.18     627.835     2866.01     26.4872    -14.4575    0.258968    0.348108    0.462622    0.505823     2468.98     1.6e+19     5.73325     4.61333     4.71634     4.76308
      15800   0.0224068     26.3102      198.84     318.808         0.2     2244.25     651.355      2895.6     23.5201    -15.3262    0.258968     0.33798     0.45166    0.505823     2469.39     1.6e+19     5.72366     4.98236     4.68573     4.73337
      15700   0.0328405     28.5613     200.324     316.501         0.2     2251.05     674.541     2925.59     23.1858    -16.7797    0.258968     0.33798    0.437394    0.505823     2469.82     1.6e+19     5.71348     4.94931     4.65516     4.70338
      15600   0.0372026     31.8497     201.842      315.22         0.2     2259.31     695.458     2954.77     20.9176    -18.3672    0.257914     0.33798    0.423246    0.505823     2470.23     1.6e+19     5.70276     4.91624     4.62518     4.67478
      15500   0.0348677     35.5677     203.393     313.177         0.2     2267.54     715.595     2983.14     20.1367    -19.8891    0.254205     0.33403    0.410373    0.505823     2470.64     1.6e+19     5.69185     4.88352     4.99608     4.64785
      15400   0.0732757     39.0929     204.965     310.744         0.2     2280.65     734.635     3015.28     19.0396    -21.2556    0.250469    0.327822     0.40385    0.505823     2471.01     1.6e+19      5.6809     4.85168     4.96685     4.62229
      15300    0.127831      46.475     206.586      309.86         0.2     2301.83     755.365     3057.19     20.7306    -23.3902     0.24673    0.296053    0.397603    0.441774     2471.39     1.6e+19     5.66998     4.82132     4.93915     4.60196
      15200    0.168892     59.2991     208.318     309.951         0.2     2323.89     775.121     3099.01     19.7553    -26.3981     0.24304    0.248273    0.392143    0.434418     2471.75     1.6e+19     5.65925     5.19479     4.91515     4.98882
      15100     0.24518     76.2646     210.199     316.209         0.2     2354.75     793.695     3148.44     18.5739    -29.6561    0.239502    0.255796    0.385891    0.434418     2472.13     1.6e+19     5.64899     5.16883     4.89559     4.98111
      15000    0.311754     100.849     212.278     326.665         0.2     2399.36     810.719     3210.08     17.0244    -33.5274    0.236231    0.269662    0.379525    0.434418     2472.61     1.6e+19     5.63955     5.14231     4.88121     4.98134
      14900    0.364763     132.078     214.601     334.518         0.2     2454.34     824.765     3279.11     14.0458    -37.5119    0.233341    0.269662    0.375862    0.434418     2473.15     1.6e+19     5.63122     5.11774     4.87297     4.99159
      14800    0.342033     168.531     217.178     340.878         0.2     2520.16     836.865     3357.02     12.1005    -41.3691    0.230977    0.269662    0.375263    0.474581     2473.76     1.6e+19     5.62444     5.09598     4.87162     4.61071
      14700           0     202.392     219.879     331.583         0.2     2578.74     845.981     3424.72      9.1157    -43.7207    0.229308    0.269662    0.377297    0.505823     2474.39     1.6e+19     5.61965     5.07777     4.87619     4.63186
      14600           0     202.392     213.618     262.839         0.2     2596.54     868.203     3464.75     22.2223    -39.5059   0.0630091     0.33798     0.48352    0.505823     2472.74     1.6e+19     6.51898     4.84407     4.62859     4.66724
      14500           0     202.392      211.85     235.957         0.2     2597.95     895.701     3493.65     27.4979    -40.6347   0.0103965    0.412886    0.505823    0.505823     2470.97     1.6e+19     6.75201     4.66121     4.78126     4.73536
      14400           0     202.392     212.222     219.371         0.2     2604.17     924.833     3529.01     29.1319    -43.6007  0.00270142    0.422335    0.572861    0.543122      2469.2     1.6e+19      6.5634     4.40269      4.4537     4.41052
      14300           0     202.392     213.322     205.092         0.2     2613.37     950.661     3564.03     25.8282    -47.0489           0    0.484658    0.572861    0.572861     2467.56     1.6e+19       6.501     4.46194     4.47664      4.4623
      14200           0     202.392       214.6     192.921         0.2      2629.3     974.614     3603.91     23.9524    -50.4915           0    0.484658    0.572861    0.572861     2465.86     1.6e+19       6.501     4.47787     4.47653      4.5013
      14100           0     202.392     215.873     186.348         0.2     2645.83     997.074      3642.9       22.46    -53.6521           0    0.484658    0.572861    0.572861     2464.11     1.6e+19       6.501      4.4705     4.46833     4.52908
      14000           0     202.392      217.09     183.292         0.2     2671.64     1016.97      3688.6     19.8947     -56.295           0    0.484658    0.572861    0.572861     2462.33     1.6e+19       6.501     4.45297     4.45926     4.54898
      13900           0     202.392     218.243     178.276         0.2     2702.67      1039.3     3741.97     22.3266    -58.4502           0    0.484658    0.572861    0.572861     2460.51     1.6e+19       6.501     4.43321     4.45244     4.56432
      13800           0     202.392     219.338     172.406         0.2     2724.97     1058.47     3783.44      19.177    -60.3471           0    0.458256    0.572861    0.572861     2458.65     1.6e+19       6.501     4.41749     4.44911     4.57766
      13700           0     202.392     220.385     168.121         0.2     2763.17     1079.44      3842.6     20.9646    -62.0764           0    0.439197    0.572861    0.572861     2456.73     1.6e+19       6.501     4.41065     4.44974     4.59076
      13600           0     202.392     221.397     164.726         0.2     2794.11     1099.24     3893.36     19.8081    -63.6322           0    0.433734    0.572861    0.586429     2454.77     1.6e+19       6.501     4.40887     4.45439     4.20414
      13500           0     202.392     222.378     167.912         0.2     2825.44      1112.7     3938.14     13.4522    -64.9352 0.000331158      0.4358    0.572861    0.617693     2452.86     1.6e+19      6.5077     4.41025      4.4619      4.2137
      13400           0     202.392     223.328     175.102         0.2     2855.43     1128.41     3983.84      15.712     -65.715  0.00149885    0.442311    0.572861    0.634429     2450.99     1.6e+19       6.535     4.41384     4.47097     4.22173
      13300           0     202.392     224.246     172.122         0.2     2886.05     1141.02     4027.07     12.6144    -66.1102  0.00267309    0.451462    0.572861    0.634429     2449.15     1.6e+19     6.56273      4.4191     4.48183     4.23266
      13200           0     202.392     227.793      192.95         0.2     2899.45     1153.14     4052.59     12.1216    -66.5552   0.0252756    0.457289    0.572861    0.634429     2449.25     1.6e+19     6.27361     4.42313     4.50597     4.24945
      13100           0     202.392     230.033     199.557         0.2     2906.84     1158.98     4065.82     5.83245    -65.9554   0.0630091    0.449554    0.572861    0.634429      2449.5     1.6e+19     6.52849     4.42007     4.52063     4.25803
      13000           0     202.392     231.835     205.443         0.2     2922.27     1165.63      4087.9     6.65055    -64.9791    0.101006    0.420916    0.572861    0.634429     2449.83     1.6e+19       5.932     4.40461     4.52028     4.25778
      12900   0.0397198     202.432     233.279     211.731         0.2     2922.55     1171.06     4093.61     5.42839    -63.8308    0.145299    0.412886    0.572861    0.634429     2450.23     1.6e+19      6.0941     4.78019        4.51     4.24906
      12800   0.0673146     206.432     234.409     218.071         0.2     2930.49     1177.53     4108.01     6.47332    -63.4122    0.158824    0.412886    0.572861    0.634429     2450.73     1.6e+19     5.42481     4.75082     4.49464     4.23517
      12700   0.0126185     213.108     235.507     220.287         0.2     2933.05     1184.63     4117.67     7.09583    -63.4075    0.195235    0.412886    0.572861    0.634429     2451.31     1.6e+19     5.52375     4.72014     4.47706     4.21977
      12600           0     214.358     236.723     219.608         0.2     2949.23     1193.05     4142.29      8.4274    -62.2568    0.222984    0.412886    0.572861    0.584761     2451.84     1.6e+19     5.60161     4.68788     4.45707     4.20363
      12500           0     214.358     237.944     219.461         0.2      2962.9      1202.1        4165     9.04345    -61.2025    0.244018    0.405814    0.550881    0.572861     2452.33     1.6e+19     5.66209     4.65511      4.4363     4.58488
      12400           0     214.358     239.164     219.441         0.2     2978.69     1209.03     4187.73     6.93614    -60.4755    0.258968    0.367209    0.524238    0.572861     2452.82     1.6e+19     5.70858     4.62483     4.41554     4.56163
      12300           0     214.358     240.391     218.105         0.2     2983.52     1215.43     4198.94     6.39466    -60.0427    0.258968     0.33798    0.505823    0.572861     2453.27     1.6e+19     5.74462     4.99746     4.79377     4.53606
      12200    0.059033     214.417     241.633     215.786         0.2     2993.16      1223.1     4216.26     7.66957    -59.9392    0.258968     0.33798    0.505823    0.572861     2453.71     1.6e+19     5.77267     4.97018     4.76931     4.50921
      12100    0.125374     220.386     242.951     214.919         0.2     3011.78     1232.59     4244.37     9.49115     -61.373    0.258968     0.33798    0.505823    0.572861     2454.23     1.6e+19     5.79403     4.94319      4.7438     4.48392
      12000    0.190271     232.989     244.437     214.861         0.2     3039.11     1238.25     4277.36     5.66033    -64.1032    0.262401     0.33798    0.505823    0.572861     2454.83     1.6e+19     5.00907     4.91668     4.71945     4.46411
      11900    0.225949     252.051     246.155     215.586         0.2     3071.11     1246.65     4317.76      8.3989    -67.7763    0.265912    0.337545    0.492711    0.572861     2455.51     1.6e+19     5.01908     4.89091     4.69889     4.45223
      11800    0.312831     274.733     248.118     216.835         0.2     3108.84     1253.57     4362.41     6.92202    -71.5461     0.26795     0.33005    0.478449    0.572861     2456.22     1.6e+19     5.02562     4.86667     4.68409     4.44872
      11700    0.104246     305.808     250.369     225.352         0.2     3158.44     1259.78     4418.22     6.21327    -76.2247    0.269057    0.320044    0.469538    0.572861     2457.02     1.6e+19     5.02982     4.84454     4.67518       4.455
      11600   0.0569184     316.185     239.164     199.563         0.2     3188.89     1277.98     4466.87        18.2    -75.3542    0.136665    0.350398    0.519074    0.572861      2455.9     1.6e+19     6.06177     4.60644     4.41665     4.48132
      11500           0      321.82     235.512     181.723         0.2     3211.18     1308.24     4519.42     30.2549     -76.151   0.0630091    0.480859    0.572861    0.572861     2454.56     1.6e+19     6.55151      4.4227     4.56947     4.55074
      11400 0.000105964      321.82     235.159      158.12         0.2     3222.34     1341.03     4563.37     32.7926    -77.4566   0.0428011    0.484658    0.634429    0.634429     2453.18     1.6e+19     6.38279     4.55928     4.24469     4.22616
      11300  0.00251025     321.833     235.949     146.911         0.2     3227.15     1370.56     4597.71      29.529    -79.8676   0.0285899    0.551677    0.634429    0.634429     2451.84     1.6e+19     6.29394     4.22402     4.26845     4.28085
      11200           0     322.081     237.089     142.626         0.2     3227.16     1398.32     4625.48     27.7611    -82.3568   0.0213131    0.551677    0.634429    0.634429     2450.49     1.6e+19      6.2495     4.23574     4.26937     4.32178
      11100           0     322.081     238.287     134.924         0.2     3247.43     1424.93     4672.37     26.6127     -84.541   0.0182971    0.551677    0.634429    0.634429     2449.08     1.6e+19     6.23128     4.22496     4.26159     4.35032
      11000           0     322.081      239.45     125.609         0.2     3276.43     1450.28     4726.71     25.3497      -86.69   0.0179223    0.508913    0.634429    0.634429      2447.6     1.6e+19     6.22903     4.20852     4.25214      4.3699
      10900           0     322.081     240.563     120.248         0.2     3296.05     1477.32     4773.37     27.0368    -88.8085   0.0191943    0.484658    0.634429    0.634429     2446.04     1.6e+19     6.23669     4.59633     4.24439     4.38402
      10800           0     322.081     241.631     117.128         0.2     3304.01     1501.24     4805.24     23.9187    -90.7316   0.0214987    0.484658    0.634429    0.634429     2444.44     1.6e+19     6.25062     4.58424     4.23977     4.39546
      10700           0     322.081     242.657     113.113         0.2     3313.55     1524.81     4838.35     23.5685     -92.467   0.0244378    0.484658    0.634429    0.649426     2442.85     1.6e+19      6.2685     4.57373      4.2385     4.00499
      10600           0     322.081      243.64     108.704         0.2     3327.26     1548.07     4875.33     23.2598    -94.1264   0.0277519    0.484658    0.634429    0.668242     2441.28     1.6e+19     6.28879     4.56624     4.23972     4.01126
      10500           0     322.081     244.584     106.019         0.2      3341.2     1570.98     4912.18     22.9162    -95.7313     0.03127    0.484658    0.634429    0.684018     2439.74     1.6e+19     6.31048     4.56223     4.24284     4.01653
      10400           0     322.081     245.489     104.347         0.2     3355.75     1591.69     4947.44     20.7113    -97.2247   0.0348791    0.484658    0.634429    0.690526     2438.23     1.6e+19     6.33292     4.56166     4.24772     4.02219
      10300           0     322.081     246.357     103.263         0.2     3363.68     1610.24     4973.92     18.5427    -98.5979   0.0385057    0.484658    0.634429    0.690526     2436.72     1.6e+19     6.35564     4.56426     4.25469     4.03051
      10200           0     322.081     247.193     102.101         0.2     3372.45     1628.74      5001.2      18.507    -99.8576   0.0421042    0.484658    0.634429    0.690526     2435.21     1.6e+19     6.37837      4.5697     4.26396     4.04126
      10100   0.0720007     322.153         248      99.928         0.2     3397.34     1644.44     5041.78        15.7    -101.086   0.0456493    0.484658    0.634429    0.690526      2433.7     1.6e+19     6.40093     4.57763      4.2754     4.05408
      10000   0.0685329      329.35     248.894     97.3007         0.2     3415.74     1659.55     5075.29     15.1056    -103.727   0.0491472    0.484658    0.634429    0.690526     2432.29     1.6e+19     6.42337     4.58778     4.28922     4.07168
       9900   0.0649189       336.2     249.893     94.4218         0.2     3423.45     1673.96     5097.41     14.4069    -105.998   0.0526835    0.484693    0.634429    0.690526     2430.87     1.6e+19     6.44623     4.20002     4.30655     4.09464
       9800   0.0572255     342.684     250.923      91.386         0.2     3432.44     1686.78     5119.21     12.8208    -108.015   0.0563037    0.503013    0.634429    0.690526     2429.46     1.6e+19     6.46983     4.21176     4.32724      4.1208
       9700     0.04969     348.399     251.945     88.2453         0.2     3434.45     1698.02     5132.47     11.2422    -109.779   0.0599971    0.518321    0.634429    0.690526     2428.08     1.6e+19     6.49409     4.22271     4.35049     4.14877
       9600    0.042355     353.361     252.938     85.0359         0.2        3436     1707.71     5143.71      9.6937     -111.37   0.0630091    0.532321    0.634429    0.690526     2426.72     1.6e+19     6.51881     4.23388     4.37542     4.17751
       9500   0.0352407     357.589      253.89     81.7772         0.2     3442.03      1715.9     5157.93     8.18454    -112.845   0.0630091    0.545575    0.636646    0.706101     2425.37     1.6e+19     6.54409     4.24562     4.00123     3.80571
       9400   0.0459626     361.124       254.8     79.2956         0.2        3465      1726.3      5191.3     10.4004    -114.234   0.0630091    0.551677     0.67135    0.741151     2424.15     1.6e+19     6.56968     4.25841     4.02153     3.82468
       9300   0.0350747     365.709     255.684     77.2493         0.2      3487.3     1734.41     5221.72     8.11585    -115.859   0.0630091    0.551677    0.690526    0.741151     2423.01     1.6e+19     6.59511     4.27375     4.03752     3.84241
       9200   0.0306358     369.212      256.54     75.4604         0.2     3508.68     1741.57     5250.25     7.16046    -117.231   0.0683509    0.551677    0.690526    0.741151     2421.87     1.6e+19     5.81818     4.29098      4.0549     3.86061
       9100   0.0187444     372.264     257.355     73.8587         0.2     3522.08     1746.22      5268.3     4.64535     -118.52    0.074589    0.551677    0.690526    0.741151     2420.74     1.6e+19     5.83957     4.30956     4.07381      3.8791
       9000  0.00235356     374.122     258.121     72.4219         0.2      3533.4      1747.4      5280.8     1.17907    -119.589   0.0804843    0.551677    0.690526    0.741151      2419.6     1.6e+19     5.85993     4.32906     4.09334     3.89754
       8900  0.00573583     374.361     258.819     71.1599         0.2     3555.41     1749.23     5304.64     1.83096    -120.394    0.086072    0.551677    0.690526    0.741151     2418.45     1.6e+19     5.87937     4.34914     4.11285     3.91514
       8800  0.00216393     374.931     259.466     70.0194         0.2     3565.87     1750.29     5316.16     1.05872    -121.361   0.0913546    0.551677    0.690526    0.741151     2417.32     1.6e+19     5.89787     4.36948     4.13188     3.93211
       8700           0     375.145     260.082     68.9764         0.2     3568.78     1750.61     5319.38    0.318182    -122.305   0.0963576    0.551677    0.690526    0.741151      2416.2     1.6e+19     5.91551     4.38984     4.15045     3.94885
       8600           0     375.145     260.669     68.0197         0.2     3571.13     1750.72     5321.86   -0.118872    -123.248    0.101113    0.571002    0.690526    0.741151     2415.09     1.6e+19     5.93238     4.00847      4.1686     3.96537
       8500           0     375.145     261.231     67.1348         0.2      3574.9     1751.26     5326.15   -0.531152     -124.22     0.10564    0.596959    0.690526    0.741151     2414.03     1.6e+19     5.94853     4.02092     4.18629      3.9818
       8400           0     375.145     261.768     66.7438         0.2     3575.12     1751.72     5326.85   -0.468323    -125.198    0.109945    0.613942     0.69567    0.741151     2413.01     1.6e+19     5.96398     4.03055     3.80319     3.99822
       8300           0     375.145     262.281     66.6749         0.2     3586.71     1755.71     5342.41    -3.98076    -126.145    0.114033    0.613942    0.715339    0.767837     2412.06     1.6e+19     5.97872     4.04063     3.81622     3.61093
       8200           0     375.145     262.768     66.8274         0.2     3593.82      1759.6     5353.42    -3.89346    -127.043    0.117912    0.613942    0.728543    0.786217      2411.2     1.6e+19     5.99279     4.05217     3.82617     3.61865
       8100           0     375.145     263.232     67.1727         0.2     3603.99     1763.38     5367.37    -3.78214    -127.881    0.121592    0.613942    0.738172    0.786217     2410.38     1.6e+19     6.00619     4.06443     3.83454     3.62556
       8000           0     375.145     263.674     67.6766         0.2     3606.17     1767.33      5373.5    -3.94891     -128.65    0.125084    0.613942    0.741151    0.786217     2409.58     1.6e+19     6.01897     4.07698     3.84285      3.6332
       7900           0     375.145     264.098     68.3876         0.2      3617.5     1771.43     5388.93    -4.09766    -129.346    0.128408    0.613942    0.741151    0.786217     2408.78     1.6e+19     6.03119     4.08961     3.85221     3.64153
       7800           0     375.145     264.508     69.2655         0.2     3626.52     1776.24     5402.76    -4.80763    -129.961     0.13159    0.613942    0.741151    0.786217     2407.99     1.6e+19     6.04294     4.10225     3.86224     3.65057
       7700           0     375.145     264.907     70.2973         0.2     3633.29     1780.74     5414.03    -4.50675    -130.492    0.134652    0.613942    0.741151    0.786217     2407.21     1.6e+19     6.05429     4.11486     3.87272     3.66023
       7600           0     375.145     265.297     71.4921         0.2     3642.18     1785.94     5428.12    -5.19697    -130.936    0.137616    0.613942    0.741151    0.786217     2406.44     1.6e+19     6.06531     4.12741     3.88353     3.67041
       7500           0     375.145      265.68      72.821         0.2     3656.42     1791.79     5448.21    -5.85472    -131.289    0.140497    0.613942    0.741151    0.786217     2405.66     1.6e+19     6.07608     4.13987     3.89458     3.68101
       7400           0     375.145     266.056      73.233         0.2     3673.89      1798.3     5472.19    -6.50609    -131.572     0.14331    0.613942    0.741151    0.786217      2404.9     1.6e+19     6.08662     4.15225     3.90583     3.69194
       7300           0     375.145     266.427      73.121         0.2     3692.71     1803.45     5496.17    -5.15196    -131.837    0.146063    0.613942    0.741151    0.786217     2404.14     1.6e+19     6.09698     4.16454     3.91722     3.70315
       7200           0     375.145     266.793     72.7334         0.2     3715.19     1807.24     5522.43    -3.79305    -132.105    0.148766    0.613942    0.741151    0.786217     2403.38     1.6e+19     6.10718     4.17673     3.92872     3.71457
       7100           0     375.145     267.155     72.1569         0.2     3738.33      1812.1     5550.43    -4.85495    -132.385    0.149485    0.613942    0.741151    0.786217     2402.63     1.6e+19     6.11739     4.18884     3.94031     3.72616
       7000           0     375.145     267.514     71.4393         0.2     3753.78     1822.01      5575.8    -9.91383    -132.683    0.149485    0.615408    0.741151    0.786217     2401.88     1.6e+19     6.12788     3.80084     3.95198     3.73789
       6900           0     375.145     267.871     70.6236         0.2     3769.22     1831.78        5601    -9.77055    -133.001    0.149485    0.630959    0.741151    0.786217     2401.14     1.6e+19     6.13853     3.81025     3.96372     3.74972
       6800           0     375.145     268.223     69.7304         0.2     3782.84     1837.11     5619.94    -5.32285    -133.339    0.149485    0.641715    0.741151    0.786217     2400.43     1.6e+19     6.14921     3.81761     3.97546     3.76164
       6700           0     375.145     268.569     68.7849         0.2     3795.98     1843.58     5639.56    -6.46882    -133.698    0.149485    0.650115    0.741151    0.786217     2399.73     1.6e+19     6.15985     3.82414     3.98712      3.7736
       6600           0     375.145     268.908      67.816         0.2     3809.81     1853.08      5662.9    -9.50822    -134.077    0.149485    0.657184    0.741151    0.786217     2399.03     1.6e+19     6.17038     3.83038     3.99868     3.78556
       6500           0     375.145     269.241     66.8145         0.2     3820.75     1861.23     5681.97    -8.14137    -134.474    0.149485    0.663378     0.75029    0.786217     2398.36     1.6e+19     6.18079     3.83655     3.60895      3.7974
       6400           0     375.145     269.567     66.0898         0.2     3831.11     1869.59      5700.7    -8.36725    -134.885    0.149485    0.668862    0.758441     0.80124     2397.72     1.6e+19     6.19104     3.84274     3.61783     3.40707
       6300           0     375.145     269.884     65.5266         0.2     3842.26     1876.53     5718.79    -6.93422    -135.292    0.149862    0.671454    0.764566    0.814444     2397.14     1.6e+19       5.401     3.84907     3.62542      3.4133
       6200           0     375.145     270.191     65.0607         0.2     3861.39     1882.92     5744.31    -6.39092     -135.69    0.153136    0.671454    0.769103    0.824072     2396.59     1.6e+19     5.40967     3.85619     3.63194     3.41785
       6100           0     375.145     270.486     64.6823         0.2     3881.36     1888.75     5770.11    -5.83625    -136.073    0.156168    0.671454    0.772588    0.825184     2396.07     1.6e+19     5.41773     3.86385     3.63781     3.42214
       6000           0     375.145      270.77     64.3634         0.2     3890.41     1894.02     5784.43       -5.27    -136.442     0.15902    0.671454    0.775558    0.825184     2395.55     1.6e+19     5.42533     3.87175     3.64355     3.42716
       5900           0     375.145     271.043     64.0919         0.2     3901.36     1901.37     5802.73    -7.34314    -136.795    0.161726    0.671454    0.778227    0.825184     2395.05     1.6e+19     5.43257     3.87974     3.64938     3.43266
       5800           0     375.145     271.307     63.8586         0.2     3918.53     1907.17     5825.71    -5.80701    -137.132     0.16431    0.671454    0.780643    0.825184     2394.56     1.6e+19     5.43949     3.88773     3.65536      3.4385
       5700           0     375.145     271.563     63.6577         0.2     3925.92     1912.84     5838.76    -5.66285    -137.453    0.166792    0.671454    0.782813    0.825184     2394.07     1.6e+19     5.44616     3.89566     3.66146     3.44457
       5600           0     375.145     271.812     63.4852         0.2     3931.58      1918.5     5850.08    -5.66168    -137.758    0.169184    0.671454    0.784743    0.825184      2393.6     1.6e+19      5.4526     3.90351     3.66767     3.45082
       5500           0     375.145     272.054     63.3377         0.2     3947.15     1924.15      5871.3    -5.65434    -138.049      0.1715    0.671454    0.786217    0.825184     2393.13     1.6e+19     5.45886     3.91126     3.67398      3.4572
       5400           0     375.145     272.292     62.4957         0.2     3962.04     1930.02     5892.05    -5.86661    -138.338    0.173749    0.671454    0.786217    0.825184     2392.66     1.6e+19     5.46494      3.9189     3.68053     3.46372
       5300           0     375.145     272.524     61.2311         0.2     3969.32     1936.09     5905.42    -6.07435    -138.664    0.175941    0.671454    0.786217    0.825184      2392.2     1.6e+19     5.47088     3.92645     3.68729     3.47038
       5200           0     375.145     272.753     59.7311         0.2     3988.89     1939.05     5927.93    -2.95328    -139.041    0.178083    0.671454    0.786217    0.825184     2391.75     1.6e+19      5.4767      3.9339     3.69415     3.47718
       5100           0     375.145     272.979     58.0774         0.2     3995.39     1942.83     5938.22    -3.77887    -139.474    0.180182    0.671454    0.786217    0.825184     2391.29     1.6e+19     5.48242     3.94127     3.70109     3.48409
       5000           0     375.145     273.201     56.2863         0.2     3995.56     1947.43     5942.99    -4.60147    -139.966    0.182245    0.671454    0.786217    0.825184     2390.85     1.6e+19     5.48805     3.94855     3.70806     3.49109
       4900           0     375.145     273.421     54.4089         0.2     3996.88     1950.85     5947.72    -3.42136    -140.517    0.184274    0.671454    0.786217    0.825184      2390.4     1.6e+19     5.49359     3.95576     3.71506     3.49814
       4800           0     375.145     273.639     52.4489         0.2     3999.71     1953.74     5953.45    -2.88877    -141.126    0.186274    0.671454    0.786217    0.825184     2389.96     1.6e+19     5.49907      3.9629     3.72205     3.50523
       4700           0     375.145     273.854     50.4243         0.2     4008.41     1956.09      5964.5    -2.35386    -141.792    0.188246    0.671454    0.786217    0.825184     2389.52     1.6e+19     5.50448     3.96996     3.72905     3.51235
       4600           0     375.145     274.067     48.3652         0.2      4008.6     1960.36     5968.96     -4.2668    -142.514    0.190193    0.671454    0.786217    0.825184     2389.09     1.6e+19     5.50984     3.97696     3.73603     3.51948
       4500           0     375.145     274.278      46.253         0.2     4010.63     1965.54     5976.16    -5.17772    -143.289    0.192117    0.671454    0.786217    0.825184     2388.66     1.6e+19     5.51514     3.98389     3.74299     3.52661
       4400           0     375.145     274.487     44.4592         0.2     4013.32     1968.92     5982.25    -3.38671     -144.11    0.194018    0.671454    0.786217    0.825184     2388.24     1.6e+19     5.52039     3.99076     3.74993     3.53373
       4300           0     375.145     274.694     42.8416         0.2     4013.67     1972.12     5985.79    -3.19387    -144.955    0.195899    0.671454    0.786217    0.825184     2387.81     1.6e+19     5.52559     3.99757     3.75685     3.54084
       4200           0     375.145     274.899     41.3168         0.2     4018.53     1974.82     5993.34    -2.69922    -145.819     0.19776    0.676309    0.786217    0.825184      2387.4     1.6e+19     5.53075     3.60377     3.76373     3.54793
       4100           0     375.145     275.102     39.8671         0.2     4027.44     1978.22     6005.66    -3.40191    -146.694    0.199597     0.68199    0.786217    0.825184     2386.99     1.6e+19     5.53585     3.60862     3.77055     3.55499
       4000           0     375.145       275.3     38.4621         0.2      4036.8     1980.22     6017.02    -2.00048     -147.58    0.201404    0.686333    0.786217    0.825184      2386.6     1.6e+19     5.54088      3.6128     3.77727       3.562
       3900           0     375.145     275.494     37.0874         0.2     4048.99     1980.81      6029.8   -0.594398    -148.474    0.203175    0.689886    0.786217    0.825184     2386.22     1.6e+19     5.54581     3.61669     3.78388     3.56895
       3800           0     375.145     275.684     35.7327         0.2     4059.73     1983.05     6042.77     -2.2337    -149.376    0.204907    0.692914    0.786217    0.825184     2385.84     1.6e+19     5.55064     3.62044     3.79037     3.57582
       3700           0     375.145     275.869     33.8197         0.2     4074.68     1985.59     6060.27    -2.54368    -150.289    0.206599    0.695556    0.786217    0.825184     2385.48     1.6e+19     5.55537     3.62415     3.79675      3.5826
       3600           0     375.145      276.05     30.3854         0.2     4087.31     1988.44     6075.75    -2.84966    -151.282    0.208252    0.697889    0.787811    0.825184     2385.12     1.6e+19        5.56     3.62786     3.40282     3.58928
       3500           0     375.145     276.227     26.2865         0.2     4099.26     1989.67     6088.92    -1.22668    -152.411    0.209867     0.69995    0.790646    0.825184     2384.77     1.6e+19     5.56453      3.6316     3.40825     3.59578
       3400           0     375.145     276.399     21.9419         0.2     4107.34     1992.07     6099.41    -2.39941     -153.69    0.211442    0.701757    0.793041    0.828445     2384.43     1.6e+19     5.56896     3.63535     3.41337     3.20181
       3300           0     375.145     276.568     17.3541         0.2     4108.48     1994.28     6102.77    -2.21771    -155.117    0.212977     0.70333    0.794986    0.836088     2384.12     1.6e+19     5.57328     3.63911     3.41806     3.20606
       3200           0     375.145     276.731      13.093         0.2     4108.69     1996.31        6105     -2.0311    -156.685     0.21447    0.704678    0.796458    0.841687     2383.82     1.6e+19     5.57749     3.64288     3.42218     3.20918
       3100           0     375.145     276.889      10.132         0.2     4110.01     1998.55     6108.56    -2.23894    -158.326    0.215917    0.705808    0.797558    0.846163     2383.55     1.6e+19     5.58157     3.64664     3.42581     3.21167
       3000           0     375.145     277.041     7.63745         0.2     4111.76     2000.99     6112.76    -2.44084    -159.984    0.217316    0.706733    0.798386    0.849961     2383.29     1.6e+19     5.58553     3.65037      3.4291     3.21379
       2900           0     375.145     277.187     5.47471         0.2     4113.99     2002.68     6116.67    -1.68673    -161.639    0.218663    0.707468    0.799013    0.853319     2383.04     1.6e+19     5.58934     3.65407     3.43213     3.21567
       2800           0     375.145     277.327     3.54716         0.2     4116.62     2004.71     6121.32    -2.02675    -163.278     0.21996    0.708031    0.799488    0.856372      2382.8     1.6e+19     5.59301     3.65774     3.43498     3.21737
       2700  0.00611097     375.151     277.461      1.6202         0.2     4120.94     2006.15     6127.09     1.43884    -164.897    0.221205     0.70844    0.799846    0.857963     2382.57     1.6e+19     5.59655     3.66137     3.43768     3.21902
       2600           0     375.756       277.6   -0.644309         0.2     4134.42     2009.85     6144.27     -3.7002    -166.624    0.222405    0.708714    0.800155    0.857963     2382.36     1.6e+19     5.59996     3.66497      3.4404     3.22129
       2500 0.000178308     375.756     277.737    -3.00337         0.2      4135.5     2010.01     6145.51    0.163377    -168.225    0.223575    0.708878    0.800478    0.857963     2382.14     1.6e+19     5.60329     3.66855     3.44331     3.22396
       2400           0     375.774     277.863    -5.38626         0.2     4136.41     2010.27     6146.68   -0.263275    -169.853    0.224712    0.708954    0.800785    0.857963     2381.92     1.6e+19     5.60653     3.67213     3.44631     3.22671
       2300           0     375.774     277.984    -7.79361         0.2     4137.47     2011.11     6148.58   -0.833843    -171.499    0.225813    0.708954    0.801062    0.857963     2381.71     1.6e+19     5.60966     3.67571     3.44936     3.22953
       2200           0     375.774       278.1    -10.0668         0.2     4145.04     2012.51     6157.55        -1.4    -173.165    0.226878    0.708887    0.801309    0.857963     2381.49     1.6e+19      5.6127     3.67927     3.45243     3.23243
       2100           0     375.774     278.213    -11.9368         0.2     4145.47     2013.92     6159.39    -1.41289     -174.83    0.227909    0.708763    0.801528    0.857963     2381.28     1.6e+19     5.61565     3.68282     3.45551     3.23538
       2000           0     375.774     278.323    -13.6394         0.2     4146.01     2015.34     6161.35    -1.42318    -176.479     0.22891    0.708592    0.801723    0.857963     2381.08     1.6e+19     5.61851     3.68635     3.45861     3.23839
       1900           0     375.774     278.431     -15.214         0.2     4147.34     2016.24     6163.58    -0.89798    -178.104    0.229885    0.708383      0.8019    0.857963     2380.87     1.6e+19     5.62131     3.68987     3.46171     3.24143
       1800           0     375.774     278.538    -16.6893         0.2     4147.66     2017.11     6164.77   -0.870956    -179.703    0.230838    0.708146    0.802061    0.857963     2380.66     1.6e+19     5.62404     3.69336     3.46482     3.24451
       1700           0     375.774     278.642    -18.1792         0.2     4148.68     2017.13     6165.81  -0.0156847    -181.272    0.231772    0.707888     0.80221    0.857963     2380.46     1.6e+19     5.62672     3.69682     3.46793     3.24762
       1600  0.00670353     375.781     278.746    -19.8554         0.2     4150.42     2018.67     6169.09     1.54181    -182.824    0.232689    0.707619     0.80235    0.857963     2380.26     1.6e+19     5.62935     3.70026     3.47104     3.25074
       1500           0     376.444     278.859    -21.5948         0.2     4152.57     2018.98     6171.55   -0.313697    -184.486    0.233596    0.707345    0.802494    0.857963     2380.07     1.6e+19     5.63196     3.70368     3.47419     3.25416
       1400           0     376.444     278.973    -23.3697         0.2     4154.19     2021.01      6175.2    -2.02292    -185.992    0.234508    0.707078    0.802661    0.857963     2379.87     1.6e+19     5.63458     3.70709     3.47746     3.25768
       1300           0     376.444      279.08    -25.1642         0.2     4159.57     2022.35     6181.92    -1.34354      -187.5    0.235419    0.706824    0.802828    0.857963     2379.67     1.6e+19     5.63721     3.71049     3.48074     3.26102
       1200           0     376.444     279.182    -26.6915         0.2      4176.7     2023.02     6199.72   -0.668904    -189.007    0.236322    0.706587    0.802985    0.857963     2379.48     1.6e+19     5.63981     3.71388     3.48397     3.26427
       1100           0     376.444     279.283    -27.4754         0.2     4190.75     2023.09     6213.84  -0.0725958    -190.478     0.23721    0.706365    0.803134    0.857963     2379.29     1.6e+19     5.64237     3.71725     3.48714     3.26746
       1000  0.00133601     376.446     279.381    -27.9342         0.2     4202.68     2023.48     6226.16    0.383673    -191.884    0.238085     0.70616     0.80328    0.857963     2379.09     1.6e+19     5.64489     3.72058     3.49026      3.2706
        900 0.000330538     376.578     279.481    -28.0449         0.2     4215.03     2023.64     6238.67    0.169055    -193.236    0.238946    0.705974    0.803427    0.857963     2378.91     1.6e+19     5.64738     3.72387     3.49335     3.27378
        800   0.0169169     376.628      279.58    -27.8924         0.2     4228.64     2027.38     6256.02     3.73954     -194.48    0.239798    0.705807    0.803582    0.857963     2378.72     1.6e+19     5.64985     3.72712     3.49643     3.27696
        700   0.0196496     378.322     279.705    -27.4528         0.2     4240.07     2031.74     6271.81     4.36136    -195.925    0.240651    0.705665    0.803762    0.857963     2378.55     1.6e+19     5.65232     3.73034     3.49961     3.28083
        600  0.00539169     380.273     279.866    -26.5714         0.2     4261.44     2033.05      6294.5     1.30879    -197.237    0.241551    0.705557    0.804024    0.857963     2378.39     1.6e+19     5.65493     3.73356     3.50321     3.28573
        500  0.00226001     380.809     280.025    -25.3963         0.2     4283.35     2033.67     6317.02     0.61766    -198.114    0.242524      0.7055    0.804363    0.857963     2378.21     1.6e+19     5.65775     3.73685     3.50724     3.29065
        400   0.0113703     381.044     280.161    -23.9001         0.2      4317.7     2036.24     6353.94     2.56638    -198.825    0.243534    0.705497    0.804709    0.857963     2378.03     1.6e+19     5.66068     3.74023     3.51128     3.29494
        300           0      382.17     280.298    -22.1619         0.2     4341.39     2038.81      6380.2    -2.57136    -199.585    0.244547    0.705538     0.80504    0.857963     2377.87     1.6e+19     5.66363     3.74366     3.51519     3.29918
        200           0      382.17     280.427    -19.9393         0.2     4371.94     2041.94     6413.88    -3.13468    -199.985     0.24556    0.705615    0.805369    0.857963     2377.69     1.6e+19     5.66657     3.74712     3.51905     3.30316
        100  0.00378656     382.174     280.539    -16.8155         0.2     4387.68     2042.86     6430.54    0.916594    -200.248    0.246548    0.705721     0.80567    0.857963     2377.52     1.6e+19     5.66945     3.75058     3.52267     3.30659
          0  0.00327342     382.552     280.647    -13.2097         0.2     4390.46     2043.67     6434.13    0.808203    -200.405    0.247496    0.705845    0.805941    0.857963     2377.36     1.6e+19     5.67221     3.75399     3.52606     3.30986