      20000           0           0     179.437      354.04         0.3     78.9895     14.2831     93.2726     14.2831      6.5598    0.258968    0.460851    0.605054    0.634429     2456.76     1.6e+19     5.73044     4.59858     4.35318     4.39114
      19900           0           0     179.437      353.13         0.3     151.419     29.7361     181.156     15.4531     6.43382    0.258968    0.460851    0.605054    0.634429     2456.76     1.6e+19     5.73044     4.59858     4.35318     4.39114
      19800           0           0     179.437     352.506         0.3     228.894     46.3592     275.253     16.6231     6.30822    0.258968    0.460851    0.605054    0.634429     2456.76     1.6e+19     5.73044     4.59858     4.35318     4.39114
      19700           0           0     179.437     352.255         0.3     299.319     60.5222     359.841     14.1631     6.19879    0.258968    0.460851    0.605054    0.634429     2456.76     1.6e+19     5.73044     4.59858     4.35318     4.39114
      19600           0           0     179.437      352.29         0.3     351.209     72.5053     423.714     11.9831     6.12087    0.258968    0.460851    0.605054    0.634429     2456.76     1.6e+19     5.73044     4.59858     4.35318     4.39114
      19500           0           0     179.437     350.597         0.3     414.692     82.0183      496.71     9.51306     6.05158    0.258968    0.460851    0.605054    0.634429     2456.76     1.6e+19     5.73044     4.59858     4.35318     4.39114
      19400           0           0     179.437     347.879         0.3     487.353     94.1014     581.454     12.0831     5.90477    0.258968    0.460851    0.605054    0.634429     2456.76     1.6e+19     5.73044     4.59858     4.35318     4.39114
      19300           0           0     179.437     345.374         0.3     558.279     106.214     664.494     12.1131     5.65656    0.258968    0.460851    0.605054    0.634429     2456.76     1.6e+19     5.73044     4.59858     4.35318     4.39114
      19200           0           0     179.437     342.873         0.3     620.606     118.358     738.963     12.1431     5.32496    0.258968    0.460851    0.605054    0.634429     2456.76     1.6e+19     5.73044     4.59858     4.35318     4.39114
      19100           0           0     179.437      342.02         0.3     681.386     130.011     811.397     11.6531     4.94128    0.258968    0.460851    0.605054    0.634429     2456.76     1.6e+19     5.73044     4.59858     4.35318     4.39114
      19000           0           0     179.437     342.156         0.3      741.53     142.474     884.004     12.4631     4.58749    0.258968    0.460851    0.605054    0.634429     2456.76     1.6e+19     5.73044     4.59858     4.35318     4.39114
      18900           0           0     179.437     340.553         0.3     800.577     155.747     956.323     13.2731     4.26219    0.258968    0.460851    0.605054    0.634429     2456.76     1.6e+19     5.73044     4.59858     4.35318     4.39114
      18800           0           0     179.437     337.986         0.3     870.831      166.28     1037.11     10.5331     3.87637    0.258968    0.460851    0.605054    0.634429     2456.76     1.6e+19     5.73044     4.59858     4.35318     4.39114
      18700           0           0     179.437      336.21         0.3     952.601     178.113     1130.71     11.8331     3.41716    0.258968    0.460851    0.605054    0.634429     2456.76     1.6e+19     5.73044     4.59858     4.35318     4.39114
      18600           0           0     179.437     334.818         0.3     1047.59     192.576     1240.17     14.4631     2.92873    0.258968    0.460851    0.605054    0.634429     2456.76     1.6e+19     5.73044     4.59858     4.35318     4.39114
      18500           0           0     179.437     333.482         0.3     1150.05     201.259     1351.31     8.68306     2.42444    0.258968    0.460851    0.605054    0.634429     2456.76     1.6e+19     5.73044     4.59858     4.35318     4.39114
      18400           0           0     179.437     332.205         0.3     1219.19     209.492     1428.69     8.23306      1.9065    0.258968    0.460851    0.605054    0.634429     2456.76     1.6e+19     5.73044     4.59858     4.35318     4.39114
      18300           0           0     179.437     329.228         0.3      1275.7     218.075     1493.77     8.58306     1.34924    0.258968    0.460851    0.605054    0.634429     2456.76     1.6e+19     5.73044     4.59858     4.35318     4.39114
      18200           0           0     179.437       325.2         0.3      1360.8     226.658     1587.45     8.58306    0.672723    0.258968    0.460851    0.605054    0.634429     2456.76     1.6e+19     5.73044     4.59858     4.35318     4.39114
      18100           0           0     179.437     321.768         0.3     1469.79     234.714      1704.5     8.05639   -0.137283    0.258968    0.460851    0.605054    0.634429     2456.76     1.6e+19     5.73044     4.59858     4.35318     4.39114
      18000           0           0     179.437     318.559         0.3     1574.09     243.331     1817.42     8.61639    -1.04056    0.258968    0.460851    0.605054    0.634429     2456.76     1.6e+19     5.73044     4.59858     4.35318     4.39114
      17900           0           0     179.437      317.64         0.3     1670.99     253.364     1924.35     10.0331    -1.98653    0.258968    0.460851    0.605054    0.634429     2456.76     1.6e+19     5.73044     4.59858     4.35318     4.39114
      17800           0           0     179.437     318.134         0.3        1766     264.257     2030.25     10.8931    -2.86227    0.258968    0.460851    0.605054    0.634429     2456.76     1.6e+19     5.73044     4.59858     4.35318     4.39114
      17700           0           0     179.437     316.312         0.3     1860.47      274.54     2135.01     10.2831    -3.66765    0.258968    0.460851    0.605054    0.634429     2456.76     1.6e+19     5.73044     4.59858     4.35318     4.39114
      17600           0           0     179.437     313.229         0.3     1943.92     288.828     2232.75     14.2881    -4.52282    0.258968    0.460851    0.605054    0.634429     2456.76     1.6e+19     5.73044     4.59858     4.35318     4.39114
      17500           0           0     179.437     313.298         0.3     2011.35     302.776     2314.12     13.9481    -5.41147    0.258968    0.460851    0.605054    0.634429     2456.76     1.6e+19     5.73044     4.59858     4.35318     4.39114
      17400           0           0     182.115     344.137         0.3     2042.72     312.444     2355.16     9.66738    -7.03503    0.258968    0.459299    0.604915    0.634429     2457.76     1.6e+19      5.7211     4.59193      4.3525     4.39344
      17300           0           0     182.934     353.815         0.3     2073.54     322.233     2395.78     9.78928    -7.23612    0.258968    0.457387    0.602965    0.634429     2458.73     1.6e+19     5.71793     4.58375     4.34297     4.38361
      17200           0           0      183.39     359.881         0.3     2096.59     335.928     2432.52      13.695    -7.02974    0.258968    0.455248     0.59985    0.634429     2459.65     1.6e+19     5.72125     4.57463     4.32783     4.36492
      17100           0           0     183.841     363.835         0.3     2099.91     350.717     2450.63     14.7892    -6.64495    0.258968    0.452619    0.595693    0.634429     2460.55     1.6e+19     5.72871     4.56346     4.30774     4.33998
      17000           0           0     184.395     366.328         0.3     2106.32     368.422     2474.74     17.7049    -6.19849    0.258968    0.475551    0.587251    0.634429     2461.42     1.6e+19     5.73799     4.54879     4.28324     4.31057
      16900           0           0     185.076     363.157         0.3     2119.69     386.971     2506.66     18.5487    -5.83044    0.258968    0.484658    0.575138    0.634429     2462.28     1.6e+19     5.74731     4.52873     4.25519     4.27796
      16800           0           0     185.879      356.08         0.3     2132.94     406.282     2539.22     19.3111    -5.80695    0.258968    0.484658      0.5616    0.634429     2463.11     1.6e+19     5.75543     4.50524     4.22418     4.24311
      16700           0           0     186.789     347.713         0.3     2143.96     427.383     2571.34     21.1008    -6.22983    0.258968    0.479384    0.548863    0.596992      2463.9     1.6e+19     5.76158     4.47861      4.5905     4.20736
      16600           0           0     187.792     338.163         0.3     2156.83      452.74     2609.57     25.3575    -7.09448    0.258968    0.472202    0.541008    0.572861     2464.62     1.6e+19     5.76538     4.44944     4.55473     4.57412
      16500           0           0     188.875     339.172         0.3     2164.82     472.218     2637.03     19.4779    -8.20911    0.258968    0.432691    0.532904    0.572861      2465.3     1.6e+19      5.7667     4.41878      4.5183     4.53859
      16400   0.0650992   0.0650992     190.027      347.24         0.3     2171.37     496.159     2667.52     23.9409    -8.99678    0.258968    0.412886    0.520135    0.572861     2465.94     1.6e+19     5.76561     4.78854     4.48125     4.50183
      16300    0.112005     6.62193     191.291     352.198         0.3     2187.86     517.383     2705.25     21.2246    -10.7652    0.258968    0.412886    0.503183    0.572861     2466.68     1.6e+19     5.76229     4.75452     4.44466     4.46695
      16200   0.0759434     17.7864      192.72     355.489         0.3     2209.43     544.108     2753.54     26.7249    -13.0074    0.258968    0.412886     0.48685    0.572861     2467.47     1.6e+19       5.757     4.71893     4.40987     4.43687
      16100    0.010072     25.3148     194.257     347.025         0.3     2227.32     573.589     2800.91     29.4807    -13.9795    0.258968    0.408601    0.476741    0.542337     2468.17     1.6e+19     5.75011      4.6827     4.77649      4.4103
      16000           0     26.3119     195.789     330.671         0.3     2235.23     601.503     2836.73     27.9144     -13.909    0.258968    0.400609    0.469344    0.505823     2468.68     1.6e+19       5.742     4.64688     4.74482     4.78638
      15900           0     26.3119     197.278     322.337         0.3     2238.26     628.078     2866.33     26.5748    -14.4493    0.258968    0.347143    0.462043    0.505823     2469.13     1.6e+19     5.73295     4.61293     4.71391     4.75856
      15800   0.0226512     26.3346     198.743     318.845         0.3     2244.36     651.695     2896.06     23.6168    -15.3157    0.258968     0.33798    0.450268    0.505823     2469.54     1.6e+19     5.72314      4.9815     4.68273     4.72835
      15700   0.0331155     28.6102     200.219     316.543         0.3      2251.2     674.986     2926.19     23.2906    -16.7732    0.258968     0.33798    0.435789    0.505823     2469.98     1.6e+19     5.71272     4.94817     4.65174       4.698
      15600   0.0375098     31.9261     201.728     315.267         0.3     2259.51     696.018     2955.53     21.0322    -18.3645     0.25757     0.33798    0.421449    0.505823     2470.42     1.6e+19     5.70175     4.91479      4.6214     4.66898
      15500   0.0352096     35.6748     203.267      313.23         0.3      2267.8     716.281     2984.08     20.2632      -19.89    0.253777    0.333691    0.409406    0.505823     2470.84     1.6e+19     5.69059     4.88177     4.99173     4.64156
      15400   0.0736519     39.2342     204.826     310.802         0.3     2280.96      735.46     3016.42     19.1793    -21.2597    0.249952    0.327421    0.402765    0.492666     2471.24     1.6e+19     5.67939     4.84964     4.96202     4.61554
      15300    0.128254      46.654     206.429     309.925         0.3     2302.21     756.348     3058.56     20.8877    -23.3975    0.246121    0.291619    0.396474    0.434418     2471.63     1.6e+19     5.66821     4.81911     4.93417     4.99597
      15200    0.169397     59.5205     208.133     310.025         0.3     2324.34     776.288     3100.63     19.9403    -26.4078    0.242337    0.247802    0.390914    0.434418     2472.07     1.6e+19     5.65721     5.19234     4.90978     4.98091
      15100    0.245804     76.5367     209.972     316.299         0.3     2355.29     795.089     3150.38     18.8011    -29.6669    0.238699    0.269662    0.383109    0.434418     2472.55     1.6e+19     5.64667     5.16548      4.8893     4.97076
      15000    0.312549     101.184     211.989     326.779         0.3     2400.02     812.403     3212.42     17.3137    -33.5381    0.235303    0.269662     0.37606    0.434418     2473.18     1.6e+19     5.63687     5.13842     4.87341     4.96762
      14900    0.365789     132.492     214.225     334.664         0.3     2455.15     826.825     3281.97      14.422    -37.5207     0.23225    0.269662    0.371399    0.434418     2473.91     1.6e+19     5.62809     5.11332     4.86295     4.97325
      14800    0.343323     169.048     216.689     341.067         0.3     2521.15     839.415     3360.57     12.5897    -41.3746     0.22967    0.269662    0.369476    0.434418     2474.73     1.6e+19     5.62069     5.09077     4.85865      4.9879
      14700           0     203.037     219.258     331.813         0.3     2579.96     849.152     3429.11     9.73665    -43.7232    0.227715    0.269662    0.370297    0.463516      2475.5     1.6e+19      5.6151     5.07146     4.86049     4.60775
      14600           0     203.037     212.878     263.112         0.3     2598.04     872.114     3470.15     22.9622    -39.4878   0.0624551     0.33798    0.442464    0.505823      2473.8     1.6e+19     6.51036     4.83684     4.61094     4.63805
      14500           0     203.037     211.065     236.252         0.3     2599.74     900.396     3500.14     28.2825    -40.6076  0.00991292    0.412886    0.505823    0.505823     2472.03     1.6e+19     6.73979     4.65266       4.759     4.70217
      14400           0     203.037     211.414     219.678         0.3     2605.66     930.336     3535.99     29.9398     -43.571  0.00208158    0.412886    0.572861    0.505823     2470.22     1.6e+19     6.54873     4.79162      4.4311     4.77618
      14300           0     203.037     212.499     205.402         0.3     2614.54     956.987     3571.53     26.6509    -47.0212           0    0.484658    0.572861    0.572861     2468.51     1.6e+19       6.501     4.45013      4.4518     4.43237
      14200           0     203.037     213.766     193.232         0.3     2630.16     981.774     3611.94     24.7869    -50.4675           0    0.484658    0.572861    0.572861     2466.81     1.6e+19       6.501     4.46337      4.4502     4.46942
      14100           0     203.037     215.028     186.662         0.3     2646.38     1005.08     3651.46     23.3058    -53.6324           0    0.484658    0.572861    0.572861     2465.06     1.6e+19       6.501     4.45366     4.44076      4.4961
      14000           0     203.037     216.234     183.611         0.3     2671.86     1025.83      3697.7     20.7515    -56.2796           0    0.484658    0.572861    0.572861     2463.28     1.6e+19       6.501     4.43415     4.43076     4.51542
      13900           0     203.037     217.376     178.595         0.3     2702.58     1049.02     3751.61     23.1937    -58.4388           0    0.454298     0.56676    0.572861     2461.44     1.6e+19       6.501     4.41477      4.4235      4.5305
      13800           0     203.037     218.466     172.722         0.3     2724.56     1069.07     3793.64      20.049    -60.3393           0    0.425227    0.558816    0.572861     2459.51     1.6e+19       6.501     4.40435     4.42148     4.54407
      13700           0     203.037     219.518     168.433         0.3     2762.45     1090.91     3853.36     21.8322     -62.072           0    0.412886    0.560646    0.572861     2457.52     1.6e+19       6.501     4.79977     4.42337     4.55796
      13600           0     203.037     220.538     165.033         0.3     2793.09     1111.57     3904.66     20.6668    -63.6308           0    0.412886    0.568776    0.572861     2455.51     1.6e+19       6.501     4.79836     4.42823     4.57288
      13500           0     203.037     221.528     168.222         0.3      2824.1     1125.87     3949.98      14.302    -64.9369           0    0.412886    0.572861    0.572861      2453.5     1.6e+19       6.501     4.79998       4.436     4.58912
      13400           0     203.037     222.488     175.416         0.3     2853.78     1142.43     3996.21     16.5517    -65.7207 0.000576208    0.422745    0.572861    0.592489      2451.5     1.6e+19     6.51341     4.40376      4.4476     4.20599
      13300           0     203.037      223.42     172.427         0.3     2884.09     1155.87     4039.96     13.4396    -66.1198  0.00177425    0.434786    0.572861    0.631029     2449.58     1.6e+19     6.54148     4.40878     4.46113     4.21778
      13200           0     203.037     226.969     193.268         0.3     2897.17     1168.81     4065.98     12.9456    -66.5629   0.0218229    0.439269    0.572861    0.634429     2449.67     1.6e+19     6.25259     4.41113     4.48621     4.23211
      13100           0     203.037     229.213      199.88         0.3     2904.24     1175.46     4079.71     6.65198    -65.9596   0.0619074    0.429271    0.572861    0.634429      2449.9     1.6e+19     6.50673     4.40726     4.50104     4.23934
      13000           0     203.037     231.021      205.77         0.3     2919.35     1182.93     4102.28     7.46473    -64.9796   0.0952356    0.412886    0.572861    0.634429     2450.22     1.6e+19     5.91154     4.79097     4.50062     4.23831
      12900   0.0419094     203.079      232.47     212.063         0.3      2919.4     1189.17     4108.56     6.23701    -63.8283    0.139826    0.412886    0.572861    0.634429     2450.62     1.6e+19     6.07356     4.76468     4.49026     4.22917
      12800   0.0694785     207.298     233.603     218.407         0.3     2927.66     1196.44     4124.11       7.279    -63.4527    0.151595    0.412886    0.572861    0.622228     2451.14     1.6e+19     5.40559     4.73414     4.47478     4.21509
      12700   0.0148136     214.191     234.697     220.623         0.3     2930.56     1204.35     4134.91     7.90552    -63.4811    0.188337    0.412886    0.572861    0.580838     2451.72     1.6e+19     5.50474     4.70266      4.4575     4.20243
      12600           0     215.657     235.908      219.94         0.3     2946.41     1213.59     4160.01     9.24174    -62.3574    0.216347    0.412886    0.558373    0.572861     2452.21     1.6e+19     5.58279     4.66991     4.43894     4.58781
      12500           0     215.657      237.13     219.793         0.3     2959.75     1223.45      4183.2     9.85782    -61.2782    0.237601    0.384693    0.531473    0.572861     2452.68     1.6e+19      5.6435     4.63764     4.41991     4.56761
      12400           0     215.657     238.353     219.772         0.3     2975.21      1231.2     4206.41      7.7472    -60.5318     0.25367     0.34818    0.505823    0.572861     2453.13     1.6e+19     5.69028     4.60859     4.79976     4.54387
      12300           0     215.657     239.586     218.436         0.3      2979.7      1238.4      4218.1     7.20041    -60.0836    0.258968     0.33798    0.505823    0.572861     2453.56     1.6e+19     5.72616     4.98091     4.77663     4.51813
      12200   0.0611881     215.719     240.832     216.115         0.3     2989.67     1246.87     4236.54     8.47068    -59.9684    0.258968     0.33798    0.505823    0.572861     2454.01     1.6e+19     5.75401      4.9532     4.75149     4.49101
      12100    0.127486     221.904     242.148     215.247         0.3     3008.62     1257.16     4265.78     10.2936    -61.4384    0.258968     0.33798    0.505823    0.572861     2454.56     1.6e+19     5.77521     4.92593     4.72559     4.46525
      12000    0.192375     234.717     243.619      215.19         0.3     3036.29     1263.64     4299.93      6.4786    -64.1949    0.258968     0.33798     0.50539    0.572861     2455.24     1.6e+19     5.79082      4.8992     4.70079     4.44431
      11900    0.228105      253.99     245.299     215.921         0.3     3068.62     1272.89     4341.51     9.25458    -67.8862    0.259581     0.33798    0.483531    0.572861     2456.03     1.6e+19     5.00174     4.87325     4.67993     4.43039
      11800    0.315085     276.888     247.202     217.181         0.3     3106.69     1280.73     4387.43     7.83779    -71.6681    0.261892    0.328053    0.467501    0.572861     2456.87     1.6e+19     5.00862     4.84875     4.66426     4.42394
      11700    0.105873     308.187     249.366     225.726         0.3     3156.67     1287.95     4444.62     7.21613    -76.3535    0.263224    0.308179    0.456771    0.572861     2457.85     1.6e+19     5.01297     4.82685     4.65373     4.42611
      11600   0.0585951     318.727     238.084      199.96         0.3     3187.52     1307.23     4494.74     19.2804    -75.4754    0.131674     0.33798    0.505823    0.572861     2456.77     1.6e+19     6.04325     4.98791     4.79239     4.44835
      11500           0     324.528     234.391     182.115         0.3      3210.2      1338.6      4548.8     31.3759    -76.2712   0.0630091    0.428117    0.572861    0.572861     2455.44     1.6e+19     6.53104     4.40483     4.54209     4.51454
      11400  0.00179822      324.53     234.015     158.494         0.3     3221.73     1372.54     4594.28     33.9372    -77.5466   0.0394185    0.484658    0.631284    0.572861     2453.98     1.6e+19     6.36139     4.53946     4.21888     4.59211
      11300  0.00417247     324.712     234.794      147.28         0.3     3226.91     1403.23     4630.13     30.6833    -79.9727   0.0249706    0.509508    0.634429    0.634429     2452.58     1.6e+19     6.27175     4.20734     4.24008     4.24783
      11200           0     325.125     235.935     142.986         0.3     3227.26     1432.14      4659.4     28.9154    -82.4743   0.0175365    0.544739    0.634429    0.634429      2451.2     1.6e+19     6.22671      4.2187     4.23955      4.2872
      11100           0     325.125     237.134     135.272         0.3     3247.18     1459.91     4707.09      27.766    -84.6361    0.013974    0.513168    0.634429    0.634429     2449.76     1.6e+19      6.2081     4.20931      4.2309     4.31488
      11000           0     325.125     238.301     125.944         0.3     3275.83     1486.41     4762.24     26.4992    -86.7692    0.013466    0.484658    0.627828    0.634429     2448.22     1.6e+19     6.20567     4.59658     4.22127     4.33405
      10900           0     325.125     239.422     120.576         0.3     3295.13     1514.58     4809.71     28.1779    -88.8762   0.0150599    0.484658    0.611988    0.634429     2446.61     1.6e+19      6.2133     4.58093      4.2159      4.3485
      10800           0     325.125     240.499      117.45         0.3     3302.76     1539.63      4842.4     25.0513    -90.7909   0.0176268    0.484658    0.605958    0.634429     2444.97     1.6e+19     6.22725     4.56541     4.21414     4.36122
      10700           0     325.125     241.532     113.429         0.3     3311.99     1564.33     4876.32     24.6927    -92.5203   0.0206082    0.484658    0.606421    0.634429     2443.31     1.6e+19     6.24523     4.55266     4.21507     4.37367
      10600           0     325.125     242.525     109.014         0.3      3325.4      1588.7      4914.1     24.3748    -94.1758   0.0239794    0.484658    0.611582    0.634429     2441.64     1.6e+19      6.2657     4.54374     4.21829     4.38658
      10500           0     325.125      243.48     106.325         0.3     3339.03     1612.72     4951.75     24.0201    -95.7786   0.0275662    0.484658    0.620137    0.635203     2439.98     1.6e+19     6.28765     4.53887      4.2235     4.00026
      10400           0     325.125     244.399      104.65         0.3     3353.27     1634.52      4987.8     21.8011    -97.2711   0.0312552    0.484658    0.630284    0.666781     2438.37     1.6e+19     6.31039     4.53788     4.23005     4.01078
      10300           0     325.125     245.283     103.563         0.3      3360.9     1654.14     5015.04     19.6169    -98.6434   0.0349701    0.484658    0.634429    0.689079     2436.83     1.6e+19     6.33349     4.54033     4.23715     4.01823
      10200           0     325.125     246.133     102.398         0.3     3369.38     1673.71     5043.09     19.5668    -99.9015   0.0386594    0.484658    0.634429    0.690526     2435.31     1.6e+19     6.35661     4.54577     4.24582     4.02635
      10100           0     325.125     246.952     100.223         0.3     3393.97     1690.46     5084.42     16.7479    -101.111   0.0422918    0.484658    0.634429    0.690526      2433.8     1.6e+19     6.37956     4.55376     4.25643      4.0373
      10000   0.0747416       325.2     247.743     97.7252         0.3     3411.95     1706.71     5118.66     16.2565    -102.342   0.0458514    0.484658    0.634429    0.690526     2432.29     1.6e+19     6.40222     4.56395       4.269     4.05051
       9900   0.0714176     332.671     248.616     94.9221         0.3     3419.16      1722.4     5141.56      15.684     -105.06   0.0493495    0.484658    0.634429    0.690526     2430.92     1.6e+19     6.42467     4.57605     4.28377     4.06827
       9800   0.0638577     339.805     249.586     91.9032         0.3     3427.63     1736.55     5164.18     14.1581    -107.408   0.0528684    0.484658    0.634429    0.690526     2429.54     1.6e+19     6.44743     4.58998     4.30173     4.09103
       9700   0.0563601     346.183      250.58     88.7601         0.3     3429.13     1749.16     5178.29     12.6076    -109.421   0.0564516    0.495619    0.634429    0.690526     2428.17     1.6e+19     6.47079     4.20506     4.32275     4.11665
       9600   0.0490174     351.812     251.563     85.5369         0.3     3430.17     1760.23      5190.4     11.0679      -111.2   0.0600907    0.519834    0.634429    0.690526     2426.81     1.6e+19     6.49471     4.21712     4.34605     4.14382
       9500   0.0418729     356.707     252.517     82.2587         0.3     3435.72     1769.79     5205.51     9.55842    -112.819   0.0630091    0.538925    0.634429    0.690526     2425.48     1.6e+19     6.51895     4.22782     4.37075     4.17168
       9400   0.0525188     360.904     253.431     79.7563         0.3     3458.23     1781.56     5239.79     11.7691     -114.32   0.0630091    0.551677    0.634429    0.690526     2424.17     1.6e+19     6.54364     4.23849     4.39618     4.19965
       9300   0.0415281     366.145     254.329     77.6875         0.3      3480.1     1791.03     5271.13     9.47102    -116.032   0.0630091    0.551677    0.666119    0.741151     2422.97     1.6e+19     6.56857     4.25183     4.01774     3.82051
       9200   0.0369841     370.294     255.205     75.8759         0.3     3501.06     1799.52     5300.58     8.49544    -117.472   0.0630091    0.551677    0.690526    0.741151     2421.84     1.6e+19     6.59345     4.26782     4.03389     3.83788
       9100   0.0249872      373.98      256.04     74.2528         0.3     3514.06     1805.48     5319.55     5.96001    -118.814   0.0677919    0.551677    0.690526    0.741151     2420.72     1.6e+19     5.81627     4.28551     4.05064     3.85543
       9000  0.00847429     376.462     256.828     72.7956         0.3     3525.01     1807.96     5332.96     2.47226    -119.923   0.0739264    0.551677    0.690526    0.741151      2419.6     1.6e+19     5.83729     4.30436       4.069     3.87306
       8900   0.0117106     377.313     257.552     71.5137         0.3     3546.66     1811.05     5357.72     3.09843    -120.759   0.0797034    0.551677    0.690526    0.741151     2418.45     1.6e+19     5.85722     4.32397     4.08787     3.89023
       8800  0.00799048      378.48     258.227      70.354         0.3     3556.79     1813.35     5370.14     2.29757     -121.75   0.0851544    0.551677    0.690526    0.741151     2417.32     1.6e+19     5.87617     4.34402     4.10664     3.90712
       8700  0.00441713     379.276     258.873     69.2925         0.3     3559.38     1814.88     5374.26      1.5273    -122.712   0.0903186    0.551677    0.690526    0.741151      2416.2     1.6e+19     5.89423     4.36423     4.12521     3.92401
       8600  0.00229473     379.715     259.489       68.32         0.3     3562.04     1815.94     5377.98     1.06126    -123.643   0.0952333    0.551677    0.690526    0.741151     2415.07     1.6e+19     5.91154     4.38441     4.14354     3.94084
       8500 0.000289616     379.943     260.079     67.4238         0.3     3565.51     1816.56     5382.08    0.621019    -124.568   0.0999291    0.560904    0.690526    0.741151     2413.96     1.6e+19     5.92817     4.00401     4.16162     3.95759
       8400 0.000569925     379.972     260.645     67.0271         0.3     3565.57     1817.22     5382.79    0.654681    -125.472    0.104428    0.590348    0.690526    0.741151     2412.88     1.6e+19      5.9442     4.01771      4.1794     3.97427
       8300           0     380.028     261.187      66.955         0.3     3576.88      1820.1     5396.98    -2.88664    -126.369    0.108728    0.609313    0.690526    0.741151     2411.85     1.6e+19      5.9596      4.0278     4.19674     3.99093
       8200           0     380.028     261.703     67.1059         0.3     3583.71     1822.93     5406.64    -2.82833    -127.219    0.112829    0.613942    0.708471    0.756564     2410.87     1.6e+19     5.97437     4.03724     3.81158     3.60631
       8100           0     380.028     262.196     67.4507         0.3      3593.6     1825.68     5419.28    -2.74572    -128.021    0.116736    0.613942    0.723881    0.779743     2409.98     1.6e+19     5.98851     4.04832     3.82267     3.61582
       8000           0     380.028     262.664     67.9548         0.3      3595.5     1828.62     5424.12    -2.93946    -128.762    0.120452    0.613942    0.734636    0.786217     2409.15     1.6e+19     6.00203     4.06035     3.83157     3.62268
       7900           0     380.028     263.111     68.6671         0.3     3606.55     1831.73     5438.28    -3.11091    -129.435    0.123984    0.613942    0.741151    0.786217     2408.34     1.6e+19     6.01494     4.07279     3.83974     3.63017
       7800           0     380.028     263.538     69.5475         0.3     3615.29     1835.57     5450.86     -3.8381    -130.032    0.127346    0.613942    0.741151    0.786217     2407.54     1.6e+19     6.02728     4.08538     3.84878     3.63831
       7700           0     380.028      263.95     70.5827         0.3     3621.78     1839.12     5460.89    -3.55038    -130.548    0.130561    0.613942    0.741151    0.786217     2406.75     1.6e+19     6.03913     4.09801     3.85863     3.64717
       7600           0     380.028     264.351     71.7813         0.3     3630.38     1843.37     5473.74    -4.25113    -130.979    0.133652    0.613942    0.741151    0.786217     2405.97     1.6e+19     6.05058     4.11062     3.86899     3.65667
       7500           0     380.028     264.743     73.1146         0.3     3644.32     1848.28     5492.61    -4.91757    -131.321     0.13664    0.613942    0.741151    0.786217     2405.19     1.6e+19     6.06168     4.12319     3.87972     3.66673
       7400           0     380.028     265.126     73.5299         0.3      3661.5     1853.86     5515.36    -5.57626    -131.594    0.139541    0.613942    0.741151    0.786217     2404.42     1.6e+19      6.0725     4.13568     3.89072     3.67723
       7300           0     380.028     265.503      73.421         0.3     3680.02     1858.09     5538.11    -4.22836    -131.851     0.14237    0.613942    0.741151    0.786217     2403.65     1.6e+19     6.08309     4.14809     3.90193     3.68809
       7200           0     380.028     265.875     73.0362         0.3     3702.19     1860.96     5563.15    -2.87482    -132.111    0.145138    0.613942    0.741151    0.786217     2402.89     1.6e+19     6.09349     4.16041      3.9133     3.69924
       7100           0     380.028     266.241     72.4621         0.3     3725.03     1864.91     5589.93    -3.94136    -132.385    0.147854    0.613942    0.741151    0.786217     2402.13     1.6e+19     6.10373     4.17264     3.92479     3.71063
       7000           0     380.028     266.604     71.7472         0.3     3740.17     1873.91     5614.08    -9.00359    -132.677    0.149485    0.613942    0.741151    0.786217     2401.38     1.6e+19     6.11388     4.18478     3.93637     3.72219
       6900           0     380.028     266.962     70.9341         0.3      3755.3     1882.77     5638.07    -8.86239    -132.988    0.149485    0.613942    0.741151    0.786217     2400.63     1.6e+19     6.12428     4.19685     3.94803      3.7339
       6800           0     380.028     267.319     70.0427         0.3      3768.6     1887.19     5655.79    -4.41907    -133.321    0.149485     0.62652    0.741151    0.786217     2399.89     1.6e+19     6.13488     3.80742     3.95977     3.74572
       6700           0     380.028     267.672     69.0985         0.3     3781.43     1892.76      5674.2    -5.57235    -133.675    0.149485    0.638527    0.741151    0.786217     2399.16     1.6e+19     6.14555     3.81528     3.97153     3.75763
       6600           0     380.028      268.02     68.1307         0.3     3794.95     1901.38     5696.34    -8.61975    -134.049    0.149485    0.647577    0.741151    0.786217     2398.46     1.6e+19      6.1562       3.822     3.98323      3.7696
       6500           0     380.028     268.361     67.1302         0.3     3805.57     1908.64     5714.22    -7.26056    -134.443    0.149485    0.655037    0.741151    0.786217     2397.76     1.6e+19     6.16677     3.82829     3.99484     3.78157
       6400           0     380.028     268.695     66.4066         0.3     3815.62     1916.14     5731.75    -7.49509    -134.849    0.149485    0.661507    0.747146    0.786217     2397.08     1.6e+19     6.17722     3.83447     3.60574      3.7935
       6300           0     380.028     269.023     65.8442         0.3     3826.45     1922.21     5748.66    -6.07288    -135.253    0.149485    0.667231    0.756024    0.795518     2396.43     1.6e+19     6.18752     3.84064     3.61501     3.40437
       6200           0     380.028     269.342     65.3788         0.3     3845.26     1927.75     5773.02     -5.5423    -135.647    0.149485    0.671454    0.762822    0.810594     2395.83     1.6e+19     6.19764     3.84686     3.62303     3.41148
       6100           0     380.028     269.652     65.0008         0.3     3864.91     1932.75     5797.66    -5.00188    -136.028    0.152032    0.671454    0.767844    0.821155     2395.27     1.6e+19     5.40675     3.85373     3.62986     3.41647
       6000           0     380.028      269.95     64.6822         0.3     3873.64     1937.21     5810.85    -4.45048    -136.393    0.155137    0.671454    0.771626    0.825184     2394.74     1.6e+19     5.41499     3.86126     3.63588     3.42062
       5900           0     380.028     270.237     64.4113         0.3     3884.27     1943.74     5828.02    -6.53746    -136.743    0.158044    0.671454     0.77474    0.825184     2394.22     1.6e+19     5.42273     3.86912     3.64162     3.42544
       5800           0     380.028     270.513      64.179         0.3     3901.13     1948.76     5849.88    -5.01346    -137.076    0.160796    0.671454    0.777511    0.825184     2393.72     1.6e+19     5.43008      3.8771     3.64741      3.4308
       5700           0     380.028      270.78     63.9794         0.3      3908.2     1953.64     5861.83    -4.87977    -137.393    0.163418    0.671454    0.780018    0.825184     2393.22     1.6e+19      5.4371      3.8851     3.65334     3.43653
       5600           0     380.028     271.038     63.8086         0.3     3913.53     1958.52     5872.05    -4.88768    -137.695    0.165932    0.671454    0.782278    0.825184     2392.73     1.6e+19     5.44385     3.89307      3.6594     3.44253
       5500           0     380.028     271.288     63.6631         0.3     3928.77     1963.41     5892.19    -4.88827    -137.981    0.168352    0.671454    0.784295    0.825184     2392.25     1.6e+19     5.45036     3.90095     3.66557     3.44872
       5400           0     380.028     271.532     62.8227         0.3     3943.33     1968.52     5911.85    -5.10745    -138.267    0.170692    0.671454    0.786072    0.825184     2391.78     1.6e+19     5.45667     3.90874     3.67184     3.45507
       5300           0     380.028     271.771     61.5595         0.3     3950.29     1973.84     5924.13    -5.32098    -138.588    0.172962    0.671454    0.786217    0.825184     2391.32     1.6e+19     5.46281     3.91642     3.67832     3.46154
       5200           0     380.028     272.005     60.0609         0.3     3969.53     1976.05     5945.57    -2.20475    -138.961    0.175171    0.671454    0.786217    0.825184     2390.86     1.6e+19     5.46879       3.924     3.68504     3.46816
       5100           0     380.028     272.235     58.4085         0.3      3975.7     1979.08     5954.78    -3.03453    -139.391    0.177329    0.671454    0.786217    0.825184      2390.4     1.6e+19     5.47465     3.93149     3.69189     3.47493
       5000           0     380.028     272.461     56.6188         0.3     3975.86     1982.94      5958.8    -3.86085    -139.878    0.179443    0.671454    0.786217    0.825184     2389.94     1.6e+19      5.4804     3.93889     3.69881     3.48181
       4900           0     380.028     272.684     54.7427         0.3      3977.5     1985.62     5963.13    -2.68409    -140.426    0.181517    0.671454    0.786217    0.825184     2389.49     1.6e+19     5.48606     3.94621     3.70578     3.48879
       4800           0     380.028     272.905      52.784         0.3        3980     1987.78     5967.78    -2.15455    -141.031    0.183558    0.671454    0.786217    0.825184     2389.05     1.6e+19     5.49163     3.95345     3.71278     3.49583
       4700           0     380.028     273.122     50.7608         0.3     3988.36      1989.4     5977.76    -1.62245    -141.693    0.185567    0.671454    0.786217    0.825184     2388.61     1.6e+19     5.49713     3.96061     3.71978     3.50292
       4600           0     380.028     273.338     48.7031         0.3     3988.89     1992.94     5981.83    -3.53801    -142.411    0.187549    0.671454    0.786217    0.825184     2388.17     1.6e+19     5.50257      3.9677     3.72678     3.51004
       4500           0     380.028     273.551     46.5922         0.3     3991.26     1997.39     5988.65    -4.45137    -143.183    0.189504    0.671454    0.786217    0.825184     2387.74     1.6e+19     5.50794     3.97472     3.73377     3.51717
       4400           0     380.028     273.763     44.8001         0.3      3994.3     2000.05     5994.35    -2.66267        -144    0.191436    0.671454    0.786217    0.825184      2387.3     1.6e+19     5.51326     3.98168     3.74075     3.52431
       4300           0     380.028     273.972     43.1844         0.3     3994.99     2002.53     5997.51    -2.47202    -144.842    0.193346    0.671454    0.786217    0.825184     2386.88     1.6e+19     5.51853     3.98858      3.7477     3.53144
       4200           0     380.028      274.18     41.6617         0.3     4000.19     2004.51     6004.69    -1.97951    -145.702    0.195234    0.671454    0.786217    0.825184     2386.45     1.6e+19     5.52375     3.99541     3.75463     3.53855
       4100           0     380.028     274.385     40.2138         0.3     4009.45     2007.19     6016.64    -2.68521    -146.574    0.197102    0.674055    0.786217    0.825184     2386.04     1.6e+19     5.52893       3.602     3.76153     3.54565
       4000           0     380.028     274.589     38.8104         0.3     4019.16     2008.48     6027.64    -1.28869    -147.457    0.198949    0.680352    0.786217    0.825184     2385.63     1.6e+19     5.53405     3.60718     3.76838     3.55273
       3900           0     380.028     274.788     37.4372         0.3     4031.69     2008.59     6040.28    0.111542    -148.347    0.200767    0.685035    0.786217    0.825184     2385.23     1.6e+19      5.5391     3.61153     3.77514     3.55976
       3800           0     380.028     274.984      36.084         0.3     4042.78     2010.12     6052.91    -1.53365    -149.246    0.202551    0.688797    0.786217    0.825184     2384.85     1.6e+19     5.54407      3.6155     3.78178     3.56674
       3700           0     380.028     275.174     34.1718         0.3     4058.09     2011.97     6070.06     -1.8492    -150.155    0.204296    0.691969    0.786217    0.825184     2384.47     1.6e+19     5.54894     3.61928     3.78832     3.57364
       3600           0     380.028      275.36     30.7372         0.3     4071.07     2014.13      6085.2    -2.16032    -151.146    0.206002     0.69472    0.786217    0.825184      2384.1     1.6e+19      5.5537     3.62301     3.79474     3.58046
       3500           0     380.028     275.542     26.6372         0.3     4083.37     2014.68     6098.04   -0.542354    -152.272    0.207668    0.697142    0.786792    0.825184     2383.74     1.6e+19     5.55837     3.62672       3.401     3.58718
       3400           0     380.028      275.72     22.2914         0.3      4091.8      2016.4      6108.2     -1.7205    -153.548    0.209296    0.699285    0.789809    0.825184     2383.38     1.6e+19     5.56293     3.63046     3.40658     3.59375
       3300           0     380.028     275.894     17.7019         0.3      4092.6     2017.94     6110.54    -1.54443    -154.972    0.210885    0.701169    0.792334    0.825326     2383.04     1.6e+19     5.56739     3.63421     3.41178     3.20008
       3200           0     380.028     276.064     13.4393         0.3     4093.15     2019.31     6112.45      -1.364    -156.538    0.212434    0.702812    0.794437    0.833973     2382.72     1.6e+19     5.57175     3.63798     3.41665     3.20488
       3100           0     380.028     276.229     10.4779         0.3     4094.12     2020.88     6115.01    -1.57886    -158.176    0.213942    0.704228    0.796052    0.840084     2382.42     1.6e+19       5.576     3.64176     3.42095     3.20829
       3000           0     380.028     276.388     7.98324         0.3     4096.22     2022.67     6118.89    -1.78836    -159.833    0.215405    0.705425    0.797259    0.844855     2382.14     1.6e+19     5.58013     3.64552     3.42472     3.21094
       2900           0     380.028     276.542     5.82085         0.3     4098.79     2023.71     6122.51    -1.04201    -161.485     0.21682    0.706412    0.798165    0.848837     2381.87     1.6e+19     5.58412     3.64927     3.42811     3.21317
       2800           0     380.028      276.69     3.89397         0.3     4101.77      2025.1     6126.87    -1.38966    -163.122    0.218185    0.707204     0.79885    0.852318     2381.62     1.6e+19     5.58799     3.65299     3.43121     3.21511
       2700  0.00901727     380.037     276.831     1.96778         0.3     4105.75     2027.17     6132.92     2.06862    -164.739    0.219498    0.707818    0.799369    0.855458     2381.38     1.6e+19     5.59171     3.65667     3.43412     3.21686
       2600           0      380.93      276.98   -0.300657         0.3     4118.88     2030.25     6149.14     -3.0805    -166.518    0.220765    0.708274    0.799779    0.857963     2381.17     1.6e+19      5.5953     3.66032     3.43691      3.2188
       2500  0.00298798     380.933     277.127    -2.66188         0.3     4119.62     2031.03     6150.65    0.773024    -168.104    0.222004      0.7086    0.800156    0.857963     2380.94     1.6e+19     5.59882     3.66395     3.43978     3.22113
       2400 0.000957348      381.23     277.265    -5.04948         0.3     4120.87     2031.36     6152.23    0.335058    -169.772    0.223208    0.708816    0.800506    0.857963     2380.73     1.6e+19     5.60224     3.66758     3.44274     3.22372
       2300           0     381.325     277.397    -7.46084         0.3     4121.59     2031.61      6153.2   -0.247385    -171.414    0.224377    0.708939    0.800836    0.857963     2380.51     1.6e+19     5.60557      3.6712     3.44579     3.22652
       2200           0     381.325     277.522    -9.73514         0.3     4128.84     2032.43     6161.27   -0.822141     -173.06    0.225509     0.70898    0.801137    0.857963      2380.3     1.6e+19      5.6088     3.67483     3.44889     3.22938
       2100           0     381.325     277.641    -11.6045         0.3     4128.93     2033.27      6162.2   -0.840874     -174.71      0.2266     0.70895      0.8014    0.857963     2380.08     1.6e+19     5.61191     3.67844       3.452     3.23227
       2000           0     381.325     277.755    -13.3058         0.3     4129.13     2034.13     6163.26   -0.855487    -176.347    0.227654    0.708858    0.801629    0.857963     2379.87     1.6e+19     5.61492     3.68204     3.45511     3.23521
       1900           0     381.325     277.867    -14.8784         0.3     4130.13     2034.46     6164.59    -0.33367    -177.962    0.228674    0.708711     0.80183    0.857963     2379.66     1.6e+19     5.61784     3.68561     3.45822     3.23819
       1800           0     381.325     277.976    -16.3515         0.3     4130.15     2034.77     6164.92   -0.309377    -179.553    0.229664    0.708521    0.802008    0.857963     2379.46     1.6e+19     5.62067     3.68916     3.46133     3.24122
       1700  0.00204712     381.327     278.083    -17.8391         0.3     4131.51     2035.31     6166.82    0.543639    -181.116    0.230628    0.708297    0.802168    0.857963     2379.25     1.6e+19     5.62343     3.69269     3.46444     3.24427
       1600  0.00926195     381.539     278.191    -19.5163         0.3     4132.91     2037.41     6170.32     2.09626      -182.7    0.231571    0.708049    0.802317    0.857963     2379.05     1.6e+19     5.62614     3.69618     3.46756     3.24743
       1500 0.000528843     382.456     278.312    -21.2595         0.3     4134.73     2037.64     6172.37    0.232957    -184.394    0.232505    0.707787    0.802476    0.857963     2378.87     1.6e+19     5.62882     3.69965     3.47077     3.25098
       1400           0     382.508     278.433    -23.0364         0.3     4136.02     2039.13     6175.15    -1.48336    -185.888    0.233449    0.707525    0.802663    0.857963     2378.67     1.6e+19     5.63153     3.70312     3.47413     3.25461
       1300           0     382.508     278.545    -24.8306         0.3     4141.07     2039.94        6181   -0.808686    -187.378    0.234392    0.707273    0.802844    0.857963     2378.47     1.6e+19     5.63425      3.7066      3.4775     3.25803
       1200           0     382.508      278.65    -26.3564         0.3     4157.86     2040.07     6197.93   -0.137062    -188.871    0.235324    0.707032    0.803007    0.857963     2378.28     1.6e+19     5.63693     3.71007     3.48081     3.26131
       1100  0.00166487      382.51     278.753    -27.1379         0.3     4171.57     2040.53      6212.1    0.457095     -190.33    0.236239    0.706801    0.803157    0.857963     2378.08     1.6e+19     5.63957     3.71351     3.48403     3.26451
       1000   0.0037619     382.679     278.856    -27.5964         0.3     4183.16     2041.44      6224.6    0.909273    -191.758    0.237135    0.706581    0.803299    0.857963     2377.89     1.6e+19     5.64215     3.71693     3.48721     3.26772
        900  0.00270985     383.054     278.963    -27.7093         0.3     4195.18     2042.13      6237.3     0.68704     -193.14    0.238021    0.706376    0.803446    0.857963     2377.71     1.6e+19     5.64471      3.7203     3.49038     3.27106
        800   0.0192421     383.341     279.073    -27.5601         0.3     4208.45     2046.37     6254.82     4.24745    -194.405    0.238903    0.706189    0.803607    0.857963     2377.52     1.6e+19     5.64726     3.72364     3.49359     3.27447
        700   0.0219477     385.268     279.206    -27.1237         0.3     4219.55     2051.23     6270.79     4.86078    -195.866    0.239792    0.706027    0.803798    0.857963     2377.37     1.6e+19     5.64983     3.72696     3.49692     3.27852
        600  0.00767463     387.449     279.372    -26.2451         0.3      4240.6     2053.04     6293.64       1.803     -197.19    0.240728    0.705901    0.804067    0.857963     2377.22     1.6e+19     5.65254      3.7303     3.50066     3.28348
        500  0.00450728     388.213     279.536    -25.0725         0.3     4262.18     2054.14     6316.32      1.1062    -198.076    0.241732    0.705826    0.804406    0.857963     2377.05     1.6e+19     5.65545     3.73371     3.50477     3.28846
        400    0.013572     388.673     279.681    -23.5788         0.3     4296.21     2057.19      6353.4     3.04681    -198.793    0.242772    0.705804    0.804752    0.857963     2376.88     1.6e+19     5.65847      3.7372     3.50892     3.29289
        300           0     390.017     279.826    -21.8428         0.3     4319.59     2059.29     6378.88    -2.09895    -199.557    0.243816    0.705826    0.805086    0.857963     2376.73     1.6e+19      5.6615     3.74075     3.51295     3.29726
        200           0     390.017      279.96    -19.6185         0.3     4349.81     2061.96     6411.77    -2.66783    -199.922     0.24486    0.705885    0.805415    0.857963     2376.55     1.6e+19     5.66453     3.74433     3.51691     3.30132
        100  0.00592818     390.022     280.075    -16.4904         0.3     4365.23     2063.34     6428.56     1.37997    -200.158    0.245876    0.705972     0.80571    0.857963     2376.38     1.6e+19     5.66749     3.74791     3.52062     3.30478
          0  0.00538074     390.615     280.189    -12.8826         0.3     4367.68      2064.6     6432.29     1.26666    -200.332    0.246848    0.706077    0.805974    0.857963     2376.21     1.6e+19     5.67032     3.75143     3.52408     3.30812