      20000           0           0     179.437      354.04         0.9     78.9895     14.2831     93.2726     14.2831      6.5598    0.258968    0.460851    0.605054    0.634429     2456.76     1.6e+19     5.73044     4.59858     4.35318     4.39114
      19900           0           0     179.437      353.13         0.9     151.419     29.7361     181.156     15.4531     6.43382    0.258968    0.460851    0.605054    0.634429     2456.76     1.6e+19     5.73044     4.59858     4.35318     4.39114
      19800           0           0     179.437     352.506         0.9     228.894     46.3592     275.253     16.6231     6.30822    0.258968    0.460851    0.605054    0.634429     2456.76     1.6e+19     5.73044     4.59858     4.35318     4.39114
      19700           0           0     179.437     352.255         0.9     299.319     60.5222     359.841     14.1631     6.19879    0.258968    0.460851    0.605054    0.634429     2456.76     1.6e+19     5.73044     4.59858     4.35318     4.39114
      19600           0           0     179.437      352.29         0.9     351.209     72.5053     423.714     11.9831     6.12087    0.258968    0.460851    0.605054    0.634429     2456.76     1.6e+19     5.73044     4.59858     4.35318     4.39114
      19500           0           0     179.437     350.597         0.9     414.692     82.0183      496.71     9.51306     6.05158    0.258968    0.460851    0.605054    0.634429     2456.76     1.6e+19     5.73044     4.59858     4.35318     4.39114
      19400           0           0     179.437     347.879         0.9     487.353     94.1014     581.454     12.0831     5.90477    0.258968    0.460851    0.605054    0.634429     2456.76     1.6e+19     5.73044     4.59858     4.35318     4.39114
      19300           0           0     179.437     345.374         0.9     558.279     106.214     664.494     12.1131     5.65656    0.258968    0.460851    0.605054    0.634429     2456.76     1.6e+19     5.73044     4.59858     4.35318     4.39114
      19200           0           0     179.437     342.873         0.9     620.606     118.358     738.963     12.1431     5.32496    0.258968    0.460851    0.605054    0.634429     2456.76     1.6e+19     5.73044     4.59858     4.35318     4.39114
      19100           0           0     179.437      342.02         0.9     681.386     130.011     811.397     11.6531     4.94128    0.258968    0.460851    0.605054    0.634429     2456.76     1.6e+19     5.73044     4.59858     4.35318     4.39114
      19000           0           0     179.437     342.156         0.9      741.53     142.474     884.004     12.4631     4.58749    0.258968    0.460851    0.605054    0.634429     2456.76     1.6e+19     5.73044     4.59858     4.35318     4.39114
      18900           0           0     179.437     340.553         0.9     800.577     155.747     956.323     13.2731     4.26219    0.258968    0.460851    0.605054    0.634429     2456.76     1.6e+19     5.73044     4.59858     4.35318     4.39114
      18800           0           0     179.437     337.986         0.9     870.831      166.28     1037.11     10.5331     3.87637    0.258968    0.460851    0.605054    0.634429     2456.76     1.6e+19     5.73044     4.59858     4.35318     4.39114
      18700           0           0     179.437      336.21         0.9     952.601     178.113     1130.71     11.8331     3.41716    0.258968    0.460851    0.605054    0.634429     2456.76     1.6e+19     5.73044     4.59858     4.35318     4.39114
      18600           0           0     179.437     334.818         0.9     1047.59     192.576     1240.17     14.4631     2.92873    0.258968    0.460851    0.605054    0.634429     2456.76     1.6e+19     5.73044     4.59858     4.35318     4.39114
      18500           0           0     179.437     333.482         0.9     1150.05     201.259     1351.31     8.68306     2.42444    0.258968    0.460851    0.605054    0.634429     2456.76     1.6e+19     5.73044     4.59858     4.35318     4.39114
      18400           0           0     179.437     332.205         0.9     1219.19     209.492     1428.69     8.23306      1.9065    0.258968    0.460851    0.605054    0.634429     2456.76     1.6e+19     5.73044     4.59858     4.35318     4.39114
      18300           0           0     179.437     329.228         0.9      1275.7     218.075     1493.77     8.58306     1.34924    0.258968    0.460851    0.605054    0.634429     2456.76     1.6e+19     5.73044     4.59858     4.35318     4.39114
      18200           0           0     179.437       325.2         0.9      1360.8     226.658     1587.45     8.58306    0.672723    0.258968    0.460851    0.605054    0.634429     2456.76     1.6e+19     5.73044     4.59858     4.35318     4.39114
      18100           0           0     179.437     321.768         0.9     1469.79     234.714      1704.5     8.05639   -0.137283    0.258968    0.460851    0.605054    0.634429     2456.76     1.6e+19     5.73044     4.59858     4.35318     4.39114
      18000           0           0     179.437     318.559         0.9     1574.09     243.331     1817.42     8.61639    -1.04056    0.258968    0.460851    0.605054    0.634429     2456.76     1.6e+19     5.73044     4.59858     4.35318     4.39114
      17900           0           0     179.437      317.64         0.9     1670.99     253.364     1924.35     10.0331    -1.98653    0.258968    0.460851    0.605054    0.634429     2456.76     1.6e+19     5.73044     4.59858     4.35318     4.39114
      17800           0           0     179.437     318.134         0.9        1766     264.257     2030.25     10.8931    -2.86227    0.258968    0.460851    0.605054    0.634429     2456.76     1.6e+19     5.73044     4.59858     4.35318     4.39114
      17700           0           0     179.437     316.312         0.9     1860.47      274.54     2135.01     10.2831    -3.66765    0.258968    0.460851    0.605054    0.634429     2456.76     1.6e+19     5.73044     4.59858     4.35318     4.39114
      17600           0           0     179.437     313.229         0.9     1943.92     288.828     2232.75     14.2881    -4.52282    0.258968    0.460851    0.605054    0.634429     2456.76     1.6e+19     5.73044     4.59858     4.35318     4.39114
      17500           0           0     179.437     313.298         0.9     2011.35     302.776     2314.12     13.9481    -5.41147    0.258968    0.460851    0.605054    0.634429     2456.76     1.6e+19     5.73044     4.59858     4.35318     4.39114
      17400           0           0     182.115     344.137         0.9     2042.72     312.444     2355.16     9.66738    -7.03503    0.258968    0.459299    0.604915    0.634429     2457.76     1.6e+19      5.7211     4.59193      4.3525     4.39344
      17300           0           0     182.934     353.815         0.9     2073.54     322.233     2395.78     9.78928    -7.23612    0.258968    0.457387    0.602965    0.634429     2458.73     1.6e+19     5.71793     4.58375     4.34297     4.38361
      17200           0           0      183.39     359.881         0.9     2096.59     335.928     2432.52      13.695    -7.02974    0.258968    0.455248     0.59985    0.634429     2459.65     1.6e+19     5.72125     4.57463     4.32783     4.36492
      17100           0           0     183.841     363.835         0.9     2099.91     350.717     2450.63     14.7892    -6.64495    0.258968    0.452619    0.595693    0.634429     2460.55     1.6e+19     5.72871     4.56346     4.30774     4.33998
      17000           0           0     184.395     366.328         0.9     2106.32     368.422     2474.74     17.7049    -6.19849    0.258968    0.475551    0.587251    0.634429     2461.42     1.6e+19     5.73799     4.54879     4.28324     4.31057
      16900           0           0     185.076     363.157         0.9     2119.69     386.971     2506.66     18.5487    -5.83044    0.258968    0.484658    0.575138    0.634429     2462.28     1.6e+19     5.74731     4.52873     4.25519     4.27796
      16800           0           0     185.879      356.08         0.9     2132.94     406.282     2539.22     19.3111    -5.80695    0.258968    0.484658      0.5616    0.634429     2463.11     1.6e+19     5.75543     4.50524     4.22418     4.24311
      16700           0           0     186.789     347.713         0.9     2143.96     427.383     2571.34     21.1008    -6.22983    0.258968    0.479384    0.548863    0.596992      2463.9     1.6e+19     5.76158     4.47861      4.5905     4.20736
      16600           0           0     187.792     338.163         0.9     2156.83      452.74     2609.57     25.3575    -7.09448    0.258968    0.472202    0.541008    0.572861     2464.62     1.6e+19     5.76538     4.44944     4.55473     4.57412
      16500           0           0     188.875     339.172         0.9     2164.82     472.218     2637.03     19.4779    -8.20911    0.258968    0.432691    0.532904    0.572861      2465.3     1.6e+19      5.7667     4.41878      4.5183     4.53859
      16400   0.0650992   0.0650992     190.027      347.24         0.9     2171.37     496.159     2667.52     23.9409    -8.99678    0.258968    0.412886    0.520135    0.572861     2465.94     1.6e+19     5.76561     4.78854     4.48125     4.50183
      16300    0.112163     6.62209     191.255     352.208         0.9     2187.87      517.42     2705.29     21.2613    -10.7633    0.258968    0.412886    0.503029    0.572861     2466.92     1.6e+19     5.76229     4.75451     4.44433     4.46485
      16200   0.0764289     17.8027      192.57     355.532         0.9     2209.49     544.295     2753.78     26.8746    -12.9988    0.258968    0.412886     0.48584    0.572861     2468.11     1.6e+19     5.75694     4.71883     4.40773     4.42837
      16100   0.0108788       25.38     193.949     347.118         0.9     2227.46     574.083     2801.55     29.7884    -13.9605    0.258968    0.408496    0.475342    0.505823     2469.06     1.6e+19     5.74979     4.68222     4.77047      4.7952
      16000           0      26.457     195.348     330.811         0.9     2235.52     602.438     2837.95     28.3553    -13.8824    0.258968    0.400316     0.46687    0.505823      2469.6     1.6e+19      5.7411     4.64558      4.7343     4.76334
      15900           0      26.457      196.75      322.52         0.9     2238.73      629.54     2868.27      27.102    -14.3998    0.258968    0.342752    0.457748    0.505823     2470.05     1.6e+19     5.73109     4.61053     4.69888     4.73049
      15800   0.0241279     26.4811      198.16     319.065         0.9     2245.05      653.74     2898.79        24.2    -15.2517    0.258968     0.33798    0.441698    0.505823     2470.46     1.6e+19     5.72002     4.97653     4.66435     4.69751
      15700   0.0347811     28.9046     199.586     316.796         0.9     2252.15     677.665     2929.81     23.9242    -16.7333    0.258968     0.33798    0.425925    0.505823     2470.98     1.6e+19     5.70811     4.94139     4.63083     4.66506
      15600   0.0393767     32.3873     201.033     315.553         0.9     2260.74     699.392     2960.13     21.7274    -18.3479    0.255496     0.33798    0.410844    0.505823     2471.54     1.6e+19     5.69564     4.90609     4.99821     4.63354
      15500   0.0372942     36.3229     202.497      313.55         0.9     2269.35     720.425     2989.78     21.0332    -19.8947    0.251185    0.331643    0.403441    0.451086     2472.08     1.6e+19     5.68299     4.87123     4.96503     4.60444
      15400   0.0759505     40.0909     203.973     311.157         0.9     2282.87     740.458     3023.32     20.0323    -21.2851    0.246819    0.324986    0.396397    0.434418     2472.54     1.6e+19     5.67024     4.83726     4.93383     4.97954
      15300    0.130851     47.7409     205.467     310.323         0.9     2304.51     762.307     3066.82     21.8492    -23.4415    0.242434     0.26353    0.389659    0.434418     2473.18     1.6e+19     5.65749     4.80611      4.9043     4.95414
      15200     0.17251     60.8676     206.999     310.483         0.9      2327.1     783.381     3110.48     21.0739    -26.4646     0.23808    0.269662    0.377337    0.434418     2474.08     1.6e+19     5.64488     5.17612     4.87628     4.92916
      15100     0.24965     78.1958     208.578     316.855         0.9     2358.61     803.576     3162.18     20.1952    -29.7307    0.233799    0.269662    0.365509    0.434418     2475.19     1.6e+19     5.63254     5.14566      4.8498     4.90513
      15000    0.317444     103.229     210.215     327.481         0.9     2404.04     822.663      3226.7      19.087    -33.6006    0.229616    0.269662    0.354196    0.434418     2476.71     1.6e+19     5.62053     5.11588     4.82471     4.88234
      14900    0.372113     135.028     211.924     335.564         0.9     2460.06     839.386     3299.45     16.7231     -37.572    0.225551    0.269662    0.343418    0.434418     2478.57     1.6e+19     5.60892     5.08705     4.80101     4.86096
      14800    0.351273     172.218     213.703     342.231         0.9     2527.23     854.961     3382.19     15.5753    -41.4065    0.221631    0.269662    0.338243    0.434418     2480.72     1.6e+19     5.59776     5.05938     5.17762     4.84095
      14700           0     206.994     215.474     333.228         0.9     2587.46     868.481     3455.94     13.5201    -43.7311    0.217891    0.268491    0.333536    0.434418     2482.72     1.6e+19     5.58715     5.03311     5.15543     4.82194
      14600           0     206.994     208.364      264.81         0.9     2607.23     895.957     3503.19     27.4757      -39.36   0.0543933    0.269662    0.380282    0.434418     2480.84     1.6e+19     6.45735     5.19088     4.88291     4.83167
      14500           0     206.994     206.269     238.097         0.9     2610.78     929.036     3539.81     33.0787    -40.4226  0.00688843     0.33798    0.477797    0.434418     2478.77     1.6e+19     6.66451     4.99915     4.62053     4.89014
      14400           0     206.994      206.47     221.602         0.9     2614.77      963.92     3578.69      34.884    -43.3713           0    0.412886    0.500359    0.434418     2476.77     1.6e+19       6.501     4.72221     4.67768     4.96448
      14300           0     206.994     207.454     207.353         0.9      2621.7     995.616     3617.32     31.6957    -46.8308           0    0.412886    0.504161    0.505823     2474.73     1.6e+19       6.501     4.77756     4.69464     4.62734
      14200           0     206.994     208.657     195.183         0.9     2635.38     1025.51     3660.89     29.8951    -50.3002           0    0.412886    0.503555    0.505823      2472.7     1.6e+19       6.501      4.7875     4.69193     4.67123
      14100           0     206.994     209.885     188.624         0.9     2649.63     1053.96     3703.58     28.4484    -53.4951           0    0.412886    0.501753    0.505823     2470.61     1.6e+19       6.501     4.77303     4.68388     4.70671
      14000           0     206.994     211.079     185.582         0.9     2673.14     1079.87     3753.01      25.906    -56.1746           0    0.412886    0.500253    0.505823     2468.48     1.6e+19       6.501     4.74867      4.6772     4.73593
      13900           0     206.994     212.228     180.544         0.9     2701.92     1108.21     3810.12     28.3422    -58.3658           0    0.412886    0.499605    0.505823     2466.31     1.6e+19       6.501     4.72301     4.67433     4.76145
      13800           0     206.994     213.334      174.64         0.9     2721.98     1133.39     3855.36     25.1814    -60.2964           0    0.412886    0.499957    0.505823     2464.11     1.6e+19       6.501     4.70058     4.67589     4.78532
      13700           0     206.994     214.401      170.33         0.9     2757.97     1160.34      3918.3     26.9485    -62.0566           0    0.412886    0.501278    0.532622     2461.89     1.6e+19       6.501     4.68346     4.68177     4.40756
      13600           0     206.994     215.436     166.908         0.9     2786.73     1186.11     3972.83     25.7691    -63.6386           0    0.412886    0.503134    0.572861     2459.76     1.6e+19       6.501     4.67227     4.69005     4.42167
      13500           0     206.994     216.438     170.125         0.9     2815.84      1205.5     4021.34     19.3922    -64.9632           0    0.412886     0.50533    0.572861     2457.64     1.6e+19       6.501     4.66686     4.69988     4.43661
      13400           0     206.994     217.409     177.367         0.9     2843.57     1227.13      4070.7     21.6315    -65.7611           0    0.412886    0.505823    0.572861     2455.51     1.6e+19       6.501      4.6667     4.71257     4.45464
      13300           0     206.994     218.352     174.347         0.9     2871.96     1245.64      4117.6     18.5083    -66.1712           0    0.412886    0.505823    0.572861     2453.37     1.6e+19       6.501     4.67124     4.72855     4.47526
      13200           0     206.994     221.871     195.268         0.9     2883.04     1263.68     4146.72     18.0443    -66.5967  0.00900694    0.412886    0.505823    0.572861      2453.3     1.6e+19     6.71704     4.67296     4.75397     4.49551
      13100  0.00568369         207     224.093     201.935         0.9     2888.05     1275.45     4163.51     11.7718    -65.9711   0.0408082    0.412886    0.505823    0.572861     2453.36     1.6e+19     6.37016     4.66942     4.77111     4.50737
      13000           0     207.562     225.892     207.858         0.9     2901.07     1288.05     4189.12     12.5937    -65.0883   0.0630091    0.412886    0.505823    0.572861     2453.56     1.6e+19     6.57893      4.6526     4.77337     4.51039
      12900   0.0558819     207.618     227.343     214.192         0.9     2903.25     1299.41     4202.66     11.3642    -63.8962     0.10339    0.382559    0.505823    0.572861     2453.79     1.6e+19     5.94049     4.62772     4.76562     4.50486
      12800   0.0833164     213.234     228.467     220.564         0.9     2913.67     1311.83      4225.5     12.4152    -63.7801    0.139086    0.341287    0.505823    0.572861     2454.37     1.6e+19      6.0708     4.60215     4.75253     4.49255
      12700   0.0288796     221.511     229.512     222.779         0.9     2918.73     1324.92     4243.64     13.0905     -64.006    0.149485     0.33798    0.505823    0.572861     2455.12     1.6e+19     6.17705     4.97557     4.73621      4.4756
      12600           0      224.37     230.669     222.083         0.9     2932.44      1339.4     4271.84     14.4813    -63.0366    0.171278     0.33798    0.505823    0.572861      2455.6     1.6e+19     5.45826     4.94653     4.71604       4.455
      12500           0      224.37     231.862     221.939         0.9     2943.63     1354.53     4298.16     15.1258    -61.7835    0.194054     0.33798    0.503809    0.572861     2455.96     1.6e+19     5.52049     4.91634     4.69307     4.43136
      12400           0      224.37     233.072     221.928         0.9     2956.93     1367.55     4324.48     13.0276    -60.9011    0.211358     0.33798     0.49834     0.52982     2456.33     1.6e+19     5.56872     4.88613     4.66871     4.40677
      12300           0      224.37     234.299     220.596         0.9     2959.27     1380.04     4339.31     12.4874    -60.3475    0.224407     0.33798      0.4732    0.505823     2456.65     1.6e+19     5.60566     4.85655     4.64533     4.78475
      12200   0.0753278     224.446     235.542     218.278         0.9      2971.4      1393.8      4365.2     13.7606     -60.154    0.234136    0.324015    0.442838    0.505823     2456.96     1.6e+19     5.63351     4.82815       4.624     4.76111
      12100    0.141373     232.044     236.827     217.414         0.9     2992.51     1409.42     4401.93     15.6152     -61.861    0.241271    0.276776    0.415535    0.505823     2457.65     1.6e+19     5.65412      4.8034     4.60338     4.73727
      12000    0.206205     246.246     238.184     217.365         0.9     3022.35     1421.33     4443.68     11.9133    -64.7921    0.246382    0.269662    0.407227    0.505823     2458.67     1.6e+19     5.66897     5.18023     4.98195     4.71406
      11900    0.242252     266.903      239.63     218.131         0.9     3056.89     1436.25     4493.15      14.924    -68.6055    0.249897    0.269662    0.402274    0.505823     2460.04     1.6e+19     5.67923     5.15694     4.95984     4.69154
      11800    0.329817     291.216     241.165     219.459         0.9     3097.25     1450.13     4547.38     13.8749    -72.4706    0.252135    0.269662    0.397298    0.505823     2461.61     1.6e+19     5.68578     5.13382      4.9378     4.66967
      11700    0.116442     323.984     242.799     228.178         0.9     3149.68     1463.91     4613.59     13.7828    -77.2046    0.253342    0.259696    0.392349    0.505823     2463.64     1.6e+19     5.68931     5.11121     4.91605     4.64854
      11600   0.0694393     335.581     231.082     202.559         0.9     3183.12     1490.19     4673.31     26.2823    -76.2855   0.0970182     0.33798    0.456663    0.505823     2462.67     1.6e+19     5.91785     4.87178     4.64396     4.65282
      11500  0.00781322     342.464     227.168     184.668         0.9     3208.35     1528.79     4737.15     38.5988    -77.0844   0.0445352    0.412886    0.505823    0.505823     2461.32     1.6e+19     6.39382     4.68369     4.77989     4.70714
      11400   0.0125825      343.25     226.674     160.914         0.9     3222.31     1570.07     4792.38     41.2785    -78.3282   0.0164629    0.481283    0.572861    0.505823     2459.61     1.6e+19     6.22026     4.41857     4.44149     4.77864
      11300   0.0147822      344.51     227.395     149.647         0.9     3229.85     1608.15     4838.01     38.0821    -80.8115  0.00914402    0.484658    0.572861    0.572861        2458     1.6e+19     6.72047     4.47131     4.45888     4.43591
      11200           0     345.974       228.5     145.308         0.9     3232.52      1644.5     4877.03       36.35    -83.3661  0.00697734    0.484658    0.572861    0.572861     2456.39     1.6e+19      6.6667     4.48132     4.45628     4.47729
      11100           0     345.974     229.682     137.513         0.9      3250.2     1679.72     4929.93     35.2183    -85.3682  0.00597737    0.484658    0.572861    0.572861     2454.65     1.6e+19     6.64221     4.46794     4.44755     4.50956
      11000           0     345.974     230.841      128.11         0.9     3276.69     1713.68     4990.37     33.9586    -87.3887  0.00573439    0.484658    0.572861    0.572861     2452.86     1.6e+19     6.63629     4.44475     4.43925     4.53492
      10900           0     345.974     231.957     122.711         0.9     3293.85     1749.32     5043.18     35.6425    -89.4157  0.00598172    0.470722    0.572861    0.572861     2451.04     1.6e+19     6.64232     4.42017     4.43397     4.55603
      10800           0     345.974     233.031     119.566         0.9     3299.37     1781.84     5081.21     32.5187    -91.2725  0.00654576    0.427971    0.572861    0.572861     2449.15     1.6e+19     6.65611     4.40552     4.43262     4.57504
      10700           0     345.974     234.076     115.513         0.9     3306.51     1813.99      5120.5     32.1488    -92.9587  0.00731748    0.412886    0.572861    0.572861     2447.19     1.6e+19     6.67508     4.79873     4.43554     4.59354
      10600           0     345.974       235.1     111.064         0.9     3317.87     1845.79     5163.66     31.8002     -94.581  0.00822608    0.412886    0.572861    0.605194     2445.23     1.6e+19     6.69757     4.79512     4.44238     4.20987
      10500           0     345.974     236.101     108.356         0.9     3329.47     1877.19     5206.66     31.3987    -96.1568  0.00922217    0.412886    0.572861    0.634429     2443.33     1.6e+19     6.72243      4.7947     4.45113     4.22059
      10400           0     345.974     237.078     106.666         0.9      3341.7     1906.31     5248.01     29.1225    -97.6262     0.01027    0.412886    0.572861    0.634429     2441.45     1.6e+19     6.74881     4.79772     4.46134     4.23278
      10300           0     345.974     238.027     105.569         0.9     3347.32     1933.18     5280.51     26.8725     -98.979   0.0113443     0.42019    0.572861    0.634429     2439.57     1.6e+19      6.7761     4.40343     4.47392     4.24804
      10200           0     345.974     238.952      104.39         0.9     3353.81     1959.93     5313.74      26.748    -100.221    0.013033    0.432749    0.572861    0.634429     2437.71     1.6e+19     6.20361     4.40981     4.48899     4.26577
      10100           0     345.974     239.851     102.193         0.9     3376.43     1983.78     5360.21     23.8486    -101.415   0.0179531    0.445652    0.572861    0.634429     2435.86     1.6e+19     6.22921     4.41704     4.50629     4.28557
      10000           0     345.974     240.725     99.6696         0.9     3392.46     2007.05     5399.52     23.2746    -102.617   0.0221294    0.458823    0.572861    0.634429     2434.04     1.6e+19     6.25445     4.42515     4.52544     4.30712
       9900           0     345.974     241.575     96.9749         0.9     3397.62     2029.78      5427.4     22.7253    -103.845   0.0262105    0.472058    0.572861    0.634429     2432.24     1.6e+19     6.27933     4.43412     4.54612     4.33014
       9800           0     345.974     242.401     94.1463         0.9     3403.85     2051.12     5454.97     21.3427    -105.113   0.0301945    0.484658    0.572861    0.634429     2430.47     1.6e+19     6.30383     4.44389     4.56803     4.35436
       9700           0     345.974     243.206     91.2095         0.9      3404.8      2071.1      5475.9     19.9812    -106.425   0.0340818    0.484658    0.572861    0.634429     2428.71     1.6e+19     6.32795     4.45589     4.59096     4.37957
       9600   0.0864684      346.06     243.995     88.1855         0.9      3406.4     2089.74     5496.14     18.6367    -107.805    0.037879    0.484658    0.598537    0.649149     2426.98     1.6e+19      6.3517     4.47075     4.21261      4.0049
       9500   0.0797343       354.7     244.803     84.9447         0.9     3409.27     2107.01     5516.28     17.2722    -110.913   0.0415932    0.484658    0.628726    0.690526     2425.86     1.6e+19     6.37513     4.48765     4.22893     4.02148
       9400    0.090663     362.685     245.628     82.3915         0.9     3429.14     2126.58     5555.72     19.5718    -113.529   0.0452273    0.484658    0.634429    0.690526     2424.77     1.6e+19     6.39824     4.50588      4.2438     4.03662
       9300   0.0799535      371.74     246.452     80.2418         0.9     3448.45     2143.93     5592.38     17.3479    -116.089   0.0487729    0.484658    0.634429    0.690526     2423.74     1.6e+19     6.42096     4.52506      4.2609     4.05349
       9200   0.0755355     379.731     247.268     78.3353         0.9     3466.95     2160.36     5627.32     16.4318    -118.183   0.0522355    0.484658    0.634429    0.690526     2422.67     1.6e+19     6.44333     4.54505     4.27959     4.07184
       9100   0.0635289     387.273     248.072     76.6104         0.9      3477.6     2174.29     5651.89     13.9284    -120.034     0.05562    0.484658    0.634429    0.690526     2421.57     1.6e+19     6.46536     4.56573     4.29942     4.09138
       9000   0.0468105     393.609     248.859     75.0485         0.9     3486.29     2184.73     5671.03     10.4405    -121.546   0.0589326    0.484658    0.634429    0.690526     2420.42     1.6e+19     6.48708       4.587      4.3201     4.11185
       8900   0.0496449     398.293     249.627     73.6599         0.9      3505.8     2195.76     5701.56     11.0232    -122.702   0.0621771    0.504222    0.634429    0.690526     2419.19     1.6e+19     6.50851     4.20746     4.34142     4.13303
       8800   0.0454967     403.253     250.375     72.3942         0.9     3513.89     2205.91      5719.8     10.1497    -123.946   0.0630091    0.537302    0.634429    0.690526     2418.03     1.6e+19      6.5298     4.22115     4.36312     4.15478
       8700   0.0414548     407.799     251.103     71.2299         0.9     3514.54      2215.2     5729.75     9.29671    -125.109   0.0630091    0.551677    0.634429    0.690526     2416.88     1.6e+19     6.55114     4.23211     4.38491     4.17698
       8600   0.0388186     411.941     251.811     70.1579         0.9     3519.04     2223.94     5742.98     8.73936    -126.202   0.0630091    0.551677    0.645829    0.690526     2415.72     1.6e+19     6.57231     4.24524     4.00607     4.19944
       8500   0.0362787     415.821     252.501     69.1652         0.9     3520.77     2232.14     5752.91     8.19884    -127.257   0.0630091    0.551677     0.67399     0.73351     2414.64     1.6e+19     6.59323     4.26055     4.02222     3.81578
       8400   0.0360039     419.448     253.172     68.6796         0.9     3522.48     2240.27     5762.75     8.12776    -128.263     0.06668    0.551677    0.690526    0.741151     2413.64     1.6e+19     5.81248     4.27714     4.03484     3.82707
       8300   0.0185912     423.031     253.822     68.5225         0.9     3532.22     2244.75     5776.97     4.47823    -129.238    0.071829    0.551677    0.690526    0.741151     2412.66     1.6e+19     5.83008      4.2944     4.04805     3.83929
       8200   0.0184515      424.89     254.445     68.6179         0.9     3537.54     2249.18     5786.72     4.42967    -129.839   0.0766979    0.551677    0.690526    0.741151      2411.6     1.6e+19     5.84683       4.312     4.06255     3.85258
       8100   0.0183904     426.735     255.045     68.9239         0.9     3545.96     2253.58     5799.54     4.40451    -130.459   0.0813481    0.551677    0.690526    0.741151     2410.54     1.6e+19     5.86293     4.32977     4.07783     3.86682
       8000   0.0169503     428.573      255.63     69.3937         0.9     3546.42     2257.68     5804.09     4.09529     -131.07   0.0858255    0.551677    0.690526    0.741151     2409.49     1.6e+19     5.87851     4.34763     4.09365     3.88186
       7900    0.015567     430.267     256.201     70.0753         0.9     3556.06     2261.47     5817.54     3.79861    -131.622   0.0901628    0.551677    0.690526    0.741151     2408.44     1.6e+19     5.89369     4.36549     4.10988     3.89757
       7800   0.0114808     431.819     256.762     70.9274         0.9     3563.43     2264.41     5827.84     2.93772    -132.105   0.0943846    0.551677    0.690526    0.741151      2407.4     1.6e+19     5.90854     4.38334     4.12642     3.91382
       7700    0.012235     432.968     257.313     71.9413         0.9     3568.55      2267.5     5836.05     3.08747    -132.462   0.0985095    0.554109    0.690526    0.741151     2406.33     1.6e+19     5.92313     4.00107     4.14322     3.93049
       7600  0.00827265     434.188     257.853     73.1209         0.9     3575.81     2269.75     5845.56      2.2471    -132.788    0.102549    0.582511    0.690526    0.741151     2405.31     1.6e+19     5.93749     4.01425     4.16019     3.94749
       7500  0.00452861     435.011     258.378     74.4425         0.9     3588.43     2271.19     5859.62     1.44653    -132.976    0.106493    0.600665    0.690526    0.741151     2404.31     1.6e+19     5.95158     4.02384     4.17712     3.96474
       7400 0.000880266      435.46     258.885     74.8482         0.9     3604.29     2271.86     5876.15     0.66544     -133.06    0.110327    0.613942    0.690526    0.741151     2403.32     1.6e+19     5.96535     4.03209     4.19388     3.98208
       7300  0.00687415     435.554     259.371     74.7389         0.9     3621.49     2273.76     5895.25     1.90413    -133.104    0.114046    0.613942    0.704198    0.741151     2402.33     1.6e+19     5.97877      4.0412     3.80914     3.99936
       7200   0.0129051     436.248     259.842     74.3477         0.9     3642.35     2276.92     5919.27     3.15779    -133.315    0.117648    0.613942    0.720555    0.770554     2401.44     1.6e+19     5.99183     4.05191     3.82115     3.61205
       7100  0.00743889     437.533     260.302     73.7534         0.9     3663.89     2278.92     5942.81     1.99791     -133.66    0.121134    0.613942    0.732091    0.786217     2400.67     1.6e+19     6.00452     4.06355     3.83083     3.61996
       7000           0     438.269     260.746     73.0208         0.9     3677.77     2282.07     5959.83    -3.14642    -133.897    0.124498    0.613942    0.740841    0.786217      2399.9     1.6e+19     6.01682     4.07563      3.8393     3.62768
       6900           0     438.269      261.17     72.2063         0.9     3691.62     2285.14     5976.76    -3.07014    -134.023    0.127736    0.613942    0.741151    0.786217      2399.1     1.6e+19     6.02872     4.08789     3.84821      3.6361
       6800  0.00444131     438.274     261.576     71.3227         0.9     3703.64     2286.46      5990.1     1.32367     -134.21    0.130856    0.613942    0.741151    0.786217     2398.31     1.6e+19     6.04022     4.10021     3.85804      3.6452
       6700           0     438.713     261.972     70.3827         0.9     3715.19     2286.59     6001.78    0.127735    -134.532    0.133873    0.613942    0.741151    0.786217     2397.56     1.6e+19     6.05139     4.11254     3.86844     3.65495
       6600           0     438.713     262.359     69.4234         0.9     3727.42     2289.55     6016.96    -2.95937    -134.791    0.136802    0.613942    0.741151    0.786217     2396.78     1.6e+19     6.06228     4.12487     3.87924     3.66523
       6500           0     438.713     262.738     68.4345         0.9     3736.73     2291.18     6027.92    -1.63792    -135.092    0.139656    0.613942    0.741151    0.786217        2396     1.6e+19     6.07293     4.13717     3.89031     3.67595
       6400           0     438.713      263.11     67.7256         0.9     3745.46     2293.09     6038.55    -1.90982    -135.422    0.142446    0.613942    0.741151    0.786217     2395.24     1.6e+19     6.08338     4.14941      3.9016     3.68701
       6300           0     438.713     263.476     67.1782         0.9     3754.96     2293.62     6048.58   -0.526271    -135.761    0.145181    0.613942    0.741151    0.786217     2394.48     1.6e+19     6.09365      4.1616     3.91305     3.69834
       6200           0     438.713     263.838     66.7278         0.9     3772.42     2293.66     6066.08  -0.0380834      -136.1    0.147869    0.613942    0.741151    0.786217     2393.72     1.6e+19     6.10379     4.17372     3.92461     3.70989
       6100 0.000488518     438.714     264.196     66.3639         0.9      3790.7     2294.11     6084.81    0.454126    -136.434    0.149485    0.613942    0.741151    0.786217     2392.97     1.6e+19     6.11385     4.18578     3.93627      3.7216
       6000  0.00284249     438.765     264.551      66.057         0.9     3798.06     2295.06     6093.12    0.949309    -136.768    0.149485    0.613942    0.741151    0.786217     2392.22     1.6e+19     6.12417     4.19778       3.948     3.73345
       5900           0     439.047     264.905     65.7915         0.9     3807.31     2296.27     6103.58    -1.20482    -137.133    0.149485    0.627739    0.741151    0.786217     2391.49     1.6e+19      6.1347     3.80803     3.95981     3.74541
       5800           0     439.047     265.256     65.5652         0.9     3822.78     2296.51     6119.29    0.244449    -137.419    0.149485    0.639526    0.741151    0.786217     2390.77     1.6e+19     6.14531     3.81568     3.97163     3.75744
       5700           0     439.047       265.6     65.3726         0.9     3828.46     2296.81     6125.27    0.300436    -137.696    0.149485    0.648478    0.741151    0.786217     2390.07     1.6e+19     6.15591     3.82229     3.98339     3.76951
       5600           0     439.047     265.937     65.2089         0.9     3832.39     2297.02     6129.41    0.213253    -137.962    0.149485    0.655898    0.741151    0.786217     2389.37     1.6e+19     6.16642      3.8285     3.99504     3.78158
       5500           0     439.047     266.268     65.0704         0.9     3846.23     2297.16     6143.38    0.132377    -138.216    0.149485    0.662358    0.747484    0.786217     2388.69     1.6e+19     6.17682     3.83461     3.60594     3.79358
       5400           0     439.047     266.592      64.232         0.9     3859.37     2297.32      6156.7   -0.166742    -138.472    0.149485    0.668083    0.756516    0.795718     2388.04     1.6e+19     6.18708     3.84074     3.61518     3.40447
       5300           0     439.047     266.907     62.9697         0.9     3864.92     2297.78     6162.71   -0.457498    -138.765    0.149485    0.671454    0.763415     0.81077     2387.44     1.6e+19     6.19715     3.84695     3.62316     3.41156
       5200   0.0108188     439.057     267.214     61.4714         0.9     3882.75     2300.37     6183.12     2.58646    -139.113    0.151856    0.671454    0.768504    0.821303     2386.89     1.6e+19     5.40628     3.85395     3.62995     3.41654
       5100  0.00660086     440.135     267.514     59.8023         0.9     3887.53     2302.05     6189.58     1.68636    -139.722    0.154957    0.671454    0.772345    0.825184     2386.42     1.6e+19     5.41451     3.86157     3.63594     3.42073
       5000  0.00243891     440.791     267.806     57.9932         0.9     3889.06     2302.85     6191.91     0.79384     -140.26    0.157864    0.671454    0.775529    0.825184     2385.94     1.6e+19     5.42225     3.86949     3.64169     3.42561
       4900  0.00776507      441.04     268.087     56.1064         0.9     3892.07     2304.76     6196.83     1.91336    -140.764    0.160617    0.671454    0.778371    0.825184     2385.45     1.6e+19      5.4296     3.87753      3.6475     3.43102
       4800   0.0100431     441.819     268.358     54.1335         0.9     3893.22     2307.15     6200.37     2.39188    -141.434    0.163243    0.671454    0.780941    0.825184     2384.99     1.6e+19     5.43663     3.88558     3.65345     3.43679
       4700   0.0123372     442.826     268.624     52.0901         0.9     3900.25     2310.03     6210.28     2.87567    -142.187    0.165763    0.671454    0.783261    0.825184     2384.56     1.6e+19     5.44339     3.89359     3.65953     3.44284
       4600  0.00312268      444.05     268.887     50.0069         0.9     3902.08     2310.94     6213.03    0.913464    -143.012    0.168193    0.671454    0.785335    0.825184     2384.15     1.6e+19     5.44993     3.90152     3.66573     3.44909
       4500           0     444.359     269.141      47.883         0.9     3905.74     2310.98     6216.73  -0.0407598    -143.689    0.170544    0.671454    0.786217    0.825184      2383.7     1.6e+19     5.45627     3.90936     3.67209     3.45548
       4400  0.00696918     444.366     269.385     46.0939         0.9     3910.07      2312.7     6222.77     1.71533    -144.375    0.172824    0.671454    0.786217    0.825184     2383.23     1.6e+19     5.46243      3.9171     3.67874     3.46199
       4300  0.00773028     445.064     269.624     44.4773         0.9     3912.06     2314.57     6226.63     1.87609    -145.245    0.175042    0.671454    0.786217    0.825184     2382.81     1.6e+19     5.46844     3.92474     3.68557     3.46866
       4200  0.00990741     445.839     269.862     42.9496         0.9     3918.54     2316.91     6235.46     2.33824    -146.138     0.17721    0.671454    0.786217    0.825184     2382.39     1.6e+19     5.47433     3.93228     3.69249      3.4755
       4100  0.00645048     446.826     270.099     41.4926         0.9     3929.08     2318.51      6247.6     1.60144    -147.073    0.179335    0.671454    0.786217    0.825184     2381.99     1.6e+19     5.48011     3.93974     3.69949     3.48247
       4000   0.0128738     447.478     270.333     40.0835         0.9     3940.07     2321.48     6261.55     2.96731    -147.937    0.181422    0.671454    0.786217    0.825184     2381.58     1.6e+19      5.4858     3.94711     3.70653     3.48952
       3900   0.0192693     448.772     270.566     38.6967         0.9     3953.86     2325.82     6279.68     4.33398    -148.934    0.183475    0.671454    0.786217    0.825184      2381.2     1.6e+19     5.49141     3.95441     3.71359     3.49665
       3800   0.0113515     450.691     270.803     37.3145         0.9     3966.18     2328.46     6294.65     2.64733    -150.031    0.185502    0.671454    0.786217    0.825184     2380.86     1.6e+19     5.49696     3.96164     3.72067     3.50386
       3700   0.0096749     451.824     271.038     35.3734         0.9     3982.69     2330.75     6313.44     2.28655    -150.943    0.187505    0.671454    0.786217    0.825184     2380.49     1.6e+19     5.50245      3.9688     3.72777     3.51109
       3600  0.00801776      452.79      271.27     31.9105         0.9     3996.84     2332.68     6329.52     1.93026    -151.905    0.189483    0.671454    0.786217    0.825184      2380.1     1.6e+19     5.50788      3.9759     3.73486     3.51832
       3500   0.0153977     453.599     271.497     27.7838         0.9     4010.29     2336.18     6346.47     3.50317     -152.98    0.191436    0.671454    0.786217    0.825184     2379.72     1.6e+19     5.51326     3.98294     3.74192     3.52552
       3400  0.00964311     455.133     271.724     23.4008         0.9     4019.83     2338.46     6358.29     2.27626    -154.355    0.193366    0.671454    0.786217    0.825184     2379.37     1.6e+19     5.51859     3.98991     3.74895     3.53272
       3300   0.0102366     456.098      271.95     18.7757         0.9     4020.11     2340.86     6360.97     2.40048    -155.747    0.195276    0.671454    0.786217    0.825184        2379     1.6e+19     5.52387     3.99683     3.75595     3.53991
       3200   0.0108416     457.122     272.172     14.4828         0.9     4021.71     2343.39      6365.1     2.52766    -157.301    0.197164    0.675616    0.786217    0.825184     2378.64     1.6e+19      5.5291     3.60326     3.76291     3.54706
       3100   0.0095914     458.205     272.393     11.4957         0.9     4021.75     2345.64      6367.4     2.25737    -158.943    0.199028    0.681503    0.786217    0.825184     2378.29     1.6e+19     5.53427     3.60829     3.76982     3.55419
       3000  0.00836826     459.163     272.609     8.97983         0.9     4024.85     2347.64     6372.48     1.99141    -160.579    0.200861     0.68597    0.786217    0.825184     2377.95     1.6e+19     5.53936      3.6126     3.77662     3.56126
       2900    0.011617     460.003     272.819      6.8015         0.9      4028.4     2350.32     6378.72     2.68115    -162.194    0.202656    0.689602    0.786217    0.825184     2377.61     1.6e+19     5.54436     3.61658      3.7833     3.56827
       2800  0.00972941     461.163     273.025     4.85683         0.9     4032.34     2352.59     6384.93     2.27497    -163.863    0.204411    0.692685    0.786217    0.825184      2377.3     1.6e+19     5.54926      3.6204     3.78986      3.5752
       2700   0.0256038     462.152     273.227     2.91327         0.9     4035.38     2358.26     6393.64     5.67268    -165.472    0.206125    0.695367    0.786217    0.825184     2376.98     1.6e+19     5.55405     3.62417     3.79631     3.58205
       2600  0.00127287     464.688     273.432    0.617969         0.9     4047.59     2358.73     6406.32    0.467877    -167.367    0.207802     0.69773    0.787645    0.825184     2376.76     1.6e+19     5.55874     3.62794     3.40249     3.58884
       2500   0.0190925     464.833     273.631    -1.75299         0.9     4047.76        2363     6410.76     4.26943    -168.765    0.209443    0.699823    0.790586    0.825184     2376.42     1.6e+19     5.56334     3.63174     3.40801     3.59543
       2400   0.0167842      466.74     273.824    -4.16107         0.9     4049.89     2366.78     6416.67     3.77622    -170.562    0.211041     0.70166    0.793062    0.828045     2376.18     1.6e+19     5.56783     3.63555      3.4132     3.20159
       2300    0.013797     468.415     274.017    -6.60211         0.9     4050.02     2369.91     6419.94     3.13319    -172.297    0.212603    0.703258    0.795083    0.835944     2375.96     1.6e+19     5.57223     3.63938     3.41798     3.20598
       2200   0.0108453     469.792     274.205    -8.90449         0.9     4056.44     2372.41     6428.84     2.49502    -173.976    0.214122    0.704632    0.796616     0.84169     2375.74     1.6e+19     5.57651     3.64321     3.42217     3.20918
       2100   0.0105031     470.876     274.385    -10.7952         0.9     4057.16     2374.82     6431.98      2.4145      -175.6    0.215595    0.705787    0.797761    0.846239     2375.52     1.6e+19     5.58066     3.64703     3.42587     3.21172
       2000   0.0101949     471.926     274.558    -12.5133         0.9     4057.74     2377.16     6434.91     2.34194    -177.211    0.217017    0.706733    0.798619    0.850067     2375.32     1.6e+19     5.58468     3.65082     3.42921     3.21385
       1900   0.0124058     472.948     274.723    -14.0998         0.9     4057.97     2379.97     6437.94     2.80992    -178.802    0.218386    0.707484    0.799265    0.853437     2375.13     1.6e+19     5.58856     3.65458     3.43227     3.21573
       1800   0.0123025     474.188     274.883    -15.5879         0.9     4058.75     2382.76     6441.51     2.78353    -180.415    0.219701    0.708059    0.799753    0.856507     2374.96     1.6e+19     5.59228      3.6583     3.43514     3.21745
       1700   0.0160749     475.422     275.038    -17.0915         0.9     4060.85     2386.35      6447.2      3.5887    -181.993    0.220964    0.708477     0.80012    0.857963      2374.8     1.6e+19     5.59586     3.66198     3.43788     3.21913
       1600   0.0231076     477.037     275.189    -18.7874         0.9     4061.53     2391.44     6452.97     5.09805     -183.62    0.222177    0.708757    0.800426    0.857963     2374.66     1.6e+19     5.59931     3.66562     3.44059      3.2212
       1500   0.0142841     479.339     275.341    -20.5493         0.9     4062.63     2394.65     6457.28     3.20359    -185.344    0.223345    0.708919    0.800712    0.857963     2374.57     1.6e+19     5.60263     3.66923     3.44339     3.22361
       1400  0.00617981     480.759      275.49    -22.3446         0.9     4063.23     2396.11     6459.34     1.45973    -186.858    0.224474    0.708986    0.800987    0.857963     2374.42     1.6e+19     5.60585     3.67282     3.44629     3.22626
       1300  0.00922945      481.38      275.63    -24.1464         0.9     4067.59     2398.21     6465.81     2.10603    -188.229    0.225564    0.708974    0.801243    0.857963     2374.24     1.6e+19     5.60896      3.6764     3.44927     3.22902
       1200   0.0122455     482.306     275.763    -25.6762         0.9     4083.71     2400.96     6484.67     2.75043    -189.687    0.226618    0.708893    0.801475    0.857963     2374.08     1.6e+19     5.61196     3.67996     3.45229     3.23188
       1100   0.0148827     483.533     275.894    -26.4644         0.9     4096.74     2404.28     6501.02     3.31624    -191.175    0.227642    0.708754    0.801684    0.857963     2373.94     1.6e+19     5.61489     3.68349     3.45535     3.23484
       1000   0.0168535     485.024     276.025     -26.932         0.9     4107.67     2408.02     6515.69     3.74034    -192.641     0.22864     0.70857    0.801876    0.857963     2373.81     1.6e+19     5.61774     3.68701     3.45843     3.23788
        900   0.0157018     486.708     276.156    -27.0537         0.9     4119.03     2411.51     6530.55     3.49361     -194.05    0.229616    0.708352    0.802054    0.857963     2373.69     1.6e+19     5.62054     3.69051     3.46155       3.241
        800   0.0321346     488.294     276.288    -26.9124         0.9     4131.66     2418.55      6550.2     7.03207    -195.335    0.230576     0.70811     0.80222    0.857963     2373.58     1.6e+19     5.62329       3.694      3.4647     3.24416
        700   0.0349167     491.511     276.426     -26.481         0.9     4142.12     2426.19      6568.3     7.64109    -196.808    0.231522    0.707854    0.802379    0.857963     2373.55     1.6e+19       5.626     3.69747     3.46787      3.2474
        600   0.0207966     494.988     276.572    -25.6029         0.9     4162.52     2430.79     6593.31     4.60291    -198.143    0.232462    0.707593    0.802537    0.857963     2373.53     1.6e+19      5.6287     3.70094     3.47108     3.25073
        500   0.0176687     497.065     276.717    -24.4291         0.9     4183.46     2434.71     6618.17     3.92518     -199.04    0.233396    0.707336    0.802694    0.857963     2373.45     1.6e+19     5.63138      3.7044     3.47432     3.25405
        400   0.0267207     498.841     276.856    -22.9341         0.9     4216.85     2440.59     6657.43      5.8715    -199.768    0.234318    0.707086    0.802845    0.857963     2373.35     1.6e+19     5.63404     3.70786     3.47755     3.25731
        300  0.00281778     501.489     276.994    -21.1957         0.9     4239.58     2441.32     6680.89    0.732377    -200.537    0.235231    0.706845    0.802989    0.857963     2373.29     1.6e+19     5.63666      3.7113     3.48076     3.26057
        200 0.000241965     501.768     277.125    -18.9525         0.9     4269.13     2441.49     6710.62    0.167973    -200.725    0.236132    0.706615     0.80313    0.857963     2373.11     1.6e+19     5.63926     3.71471     3.48394     3.26377
        100   0.0190941     501.811     277.242    -15.7915         0.9     4283.85      2445.7     6729.55     4.21339    -200.784    0.237014    0.706397    0.803263    0.857963     2372.92     1.6e+19      5.6418     3.71808     3.48706     3.26687
          0   0.0185184      503.72      277.36    -12.1635         0.9     4285.59      2449.8     6735.38     4.09548    -201.049     0.23788     0.70619    0.803392    0.857963     2372.83     1.6e+19      5.6443      3.7214     3.49013     3.26998