      20000           0           0     179.437      354.04         0.5     78.9895     14.2831     93.2726     14.2831      6.5598    0.258968    0.460851    0.605054    0.634429     2456.76     1.6e+19     5.73044     4.59858     4.35318     4.39114
      19900           0           0     179.437      353.13         0.5     151.419     29.7361     181.156     15.4531     6.43382    0.258968    0.460851    0.605054    0.634429     2456.76     1.6e+19     5.73044     4.59858     4.35318     4.39114
      19800           0           0     179.437     352.506         0.5     228.894     46.3592     275.253     16.6231     6.30822    0.258968    0.460851    0.605054    0.634429     2456.76     1.6e+19     5.73044     4.59858     4.35318     4.39114
      19700           0           0     179.437     352.255         0.5     299.319     60.5222     359.841     14.1631     6.19879    0.258968    0.460851    0.605054    0.634429     2456.76     1.6e+19     5.73044     4.59858     4.35318     4.39114
      19600           0           0     179.437      352.29         0.5     351.209     72.5053     423.714     11.9831     6.12087    0.258968    0.460851    0.605054    0.634429     2456.76     1.6e+19     5.73044     4.59858     4.35318     4.39114
      19500           0           0     179.437     350.597         0.5     414.692     82.0183      496.71     9.51306     6.05158    0.258968    0.460851    0.605054    0.634429     2456.76     1.6e+19     5.73044     4.59858     4.35318     4.39114
      19400           0           0     179.437     347.879         0.5     487.353     94.1014     581.454     12.0831     5.90477    0.258968    0.460851    0.605054    0.634429     2456.76     1.6e+19     5.73044     4.59858     4.35318     4.39114
      19300           0           0     179.437     345.374         0.5     558.279     106.214     664.494     12.1131     5.65656    0.258968    0.460851    0.605054    0.634429     2456.76     1.6e+19     5.73044     4.59858     4.35318     4.39114
      19200           0           0     179.437     342.873         0.5     620.606     118.358     738.963     12.1431     5.32496    0.258968    0.460851    0.605054    0.634429     2456.76     1.6e+19     5.73044     4.59858     4.35318     4.39114
      19100           0           0     179.437      342.02         0.5     681.386     130.011     811.397     11.6531     4.94128    0.258968    0.460851    0.605054    0.634429     2456.76     1.6e+19     5.73044     4.59858     4.35318     4.39114
      19000           0           0     179.437     342.156         0.5      741.53     142.474     884.004     12.4631     4.58749    0.258968    0.460851    0.605054    0.634429     2456.76     1.6e+19     5.73044     4.59858     4.35318     4.39114
      18900           0           0     179.437     340.553         0.5     800.577     155.747     956.323     13.2731     4.26219    0.258968    0.460851    0.605054    0.634429     2456.76     1.6e+19     5.73044     4.59858     4.35318     4.39114
      18800           0           0     179.437     337.986         0.5     870.831      166.28     1037.11     10.5331     3.87637    0.258968    0.460851    0.605054    0.634429     2456.76     1.6e+19     5.73044     4.59858     4.35318     4.39114
      18700           0           0     179.437      336.21         0.5     952.601     178.113     1130.71     11.8331     3.41716    0.258968    0.460851    0.605054    0.634429     2456.76     1.6e+19     5.73044     4.59858     4.35318     4.39114
      18600           0           0     179.437     334.818         0.5     1047.59     192.576     1240.17     14.4631     2.92873    0.258968    0.460851    0.605054    0.634429     2456.76     1.6e+19     5.73044     4.59858     4.35318     4.39114
      18500           0           0     179.437     333.482         0.5     1150.05     201.259     1351.31     8.68306     2.42444    0.258968    0.460851    0.605054    0.634429     2456.76     1.6e+19     5.73044     4.59858     4.35318     4.39114
      18400           0           0     179.437     332.205         0.5     1219.19     209.492     1428.69     8.23306      1.9065    0.258968    0.460851    0.605054    0.634429     2456.76     1.6e+19     5.73044     4.59858     4.35318     4.39114
      18300           0           0     179.437     329.228         0.5      1275.7     218.075     1493.77     8.58306     1.34924    0.258968    0.460851    0.605054    0.634429     2456.76     1.6e+19     5.73044     4.59858     4.35318     4.39114
      18200           0           0     179.437       325.2         0.5      1360.8     226.658     1587.45     8.58306    0.672723    0.258968    0.460851    0.605054    0.634429     2456.76     1.6e+19     5.73044     4.59858     4.35318     4.39114
      18100           0           0     179.437     321.768         0.5     1469.79     234.714      1704.5     8.05639   -0.137283    0.258968    0.460851    0.605054    0.634429     2456.76     1.6e+19     5.73044     4.59858     4.35318     4.39114
      18000           0           0     179.437     318.559         0.5     1574.09     243.331     1817.42     8.61639    -1.04056    0.258968    0.460851    0.605054    0.634429     2456.76     1.6e+19     5.73044     4.59858     4.35318     4.39114
      17900           0           0     179.437      317.64         0.5     1670.99     253.364     1924.35     10.0331    -1.98653    0.258968    0.460851    0.605054    0.634429     2456.76     1.6e+19     5.73044     4.59858     4.35318     4.39114
      17800           0           0     179.437     318.134         0.5        1766     264.257     2030.25     10.8931    -2.86227    0.258968    0.460851    0.605054    0.634429     2456.76     1.6e+19     5.73044     4.59858     4.35318     4.39114
      17700           0           0     179.437     316.312         0.5     1860.47      274.54     2135.01     10.2831    -3.66765    0.258968    0.460851    0.605054    0.634429     2456.76     1.6e+19     5.73044     4.59858     4.35318     4.39114
      17600           0           0     179.437     313.229         0.5     1943.92     288.828     2232.75     14.2881    -4.52282    0.258968    0.460851    0.605054    0.634429     2456.76     1.6e+19     5.73044     4.59858     4.35318     4.39114
      17500           0           0     179.437     313.298         0.5     2011.35     302.776     2314.12     13.9481    -5.41147    0.258968    0.460851    0.605054    0.634429     2456.76     1.6e+19     5.73044     4.59858     4.35318     4.39114
      17400           0           0     182.115     344.137         0.5     2042.72     312.444     2355.16     9.66738    -7.03503    0.258968    0.459299    0.604915    0.634429     2457.76     1.6e+19      5.7211     4.59193      4.3525     4.39344
      17300           0           0     182.934     353.815         0.5     2073.54     322.233     2395.78     9.78928    -7.23612    0.258968    0.457387    0.602965    0.634429     2458.73     1.6e+19     5.71793     4.58375     4.34297     4.38361
      17200           0           0      183.39     359.881         0.5     2096.59     335.928     2432.52      13.695    -7.02974    0.258968    0.455248     0.59985    0.634429     2459.65     1.6e+19     5.72125     4.57463     4.32783     4.36492
      17100           0           0     183.841     363.835         0.5     2099.91     350.717     2450.63     14.7892    -6.64495    0.258968    0.452619    0.595693    0.634429     2460.55     1.6e+19     5.72871     4.56346     4.30774     4.33998
      17000           0           0     184.395     366.328         0.5     2106.32     368.422     2474.74     17.7049    -6.19849    0.258968    0.475551    0.587251    0.634429     2461.42     1.6e+19     5.73799     4.54879     4.28324     4.31057
      16900           0           0     185.076     363.157         0.5     2119.69     386.971     2506.66     18.5487    -5.83044    0.258968    0.484658    0.575138    0.634429     2462.28     1.6e+19     5.74731     4.52873     4.25519     4.27796
      16800           0           0     185.879      356.08         0.5     2132.94     406.282     2539.22     19.3111    -5.80695    0.258968    0.484658      0.5616    0.634429     2463.11     1.6e+19     5.75543     4.50524     4.22418     4.24311
      16700           0           0     186.789     347.713         0.5     2143.96     427.383     2571.34     21.1008    -6.22983    0.258968    0.479384    0.548863    0.596992      2463.9     1.6e+19     5.76158     4.47861      4.5905     4.20736
      16600           0           0     187.792     338.163         0.5     2156.83      452.74     2609.57     25.3575    -7.09448    0.258968    0.472202    0.541008    0.572861     2464.62     1.6e+19     5.76538     4.44944     4.55473     4.57412
      16500           0           0     188.875     339.172         0.5     2164.82     472.218     2637.03     19.4779    -8.20911    0.258968    0.432691    0.532904    0.572861      2465.3     1.6e+19      5.7667     4.41878      4.5183     4.53859
      16400   0.0650992   0.0650992     190.027      347.24         0.5     2171.37     496.159     2667.52     23.9409    -8.99678    0.258968    0.412886    0.520135    0.572861     2465.94     1.6e+19     5.76561     4.78854     4.48125     4.50183
      16300    0.112058     6.62198     191.279     352.202         0.5     2187.87     517.396     2705.26     21.2368    -10.7646    0.258968    0.412886    0.503132    0.572861     2466.76     1.6e+19     5.76229     4.75452     4.44455     4.46625
      16200   0.0761051     17.7918      192.67     355.503         0.5     2209.45      544.17     2753.62     26.7748    -13.0045    0.258968    0.412886    0.486514    0.572861     2467.68     1.6e+19     5.75698      4.7189     4.40916     4.43404
      16100   0.0103404     25.3365     194.154     347.056         0.5     2227.37     573.754     2801.12     29.5832    -13.9732    0.258968    0.408566    0.476268    0.524381     2468.47     1.6e+19     5.75001     4.68254     4.77445     4.40523
      16000           0     26.3602     195.642     330.718         0.5     2235.32     601.815     2837.14     28.0612    -13.9002    0.258968    0.400511     0.46853    0.505823     2468.98     1.6e+19      5.7417     4.64645     4.74135     4.77891
      15900           0     26.3602     197.102     322.398         0.5     2238.41     628.565     2866.98     26.7501    -14.4329    0.258968    0.345209    0.460869    0.505823     2469.43     1.6e+19     5.73233     4.61213     4.70897     4.74936
      15800   0.0231414     26.3834     198.549     318.918         0.5     2244.59     652.376     2896.97     23.8107    -15.2945    0.258968     0.33798    0.447449    0.505823     2469.85     1.6e+19     5.72211     4.97981     4.67667     4.71819
      15700   0.0336676      28.708     200.009     316.627         0.5     2251.52     675.877     2927.39      23.501      -16.76    0.258968     0.33798    0.432542    0.505823     2470.31     1.6e+19     5.71119     4.94589     4.64484     4.68713
      15600   0.0381276     32.0793     201.497     315.362         0.5     2259.92     697.139     2957.06     21.2626    -18.3592     0.25688     0.33798    0.417817    0.505823     2470.79     1.6e+19     5.69972     4.91189     4.61376     4.65729
      15500   0.0358982     35.8898     203.012     313.336         0.5     2268.31     717.657     2985.97     20.5179    -19.8917    0.252917     0.33301    0.407443    0.505823     2471.25     1.6e+19     5.68807     4.87827     4.98292     4.62886
      15400   0.0744103     39.5181     204.544     310.919         0.5     2281.59     737.118     3018.71     19.4608     -21.268    0.248914    0.326613    0.400601    0.447352     2471.67     1.6e+19     5.67635     4.84552     4.95241     4.60344
      15300    0.129109     47.0139     206.112     310.056         0.5     2302.97     758.323     3061.29     21.2047    -23.4122    0.244898    0.282512    0.394235    0.434418     2472.13     1.6e+19     5.66465     4.81472     4.92432     4.98283
      15200     0.17042     59.9661      207.76     310.176         0.5     2325.26     778.636     3103.89     20.3136    -26.4269    0.240926    0.251071    0.387312    0.434418     2472.72     1.6e+19     5.65312     5.18736     4.89881      4.9643
      15100    0.247067     77.0847     209.513     316.482         0.5     2356.39     797.896     3154.28     19.2599    -29.6884    0.237081    0.269662      0.3774    0.434418     2473.42     1.6e+19       5.642     5.15873     4.87642     4.94942
      15000    0.314156     101.859     211.405      327.01         0.5     2401.35     815.794     3217.14     17.8976    -33.5591    0.233428    0.269662    0.368956    0.434418     2474.33     1.6e+19     5.63148     5.13085     4.85749     4.93966
      14900    0.367865     133.328     213.466      334.96         0.5     2456.77     830.974     3287.74     15.1807    -37.5379    0.230046    0.269662    0.362282    0.434418     2475.44     1.6e+19     5.62177     5.10457     4.84262     4.93617
      14800    0.345933     170.092     215.703     341.449         0.5     2523.16      844.55     3367.71     13.5754    -41.3852    0.227027    0.269662    0.357629    0.434418     2476.69     1.6e+19     5.61313     5.08036      4.8323     4.93908
      14700           0      204.34     218.007     332.277         0.5     2582.43     855.537     3437.97     10.9872    -43.7257    0.224489    0.269662    0.355029    0.434418     2477.86     1.6e+19     5.60589     5.05878     4.82655     4.94632
      14600           0      204.34     211.384     263.668         0.5     2601.06     879.993     3481.05     24.4556    -39.4463    0.059813    0.333484    0.404515    0.434418     2476.04     1.6e+19     6.49288     4.82216     4.96982     4.97647
      14500           0      204.34     209.479     236.855         0.5     2603.37     909.861     3513.23      29.868    -40.5491  0.00892506    0.412886    0.505823    0.505823     2474.16     1.6e+19     6.71499     4.63528     4.71429     4.63901
      14400           0      204.34     209.781     220.306         0.5     2608.66     941.433     3550.09     31.5726    -43.5081 0.000814485    0.412886    0.505823    0.505823      2472.3     1.6e+19     6.51897     4.76875      4.7854     4.70712
      14300           0      204.34      210.84     206.035         0.5     2616.91     969.743     3586.65     28.3101    -46.9613           0    0.484658    0.531765    0.505823     2470.41     1.6e+19       6.501      4.4274     4.40798     4.76906
      14200           0      204.34     212.094     193.862         0.5      2631.9     996.202      3628.1     26.4586    -50.4168           0    0.484658    0.529846    0.559089     2468.55     1.6e+19       6.501     4.43526     4.40734     4.41504
      14100           0      204.34      213.35     187.294         0.5     2647.48     1021.19     3668.67     24.9831    -53.5927           0    0.484658    0.508542    0.572861     2466.72     1.6e+19       6.501     4.42129     4.40087     4.44028
      14000           0      204.34     214.558     184.243         0.5     2672.34     1043.61     3715.95     22.4267    -56.2509           0    0.428457    0.505823    0.572861     2464.79     1.6e+19       6.501     4.40424      4.7937     4.46047
      13900           0      204.34     215.717     179.215         0.5     2702.44     1068.46      3770.9     24.8528    -58.4206           0    0.412886    0.505823    0.572861     2462.76     1.6e+19       6.501       4.792     4.78833     4.47764
      13800           0      204.34     216.834     173.325         0.5     2723.81     1090.15     3813.96      21.681    -60.3309           0    0.412886    0.505823    0.572861      2460.7     1.6e+19       6.501     4.77979     4.78695      4.4936
      13700           0      204.34     217.911     169.022         0.5     2761.11     1113.58     3874.69     23.4386    -62.0724           0    0.412886    0.505823    0.572861     2458.61     1.6e+19       6.501     4.77022     4.78996     4.50977
      13600           0      204.34     218.953      165.61         0.5     2791.17     1135.84     3927.01     22.2524     -63.639           0    0.412886    0.505823    0.572861     2456.51     1.6e+19       6.501     4.76466     4.79721     4.52706
      13500           0      204.34     219.961     168.802         0.5     2821.61     1151.71     3973.31     15.8685    -64.9517           0    0.412886    0.521969    0.572861     2454.41     1.6e+19       6.501     4.76352     4.40697      4.5459
      13400           0      204.34      220.94     176.006         0.5      2850.7     1169.81      4020.5     18.1003     -65.741           0    0.412886    0.543767    0.572861     2452.32     1.6e+19       6.501     4.76667     4.41725     4.56585
      13300           0      204.34     221.888     173.004         0.5     2880.43     1184.78     4065.21     14.9725    -66.1448 0.000142977    0.412886     0.56595    0.572861     2450.26     1.6e+19     6.50332     4.77368      4.4288     4.58658
      13200           0      204.34     225.432     193.869         0.5     2892.91     1199.26     4092.17     14.4832    -66.5843   0.0153306    0.412886    0.572861    0.590447     2450.26     1.6e+19      6.2146     4.77658     4.45286     4.20536
      13100           0      204.34     227.676     200.496         0.5     2899.36     1207.45     4106.81      8.1888     -65.975   0.0558947    0.412886    0.572861    0.613097     2450.44     1.6e+19     6.46715     4.77327     4.46799     4.21229
      13000           0      204.34     229.489     206.397         0.5     2913.84     1216.45     4130.29     8.99706    -64.9887     0.08455    0.412886    0.572861    0.607582     2450.72     1.6e+19     5.87406     4.75588     4.46776      4.2106
      12900   0.0461184     204.386     230.945     212.702         0.5     2914.53     1224.21     4138.74     7.76272    -63.8322    0.129648    0.412886    0.572861    0.582353     2451.07     1.6e+19     6.03576       4.729     4.45781     4.20289
      12800   0.0736432     209.025      232.08     219.055         0.5     2923.44     1233.01     4156.45     8.80165    -63.5408    0.149485    0.412886    0.572861    0.572861     2451.59     1.6e+19     6.16755      4.6983     4.44347     4.59128
      12700    0.019046     216.335     233.165      221.27         0.5     2926.99     1242.45     4169.44     9.43746    -63.6334    0.175456    0.412886    0.549022    0.572861     2452.21     1.6e+19     5.46957     4.66695     4.42793     4.57639
      12600           0     218.221     234.367     220.583         0.5      2942.2     1253.23     4195.43     10.7834    -62.5592    0.204004    0.384707    0.522151    0.572861     2452.69     1.6e+19     5.54812      4.6353     4.41107     4.55832
      12500           0     218.221     235.588     220.435         0.5      2954.9     1264.63     4219.53     11.3996    -61.4297    0.225728    0.345792    0.505823    0.572861      2453.1     1.6e+19     5.60942     4.60617     4.79194     4.53652
      12400           0     218.221     236.817     220.415         0.5     2969.71     1273.91     4243.63     9.28302    -60.6437    0.242218     0.33798    0.505823    0.572861     2453.51     1.6e+19     5.65686     4.97774     4.76922     4.51185
      12300           0     218.221     238.057     219.077         0.5     2973.56     1282.64     4256.21     8.72909    -60.1643    0.254648     0.33798    0.505823    0.572861     2453.94     1.6e+19     5.69315     4.94915     4.74442     4.48521
      12200   0.0653921     218.286     239.309     216.757         0.5     2984.18     1292.64     4276.81     9.99391    -60.0251    0.258968     0.33798    0.505823    0.572861     2454.38     1.6e+19     5.72056     4.92102     4.71836     4.45738
      12100    0.131618     224.891     240.619     215.889         0.5     3003.76     1304.46     4308.23     11.8234    -61.5646    0.258968     0.33798    0.503538    0.572861     2455.03     1.6e+19     5.74129     4.89344     4.69186     4.43055
      12000    0.196506     238.118     242.053     215.836         0.5     3032.08     1312.51     4344.58     8.04464    -64.3719    0.258968     0.33798    0.481046    0.535465     2455.85     1.6e+19     5.75649     4.86648      4.6672     4.40836
      11900    0.232352     257.804     243.655      216.58         0.5     3065.07     1323.41     4388.47     10.8992     -68.099    0.258968    0.325397    0.458562    0.505823      2456.8     1.6e+19     5.76716     4.84062     4.64715     4.79542
      11800    0.319522     281.127     245.436     217.864         0.5     3103.82     1333.01     4436.83     9.60433    -71.9062    0.258968    0.297687     0.44177    0.505823     2457.83     1.6e+19     5.77432     4.81742     4.63149     4.78725
      11700    0.109074     312.869     247.427     226.463         0.5     3154.54     1342.16      4496.7     9.15486    -76.6068    0.258968    0.269662    0.429585    0.505823     2459.08     1.6e+19     5.77891     5.19718     4.61958     4.78462
      11600   0.0618915     323.729     235.997     200.744         0.5     3186.17     1363.53      4549.7     21.3673     -75.716    0.122101     0.33798    0.505823    0.528036     2457.98     1.6e+19     6.00805     4.95703     4.75438     4.40626
      11500 0.000228208     329.856     232.232     182.887         0.5     3209.62     1397.07     4606.69     33.5351    -76.5115   0.0597484    0.412886    0.572861    0.572861     2456.69     1.6e+19     6.49245     4.77226     4.49915     4.46242
      11400  0.00512168     329.884     231.817     159.234         0.5      3221.9      1433.2      4655.1     36.1351    -77.7322   0.0330428    0.484658    0.572861    0.572861     2455.19     1.6e+19     6.32148     4.50558     4.57212     4.53218
      11300  0.00742996     330.398     232.582     148.006         0.5      3227.8      1466.1      4693.9     32.8957    -80.1852   0.0181728    0.484658    0.572861    0.572861      2453.6     1.6e+19     6.23053     4.56998     4.59843     4.59496
      11200           0     331.134      233.73     143.695         0.5     3228.85     1497.22     4726.07     31.1199    -82.7106   0.0116312    0.484658     0.57576    0.634429     2452.03     1.6e+19     6.78343     4.58934     4.20091     4.23515
      11100           0     331.134     234.957     135.949         0.5      3248.1     1527.16     4775.26      29.943    -84.8284   0.0108149    0.484658    0.572861    0.634429     2450.41     1.6e+19     6.76262     4.58347     4.59429     4.26244
      11000           0     331.134     236.157     126.592         0.5     3276.11      1555.8     4831.91      28.643    -86.9304   0.0106981    0.484658    0.572861    0.634429     2448.76     1.6e+19     6.75965     4.56623     4.58591     4.28274
      10900           0     331.134     237.306     121.207         0.5     3294.77      1586.1     4880.87     30.2943    -89.0152   0.0110283    0.484658    0.572861    0.634429     2447.07     1.6e+19     6.76805     4.54599     4.57944     4.29869
      10800           0     331.134     238.402     118.071         0.5     3301.78     1613.25     4915.03     27.1485    -90.9136   0.0116409    0.484658    0.572861    0.634429     2445.36     1.6e+19     6.78368     4.52728     4.57624     4.31252
      10700           0     331.134      239.45     114.039         0.5      3310.4     1640.02     4950.42     26.7752    -92.6303   0.0130376    0.484658    0.572861    0.634429     2443.63     1.6e+19     6.20363     4.51231     4.57669     4.32582
      10600           0     331.134     240.457     109.613         0.5     3323.21     1666.46     4989.67     26.4434    -94.2757   0.0172159    0.484658    0.572861    0.634429      2441.9     1.6e+19     6.22478      4.5019     4.58073     4.33963
      10500           0     331.134     241.426      106.92         0.5     3336.24     1692.54     5028.78     26.0735    -95.8701   0.0209488    0.484658    0.572861    0.634429     2440.16     1.6e+19     6.24729     4.49614     4.58809     4.35456
      10400           0     331.134     242.364     105.241         0.5      3349.9     1716.37     5066.27     23.8364    -97.3555   0.0247835    0.484658    0.572861    0.634429     2438.41     1.6e+19     6.27061     4.49473     4.59845     4.37089
      10300           0     331.134     243.271     104.152         0.5     3356.94        1738     5094.94     21.6285    -98.7227   0.0286536    0.484658    0.592018    0.634429     2436.68     1.6e+19     6.29433     4.49723     4.20948     4.38859
      10200           0     331.134     244.151     102.983         0.5     3364.83     1759.55     5124.39     21.5494     -99.977   0.0325117    0.484658      0.6116    0.652269     2434.99     1.6e+19     6.31818     4.50308     4.22019     4.00594
      10100           0     331.134         245     100.802         0.5     3388.84     1778.25     5167.09     18.6996    -101.183   0.0363223    0.484658    0.628421    0.685812      2433.4     1.6e+19     6.34194     4.51167     4.23051     4.01713
      10000           0     331.134     245.819     98.2984         0.5     3406.25     1796.43     5202.68     18.1806    -102.392   0.0400585    0.484658    0.634429    0.690526     2431.88     1.6e+19     6.36542     4.52248     4.24059     4.02672
       9900    0.081718     331.216     246.609     95.6254         0.5     3412.76     1814.12     5226.88     17.6912    -103.646   0.0437029    0.484658    0.634429    0.690526     2430.36     1.6e+19     6.38852     4.53507     4.25286     4.03879
       9800   0.0744893      339.38     247.461     92.6762         0.5     3420.45     1830.41     5250.86     16.2828     -106.53   0.0472656    0.484658    0.634429    0.690526      2429.1     1.6e+19     6.41128      4.5492     4.26745     4.05505
       9700   0.0671997     346.822     248.387     89.5408         0.5     3421.17     1845.21     5266.38     14.8005    -108.942   0.0508139    0.484658    0.634429    0.690526     2427.81     1.6e+19     6.43412     4.56481     4.28492      4.0756
       9600   0.0599652     353.535     249.327     86.3062         0.5     3421.44     1858.51     5279.96     13.3043    -111.022   0.0543799    0.484658    0.634429    0.690526     2426.51     1.6e+19     6.45726      4.5819     4.30502     4.09868
       9500   0.0528374     359.524     250.257     83.0046         0.5     3426.25     1870.33     5296.58     11.8181     -112.87    0.057962    0.485796    0.634429    0.690526      2425.2     1.6e+19      6.4807     4.20043     4.32713     4.12328
       9400    0.063458     364.818     251.166     80.4741         0.5     3448.04     1884.36      5332.4     14.0336    -114.547   0.0615429     0.52214    0.634429    0.690526      2423.9     1.6e+19     6.50431      4.2151     4.35063     4.14877
       9300   0.0524557     371.153     252.064     78.3759         0.5     3469.22      1896.1     5365.32      11.736    -116.396   0.0630091    0.546462    0.634429    0.690526     2422.68     1.6e+19     6.52802     4.22623     4.37494     4.17513
       9200   0.0478339     376.394     252.942     76.5348         0.5     3489.52     1906.86     5396.38     10.7576    -117.945   0.0630091    0.551677    0.634429    0.695736     2421.45     1.6e+19     6.55207     4.23758     4.39977     3.80191
       9100   0.0357263     381.165     253.792     74.8816         0.5      3501.9     1915.06     5416.96     8.20751    -119.372   0.0630091    0.551677    0.669895    0.741151     2420.31     1.6e+19     6.57619     4.25213     4.01965     3.82071
       9000   0.0190792     384.721     254.603      73.395         0.5     3512.24     1919.76        5432     4.69729    -120.549   0.0630315    0.551677    0.690526    0.741151     2419.22     1.6e+19     5.80008     4.26886     4.03474     3.83619
       8900   0.0221431     386.632     255.355     72.0848         0.5     3533.33     1925.06     5458.38     5.29463    -121.439   0.0692011    0.551677    0.690526    0.741151      2418.1     1.6e+19     5.82109     4.28691     4.05053     3.85149
       8800   0.0182539     388.843     256.064     70.8978         0.5     3542.91     1929.52     5472.43      4.4611    -122.471   0.0749333    0.551677    0.690526    0.741151     2416.99     1.6e+19     5.84075     4.30575     4.06749       3.867
       8700   0.0144994     390.664     256.743     69.8098         0.5     3544.99     1933.17     5478.16     3.65674    -123.465   0.0803254    0.551677    0.690526    0.741151     2415.89     1.6e+19     5.85938     4.32506     4.08497     3.88299
       8600    0.012186     392.112     257.395     68.8116         0.5     3548.13     1936.33     5484.46     3.15453    -124.422   0.0854429    0.551677    0.690526    0.741151     2414.78     1.6e+19     5.87717      4.3446     4.10268     3.89937
       8500  0.00997494     393.329     258.024     67.8904         0.5     3551.14        1939     5490.15     2.67614    -125.366   0.0903319    0.551677    0.690526    0.741151     2413.68     1.6e+19     5.89428      4.3642     4.12051     3.91605
       8400   0.0100022     394.326     258.632     67.4699         0.5     3551.64     1941.67     5493.31     2.66821    -126.284   0.0950276    0.551677    0.690526    0.741151     2412.58     1.6e+19     5.91081     4.38376     4.13838     3.93298
       8300           0     395.316     259.224      67.373         0.5     3562.53      1942.6     5505.13   -0.923878    -127.188   0.0995587    0.558374    0.690526    0.741151     2411.49     1.6e+19     5.92685     4.00292     4.15625     3.95014
       8200           0     395.316     259.792     67.5135         0.5     3568.95     1943.51     5512.47   -0.917042    -127.867    0.103943    0.587772    0.690526    0.741151     2410.41     1.6e+19     5.94247     4.01662     4.17406     3.96729
       8100           0     395.316      260.33     67.8573         0.5     3578.44     1944.39     5522.83   -0.880394     -128.54    0.108166    0.606676    0.690526    0.741151     2409.37     1.6e+19     5.95758     4.02667     4.19152      3.9843
       8000           0     395.316     260.843     68.3633         0.5     3579.93     1945.51     5525.44    -1.11846    -129.185    0.112215    0.613942    0.702233    0.743899     2408.37     1.6e+19     5.97216     4.03572     3.80756     3.60112
       7900           0     395.316     261.334     69.0791         0.5     3590.57     1946.85     5537.42    -1.33407    -129.784    0.116089    0.613942    0.719558    0.772531     2407.45     1.6e+19     5.98617     4.04637     3.81976     3.61286
       7800           0     395.316     261.803     69.9641         0.5      3598.9     1948.95     5547.85    -2.10283    -130.323    0.119789    0.613942    0.731462    0.786217      2406.6     1.6e+19     5.99962     4.05814     3.82934     3.62029
       7700           0     395.316      262.25     71.0054         0.5     3604.96      1950.8     5555.76    -1.85019    -130.793    0.123319    0.613942     0.74046    0.786217     2405.79     1.6e+19     6.01251     4.07045     3.83769     3.62769
       7600           0     395.316     262.678     72.2118         0.5     3613.12     1953.38      5566.5    -2.57811    -131.187    0.126685    0.613942    0.741151    0.786217     2404.99     1.6e+19     6.02485     4.08295     3.84641     3.63577
       7500           0     395.316      263.09     73.5539         0.5     3626.63     1956.64     5583.27    -3.26544    -131.499    0.129906    0.613942    0.741151    0.786217      2404.2     1.6e+19     6.03672     4.09551      3.8561     3.64454
       7400           0     395.316     263.491     73.9763         0.5     3643.36     1960.58     5603.95    -3.94085    -131.745    0.133003    0.613942    0.741151    0.786217     2403.42     1.6e+19     6.04817     4.10807     3.86638     3.65397
       7300           0     395.316     263.882     73.8741         0.5     3661.43     1963.19     5624.62    -2.60676    -131.979    0.135997    0.613942    0.741151    0.786217     2402.64     1.6e+19     6.05928      4.1206     3.87706     3.66398
       7200           0     395.316     264.265     73.4955         0.5     3683.14     1964.46     5647.59    -1.26484    -132.221    0.138903    0.613942    0.741151    0.786217     2401.86     1.6e+19     6.07012     4.13308     3.88803     3.67445
       7100           0     395.316     264.641     72.9273         0.5     3705.51      1966.8     5672.31     -2.3413    -132.477    0.141737    0.613942    0.741151    0.786217      2401.1     1.6e+19     6.08072     4.14548     3.89923     3.68529
       7000           0     395.316     265.012     72.2179         0.5     3720.19     1974.21      5694.4    -7.41209    -132.753    0.144509    0.613942    0.741151    0.786217     2400.33     1.6e+19     6.09112      4.1578     3.91059     3.69644
       6900           0     395.316     265.378     71.4103         0.5     3734.84     1981.49     5716.33    -7.27796    -133.051    0.147229    0.613942    0.741151    0.786217     2399.57     1.6e+19     6.10137     4.17003     3.92208     3.70783
       6800           0     395.316      265.74     70.5246         0.5     3747.66     1984.33     5731.99    -2.83953    -133.372    0.149485    0.613942    0.741151    0.786217     2398.82     1.6e+19     6.11149     4.18219     3.93367      3.7194
       6700           0     395.316     266.097     69.5858         0.5        3760     1988.32     5748.33    -3.99749    -133.714    0.149485    0.613942    0.741151    0.786217     2398.07     1.6e+19      6.1218     4.19427     3.94534     3.73111
       6600           0     395.316     266.453     68.6223         0.5     3773.03     1995.38     5768.41     -7.0532    -134.077    0.149485     0.62335    0.741151    0.786217     2397.32     1.6e+19     6.13235     3.80546     3.95709     3.74295
       6500           0     395.316     266.806     67.6254         0.5     3783.16     2001.08     5784.24    -5.70615     -134.46    0.149485    0.636369    0.741151    0.786217      2396.6     1.6e+19       6.143      3.8137     3.96888     3.75488
       6400           0     395.316     267.154     66.9058         0.5      3792.7     2007.04     5799.74    -5.95363    -134.857    0.149485    0.645927    0.741151    0.786217     2395.89     1.6e+19     6.15365     3.82057     3.98061     3.76687
       6300           0     395.316     267.495     66.3474         0.5     3803.03     2011.58     5814.61    -4.54459    -135.251    0.149485    0.653684    0.741151    0.786217     2395.19     1.6e+19     6.16423     3.82691     3.99226     3.77887
       6200           0     395.316     267.829     65.8857         0.5     3821.34     2015.61     5836.95    -4.02923    -135.637    0.149485    0.660357    0.744888    0.786217      2394.5     1.6e+19     6.17469     3.83307     3.60352     3.79085
       6100           0     395.316     268.157      65.511         0.5     3840.47     2019.12     5859.59    -3.50742     -136.01    0.149485    0.666252    0.754323    0.791129     2393.84     1.6e+19     6.18502     3.83923     3.61305     3.40231
       6000           0     395.316     268.478     65.1951         0.5     3848.69      2022.1     5870.79    -2.97763    -136.369    0.149485    0.671454    0.761624    0.807764     2393.23     1.6e+19     6.19517     3.84541     3.62136     3.41014
       5900           0     395.316     268.788     64.9266         0.5     3858.81     2027.18     5885.99    -5.08832    -136.711    0.151226    0.671454    0.767022    0.819078     2392.66     1.6e+19     5.40461     3.85212     3.62842     3.41549
       5800           0     395.316     269.088     64.6967         0.5     3875.14     2030.77     5905.91    -3.58839    -137.038    0.154384    0.671454    0.771056    0.825184     2392.13     1.6e+19     5.41299     3.85957     3.63458     3.41966
       5700           0     395.316     269.377        64.5         0.5     3881.69     2034.25     5915.94    -3.47697    -137.347    0.157331    0.671454    0.774295    0.825184     2391.61     1.6e+19     5.42083      3.8674     3.64033     3.42432
       5600           0     395.316     269.654     64.3326         0.5      3886.5     2037.75     5924.25    -3.50441    -137.642    0.160114    0.671454    0.777148    0.825184      2391.1     1.6e+19     5.42826     3.87538      3.6461     3.42958
       5500           0     395.316     269.922     64.1911         0.5     3901.22     2041.28     5942.49     -3.5219     -137.92    0.162763    0.671454    0.779727    0.825184     2390.61     1.6e+19     5.43534      3.8834     3.65199     3.43524
       5400           0     395.316     270.181     63.3536         0.5     3915.24     2045.03     5960.28    -3.75575    -138.197    0.165299    0.671454    0.782056    0.825184     2390.12     1.6e+19     5.44215     3.89138     3.65802     3.44119
       5300           0     395.316     270.432     62.0934         0.5     3921.67     2049.01     5970.69    -3.98207    -138.511    0.167739    0.671454    0.784139    0.825184     2389.64     1.6e+19     5.44871     3.89929     3.66416     3.44734
       5200           0     395.316     270.677     60.5977         0.5     3940.37     2049.89     5990.26   -0.876819    -138.876    0.170095    0.671454    0.785979    0.825184     2389.16     1.6e+19     5.45506     3.90711     3.67041     3.45365
       5100           0     395.316     270.916     58.9483         0.5        3946     2051.61     5997.61    -1.71578    -139.297    0.172379    0.671454    0.786217    0.825184      2388.7     1.6e+19     5.46123     3.91482     3.67686      3.4601
       5000           0     395.316      271.15     57.1615         0.5      3946.7     2054.16     6000.86    -2.54984    -139.777    0.174601    0.671454    0.786217    0.825184     2388.23     1.6e+19     5.46725     3.92243     3.68356     3.46669
       4900           0     395.316      271.38     55.2886         0.5     3948.89     2055.54     6004.43    -1.37983    -140.316     0.17677    0.671454    0.786217    0.825184     2387.78     1.6e+19     5.47313     3.92995     3.69041     3.47345
       4800           0     395.316     271.606      53.333         0.5     3950.84     2056.39     6007.23   -0.856285    -140.914    0.178893    0.671454    0.786217    0.825184     2387.32     1.6e+19     5.47891     3.93737     3.69733     3.48032
       4700           0     395.316      271.83     51.3129         0.5     3958.65     2056.72     6015.37   -0.329614    -141.569    0.180976    0.671454    0.786217    0.825184     2386.87     1.6e+19     5.48458     3.94472     3.70431     3.48729
       4600           0     395.316      272.05     49.2584         0.5     3959.74     2058.97     6018.71    -2.25012    -142.279    0.183025    0.671454    0.786217    0.825184     2386.42     1.6e+19     5.49018     3.95198     3.71131     3.49434
       4500           0     395.316     272.268     47.1507         0.5     3962.66     2062.14      6024.8    -3.16804    -143.043    0.185042    0.671454    0.786217    0.825184     2385.98     1.6e+19      5.4957     3.95917     3.71832     3.50143
       4400           0     395.316     272.484     45.3626         0.5     3966.26     2063.52     6029.79    -1.38358    -143.853     0.18703    0.671454    0.786217    0.825184     2385.54     1.6e+19     5.50115     3.96628     3.72533     3.50855
       4300           0     395.316     272.697     43.7511         0.5     3967.52     2064.72     6032.24    -1.19691    -144.688    0.188993    0.671454    0.786217    0.825184     2385.11     1.6e+19     5.50654     3.97332     3.73234     3.51569
       4200           0     395.316     272.908     42.2328         0.5     3973.29     2065.43     6038.72   -0.708155    -145.541    0.190931    0.671454    0.786217    0.825184     2384.68     1.6e+19     5.51187      3.9803     3.73932     3.52284
       4100           0     395.316     273.117     40.7897         0.5     3983.13     2066.85     6049.97    -1.41744    -146.406    0.192846    0.671454    0.786217    0.825184     2384.25     1.6e+19     5.51715     3.98722     3.74629     3.52998
       4000           0     395.316     273.325      39.391         0.5     3993.42     2066.87     6060.29  -0.0248541    -147.281     0.19474    0.671454    0.786217    0.825184     2383.82     1.6e+19     5.52239     3.99407     3.75323     3.53711
       3900  0.00546894     395.322      273.53     38.0221         0.5     4006.54     2068.24     6074.78     1.36952    -148.166    0.196614    0.672526    0.786217    0.825184      2383.4     1.6e+19     5.52757     3.60082     3.76014     3.54422
       3800           0     395.863      273.74     36.6638         0.5     4018.21     2068.53     6086.74   -0.290157     -149.16    0.198469     0.67926    0.786217    0.825184     2383.01     1.6e+19     5.53272     3.60627     3.76704     3.55146
       3700           0     395.863     273.948     34.7482         0.5     4034.09     2069.15     6103.24   -0.622668     -150.04    0.200307    0.684187    0.786217    0.825184     2382.61     1.6e+19     5.53782     3.61076     3.77392      3.5587
       3600           0     395.863     274.147     31.3117         0.5     4047.64      2070.1     6117.74   -0.947038    -151.007    0.202116    0.688111    0.786217    0.825184     2382.22     1.6e+19     5.54286      3.6148      3.7807      3.5658
       3500  0.00221757     395.865      274.34     27.2098         0.5     4060.52     2070.76     6131.28    0.659889    -152.114    0.203887    0.691402    0.786217    0.825184     2381.84     1.6e+19      5.5478     3.61865     3.78734     3.57278
       3400           0     396.085      274.53     22.8584         0.5     4069.52     2071.29     6140.81     -0.5304    -153.416    0.205617    0.694247    0.786217    0.825184     2381.48     1.6e+19     5.55263     3.62242     3.79386     3.57971
       3300           0     396.085     274.717     18.2645         0.5     4069.75     2071.66     6141.41   -0.366646    -154.818    0.207309    0.696748     0.78637    0.825184     2381.11     1.6e+19     5.55736     3.62618     3.40026     3.58654
       3200           0     396.085     274.897     13.9999         0.5     4070.86     2071.85     6142.72   -0.197248    -156.366    0.208962    0.698962    0.789518    0.825184     2380.76     1.6e+19     5.56199     3.62995     3.40598      3.5932
       3100           0     396.085     275.073     11.0385         0.5     4071.27     2072.28     6143.55   -0.422838     -157.99    0.210573    0.700909     0.79213    0.825184     2380.42     1.6e+19     5.56652     3.63374     3.41126     3.59959
       3000           0     396.085     275.244      8.5448         0.5     4073.93     2072.92     6146.86   -0.643601    -159.635    0.212141    0.702608    0.794307    0.833436     2380.09     1.6e+19     5.57093     3.63754     3.41621     3.20459
       2900           0     396.085     275.409     6.38414         0.5     4077.07     2073.01     6150.08   0.0905798    -161.278    0.213665    0.704072    0.795982      0.8397     2379.79     1.6e+19     5.57522     3.64134     3.42057     3.20807
       2800           0     396.085      275.57     4.45951         0.5     4080.61     2073.28     6153.89   -0.269725    -162.906    0.215142    0.705309    0.797233    0.844548     2379.51     1.6e+19     5.57938     3.64514      3.4244     3.21077
       2700   0.0141309     396.099     275.724     2.53564         0.5     4084.02     2076.46     6160.48     3.17594    -164.517    0.216568     0.70633     0.79817    0.848573     2379.24     1.6e+19     5.58341      3.6489     3.42782     3.21302
       2600           0     397.498     275.888    0.261479         0.5      4096.6     2078.45     6175.04    -1.98801    -166.382    0.217949    0.707153    0.798899    0.852649     2379.03     1.6e+19     5.58732     3.65264       3.431     3.21529
       2500  0.00796179     397.506     276.049    -2.10236         0.5     4096.78      2080.3     6177.07     1.85078    -167.941      0.2193    0.707806    0.799502    0.856338     2378.79     1.6e+19     5.59114     3.65636      3.4341     3.21736
       2400  0.00583652       398.3     276.204    -4.49712         0.5     4098.57     2081.69     6180.27     1.39613    -169.679    0.220614    0.708312    0.799972    0.857963     2378.59     1.6e+19     5.59487     3.66008     3.43705     3.21932
       2300  0.00304383     398.881     276.357    -6.91934         0.5     4098.76     2082.49     6181.24    0.792993    -171.372    0.221893    0.708687    0.800384    0.857963     2378.38     1.6e+19      5.5985     3.66378     3.44002     3.22178
       2200 0.000300766     399.183     276.502    -9.20237         0.5     4105.47     2082.68     6188.15    0.197553    -173.023    0.223136    0.708949    0.800773    0.857963     2378.17     1.6e+19     5.60204     3.66748      3.4431     3.22452
       2100 0.000179752     399.212     276.637    -11.0744         0.5     4105.91     2082.85     6188.75    0.162823    -174.627    0.224336    0.709113    0.801126    0.857963     2377.95     1.6e+19     5.60545     3.67118     3.44623     3.22732
       2000 8.70422e-05      399.23     276.763    -12.7745         0.5     4106.23     2082.98     6189.22    0.137114    -176.226    0.225491    0.709187    0.801432    0.857963     2377.74     1.6e+19     5.60874     3.67487     3.44937     3.23015
       1900  0.00250205     399.241     276.883    -14.3441         0.5      4106.7     2083.63     6190.33    0.650721    -177.812    0.226598    0.709181    0.801692    0.857963     2377.53     1.6e+19      5.6119     3.67855      3.4525     3.23301
       1800  0.00257264     399.492     277.001    -15.8169         0.5     4107.26      2084.3     6191.56    0.665938    -179.422    0.227663    0.709104    0.801918    0.857963     2377.32     1.6e+19     5.61495     3.68219     3.45563     3.23599
       1700  0.00649826     399.753     277.119    -17.3063         0.5     4109.15     2085.81     6194.95     1.50775    -181.002    0.228695    0.708969    0.802122    0.857963     2377.13     1.6e+19      5.6179     3.68581     3.45878     3.23909
       1600     0.01364      400.41     277.241     -18.989         0.5     4110.02     2088.85     6198.87     3.04692    -182.632    0.229703    0.708788    0.802316    0.857963     2376.94     1.6e+19     5.62078      3.6894     3.46199     3.24237
       1500   0.0048569     401.765     277.374    -20.7395         0.5     4111.32     2090.02     6201.34     1.17072     -184.36    0.230702    0.708578    0.802521    0.857963     2376.78     1.6e+19     5.62365     3.69298     3.46532     3.24604
       1400           0     402.246     277.509    -22.5244         0.5      4112.1     2090.58     6202.68   -0.559225    -185.878    0.231708    0.708355    0.802746    0.857963     2376.59     1.6e+19     5.62653     3.69657     3.46882     3.24982
       1300           0     402.246     277.632    -24.3205         0.5     4116.63     2090.69     6207.32    0.104024    -187.308    0.232712    0.708129    0.802961    0.857963     2376.39     1.6e+19     5.62942     3.70018     3.47233     3.25337
       1200  0.00308599     402.249     277.745    -25.8438         0.5     4132.91     2091.46     6224.37    0.768698    -188.757    0.233699    0.707902    0.803144    0.857963     2376.19     1.6e+19     5.63225     3.70379     3.47576     3.25669
       1100  0.00580926      402.56     277.855    -26.6253         0.5     4146.11     2092.81     6238.92     1.35469    -190.238    0.234662    0.707672      0.8033    0.857963     2376.01     1.6e+19     5.63502     3.70737     3.47909     3.25998
       1000  0.00784118     403.143      277.97    -27.0871         0.5     4157.19     2094.61      6251.8     1.79515    -191.701    0.235606    0.707441    0.803447    0.857963     2375.83     1.6e+19     5.63774     3.71093     3.48239     3.26336
        900   0.0067277     403.926      278.09    -27.2045         0.5      4168.7     2096.17     6264.87     1.55988    -193.108     0.23654    0.707217    0.803601    0.857963     2375.66     1.6e+19     5.64044     3.71445     3.48571      3.2669
        800   0.0231938     404.616     278.213    -27.0599         0.5     4181.48     2101.27     6282.75      5.1069    -194.392    0.237473    0.707006     0.80377    0.857963     2375.49     1.6e+19     5.64313     3.71795      3.4891     3.27053
        700   0.0258918     406.938     278.355    -26.6274         0.5     4192.08     2106.99     6299.07     5.71211    -195.866    0.238414    0.706816    0.803963    0.857963     2375.37     1.6e+19     5.64585     3.72143      3.4926     3.27461
        600   0.0116375     409.513     278.521    -25.7513         0.5     4212.64     2109.64     6322.28     2.65386      -197.2    0.239389    0.706657    0.804214    0.857963     2375.26     1.6e+19     5.64867     3.72494     3.49638     3.27933
        500  0.00844903     410.673     278.686    -24.5806         0.5     4233.73      2111.6     6345.32     1.95618    -198.094    0.240412    0.706541    0.804516    0.857963     2375.11     1.6e+19     5.65163     3.72849     3.50044     3.28404
        400   0.0174738     411.527     278.836    -23.0886         0.5     4267.27     2115.49     6382.75      3.8913    -198.818    0.241459     0.70647    0.804823    0.857963     2374.95     1.6e+19     5.65466     3.73211      3.5045     3.28837
        300           0     413.257     278.986    -21.3539         0.5     4290.15     2116.75      6406.9    -1.25968    -199.585    0.242507    0.706438    0.805121    0.857963     2374.83     1.6e+19      5.6577     3.73577     3.50849     3.29265
        200           0     413.257     279.124    -19.1244         0.5     4319.88     2118.58     6438.46    -1.83167    -199.884    0.243551    0.706439    0.805412    0.857963     2374.65     1.6e+19     5.66073     3.73944      3.5124     3.29659
        100   0.0097957     413.267     279.241    -15.9868         0.5     4334.79     2120.79     6455.59     2.21382    -200.071    0.244565    0.706465    0.805669    0.857963     2374.47     1.6e+19     5.66368     3.74309     3.51607     3.29997
          0  0.00921624     414.246     279.359    -12.3736         0.5     4336.74     2122.89     6459.63     2.09631    -200.275    0.245536    0.706506    0.805898    0.857963     2374.33     1.6e+19      5.6665     3.74667     3.51949      3.3033