      20000           0           0     179.437      354.04         0.1     78.9895     14.2831     93.2726     14.2831      6.5598    0.258968    0.460851    0.605054    0.634429     2456.76     1.6e+19     5.73044     4.59858     4.35318     4.39114
      19900           0           0     179.437      353.13         0.1     151.419     29.7361     181.156     15.4531     6.43382    0.258968    0.460851    0.605054    0.634429     2456.76     1.6e+19     5.73044     4.59858     4.35318     4.39114
      19800           0           0     179.437     352.506         0.1     228.894     46.3592     275.253     16.6231     6.30822    0.258968    0.460851    0.605054    0.634429     2456.76     1.6e+19     5.73044     4.59858     4.35318     4.39114
      19700           0           0     179.437     352.255         0.1     299.319     60.5222     359.841     14.1631     6.19879    0.258968    0.460851    0.605054    0.634429     2456.76     1.6e+19     5.73044     4.59858     4.35318     4.39114
      19600           0           0     179.437      352.29         0.1     351.209     72.5053     423.714     11.9831     6.12087    0.258968    0.460851    0.605054    0.634429     2456.76     1.6e+19     5.73044     4.59858     4.35318     4.39114
      19500           0           0     179.437     350.597         0.1     414.692     82.0183      496.71     9.51306     6.05158    0.258968    0.460851    0.605054    0.634429     2456.76     1.6e+19     5.73044     4.59858     4.35318     4.39114
      19400           0           0     179.437     347.879         0.1     487.353     94.1014     581.454     12.0831     5.90477    0.258968    0.460851    0.605054    0.634429     2456.76     1.6e+19     5.73044     4.59858     4.35318     4.39114
      19300           0           0     179.437     345.374         0.1     558.279     106.214     664.494     12.1131     5.65656    0.258968    0.460851    0.605054    0.634429     2456.76     1.6e+19     5.73044     4.59858     4.35318     4.39114
      19200           0           0     179.437     342.873         0.1     620.606     118.358     738.963     12.1431     5.32496    0.258968    0.460851    0.605054    0.634429     2456.76     1.6e+19     5.73044     4.59858     4.35318     4.39114
      19100           0           0     179.437      342.02         0.1     681.386     130.011     811.397     11.6531     4.94128    0.258968    0.460851    0.605054    0.634429     2456.76     1.6e+19     5.73044     4.59858     4.35318     4.39114
      19000           0           0     179.437     342.156         0.1      741.53     142.474     884.004     12.4631     4.58749    0.258968    0.460851    0.605054    0.634429     2456.76     1.6e+19     5.73044     4.59858     4.35318     4.39114
      18900           0           0     179.437     340.553         0.1     800.577     155.747     956.323     13.2731     4.26219    0.258968    0.460851    0.605054    0.634429     2456.76     1.6e+19     5.73044     4.59858     4.35318     4.39114
      18800           0           0     179.437     337.986         0.1     870.831      166.28     1037.11     10.5331     3.87637    0.258968    0.460851    0.605054    0.634429     2456.76     1.6e+19     5.73044     4.59858     4.35318     4.39114
      18700           0           0     179.437      336.21         0.1     952.601     178.113     1130.71     11.8331     3.41716    0.258968    0.460851    0.605054    0.634429     2456.76     1.6e+19     5.73044     4.59858     4.35318     4.39114
      18600           0           0     179.437     334.818         0.1     1047.59     192.576     1240.17     14.4631     2.92873    0.258968    0.460851    0.605054    0.634429     2456.76     1.6e+19     5.73044     4.59858     4.35318     4.39114
      18500           0           0     179.437     333.482         0.1     1150.05     201.259     1351.31     8.68306     2.42444    0.258968    0.460851    0.605054    0.634429     2456.76     1.6e+19     5.73044     4.59858     4.35318     4.39114
      18400           0           0     179.437     332.205         0.1     1219.19     209.492     1428.69     8.23306      1.9065    0.258968    0.460851    0.605054    0.634429     2456.76     1.6e+19     5.73044     4.59858     4.35318     4.39114
      18300           0           0     179.437     329.228         0.1      1275.7     218.075     1493.77     8.58306     1.34924    0.258968    0.460851    0.605054    0.634429     2456.76     1.6e+19     5.73044     4.59858     4.35318     4.39114
      18200           0           0     179.437       325.2         0.1      1360.8     226.658     1587.45     8.58306    0.672723    0.258968    0.460851    0.605054    0.634429     2456.76     1.6e+19     5.73044     4.59858     4.35318     4.39114
      18100           0           0     179.437     321.768         0.1     1469.79     234.714      1704.5     8.05639   -0.137283    0.258968    0.460851    0.605054    0.634429     2456.76     1.6e+19     5.73044     4.59858     4.35318     4.39114
      18000           0           0     179.437     318.559         0.1     1574.09     243.331     1817.42     8.61639    -1.04056    0.258968    0.460851    0.605054    0.634429     2456.76     1.6e+19     5.73044     4.59858     4.35318     4.39114
      17900           0           0     179.437      317.64         0.1     1670.99     253.364     1924.35     10.0331    -1.98653    0.258968    0.460851    0.605054    0.634429     2456.76     1.6e+19     5.73044     4.59858     4.35318     4.39114
      17800           0           0     179.437     318.134         0.1        1766     264.257     2030.25     10.8931    -2.86227    0.258968    0.460851    0.605054    0.634429     2456.76     1.6e+19     5.73044     4.59858     4.35318     4.39114
      17700           0           0     179.437     316.312         0.1     1860.47      274.54     2135.01     10.2831    -3.66765    0.258968    0.460851    0.605054    0.634429     2456.76     1.6e+19     5.73044     4.59858     4.35318     4.39114
      17600           0           0     179.437     313.229         0.1     1943.92     288.828     2232.75     14.2881    -4.52282    0.258968    0.460851    0.605054    0.634429     2456.76     1.6e+19     5.73044     4.59858     4.35318     4.39114
      17500           0           0     179.437     313.298         0.1     2011.35     302.776     2314.12     13.9481    -5.41147    0.258968    0.460851    0.605054    0.634429     2456.76     1.6e+19     5.73044     4.59858     4.35318     4.39114
      17400           0           0     182.115     344.137         0.1     2042.72     312.444     2355.16     9.66738    -7.03503    0.258968    0.459299    0.604915    0.634429     2457.76     1.6e+19      5.7211     4.59193      4.3525     4.39344
      17300           0           0     182.934     353.815         0.1     2073.54     322.233     2395.78     9.78928    -7.23612    0.258968    0.457387    0.602965    0.634429     2458.73     1.6e+19     5.71793     4.58375     4.34297     4.38361
      17200           0           0      183.39     359.881         0.1     2096.59     335.928     2432.52      13.695    -7.02974    0.258968    0.455248     0.59985    0.634429     2459.65     1.6e+19     5.72125     4.57463     4.32783     4.36492
      17100           0           0     183.841     363.835         0.1     2099.91     350.717     2450.63     14.7892    -6.64495    0.258968    0.452619    0.595693    0.634429     2460.55     1.6e+19     5.72871     4.56346     4.30774     4.33998
      17000           0           0     184.395     366.328         0.1     2106.32     368.422     2474.74     17.7049    -6.19849    0.258968    0.475551    0.587251    0.634429     2461.42     1.6e+19     5.73799     4.54879     4.28324     4.31057
      16900           0           0     185.076     363.157         0.1     2119.69     386.971     2506.66     18.5487    -5.83044    0.258968    0.484658    0.575138    0.634429     2462.28     1.6e+19     5.74731     4.52873     4.25519     4.27796
      16800           0           0     185.879      356.08         0.1     2132.94     406.282     2539.22     19.3111    -5.80695    0.258968    0.484658      0.5616    0.634429     2463.11     1.6e+19     5.75543     4.50524     4.22418     4.24311
      16700           0           0     186.789     347.713         0.1     2143.96     427.383     2571.34     21.1008    -6.22983    0.258968    0.479384    0.548863    0.596992      2463.9     1.6e+19     5.76158     4.47861      4.5905     4.20736
      16600           0           0     187.792     338.163         0.1     2156.83      452.74     2609.57     25.3575    -7.09448    0.258968    0.472202    0.541008    0.572861     2464.62     1.6e+19     5.76538     4.44944     4.55473     4.57412
      16500           0           0     188.875     339.172         0.1     2164.82     472.218     2637.03     19.4779    -8.20911    0.258968    0.432691    0.532904    0.572861      2465.3     1.6e+19      5.7667     4.41878      4.5183     4.53859
      16400   0.0650992   0.0650992     190.027      347.24         0.1     2171.37     496.159     2667.52     23.9409    -8.99678    0.258968    0.412886    0.520135    0.572861     2465.94     1.6e+19     5.76561     4.78854     4.48125     4.50183
      16300    0.111952     6.62188     191.304     352.195         0.1     2187.86     517.371     2705.23     21.2123    -10.7658    0.258968    0.412886    0.503234    0.572861      2466.6     1.6e+19     5.76229     4.75452     4.44477     4.46766
      16200   0.0757817     17.7809      192.77     355.474         0.1     2209.41     544.046     2753.46     26.6751    -13.0103    0.258968    0.412886    0.487186    0.572861     2467.26     1.6e+19     5.75703     4.71896     4.41058     4.43971
      16100  0.00980379     25.2931     194.359     346.994         0.1     2227.27     573.424     2800.69     29.3782    -13.9859    0.258968    0.408637    0.477223    0.561145     2467.87     1.6e+19     5.75022     4.68286     4.77856     4.41562
      16000           0     26.2637     195.935     330.625         0.1     2235.13     601.192     2836.33     27.7679    -13.9178    0.258968    0.400707    0.470152    0.505823     2468.38     1.6e+19      5.7423     4.64732     4.74826     4.79356
      15900           0     26.2637     197.453     322.277         0.1      2238.1     627.592     2865.69     26.3998    -14.4656    0.258968    0.349073    0.463195    0.505823     2468.83     1.6e+19     5.73356     4.61373     4.71876     4.76755
      15800    0.022163     26.2858     198.937     318.772         0.1     2244.13     651.016     2895.15     23.4234    -15.3367    0.258968    0.332685    0.453041    0.505823     2469.24     1.6e+19     5.72417     4.98321     4.68871     4.73834
      15700   0.0325664     28.5126     200.429     316.459         0.1     2250.89     674.097     2924.99     23.0811    -16.7861    0.258968     0.33798    0.438986    0.505823     2469.66     1.6e+19     5.71423     4.95046     4.65856     4.70872
      15600   0.0368967     31.7735     201.957     315.173         0.1      2259.1       694.9        2954     20.8032    -18.3697    0.258258     0.33798    0.425029    0.505823     2470.05     1.6e+19     5.70378     4.91769     4.62894     4.68053
      15500   0.0345276     35.4608     203.519     313.125         0.1     2267.29      714.91      2982.2     20.0107    -19.8882    0.254633    0.334368    0.411423    0.505823     2470.43     1.6e+19     5.69311     4.88527     4.60038      4.6541
      15400   0.0729016      38.952     205.104     310.686         0.1     2280.34     733.811     3014.15     18.9007    -21.2514    0.250985    0.328223    0.404924    0.505823     2470.79     1.6e+19     5.68241     4.85373     4.97165     4.62908
      15300     0.12741     46.2966     206.742     309.795         0.1     2301.45     754.386     3055.84     20.5744     -23.383    0.247337    0.300397    0.398753    0.464358     2471.14     1.6e+19     5.67175     4.82355     4.94423     4.60798
      15200     0.16839     59.0786     208.502     309.876         0.1     2323.44     773.957     3097.39     19.5714    -26.3885     0.24374    0.248739    0.393353    0.434418     2471.43     1.6e+19     5.66128     5.19722     4.92045     4.99628
      15100    0.244561     75.9937     210.425     316.119         0.1     2354.21     792.305     3146.51     18.3482    -29.6451    0.240302     0.24496    0.388612    0.434418     2471.72     1.6e+19     5.65131     5.17185     4.90176     4.99112
      15000    0.310966     100.516     212.565     326.552         0.1     2398.71     809.042     3207.75     16.7371    -33.5166    0.237153    0.269662     0.38291    0.434418     2472.04     1.6e+19      5.6422     5.14635     4.88885     4.99478
      14900    0.363745     131.666     214.975     334.374         0.1     2453.54     822.714     3276.26     13.6719     -37.503    0.234423    0.269662    0.380217    0.466348     2472.41     1.6e+19     5.63434     5.12225     4.88277     4.60851
      14800    0.340757     168.017     217.665     340.691         0.1     2519.17     834.328      3353.5     11.6141    -41.3625    0.232272    0.269662    0.380562    0.505823     2472.86     1.6e+19     5.62815     5.10123     4.88355     4.62906
      14700           0     201.752     220.496     331.356         0.1     2577.52     842.827     3420.35     8.49876     -43.717    0.230876    0.269662    0.383926    0.505823     2473.29     1.6e+19     5.62415     5.08402     4.89114     4.65752
      14600           0     201.752     214.353     262.569         0.1     2595.06     864.314     3459.37     21.4873    -39.5239   0.0630091     0.33798    0.493288    0.505823     2471.66     1.6e+19     6.52751     4.85121      4.6464     4.69882
      14500           0     201.752     212.631     235.665         0.1     2596.17     891.031      3487.2     26.7168    -40.6623   0.0108738    0.412886    0.519174    0.505823      2469.9     1.6e+19     6.76412     4.66971     4.40421     4.77044
      14400           0     201.752     213.028     219.067         0.1      2602.7     919.357     3522.06      28.326    -43.6309  0.00331466    0.457402    0.572861    0.572861     2468.21     1.6e+19     6.57799     4.41287     4.47752     4.44083
      14300           0     201.752     214.144     204.783         0.1      2612.2     944.363     3556.57     25.0058    -47.0773           0    0.484658    0.572861    0.572861     2466.58     1.6e+19       6.501       4.474      4.5025     4.49478
      14200           0     201.752     215.436     192.611         0.1     2628.45     967.479     3595.93     23.1163    -50.5167           0    0.484658    0.572861    0.572861     2464.88     1.6e+19       6.501     4.49261     4.50404     4.53525
      14100           0     201.752     216.722     186.034         0.1     2645.29      989.09     3634.38     21.6109    -53.6733           0    0.484658    0.572861    0.572861     2463.13     1.6e+19       6.501     4.48759     4.49706     4.56382
      14000           0     201.752     217.952     182.974         0.1     2671.41     1008.12     3679.54     19.0332    -56.3121           0    0.484658    0.572861    0.572861     2461.35     1.6e+19       6.501     4.47208     4.48883     4.58408
      13900           0     201.752     219.117     177.957         0.1     2702.77     1029.58     3732.35     21.4533    -58.4633           0    0.484658    0.572861    0.572861     2459.53     1.6e+19       6.501     4.45402     4.48259     4.59952
      13800           0     201.752     220.222     172.087         0.1     2725.39     1047.87     3773.25     18.2929    -60.3565           0    0.484658    0.572861      0.6033     2457.72     1.6e+19       6.501     4.43769     4.47926     4.20929
      13700           0     201.752     221.274     167.804         0.1      2763.9     1067.95     3831.85     20.0758    -62.0816           0    0.474855    0.572861    0.622663     2455.93     1.6e+19       6.501     4.42549     4.47824     4.21522
      13600           0     201.752     222.279     164.413         0.1     2795.16     1086.87     3882.03     18.9256    -63.6324   0.0001669    0.461161    0.572861    0.634429     2454.13     1.6e+19     6.50388     4.42086     4.47963     4.22038
      13500           0     201.752     223.245     167.598         0.1      2826.8     1099.46     3926.26     12.5852    -64.9304  0.00129176    0.459211    0.572861    0.634429     2452.32     1.6e+19     6.53014     4.42104     4.48391     4.22783
      13400           0     201.752     224.175     174.785         0.1     2857.11     1114.32     3971.43     14.8653    -65.7066  0.00243526    0.463253    0.572861    0.634429      2450.5     1.6e+19     6.55709     4.42406     4.49148     4.23817
      13300           0     201.752     225.072     171.816         0.1     2888.03     1126.11     4014.14      11.788    -66.0993  0.00358047    0.470666    0.572861    0.634429     2448.69     1.6e+19     6.58434     4.42905     4.50216     4.25115
      13200           0     201.752     228.619     192.633         0.1     2901.75     1137.41     4039.15     11.2964    -66.5472   0.0287493    0.478366    0.572861    0.634429      2448.8     1.6e+19     6.29492     4.43464      4.5264     4.26922
      13100           0     201.752     230.854     199.234         0.1     2909.46     1142.42     4051.88     5.01136    -65.9515   0.0630091    0.471104    0.572861    0.634429     2449.07     1.6e+19     6.55055     4.43237     4.54115     4.27855
      13000           0     201.752     232.652     205.116         0.1     2925.22     1148.25     4073.47     5.83428    -64.9792    0.106796    0.442637    0.572861    0.634429     2449.42     1.6e+19     5.95267     4.41734     4.54085      4.2787
      12900   0.0375272      201.79      234.09     211.398         0.1     2925.84     1152.87     4078.71     4.61738    -63.8342    0.149485    0.412886    0.572861    0.634429     2449.83     1.6e+19     6.11485     4.79465     4.53057     4.27016
      12800   0.0651504      205.57     235.216     217.735         0.1     2933.43     1158.53     4091.97     5.66568    -63.3727    0.166052    0.412886    0.572861    0.634429     2450.31     1.6e+19     5.44417     4.76682     4.51522     4.25643
      12700   0.0104235      212.03     236.317     219.953         0.1     2935.66     1164.82     4100.48     6.28509    -63.3352    0.202133    0.412886    0.572861    0.634429     2450.85     1.6e+19     5.54291     4.73719     4.49775     4.24142
      12600           0     213.062     237.538     219.276         0.1     2952.18     1172.43     4124.61     7.61233    -62.1587     0.22963    0.412886    0.572861    0.634429      2451.4     1.6e+19     5.62058     4.70565     4.47769     4.22325
      12500           0     213.062     238.761     219.129         0.1     2966.18     1180.66     4146.84       8.227    -61.1289    0.250467    0.412886    0.571792    0.580378     2451.95     1.6e+19     5.68089      4.6733     4.45504     4.20229
      12400           0     213.062     239.979     219.109         0.1      2982.3     1186.78     4169.08     6.12103    -60.4212    0.258968    0.386896    0.543138    0.572861     2452.46     1.6e+19     5.72735     4.64189      4.4326     4.57999
      12300           0     213.062     241.202     217.774         0.1     2987.46     1192.36     4179.82      5.5836    -60.0034    0.258968    0.353226    0.517279    0.572861     2452.94     1.6e+19     5.76369     4.61365     4.41048     4.55458
      12200   0.0568717     213.119     242.439     215.457         0.1     2996.77     1199.23        4196     6.86337    -59.9114    0.258968     0.33798    0.505823    0.572861     2453.39     1.6e+19      5.7919      4.9872     4.78725     4.52778
      12100    0.123258     218.873     243.757      214.59         0.1     3015.06     1207.91     4222.97     8.68461    -61.3087    0.264088     0.33798    0.505823    0.572861     2453.87     1.6e+19     5.01238     4.96057     4.76224     4.50288
      12000    0.188168     231.263     245.258     214.532         0.1     3042.07     1212.75     4254.82     4.83947    -64.0124     0.26947     0.33798    0.505823    0.572861      2454.4     1.6e+19     5.02652     4.93431     4.73834     4.48411
      11900    0.223797     250.116     247.012     215.252         0.1     3073.73     1220.29     4294.02     7.54247     -67.667    0.272685     0.33798    0.497256    0.572861     2454.97     1.6e+19      5.0361     4.90874     4.71835     4.47425
      11800     0.31059     272.582     249.033      216.49         0.1     3111.11      1226.3     4337.42     6.00727    -71.4246    0.274441    0.328583    0.487637    0.572861     2455.56     1.6e+19     5.04235     4.88453     4.70443     4.47372
      11700     0.10263     303.433     251.369     224.981         0.1     3160.35     1231.51     4391.86     5.21303    -76.0964    0.275306    0.315165    0.480771    0.572861     2456.18     1.6e+19     5.04642     4.86307     4.69707     4.48414
      11600   0.0552541     313.649     240.241     199.169         0.1      3190.4     1248.64     4439.04     17.1227    -75.2334    0.141599    0.384254     0.53709    0.572861     2455.01     1.6e+19      6.0802     4.62546     4.44072     4.51456
      11500           0     319.119     236.629     181.335         0.1      3212.3     1277.77     4490.07     29.1372    -76.0312   0.0630091    0.484658    0.572861    0.572861     2453.67     1.6e+19     6.57191     4.44098     4.59738      4.5872
      11400           0     319.119       236.3     157.749         0.1     3223.09     1309.43     4532.52     31.6524    -77.3667    0.046163    0.484658    0.634429    0.634429     2452.37     1.6e+19     6.40421     4.57993     4.27181      4.2583
      11300 0.000837627      319.12     237.101     146.544         0.1     3227.53      1337.8     4565.34     28.3767    -79.7947   0.0321893    0.551677    0.634429    0.634429     2451.07     1.6e+19     6.31618      4.2418      4.2978     4.31535
      11200           0     319.203     238.246     142.264         0.1     3227.91     1364.41     4592.32     26.6041     -82.264   0.0250769    0.551677    0.634429    0.634429     2449.72     1.6e+19      6.2724     4.25613     4.30016     4.35767
      11100           0     319.203      239.45     134.572         0.1     3248.53     1389.86     4638.39     25.4505    -84.4655   0.0221724    0.551677    0.634429    0.634429     2448.31     1.6e+19     6.25471     4.24733      4.2933     4.38696
      11000           0     319.203     240.619     125.268         0.1     3277.86     1414.04      4691.9     24.1809    -86.6267   0.0218714    0.551677    0.634429    0.652172     2446.88     1.6e+19     6.25288     4.22831     4.28438      4.0059
      10900           0     319.203     241.731     119.912         0.1     3297.82     1439.91     4737.73     25.8688    -88.7534   0.0231756    0.512576    0.634429     0.67642     2445.45     1.6e+19     6.26081     4.21047     4.27567     4.01399
      10800           0     319.203     242.789     116.797         0.1     3306.11     1462.67     4768.78      22.761    -90.6814    0.025467    0.485715    0.634429    0.687523     2443.98     1.6e+19     6.27478     4.20042     4.26833     4.01771
      10700           0     319.203     243.801      112.79         0.1     3315.97     1485.09     4801.07     22.4239    -92.4193   0.0283625    0.484658    0.634429    0.690526     2442.49     1.6e+19     6.29254     4.59332     4.26357     4.02065
      10600           0     319.203      244.77     108.388         0.1     3330.01     1507.22     4837.23     22.1296    -94.0802   0.0316122    0.484658    0.634429    0.690526     2440.99     1.6e+19      6.3126     4.58797     4.26201     4.02505
      10500           0     319.203     245.699     105.708         0.1     3344.25     1529.02     4873.28     21.8014    -95.6864   0.0350506    0.484658    0.634429    0.690526     2439.49     1.6e+19     6.33399     4.58527     4.26372     4.03131
      10400           0     319.203     246.589      104.04         0.1     3359.11     1548.63     4907.74     19.6109    -97.1815   0.0385719    0.484658    0.634429    0.690526     2437.99     1.6e+19     6.35606     4.58547     4.26848     4.03956
      10300           0     319.203     247.446     102.958         0.1     3367.35     1566.09     4933.43     17.4544    -98.5569   0.0421102    0.484658    0.634429    0.690526     2436.48     1.6e+19      6.3784     4.58854     4.27598     4.04979
      10200           0     319.203     248.272     101.797         0.1     3376.42     1583.52     4959.94      17.428     -99.819   0.0456259    0.484658    0.634429    0.690526     2434.98     1.6e+19     6.40078     4.59427     4.28589      4.0619
      10100   0.0668009      319.27     249.072      99.626         0.1     3401.61     1598.14     4999.75      14.628    -101.048   0.0490964    0.488553    0.634429    0.690526     2433.48     1.6e+19     6.42304     4.20218     4.29792     4.07576
      10000   0.0633508     325.946     249.963     97.0087         0.1      3420.3     1612.18     5032.48     14.0366    -103.589   0.0525278    0.501408    0.634429    0.690526     2432.04     1.6e+19     6.44522     4.20985     4.31225     4.09433
       9900   0.0597708     332.278      250.96     94.1448         0.1     3428.29     1625.52     5053.82     13.3403    -105.786   0.0560026    0.513134    0.634429    0.690526     2430.62     1.6e+19     6.46786     4.21763     4.32999      4.1183
       9800   0.0521286     338.247     251.984     91.1264         0.1     3437.54     1637.28     5074.82     11.7602    -107.746    0.059561    0.524741    0.634429    0.690526     2429.22     1.6e+19     6.49122     4.22614     4.35098     4.14538
       9700   0.0446516     343.453     252.996     88.0039         0.1     3439.79     1647.47     5087.27      10.191    -109.467   0.0630091    0.536528    0.634429    0.690526     2427.83     1.6e+19     6.51525     4.23562     4.37446      4.1741
       9600   0.0373847     347.911     253.977     84.8127         0.1     3441.56     1656.13     5097.69      8.6539    -111.024   0.0630091    0.548451    0.634429    0.699119     2426.47     1.6e+19     6.54007     4.24614     4.39959     3.80315
       9500    0.030371     351.642     254.917      81.572         0.1      3447.8     1663.28     5111.08     7.15802    -112.472   0.0630091    0.551677    0.665949    0.741151     2425.21     1.6e+19      6.5655     4.25836     4.02059     3.82348
       9400   0.0412084      354.69     255.806     79.1079         0.1     3470.96     1672.68     5143.63     9.39434    -113.839   0.0630091    0.551677    0.688438    0.741151     2424.02     1.6e+19     6.59101     4.27338     4.03721     3.84131
       9300    0.030405       358.8     256.669      77.078         0.1     3493.43     1679.81     5173.24     7.13093    -115.449   0.0673217    0.551677    0.690526    0.741151     2422.87     1.6e+19     5.81467     4.29034     4.05398     3.85963
       9200   0.0260489     361.836     257.507     75.3037         0.1     3514.96        1686     5200.97     6.19284    -116.809   0.0736593    0.551677    0.690526    0.741151     2421.71     1.6e+19     5.83637     4.30868     4.07275     3.87858
       9100   0.0142437     364.429     258.306     73.7156         0.1     3528.51      1689.7     5218.21     3.69425    -118.089   0.0796633    0.551677    0.690526    0.741151     2420.57     1.6e+19     5.85709       4.328     4.09244     3.89775
       9000           0     365.839     259.054     72.2917         0.1     3539.96     1689.94      5229.9    0.245992    -119.151   0.0853846    0.551677    0.690526    0.741151     2419.43     1.6e+19     5.87697     4.34801     4.11244     3.91662
       8900  0.00142741     365.841     259.734     71.0387         0.1     3562.09     1690.86     5252.95    0.916488     -119.99   0.0908307    0.551677    0.690526    0.741151     2418.29     1.6e+19     5.89603      4.3684      4.1322     3.93444
       8800           0     365.982      260.36     69.9084         0.1     3572.66     1691.02     5263.68    0.165004    -120.944   0.0959888    0.551677    0.690526    0.741151     2417.16     1.6e+19     5.91421     4.38893     4.15131     3.95139
       8700           0     365.982     260.955     68.8732         0.1     3575.67     1691.58     5267.25   -0.554973    -121.919    0.100874    0.570095    0.690526    0.741151     2416.05     1.6e+19     5.93153     4.00797      4.1698     3.96797
       8600           0     365.982     261.524     67.9194         0.1     3577.93     1692.55     5270.48   -0.974118    -122.926    0.105506    0.597054    0.690526    0.741151     2414.99     1.6e+19     5.94805     4.02068     4.18771     3.98438
       8500           0     365.982     262.067     67.0355         0.1     3581.79     1693.92     5275.71    -1.36709    -123.947    0.109893    0.613942      0.6979     0.74284     2413.97     1.6e+19     5.96379     4.03042     3.80455     3.60069
       8400           0     365.982     262.584     66.6445         0.1     3582.12      1695.2     5277.32    -1.28393    -124.962    0.114044    0.613942       0.717    0.771213     2413.03     1.6e+19     5.97876     4.04071     3.81723     3.61232
       8300           0     365.982     263.075     66.5755         0.1      3593.8     1699.98     5293.78    -4.77455    -125.937    0.117969    0.613942    0.729775    0.786217     2412.18     1.6e+19     5.99299      4.0524     3.82691     3.61958
       8200           0     365.982      263.54     66.7276         0.1     3601.01     1704.64     5305.66    -4.66509    -126.857    0.121681    0.613942    0.739235    0.786217     2411.36     1.6e+19     6.00652     4.06477     3.83516     3.62654
       8100           0     365.982     263.983     67.0722         0.1     3611.28     1709.18     5320.46    -4.53322    -127.711    0.125194    0.613942    0.741151    0.786217     2410.56     1.6e+19     6.01938      4.0774     3.84357     3.63418
       8000           0     365.982     264.408     67.5745         0.1     3613.56     1713.86     5327.42    -4.68327    -128.495    0.128533    0.613942    0.741151    0.786217     2409.77     1.6e+19     6.03165      4.0901       3.853     3.64252
       7900           0     365.982     264.819     68.2831         0.1        3625     1718.68     5343.68     -4.8195    -129.203    0.131726    0.613942    0.741151    0.786217     2408.98     1.6e+19     6.04344     4.10281     3.86307     3.65156
       7800           0     365.982      265.22      69.158         0.1     3634.13      1724.2     5358.33    -5.51978    -129.828    0.134797    0.613942    0.741151    0.786217      2408.2     1.6e+19     6.05482     4.11546     3.87357     3.66121
       7700           0     365.982     265.611     70.1864         0.1     3641.01     1729.41     5370.42    -5.21106    -130.368    0.137766    0.613942    0.741151    0.786217     2407.42     1.6e+19     6.06587     4.12805     3.88438     3.67137
       7600           0     365.982     265.995     71.3774         0.1     3650.01     1735.31     5385.32    -5.89477     -130.82    0.140653    0.613942    0.741151    0.786217     2406.65     1.6e+19     6.07666     4.14054     3.89543     3.68195
       7500           0     365.982     266.372     72.7023         0.1     3664.37     1741.85     5406.22    -6.54701     -131.18    0.143468    0.613942    0.741151    0.786217     2405.89     1.6e+19     6.08721     4.15294     3.90666     3.69286
       7400           0     365.982     266.744     73.1111         0.1     3681.97     1749.05     5431.01    -7.19366    -131.469    0.146225    0.613942    0.741151    0.786217     2405.13     1.6e+19     6.09758     4.16524     3.91804     3.70405
       7300           0     365.982      267.11      72.996         0.1     3700.91     1754.88     5455.79    -5.83546     -131.74     0.14893    0.613942    0.741151    0.786217     2404.37     1.6e+19      6.1078     4.17744     3.92953     3.71545
       7200           0     365.982     267.473     72.6057         0.1     3723.51     1759.35     5482.87    -4.47302    -132.013    0.149485    0.613942    0.741151    0.786217     2403.62     1.6e+19     6.11804     4.18955     3.94111     3.72702
       7100           0     365.982     267.833     72.0264         0.1     3746.78     1764.89     5511.67    -5.53257    -132.299    0.149485    0.616541    0.741151    0.786217     2402.87     1.6e+19     6.12856      3.8015     3.95277     3.73873
       7000           0     365.982      268.19     71.3062         0.1     3762.37     1775.48     5537.85    -10.5898    -132.601    0.149485    0.631658    0.741151    0.786217     2402.13     1.6e+19     6.13922     3.81073      3.9645     3.75055
       6900           0     365.982     268.542     70.4884         0.1     3777.95     1785.92     5563.86    -10.4425    -132.923    0.149485     0.64221    0.741151    0.786217     2401.42     1.6e+19     6.14991     3.81803     3.97622     3.76245
       6800           0     365.982     268.889     69.5937         0.1      3791.7     1791.91      5583.6    -5.98871    -133.266    0.149485    0.650497    0.741151    0.786217     2400.72     1.6e+19     6.16055     3.82454     3.98786     3.77439
       6700           0     365.982     269.228     68.6469         0.1     3804.98     1799.04     5604.02    -7.12835    -133.629    0.149485    0.657493    0.741151    0.786217     2400.02     1.6e+19     6.17109     3.83078     3.99941     3.78633
       6600           0     365.982     269.562     67.6766         0.1     3818.95      1809.2     5628.15    -10.1617    -134.012    0.149485    0.663631    0.750821    0.786217     2399.35     1.6e+19      6.1815     3.83696     3.60954     3.79814
       6500           0     365.982     269.888      66.674         0.1     3830.03     1817.99     5648.02    -8.78764    -134.413    0.149485    0.669065    0.758811     0.80223     2398.72     1.6e+19     6.19174     3.84316     3.61835     3.40754
       6400           0     365.982     270.205     65.9484         0.1     3840.53     1826.99     5667.52    -9.00457    -134.827    0.150099    0.671454    0.764797    0.815123     2398.14     1.6e+19     5.40162     3.84952     3.62586     3.41362
       6300           0     365.982     270.511     65.3844         0.1     3851.83     1834.55     5686.38    -7.56111    -135.237    0.153356    0.671454    0.769237    0.824594     2397.59     1.6e+19     5.41026     3.85667     3.63233     3.41809
       6200           0     365.982     270.806     64.9179         0.1      3871.1     1841.56     5712.66    -7.00617    -135.637    0.156376    0.671454    0.772663    0.825184     2397.07     1.6e+19     5.41829     3.86433     3.63818     3.42243
       6100           0     365.982      271.09     64.5389         0.1      3891.2        1848      5739.2    -6.43965    -136.024    0.159218    0.671454      0.7756    0.825184     2396.55     1.6e+19     5.42586     3.87223     3.64392     3.42749
       6000           0     365.982     271.363     64.2191         0.1      3900.4     1853.86     5754.26    -5.86259    -136.395    0.161917    0.671454    0.778243    0.825184     2396.05     1.6e+19     5.43308     3.88022     3.64977     3.43302
       5900           0     365.982     271.626     63.9463         0.1      3911.5     1861.79     5773.29    -7.92631    -136.751    0.164495    0.671454    0.780634    0.825184     2395.56     1.6e+19     5.43999      3.8882     3.65576     3.43887
       5800           0     365.982     271.882     63.7115         0.1     3928.82     1868.17     5796.99    -6.38206    -137.092    0.166972    0.671454    0.782782    0.825184     2395.07     1.6e+19     5.44664     3.89612     3.66187     3.44496
       5700           0     365.982     272.131     63.5088         0.1     3936.36      1874.4     5810.76    -6.23085    -137.416     0.16936    0.671454     0.78469    0.825184      2394.6     1.6e+19     5.45308     3.90396     3.66809     3.45122
       5600           0     365.982     272.374     63.3343         0.1     3942.16     1880.62     5822.79    -6.22352    -137.726    0.171672    0.671454    0.786217    0.825184     2394.13     1.6e+19     5.45932      3.9117      3.6744     3.45762
       5500           0     365.982     272.611     63.1845         0.1     3957.89     1886.83     5844.72    -6.21081     -138.02    0.173918    0.671454    0.786217    0.825184     2393.66     1.6e+19      5.4654     3.91934     3.68095     3.46414
       5400           0     365.982     272.844     62.3406         0.1     3972.93     1893.25     5866.18    -6.41859    -138.312    0.176106    0.671454    0.786217    0.825184      2393.2     1.6e+19     5.47133     3.92688      3.6877      3.4708
       5300           0     365.982     273.073     61.0742         0.1     3980.38     1899.87     5880.25    -6.62255    -138.642    0.178246    0.671454    0.786217    0.825184     2392.75     1.6e+19     5.47714     3.93432     3.69457      3.4776
       5200           0     365.982     273.298     59.5724         0.1      4000.1     1903.37     5903.47    -3.49819    -139.022    0.180343    0.671454    0.786217    0.825184      2392.3     1.6e+19     5.48286     3.94168      3.7015     3.48451
       5100           0     365.982     273.521      57.917         0.1     4006.76     1907.69     5914.45    -4.32085    -139.459    0.182403    0.671454    0.786217    0.825184     2391.85     1.6e+19     5.48848     3.94896     3.70847     3.49151
       5000           0     365.982     273.741     56.1242         0.1      4007.1     1912.83     5919.93     -5.1408    -139.954     0.18443    0.671454    0.786217    0.825184     2391.41     1.6e+19     5.49402     3.95616     3.71546     3.49856
       4900           0     365.982     273.958     54.2452         0.1     4008.24     1916.79     5925.04    -3.95827    -140.509    0.186428    0.671454    0.786217    0.825184     2390.97     1.6e+19     5.49949     3.96329     3.72245     3.50565
       4800           0     365.982     274.173     52.2836         0.1     4011.24     1920.22     5931.46    -3.42343    -141.121    0.188398    0.671454    0.786217    0.825184     2390.53     1.6e+19      5.5049     3.97034     3.72944     3.51276
       4700           0     365.982     274.386     50.2574         0.1     4020.11      1923.1     5943.21    -2.88645    -141.791    0.190343    0.671454    0.786217    0.825184      2390.1     1.6e+19     5.51025     3.97733     3.73642     3.51988
       4600           0     365.982     274.597     48.1967         0.1     4020.13      1927.9     5948.03    -4.79743    -142.516    0.192265    0.671454    0.786217    0.825184     2389.67     1.6e+19     5.51555     3.98426     3.74338     3.52701
       4500           0     365.982     274.806     46.0829         0.1     4021.99     1933.61      5955.6     -5.7065    -143.294    0.194165    0.671454    0.786217    0.825184     2389.24     1.6e+19      5.5208     3.99112     3.75031     3.53413
       4400           0     365.982     275.014     44.2872         0.1     4024.51     1937.52     5962.03    -3.91373    -144.118    0.196044    0.671454    0.786217    0.825184     2388.82     1.6e+19     5.52599     3.99793     3.75722     3.54123
       4300           0     365.982     275.219     42.6677         0.1     4024.69     1941.24     5965.93    -3.71914    -144.967    0.197903    0.676667    0.786217    0.825184      2388.4     1.6e+19     5.53115     3.60405      3.7641     3.54831
       4200           0     365.982     275.422     41.1411         0.1     4029.37     1944.46     5973.83    -3.22181    -145.833    0.199739    0.682267    0.786217    0.825184        2388     1.6e+19     5.53624     3.60884     3.77091     3.55537
       4100           0     365.982      275.62     39.6897         0.1      4038.1     1948.38     5986.48     -3.9203    -146.712    0.201543    0.686565    0.786217    0.825184     2387.61     1.6e+19     5.54126       3.613     3.77762     3.56237
       4000           0     365.982     275.814     38.2832         0.1     4047.29      1950.9     5998.18    -2.51411    -147.601    0.203311     0.69009    0.786217    0.825184     2387.23     1.6e+19     5.54619     3.61686     3.78422     3.56932
       3900           0     365.982     276.003     36.9069         0.1     4059.29        1952     6011.29    -1.10331    -148.498     0.20504    0.693099    0.786217    0.825184     2386.85     1.6e+19     5.55102      3.6206      3.7907     3.57618
       3800           0     365.982     276.188     35.5507         0.1     4069.85     1954.74     6024.59    -2.73819    -149.402    0.206729    0.695727    0.786217    0.825184     2386.49     1.6e+19     5.55574     3.62431     3.79708     3.58295
       3700           0     365.982     276.369     33.6365         0.1     4084.62     1957.78      6042.4    -3.04408    -150.318     0.20838    0.698048    0.787968    0.825184     2386.13     1.6e+19     5.56036     3.62802     3.40311     3.58962
       3600           0     365.982     276.546     30.2019         0.1     4097.06     1961.13     6058.19    -3.34599    -151.315    0.209992    0.700099    0.790773    0.825184     2385.78     1.6e+19     5.56488     3.63174     3.40851      3.5961
       3500           0     365.982     276.719     26.1032         0.1     4108.83     1962.85     6071.67    -1.71859    -152.446    0.211564    0.701896    0.793145    0.828902     2385.44     1.6e+19      5.5693     3.63549     3.41361     3.20207
       3400           0     365.982     276.887     21.7592         0.1     4116.73     1965.73     6082.46    -2.88675    -153.728    0.213096    0.703459    0.795062    0.836402     2385.13     1.6e+19     5.57362     3.63925     3.41828     3.20624
       3300           0     365.982      277.05     17.1722         0.1     4118.06     1968.43     6086.49    -2.69997    -155.156    0.214586    0.704798    0.796511    0.841925     2384.84     1.6e+19     5.57781     3.64301     3.42236     3.20931
       3200           0     365.982     277.208     12.9116         0.1     4118.08     1970.94     6089.02     -2.5076    -156.727     0.21603     0.70592    0.797594    0.846356     2384.56     1.6e+19     5.58189     3.64677     3.42597     3.21178
       3100           0     365.982     277.359     9.95055         0.1     4119.58     1973.65     6093.23    -2.70927     -158.37    0.217425    0.706836    0.798409    0.850126      2384.3     1.6e+19     5.58583     3.65049     3.42924     3.21389
       3000           0     365.982     277.505     7.45554         0.1     4121.15     1976.55      6097.7    -2.90494     -160.03    0.218769    0.707563    0.799027    0.853464     2384.06     1.6e+19     5.58964     3.65419     3.43226     3.21575
       2900           0     365.982     277.645     5.29206         0.1     4123.19      1978.7     6101.89    -2.14474    -161.687    0.220062    0.708119    0.799494    0.856502     2383.82     1.6e+19      5.5933     3.65785      3.4351     3.21745
       2800           0     365.982     277.779     3.36352         0.1     4125.64     1981.18     6106.82    -2.47894    -163.328    0.221304    0.708521    0.799847    0.857963     2383.59     1.6e+19     5.59683     3.66147      3.4378      3.2191
       2700  0.00405044     365.986     277.908     1.43546         0.1     4130.15     1982.17     6112.32     0.99213    -164.949    0.222497    0.708788     0.80014    0.857963     2383.37     1.6e+19     5.60022     3.66506     3.44048     3.22113
       2600           0     366.387     278.039    -0.82682         0.1     4143.81     1986.31     6130.12    -4.13937    -166.641    0.223647    0.708939    0.800421    0.857963     2383.15     1.6e+19     5.60349     3.66863     3.44326     3.22366
       2500           0     366.387     278.168    -3.18493         0.1     4145.08     1986.58     6131.65   -0.268395    -168.253    0.224766    0.708997    0.800713    0.857963     2382.93     1.6e+19     5.60668     3.67217     3.44621     3.22648
       2400           0     366.387      278.29    -5.56797         0.1      4145.8     1987.27     6133.07    -0.68961    -169.886    0.225856    0.708982     0.80099    0.857963     2382.72     1.6e+19     5.60979     3.67572     3.44925     3.22934
       2300           0     366.387     278.406    -7.97604         0.1     4147.04     1988.52     6135.57    -1.25595     -171.54    0.226914    0.708904    0.801239    0.857963     2382.51     1.6e+19     5.61281     3.67926     3.45232     3.23226
       2200           0     366.387     278.519    -10.2505         0.1      4154.8     1990.34     6145.14    -1.81885    -173.212    0.227941    0.708772    0.801461    0.857963      2382.3     1.6e+19     5.61574     3.68279     3.45541     3.23523
       2100           0     366.387     278.629    -12.1221         0.1     4155.41     1992.17     6147.58    -1.82911    -174.883    0.228939    0.708595     0.80166    0.857963     2382.09     1.6e+19      5.6186     3.68631     3.45852     3.23825
       2000           0     366.387     278.737    -13.8266         0.1     4156.13     1994.01     6150.14    -1.83722    -176.537    0.229913    0.708382    0.801839    0.857963     2381.88     1.6e+19     5.62139     3.68981     3.46162     3.24131
       1900           0     366.387     278.844    -15.4032         0.1     4157.66     1995.32     6152.98    -1.31018    -178.166    0.230865    0.708142    0.802003    0.857963     2381.68     1.6e+19     5.62411      3.6933     3.46473      3.2444
       1800           0     366.387     278.948    -16.8807         0.1     4158.17      1996.6     6154.77    -1.28159    -179.768    0.231797    0.707883    0.802155    0.857963     2381.47     1.6e+19     5.62679     3.69676     3.46785     3.24751
       1700           0     366.387     279.052    -18.3727         0.1     4158.99     1997.03     6156.02   -0.424954    -181.341    0.232714    0.707612    0.802297    0.857963     2381.27     1.6e+19     5.62942     3.70019     3.47096     3.25064
       1600  0.00480926     366.392     279.154     -20.051         0.1     4160.93     1998.16     6159.09     1.13373    -182.896    0.233617    0.707337    0.802434    0.857963     2381.07     1.6e+19     5.63202     3.70361     3.47407     3.25377
       1500           0     366.868     279.263    -21.7895         0.1     4163.27     1998.88     6162.15   -0.718446    -184.526     0.23451    0.707063    0.802575    0.857963     2380.88     1.6e+19     5.63459     3.70699      3.4772     3.25715
       1400           0     366.868     279.374    -23.5645         0.1     4165.09      2001.3      6166.4    -2.42397    -186.043    0.235406    0.706801    0.802736    0.857963     2380.68     1.6e+19     5.63717     3.71036     3.48044     3.26061
       1300           0     366.868     279.478    -25.3603         0.1     4170.67     2003.04     6173.71    -1.74234    -187.559    0.236301    0.706556    0.802897    0.857963     2380.49     1.6e+19     5.63975     3.71373     3.48367     3.26391
       1200           0     366.868     279.579    -26.8893         0.1        4188     2004.11     6192.11    -1.06613    -189.073    0.237188    0.706329    0.803053    0.857963     2380.29     1.6e+19      5.6423     3.71707     3.48686     3.26714
       1100           0     366.868     279.679    -27.6755         0.1     4202.24     2004.58     6206.82   -0.468583    -190.549    0.238062    0.706121    0.803205    0.857963      2380.1     1.6e+19     5.64483     3.72039        3.49     3.27031
       1000           0     366.868     279.776    -28.1369         0.1     4214.38     2004.59     6218.97  -0.0112719     -191.96    0.238924    0.705933    0.803356    0.857963     2379.91     1.6e+19     5.64732     3.72367     3.49309     3.27345
        900           0     366.868     279.873    -28.2484         0.1     4226.93     2004.81     6231.74   -0.222789    -193.293    0.239773    0.705766    0.803508    0.857963     2379.72     1.6e+19     5.64978     3.72692     3.49615     3.27655
        800   0.0151267     366.883     279.968    -28.0969         0.1     4240.74     2008.16     6248.91     3.35173     -194.54    0.240611     0.70562    0.803664    0.857963     2379.53     1.6e+19      5.6522     3.73012     3.49917     3.27964
        700   0.0178716     368.399      280.09     -27.657         0.1     4252.38     2012.14     6264.52     3.97666    -195.961    0.241447    0.705498    0.803844    0.857963     2379.36     1.6e+19     5.65462     3.73328     3.50227     3.28344
        600  0.00361924     370.171     280.249    -26.7745         0.1     4273.95     2013.07     6287.02    0.926153    -197.255    0.242331     0.70541     0.80411    0.857963     2379.18     1.6e+19     5.65719     3.73644     3.50583     3.28834
        500 0.000516303      370.53     280.404     -25.598         0.1     4296.06     2013.31     6309.37    0.238647    -198.119    0.243289    0.705373    0.804452    0.857963     2379.01     1.6e+19     5.65997     3.73967     3.50982     3.29322
        400  0.00966643     370.591     280.534    -24.1002         0.1     4330.61      2015.5     6346.11       2.194    -198.821    0.244285    0.705389    0.804799    0.857963     2378.83     1.6e+19     5.66286     3.74298      3.5138     3.29737
        300           0     371.548     280.664    -22.3604         0.1     4354.51     2018.44     6372.94    -2.93689    -199.573    0.245277    0.705447    0.805126    0.857963     2378.66     1.6e+19     5.66575     3.74635     3.51761     3.30146
        200           0     371.548     280.788    -20.1391         0.1     4385.25     2021.93     6407.18    -3.49547    -199.999    0.246266    0.705541    0.805451    0.857963     2378.48     1.6e+19     5.66863     3.74973     3.52136     3.30534
        100  0.00213424      371.55     280.896    -17.0186         0.1     4401.19     2022.49     6423.68    0.558772     -200.28    0.247231    0.705661     0.80575    0.857963     2378.31     1.6e+19     5.67144     3.75311      3.5249     3.30871
          0  0.00165288     371.763         281    -13.4143         0.1     4404.18     2022.95     6427.13    0.454817    -200.422    0.248158    0.705799    0.806023    0.857963     2378.14     1.6e+19     5.67414     3.75643     3.52821     3.31188