      20000           0           0     179.437      354.04         0.4     78.9895     14.2831     93.2726     14.2831      6.5598    0.258968    0.460851    0.605054    0.634429     2456.76     1.6e+19     5.73044     4.59858     4.35318     4.39114
      19900           0           0     179.437      353.13         0.4     151.419     29.7361     181.156     15.4531     6.43382    0.258968    0.460851    0.605054    0.634429     2456.76     1.6e+19     5.73044     4.59858     4.35318     4.39114
      19800           0           0     179.437     352.506         0.4     228.894     46.3592     275.253     16.6231     6.30822    0.258968    0.460851    0.605054    0.634429     2456.76     1.6e+19     5.73044     4.59858     4.35318     4.39114
      19700           0           0     179.437     352.255         0.4     299.319     60.5222     359.841     14.1631     6.19879    0.258968    0.460851    0.605054    0.634429     2456.76     1.6e+19     5.73044     4.59858     4.35318     4.39114
      19600           0           0     179.437      352.29         0.4     351.209     72.5053     423.714     11.9831     6.12087    0.258968    0.460851    0.605054    0.634429     2456.76     1.6e+19     5.73044     4.59858     4.35318     4.39114
      19500           0           0     179.437     350.597         0.4     414.692     82.0183      496.71     9.51306     6.05158    0.258968    0.460851    0.605054    0.634429     2456.76     1.6e+19     5.73044     4.59858     4.35318     4.39114
      19400           0           0     179.437     347.879         0.4     487.353     94.1014     581.454     12.0831     5.90477    0.258968    0.460851    0.605054    0.634429     2456.76     1.6e+19     5.73044     4.59858     4.35318     4.39114
      19300           0           0     179.437     345.374         0.4     558.279     106.214     664.494     12.1131     5.65656    0.258968    0.460851    0.605054    0.634429     2456.76     1.6e+19     5.73044     4.59858     4.35318     4.39114
      19200           0           0     179.437     342.873         0.4     620.606     118.358     738.963     12.1431     5.32496    0.258968    0.460851    0.605054    0.634429     2456.76     1.6e+19     5.73044     4.59858     4.35318     4.39114
      19100           0           0     179.437      342.02         0.4     681.386     130.011     811.397     11.6531     4.94128    0.258968    0.460851    0.605054    0.634429     2456.76     1.6e+19     5.73044     4.59858     4.35318     4.39114
      19000           0           0     179.437     342.156         0.4      741.53     142.474     884.004     12.4631     4.58749    0.258968    0.460851    0.605054    0.634429     2456.76     1.6e+19     5.73044     4.59858     4.35318     4.39114
      18900           0           0     179.437     340.553         0.4     800.577     155.747     956.323     13.2731     4.26219    0.258968    0.460851    0.605054    0.634429     2456.76     1.6e+19     5.73044     4.59858     4.35318     4.39114
      18800           0           0     179.437     337.986         0.4     870.831      166.28     1037.11     10.5331     3.87637    0.258968    0.460851    0.605054    0.634429     2456.76     1.6e+19     5.73044     4.59858     4.35318     4.39114
      18700           0           0     179.437      336.21         0.4     952.601     178.113     1130.71     11.8331     3.41716    0.258968    0.460851    0.605054    0.634429     2456.76     1.6e+19     5.73044     4.59858     4.35318     4.39114
      18600           0           0     179.437     334.818         0.4     1047.59     192.576     1240.17     14.4631     2.92873    0.258968    0.460851    0.605054    0.634429     2456.76     1.6e+19     5.73044     4.59858     4.35318     4.39114
      18500           0           0     179.437     333.482         0.4     1150.05     201.259     1351.31     8.68306     2.42444    0.258968    0.460851    0.605054    0.634429     2456.76     1.6e+19     5.73044     4.59858     4.35318     4.39114
      18400           0           0     179.437     332.205         0.4     1219.19     209.492     1428.69     8.23306      1.9065    0.258968    0.460851    0.605054    0.634429     2456.76     1.6e+19     5.73044     4.59858     4.35318     4.39114
      18300           0           0     179.437     329.228         0.4      1275.7     218.075     1493.77     8.58306     1.34924    0.258968    0.460851    0.605054    0.634429     2456.76     1.6e+19     5.73044     4.59858     4.35318     4.39114
      18200           0           0     179.437       325.2         0.4      1360.8     226.658     1587.45     8.58306    0.672723    0.258968    0.460851    0.605054    0.634429     2456.76     1.6e+19     5.73044     4.59858     4.35318     4.39114
      18100           0           0     179.437     321.768         0.4     1469.79     234.714      1704.5     8.05639   -0.137283    0.258968    0.460851    0.605054    0.634429     2456.76     1.6e+19     5.73044     4.59858     4.35318     4.39114
      18000           0           0     179.437     318.559         0.4     1574.09     243.331     1817.42     8.61639    -1.04056    0.258968    0.460851    0.605054    0.634429     2456.76     1.6e+19     5.73044     4.59858     4.35318     4.39114
      17900           0           0     179.437      317.64         0.4     1670.99     253.364     1924.35     10.0331    -1.98653    0.258968    0.460851    0.605054    0.634429     2456.76     1.6e+19     5.73044     4.59858     4.35318     4.39114
      17800           0           0     179.437     318.134         0.4        1766     264.257     2030.25     10.8931    -2.86227    0.258968    0.460851    0.605054    0.634429     2456.76     1.6e+19     5.73044     4.59858     4.35318     4.39114
      17700           0           0     179.437     316.312         0.4     1860.47      274.54     2135.01     10.2831    -3.66765    0.258968    0.460851    0.605054    0.634429     2456.76     1.6e+19     5.73044     4.59858     4.35318     4.39114
      17600           0           0     179.437     313.229         0.4     1943.92     288.828     2232.75     14.2881    -4.52282    0.258968    0.460851    0.605054    0.634429     2456.76     1.6e+19     5.73044     4.59858     4.35318     4.39114
      17500           0           0     179.437     313.298         0.4     2011.35     302.776     2314.12     13.9481    -5.41147    0.258968    0.460851    0.605054    0.634429     2456.76     1.6e+19     5.73044     4.59858     4.35318     4.39114
      17400           0           0     182.115     344.137         0.4     2042.72     312.444     2355.16     9.66738    -7.03503    0.258968    0.459299    0.604915    0.634429     2457.76     1.6e+19      5.7211     4.59193      4.3525     4.39344
      17300           0           0     182.934     353.815         0.4     2073.54     322.233     2395.78     9.78928    -7.23612    0.258968    0.457387    0.602965    0.634429     2458.73     1.6e+19     5.71793     4.58375     4.34297     4.38361
      17200           0           0      183.39     359.881         0.4     2096.59     335.928     2432.52      13.695    -7.02974    0.258968    0.455248     0.59985    0.634429     2459.65     1.6e+19     5.72125     4.57463     4.32783     4.36492
      17100           0           0     183.841     363.835         0.4     2099.91     350.717     2450.63     14.7892    -6.64495    0.258968    0.452619    0.595693    0.634429     2460.55     1.6e+19     5.72871     4.56346     4.30774     4.33998
      17000           0           0     184.395     366.328         0.4     2106.32     368.422     2474.74     17.7049    -6.19849    0.258968    0.475551    0.587251    0.634429     2461.42     1.6e+19     5.73799     4.54879     4.28324     4.31057
      16900           0           0     185.076     363.157         0.4     2119.69     386.971     2506.66     18.5487    -5.83044    0.258968    0.484658    0.575138    0.634429     2462.28     1.6e+19     5.74731     4.52873     4.25519     4.27796
      16800           0           0     185.879      356.08         0.4     2132.94     406.282     2539.22     19.3111    -5.80695    0.258968    0.484658      0.5616    0.634429     2463.11     1.6e+19     5.75543     4.50524     4.22418     4.24311
      16700           0           0     186.789     347.713         0.4     2143.96     427.383     2571.34     21.1008    -6.22983    0.258968    0.479384    0.548863    0.596992      2463.9     1.6e+19     5.76158     4.47861      4.5905     4.20736
      16600           0           0     187.792     338.163         0.4     2156.83      452.74     2609.57     25.3575    -7.09448    0.258968    0.472202    0.541008    0.572861     2464.62     1.6e+19     5.76538     4.44944     4.55473     4.57412
      16500           0           0     188.875     339.172         0.4     2164.82     472.218     2637.03     19.4779    -8.20911    0.258968    0.432691    0.532904    0.572861      2465.3     1.6e+19      5.7667     4.41878      4.5183     4.53859
      16400   0.0650992   0.0650992     190.027      347.24         0.4     2171.37     496.159     2667.52     23.9409    -8.99678    0.258968    0.412886    0.520135    0.572861     2465.94     1.6e+19     5.76561     4.78854     4.48125     4.50183
      16300    0.112031     6.62196     191.285       352.2         0.4     2187.87      517.39     2705.26     21.2307    -10.7649    0.258968    0.412886    0.503157    0.572861     2466.72     1.6e+19     5.76229     4.75452      4.4446      4.4666
      16200   0.0760242     17.7891     192.695     355.496         0.4     2209.44     544.139     2753.58     26.7499     -13.006    0.258968    0.412886    0.486682    0.572861     2467.58     1.6e+19     5.75699     4.71891     4.40951     4.43546
      16100   0.0102061     25.3257     194.206      347.04         0.4     2227.34     573.671     2801.01     29.5319    -13.9763    0.258968    0.408584    0.476504    0.533276     2468.32     1.6e+19     5.75006     4.68262     4.77547     4.40774
      16000           0     26.3361     195.716     330.695         0.4     2235.28     601.659     2836.94     27.9878    -13.9046    0.258968     0.40056    0.468939    0.505823     2468.83     1.6e+19     5.74185     4.64666     4.74309     4.78268
      15900           0     26.3361      197.19     322.368         0.4     2238.33     628.321     2866.66     26.6624    -14.4411    0.258968    0.346177    0.461459    0.505823     2469.28     1.6e+19     5.73264     4.61253     4.71145     4.75398
      15800   0.0228961      26.359     198.646     318.881         0.4     2244.48     652.035     2896.51     23.7137    -15.3051    0.258968     0.33798    0.448864    0.505823     2469.69     1.6e+19     5.72263     4.98065     4.67971     4.72328
      15700   0.0333912     28.6591     200.114     316.585         0.4     2251.36     675.431     2926.79     23.3957    -16.7666    0.258968     0.33798    0.434171    0.505823     2470.14     1.6e+19     5.71195     4.94703      4.6483     4.69258
      15600   0.0378182     32.0026     201.613     315.314         0.4     2259.71     696.578     2956.29     21.1473    -18.3619    0.257225     0.33798    0.419639    0.505823      2470.6     1.6e+19     5.70073     4.91334     4.61759     4.66315
      15500   0.0355531     35.7822      203.14     313.283         0.4     2268.06     716.968     2985.03     20.3903    -19.8909    0.253347    0.333351    0.408429    0.505823     2471.04     1.6e+19     5.68933     4.88002     4.98734     4.63523
      15400   0.0740301      39.376     204.685      310.86         0.4     2281.28     736.288     3017.57     19.3197    -21.2638    0.249434    0.327017    0.401678    0.469217     2471.46     1.6e+19     5.67787     4.84758     4.95719     4.60927
      15300     0.12868     46.8336     206.271      309.99         0.4     2302.59     757.334     3059.92     21.0457    -23.4048     0.24551    0.287103    0.395355    0.434418     2471.88     1.6e+19     5.66643     4.81691     4.92924     4.98954
      15200    0.169907     59.7429     207.947       310.1         0.4      2324.8      777.46     3102.26     20.1264    -26.4173    0.241633    0.247328    0.389665    0.434418     2472.39     1.6e+19     5.65516     5.18987     4.90433     4.97271
      15100    0.246433     76.8101     209.744      316.39         0.4     2355.84      796.49     3152.33     19.0298    -29.6777    0.237892    0.269662    0.380277    0.434418     2472.98     1.6e+19     5.64434     5.16207      4.8829     4.96018
      15000    0.313349      101.52     211.698     326.894         0.4     2400.68     814.095     3214.78     17.6047    -33.5486    0.234368    0.269662    0.372535    0.434418     2473.75     1.6e+19     5.63418     5.13462      4.8655     4.95371
      14900    0.366823     132.909     213.846     334.811         0.4     2455.95     828.895     3284.85     14.8003    -37.5293    0.231152    0.269662    0.366869    0.434418     2474.67     1.6e+19     5.62494     5.10893     4.85283     4.95477
      14800    0.344623     169.569     216.197     341.257         0.4     2522.15     841.976     3364.13     13.0814    -41.3799    0.228353    0.269662    0.363585    0.434418     2475.71     1.6e+19     5.61692     5.08557     4.84552     4.96352
      14700           0     203.686     218.634     332.044         0.4     2581.19     852.337     3433.53     10.3606    -43.7244    0.226108    0.269662    0.362708    0.434418     2476.67     1.6e+19     5.61051     5.06513     4.84357     4.97748
      14600           0     203.686     212.133     263.389         0.4     2599.54     876.044     3475.59     23.7073    -39.4678   0.0611399     0.33798    0.409342    0.477483     2474.87     1.6e+19     6.50164     4.82952     4.99144     4.61148
      14500           0     203.686     210.275     236.552         0.4     2601.55     905.117     3506.66     29.0726    -40.5794  0.00942211    0.412886    0.505823    0.505823     2473.08     1.6e+19     6.72745     4.64402     4.73722     4.67106
      14400           0     203.686     210.601     219.989         0.4     2607.15     935.869     3543.02     30.7526    -43.5406  0.00145281    0.412886    0.539858    0.505823     2471.23     1.6e+19     6.53392     4.78028     4.41059     4.74226
      14300           0     203.686     211.674     205.716         0.4     2615.72     963.345     3579.07      27.476    -46.9925           0    0.484658    0.572861    0.521217     2469.44     1.6e+19       6.501      4.4386     4.42801     4.40434
      14200           0     203.686     212.931     193.545         0.4     2631.03     988.967        3620     25.6215    -50.4433           0    0.484658    0.572861    0.572861     2467.73     1.6e+19       6.501     4.44913     4.42528     4.44034
      14100           0     203.686     214.184     186.978         0.4     2646.93     1013.12     3660.04     24.1491     -53.613           0    0.484658    0.552876    0.572861     2465.97     1.6e+19       6.501     4.43711     4.41578     4.46553
      14000           0     203.686     215.384      183.93         0.4      2672.1     1034.72     3706.81     21.6008    -56.2649           0    0.466356    0.531428    0.572861     2464.13     1.6e+19       6.501     4.41632     4.40901     4.48489
      13900           0     203.686      216.53     178.909         0.4      2702.5     1058.76     3761.26     24.0403    -58.4287           0    0.420217    0.520858    0.572861     2462.17     1.6e+19       6.501      4.4022     4.40556     4.50147
      13800           0     203.686     217.634     173.027         0.4     2724.18     1079.64     3803.81      20.881    -60.3339           0    0.412886    0.519816    0.572861     2460.13     1.6e+19       6.501      4.7933     4.40544     4.51718
      13700           0     203.686     218.704     168.731         0.4     2761.77     1102.28     3864.05     22.6462    -62.0711           0    0.412886     0.52617    0.572861     2458.07     1.6e+19       6.501     4.78618     4.40832     4.53312
      13600           0     203.686     219.739     165.323         0.4     2792.11     1123.75     3915.86     21.4657    -63.6341           0    0.412886    0.537802    0.572861     2456.01     1.6e+19       6.501     4.78235     4.41377     4.54982
      13500           0     203.686     220.741     168.513         0.4     2822.84     1138.84     3961.68     15.0888    -64.9438           0    0.412886    0.553091    0.572861     2453.96     1.6e+19       6.501     4.78236     4.42142      4.5675
      13400           0     203.686     221.711     175.712         0.4     2852.22     1156.17     4008.39     17.3293    -65.7305           0    0.412886    0.570792    0.572861     2451.92     1.6e+19       6.501      4.7862     4.43101      4.5862
      13300           0     203.686      222.65     172.716         0.4     2882.24     1170.38     4052.62     14.2102    -66.1324 0.000954076    0.412886    0.572861    0.589939      2449.9     1.6e+19     6.52223     4.79363     4.44358     4.20521
      13200           0     203.686     226.197     193.568         0.4     2895.02      1184.1     4079.12     13.7179     -66.574   0.0186569    0.412886    0.572861    0.634429     2449.95     1.6e+19     6.23345     4.79665     4.46942     4.21913
      13100           0     203.686     228.443     200.188         0.4     2901.79     1191.52      4093.3     7.42194    -65.9674   0.0588984    0.412886    0.572861    0.634429     2450.17     1.6e+19     6.48685     4.79329     4.48433     4.22451
      13000           0     203.686     230.256     206.082         0.4     2916.58     1199.75     4116.33     8.23048    -64.9839    0.089913    0.412886    0.572861    0.634429     2450.48     1.6e+19     5.89281     4.77572     4.48373     4.22237
      12900   0.0440041      203.73     231.709     212.381         0.4     2916.94     1206.75     4123.69     6.99836    -63.8294    0.134771    0.412886    0.572861    0.615654     2450.86     1.6e+19     6.05473     4.74855     4.47315     4.21307
      12800   0.0715503     208.158     232.843     218.729         0.4     2925.53     1214.79     4140.32     8.03858    -63.4954    0.149485    0.412886    0.572861    0.578846     2451.38     1.6e+19     6.18687     4.71747     4.45809     4.20182
      12700   0.0169187     215.259     233.933     220.944         0.4     2928.75     1223.46     4152.21     8.66972    -63.5559    0.181955    0.412886    0.567325    0.572861     2451.97     1.6e+19     5.48725     4.68571     4.44174     4.58942
      12600           0     216.934     235.139     220.259         0.4     2944.29     1233.47     4177.75     10.0107    -62.4571    0.210225    0.407245    0.540238    0.572861     2452.45     1.6e+19     5.56554     4.65291     4.42448     4.57286
      12500           0     216.934     236.361     220.112         0.4     2957.31     1244.09      4201.4     10.6268    -61.3531    0.231706    0.365549    0.513714    0.572861     2452.89     1.6e+19     5.62653     4.62201     4.40588     4.55183
      12400           0     216.934     237.587     220.092         0.4     2972.44     1252.61     4225.05     8.51302    -60.5871     0.24798     0.33798    0.505823    0.572861     2453.31     1.6e+19     5.67363     4.99375      4.7847     4.52775
      12300           0     216.934     238.824     218.754         0.4     2976.62     1260.57     4237.19     7.96214    -60.1236    0.258968     0.33798    0.505823    0.572861     2453.75     1.6e+19     5.70962     4.96539     4.76062     4.50164
      12200   0.0632746     216.997     240.073     216.434         0.4     2986.91      1269.8     4256.71     9.22929    -59.9966    0.258968     0.33798    0.505823    0.572861     2454.19     1.6e+19     5.73723      4.9374       4.735     4.47421
      12100    0.129537     223.391     241.387     215.566         0.4     3006.17     1280.85     4287.03     11.0551    -61.5011    0.258968     0.33798    0.505823    0.572861     2454.79     1.6e+19     5.75822     4.90992     4.70877     4.44793
      12000    0.194423     236.409      242.84     215.511         0.4     3034.16     1288.11     4322.27     7.25771    -64.2829    0.258968     0.33798     0.49441    0.572861     2455.55     1.6e+19     5.77365     4.88304     4.68378     4.42585
      11900    0.230215     255.887     244.481     216.248         0.4     3066.82     1298.18        4365     10.0728    -67.9916    0.258968    0.336163     0.47164    0.544455     2456.44     1.6e+19     5.78451     4.85695     4.66292      4.4109
      11800    0.317291     278.996     246.323      217.52         0.4     3105.23      1306.9     4412.13     8.71736    -71.7858    0.258968    0.316281    0.454962    0.523592     2457.37     1.6e+19     5.79183     4.83281      4.6471     4.40501
      11700    0.107465     310.515       248.4     226.092         0.4     3155.58     1315.08     4470.66     8.18246     -76.479    0.258968    0.288825    0.443783    0.528221     2458.46     1.6e+19     5.79659     4.81166     4.63627     4.40631
      11600   0.0602354     321.215     237.042      200.35         0.4     3186.81      1335.4     4522.21     20.3215    -75.5949    0.126933     0.33798    0.505823    0.572861     2457.39     1.6e+19     6.02576     4.97196     4.77314     4.42612
      11500           0     327.178     233.313     182.499         0.4     3209.87     1367.86     4577.73     32.4539    -76.3903   0.0626741    0.412886    0.572861    0.572861     2456.09     1.6e+19     6.51181     4.78827      4.5195     4.48703
      11400  0.00345371     327.181     232.916     158.862         0.4     3221.78     1402.89     4624.68      35.036    -77.6361   0.0362414    0.484658    0.572861    0.572861      2454.6     1.6e+19     6.34143     4.52215     4.59603     4.56093
      11300  0.00579686     327.529     233.689     147.641         0.4     3227.32     1434.68        4662     31.7887    -80.0764   0.0215802    0.484658    0.630707    0.634429      2453.1     1.6e+19     6.25112     4.58879     4.21834     4.22183
      11200           0     328.103     234.833      143.34         0.4     3228.02      1464.7     4692.72     30.0173    -82.5901   0.0134532    0.508776    0.621543    0.634429     2451.66     1.6e+19     6.20561       4.207     4.21622     4.25928
      11100           0     328.103     236.044      135.61         0.4      3247.6     1493.56     4741.16      28.856      -84.73   0.0117222    0.484933    0.600035    0.634429     2450.12     1.6e+19     6.78576     4.20008     4.20951     4.28627
      11000           0     328.103     237.229     126.266         0.4     3275.94     1521.13     4797.06     27.5711    -86.8475   0.0116128    0.484658    0.583103    0.634429     2448.49     1.6e+19     6.78296     4.58472     4.20376     4.30632
      10900           0     328.103     238.369     120.888         0.4     3294.92     1550.36     4845.28     29.2307    -88.9436   0.0119409    0.484658    0.573819    0.634429     2446.82     1.6e+19     6.79136     4.56587     4.20037     4.32259
      10800           0     328.103     239.463     117.756         0.4     3302.25     1576.45     4878.69     26.0871    -90.8507   0.0136313    0.484658    0.572861    0.634429     2445.11     1.6e+19     6.20646     4.54831     4.59934     4.33712
      10700           0     328.103     240.512     113.727         0.4     3311.17     1602.16     4913.33     25.7131    -92.5744   0.0172385    0.484658    0.574979    0.634429     2443.39     1.6e+19     6.22492     4.53426      4.2009     4.35116
      10600           0     328.103     241.519     109.304         0.4     3324.29     1627.54     4951.83     25.3806    -94.2255   0.0207072    0.484658    0.583062    0.634429     2441.67     1.6e+19     6.24583     4.52456     4.20458     4.36547
      10500           0     328.103     242.488     106.611         0.4     3337.63     1652.55     4990.18      25.012    -95.8248   0.0243919    0.484658    0.594237    0.634429     2439.96     1.6e+19     6.26822     4.51926      4.2101     4.38033
      10400           0     328.103      243.42     104.933         0.4      3351.6     1675.33     5026.93     22.7797    -97.3144    0.028177    0.484658     0.60757    0.634429     2438.27     1.6e+19      6.2914     4.51806     4.21726     4.39588
      10300           0     328.103     244.319     103.845         0.4     3358.95     1695.91     5054.86     20.5811     -98.685   0.0319872    0.484658    0.621874    0.662604     2436.62     1.6e+19     6.31493     4.52051     4.22566     4.00938
      10200           0     328.103     245.185     102.678         0.4     3367.14     1716.43     5083.57     20.5152    -99.9415   0.0357729    0.484658    0.634429    0.688934     2435.06     1.6e+19      6.3385     4.52611     4.23405     4.01818
      10100           0     328.103     246.018       100.5         0.4     3391.45     1734.11     5125.56     17.6821    -101.149   0.0394985    0.484658    0.634429    0.690526     2433.54     1.6e+19     6.36189      4.5343     4.24345     4.02699
      10000    0.079205     328.182     246.821     97.9998         0.4     3409.16     1751.29     5160.45     17.1793    -102.378   0.0431434    0.484658    0.634429    0.690526     2432.03     1.6e+19     6.38496     4.54467       4.255     4.03853
       9900   0.0759101     336.099     247.695     95.1887         0.4      3416.1     1767.89        5184     16.6047    -105.181   0.0467161    0.484658    0.634429    0.690526     2430.71     1.6e+19     6.40776     4.55693     4.26889      4.0547
       9800    0.068401     343.683     248.658     92.1592         0.4     3424.32     1782.98     5207.29     15.0858    -107.593   0.0502917    0.484658    0.634429    0.690526     2429.38     1.6e+19     6.43075     4.57096     4.28597     4.07577
       9700    0.060942     350.515     249.642     89.0049         0.4     3425.57     1796.52     5222.09     13.5457    -109.655   0.0539097    0.484658    0.634429    0.690526     2428.05     1.6e+19      6.4542     4.58679     4.30604     4.09976
       9600   0.0536058     356.602     250.617     85.7699         0.4     3426.38     1808.54     5234.92     12.0147    -111.474   0.0575674    0.494436    0.634429    0.690526      2426.7     1.6e+19     6.47811     4.20392     4.32845     4.12543
       9500   0.0464483     361.956     251.568     82.4789         0.4     3431.71     1819.05     5250.76      10.507    -113.123   0.0612399    0.524849    0.634429    0.690526     2425.38     1.6e+19     6.50231     4.21697     4.35244     4.15203
       9400   0.0570815     366.611     252.485     79.9647         0.4     3454.01     1831.76     5285.77     12.7154    -114.648   0.0630091    0.546964    0.634429    0.690526     2424.08     1.6e+19     6.52663     4.22772     4.37727     4.17899
       9300   0.0460787     372.308     253.383     77.8852         0.4     3475.68     1842.18     5317.86     10.4172    -116.381   0.0630091    0.551677     0.63887    0.706312     2422.84     1.6e+19     6.55125      4.2391     4.00235     3.80579
       9200   0.0414943     376.912     254.262     76.0629         0.4     3496.45     1851.62     5348.07     9.43841    -117.838   0.0630091    0.551677    0.673291    0.741151     2421.69     1.6e+19     6.57595     4.25373     4.02171     3.82402
       9100   0.0294577     381.049     255.104     74.4293         0.4     3509.28     1858.51      5367.8     6.89553    -119.193   0.0631299    0.551677    0.690526    0.741151     2420.59     1.6e+19     5.80041     4.27057     4.03709     3.84059
       9000   0.0128935     383.978       255.9     72.9622         0.4     3520.06     1861.91     5381.97     3.39956    -120.313   0.0694643    0.551677    0.690526    0.741151     2419.48     1.6e+19     5.82199     4.28878     4.05384     3.85719
       8900    0.016055     385.271     256.636     71.6706         0.4     3541.56     1865.93     5407.49     4.01401    -121.159   0.0753697    0.551677    0.690526    0.741151     2418.35     1.6e+19     5.84226     4.30791     4.07172     3.87356
       8800   0.0122595     386.873     257.326     70.5012         0.4     3551.54     1869.12     5420.67     3.19886    -122.157   0.0809165    0.551677    0.690526    0.741151     2417.23     1.6e+19     5.86143     4.32758     4.08988     3.88994
       8700  0.00860253     388.095     257.987     69.4301         0.4        3554     1871.54     5425.53     2.41324    -123.124   0.0861626    0.551677    0.690526    0.741151     2416.11     1.6e+19     5.87969      4.3475     4.10807     3.90654
       8600  0.00639439     388.953     258.619     68.4481         0.4     3556.78     1873.47     5430.25     1.93063    -124.059   0.0911546    0.551677    0.690526    0.741151     2414.99     1.6e+19     5.89717     4.36748     4.12621     3.92327
       8500   0.0042878      389.59     259.227     67.5425         0.4     3560.14     1874.94     5435.08     1.47269    -124.987    0.095928    0.551677    0.690526    0.741151     2413.88     1.6e+19     5.91399     4.38737     4.14425     3.94009
       8400  0.00443574     390.019     259.814     67.1363         0.4      3560.3     1876.43     5436.73     1.48597    -125.892    0.100513    0.565785    0.690526    0.741151     2412.77     1.6e+19     5.93024     4.00621     4.16216     3.95697
       8300           0     390.458     260.382     67.0538         0.4     3571.51     1878.51     5450.02    -2.08205    -126.788    0.104926    0.592753    0.690526    0.741151     2411.71     1.6e+19     5.94598     4.01905     4.17989     3.97396
       8200           0     390.458     260.924     67.2006         0.4     3578.25     1880.56     5458.81    -2.04883    -127.565    0.109164    0.610646    0.690526    0.741151     2410.69     1.6e+19     5.96117      4.0288     4.19726     3.99092
       8100           0     390.458     261.438     67.5451         0.4     3588.04     1882.55     5470.59    -1.98773    -128.311    0.113219    0.613942     0.70898    0.756899     2409.71     1.6e+19     5.97578     4.03826     3.81204     3.60644
       8000           0     390.458     261.927     68.0503         0.4     3589.85     1884.75      5474.6     -2.2021     -129.01     0.11709    0.613942    0.724207    0.780192     2408.81     1.6e+19      5.9898     4.04939     3.82315     3.61601
       7900           0     390.458     262.393     68.7644         0.4      3600.8     1887.14     5487.94    -2.39307    -129.651    0.120777    0.613942    0.734857    0.786217     2407.99     1.6e+19     6.00322     4.06143     3.83209     3.62296
       7800           0     390.458     262.837     69.6475         0.4     3609.45     1890.28     5499.72    -3.13706    -130.223    0.124286    0.613942    0.741151    0.786217     2407.18     1.6e+19     6.01605     4.07387     3.84033     3.63055
       7700           0     390.458     263.262     70.6861         0.4     3615.82     1893.14     5508.96    -2.86214    -130.718    0.127629    0.613942    0.741151    0.786217     2406.38     1.6e+19     6.02832     4.08646     3.84944      3.6388
       7600           0     390.458     263.673     71.8889         0.4     3624.32     1896.71     5521.03     -3.5726    -131.132    0.130828    0.613942    0.741151    0.786217     2405.59     1.6e+19     6.04012     4.09907     3.85935     3.64774
       7500           0     390.458     264.072     73.2267         0.4     3638.15     1900.96     5539.11    -4.24676    -131.461    0.133905    0.613942    0.741151    0.786217     2404.81     1.6e+19     6.05151     4.11168     3.86976     3.65732
       7400           0     390.458     264.462     73.6458         0.4     3655.21     1905.87     5561.08    -4.91179    -131.722    0.136881    0.613942    0.741151    0.786217     2404.03     1.6e+19     6.06258     4.12423     3.88053     3.66743
       7300           0     390.458     264.844     73.5403         0.4     3673.61     1909.44     5583.05    -3.56923    -131.968    0.139773    0.613942    0.741151    0.786217     2403.26     1.6e+19     6.07336     4.13671     3.89156     3.67798
       7200           0     390.458      265.22     73.1588         0.4     3695.66     1911.66     5607.32     -2.2202    -132.219    0.142593    0.613942    0.741151    0.786217     2402.49     1.6e+19     6.08393     4.14911      3.9028     3.68889
       7100           0     390.458     265.591     72.5879         0.4     3718.37     1914.95     5633.32    -3.29063    -132.485    0.145354    0.613942    0.741151    0.786217     2401.73     1.6e+19     6.09431     4.16143     3.91418     3.70008
       7000           0     390.458     265.956      71.876         0.4     3733.39     1923.31      5656.7    -8.35624     -132.77    0.148064    0.613942    0.741151    0.786217     2400.98     1.6e+19     6.10453     4.17365     3.92569      3.7115
       6900           0     390.458     266.318     71.0659         0.4     3748.38     1931.53     5679.91    -8.21762    -133.075    0.149485    0.613942    0.741151    0.786217     2400.22     1.6e+19     6.11467     4.18579     3.93729     3.72309
       6800           0     390.458     266.676     70.1776         0.4     3761.55      1935.3     5696.85    -3.77569    -133.402    0.149485    0.613942    0.741151    0.786217     2399.47     1.6e+19     6.12509     4.19787     3.94896     3.73482
       6700           0     390.458     267.032     69.2361         0.4     3774.25     1940.23     5714.48    -4.93171     -133.75    0.149485    0.627741    0.741151    0.786217     2398.73     1.6e+19     6.13569     3.80815     3.96072     3.74666
       6600           0     390.458     267.384     68.2704         0.4     3787.63     1948.22     5735.84    -7.98409    -134.119    0.149485    0.639437    0.741151    0.786217     2398.01     1.6e+19     6.14636     3.81586     3.97249     3.75859
       6500           0     390.458      267.73     67.2719         0.4      3798.1     1954.85     5752.95    -6.63046    -134.507    0.149485    0.648331    0.741151    0.786217      2397.3     1.6e+19       6.157     3.82252     3.98419     3.77057
       6400           0     390.458      268.07     66.5506         0.4        3808     1961.72     5769.72    -6.87026    -134.909    0.149485    0.655703    0.741151    0.786217     2396.61     1.6e+19     6.16755     3.82879     3.99579     3.78255
       6300           0     390.458     268.404     65.9902         0.4     3818.69     1967.17     5785.86     -5.4538    -135.309    0.149485    0.662115    0.747984    0.786217     2395.93     1.6e+19     6.17799     3.83495     3.60656     3.79447
       6200           0     390.458      268.73     65.5268         0.4     3837.36      1972.1     5809.46    -4.93048    -135.699    0.149485    0.667791    0.756711    0.797033     2395.28     1.6e+19     6.18827     3.84112     3.61573     3.40509
       6100           0     390.458     269.049     65.1506         0.4     3856.85      1976.5     5833.35    -4.39867    -136.076    0.149485    0.671454    0.763359    0.811602     2394.69     1.6e+19     6.19836     3.84736     3.62363     3.41195
       6000           0     390.458     269.357     64.8335         0.4     3865.43     1980.36     5845.79    -3.85693    -136.438    0.152264    0.671454     0.76827     0.82191     2394.13     1.6e+19     5.40736     3.85432     3.63038     3.41683
       5900           0     390.458     269.654     64.5641         0.4     3875.91     1986.31     5862.22    -5.95417    -136.784     0.15535    0.671454    0.771984    0.825184      2393.6     1.6e+19     5.41556      3.8619     3.63635     3.42099
       5800           0     390.458      269.94     64.3334         0.4     3892.61     1990.75     5883.36    -4.43983    -137.114    0.158243    0.671454     0.77507    0.825184     2393.09     1.6e+19     5.42326     3.86978     3.64208     3.42586
       5700           0     390.458     270.215     64.1357         0.4     3899.52     1995.07     5894.59    -4.31464    -137.427    0.160983    0.671454    0.777825    0.825184     2392.58     1.6e+19     5.43058     3.87778     3.64789     3.43126
       5600           0     390.458      270.48      63.967         0.4      3904.7      1999.4     5904.09    -4.32987    -137.725    0.163595    0.671454    0.780318    0.825184     2392.09     1.6e+19     5.43758     3.88579     3.65382     3.43702
       5500           0     390.458     270.737     63.8239         0.4     3919.78     2003.73     5923.52    -4.33681    -138.008    0.166101    0.671454    0.782563    0.825184      2391.6     1.6e+19      5.4443     3.89375     3.65989     3.44303
       5400           0     390.458     270.987     62.9853         0.4     3934.18     2008.29     5942.47    -4.56153    -138.289    0.168514    0.671454    0.784565    0.825184     2391.12     1.6e+19      5.4508     3.90163     3.66607     3.44924
       5300           0     390.458      271.23     61.7241         0.4     3940.97     2013.07     5954.05     -4.7799    -138.607    0.170847    0.671454    0.786217    0.825184     2390.65     1.6e+19     5.45709     3.90941     3.67235     3.45559
       5200           0     390.458     271.468     60.2273         0.4     3960.04     2014.74     5974.78    -1.66771    -138.976    0.173112    0.671454    0.786217    0.825184     2390.18     1.6e+19     5.46321     3.91709     3.67887     3.46208
       5100           0     390.458     271.701     58.5768         0.4     3966.04     2017.24     5983.29    -2.50085    -139.402    0.175316    0.671454    0.786217    0.825184     2389.72     1.6e+19     5.46919     3.92466     3.68561     3.46872
       5000           0     390.458      271.93     56.7889         0.4     3966.37     2020.57     5986.95    -3.33009    -139.886     0.17747    0.671454    0.786217    0.825184     2389.27     1.6e+19     5.47504     3.93215     3.69247      3.4755
       4900           0     390.458     272.156     54.9148         0.4     3968.19     2022.73     5990.92    -2.15591    -140.429     0.17958    0.671454    0.786217    0.825184     2388.81     1.6e+19     5.48078     3.93954     3.69941      3.4824
       4800           0     390.458     272.379     52.9579         0.4     3970.51     2024.36     5994.87    -1.62868     -141.03    0.181652    0.671454    0.786217    0.825184     2388.36     1.6e+19     5.48643     3.94686     3.70639     3.48939
       4700           0     390.458     272.599     50.9365         0.4      3978.7     2025.46     6004.16     -1.0987     -141.69     0.18369    0.671454    0.786217    0.825184     2387.92     1.6e+19       5.492     3.95409     3.71339     3.49644
       4600           0     390.458     272.816     48.8807         0.4     3979.41     2028.47     6007.88     -3.0162    -142.404    0.185698    0.671454    0.786217    0.825184     2387.48     1.6e+19     5.49749     3.96125     3.72039     3.50354
       4500           0     390.458     273.031     46.7717         0.4     3981.96      2032.4     6014.36    -3.93136    -143.172    0.187678    0.671454    0.786217    0.825184     2387.04     1.6e+19     5.50292     3.96834      3.7274     3.51066
       4400           0     390.458     273.244     44.9817         0.4     3985.17     2034.55     6019.72    -2.14435    -143.985    0.189632    0.671454    0.786217    0.825184     2386.61     1.6e+19      5.5083     3.97536     3.73439      3.5178
       4300           0     390.458     273.455     43.3683         0.4     3986.05      2036.5     6022.55    -1.95528    -144.824    0.191562    0.671454    0.786217    0.825184     2386.18     1.6e+19     5.51361     3.98231     3.74137     3.52494
       4200           0     390.458     273.664     41.8479         0.4     3991.43     2037.97      6029.4    -1.46428    -145.681     0.19347    0.671454    0.786217    0.825184     2385.75     1.6e+19     5.51888     3.98921     3.74832     3.53207
       4100           0     390.458     273.871     40.4024         0.4     4000.88     2040.14     6041.02    -2.17143     -146.55    0.195358    0.671454    0.786217    0.825184     2385.33     1.6e+19     5.52409     3.99604     3.75525     3.53919
       4000           0     390.458     274.077     39.0014         0.4     4010.78     2040.92      6051.7   -0.776798    -147.429    0.197224    0.674734    0.786217    0.825184     2384.91     1.6e+19     5.52926     3.60253     3.76215     3.54629
       3900  0.00197989      390.46      274.28     37.6302         0.4     4023.51     2041.54     6065.05    0.620167    -148.316     0.19907    0.680828    0.786217    0.825184      2384.5     1.6e+19     5.53438     3.60762       3.769     3.55337
       3800           0     390.656     274.482     36.2757         0.4      4034.8     2042.57     6077.36    -1.03157    -149.249    0.200887    0.685401    0.786217    0.825184     2384.11     1.6e+19     5.53944     3.61192     3.77576     3.56047
       3700           0     390.656     274.679     34.3627         0.4     4050.29     2043.92     6094.21    -1.35423    -150.147    0.202673    0.689099    0.786217    0.825184     2383.73     1.6e+19     5.54441     3.61587     3.78244     3.56753
       3600           0     390.656     274.871     30.9279         0.4     4063.46     2045.59     6109.05    -1.67073    -151.128    0.204422    0.692234    0.786217    0.825184     2383.35     1.6e+19     5.54929     3.61966     3.78901     3.57447
       3500           0     390.656     275.057     26.8277         0.4     4075.95     2045.65      6121.6  -0.0571613    -152.246    0.206132     0.69496    0.786217    0.825184     2382.98     1.6e+19     5.55407      3.6234     3.79546      3.5813
       3400           0     390.656     275.239     22.4816         0.4     4084.58     2046.89     6131.47    -1.23921    -153.516    0.207802    0.697363    0.787185    0.825184     2382.62     1.6e+19     5.55874     3.62714     3.40169     3.58803
       3300           0     390.656     275.417     17.8916         0.4     4085.18     2047.96     6133.14    -1.06717    -154.934    0.209432    0.699488    0.790148    0.825184     2382.27     1.6e+19     5.56331     3.63089     3.40723     3.59459
       3200           0     390.656     275.591      13.629         0.4     4085.92     2048.85     6134.77   -0.890782    -156.496    0.211022    0.701353    0.792635    0.826681     2381.93     1.6e+19     5.56778     3.63466     3.41241     3.20083
       3100           0     390.656      275.76     10.6681         0.4     4086.71     2049.96     6136.66    -1.10992    -158.131     0.21257    0.702977    0.794685    0.834892     2381.61     1.6e+19     5.57213     3.63844     3.41723      3.2054
       3000           0     390.656     275.924     8.17433         0.4     4088.99     2051.28     6140.28    -1.32423    -159.784    0.214076    0.704373    0.796247    0.840781     2381.31     1.6e+19     5.57638     3.64222     3.42145     3.20867
       2900           0     390.656     276.083     6.01303         0.4     4091.76     2051.86     6143.62   -0.583044    -161.433    0.215536    0.705549    0.797414    0.845424     2381.03     1.6e+19      5.5805       3.646     3.42517     3.21126
       2800           0     390.656     276.236     4.08747         0.4     4094.93      2052.8     6147.73   -0.935933    -163.067    0.216947    0.706514     0.79829    0.849326     2380.77     1.6e+19     5.58448     3.64975     3.42852     3.21344
       2700   0.0110884     390.667     276.383     2.16263         0.4     4098.71     2055.32     6154.03     2.51721    -164.682    0.218307    0.707286    0.798953    0.852752     2380.52     1.6e+19     5.58833     3.65346      3.4316     3.21535
       2600           0     391.765     276.538   -0.107738         0.4     4111.66     2057.96     6169.61    -2.63795    -166.496     0.21962    0.707883    0.799474    0.856402      2380.3     1.6e+19     5.59205     3.65715     3.43453     3.21739
       2500  0.00500279      391.77      276.69    -2.46961         0.4      4112.2     2059.16     6171.37      1.2096    -168.071    0.220905    0.708334    0.799917    0.857963     2380.08     1.6e+19      5.5957     3.66082     3.43744      3.2194
       2400  0.00293228     392.268     276.835    -4.85972         0.4     4113.64     2059.93     6173.57     0.76476    -169.767    0.222153     0.70866    0.800297    0.857963     2379.86     1.6e+19     5.59924     3.66448     3.44035     3.22177
       2300 0.000199311     392.559     276.976    -7.27512         0.4     4114.18      2060.1     6174.28    0.173535    -171.429    0.223367    0.708877    0.800659    0.857963     2379.65     1.6e+19     5.60269     3.66813     3.44336     3.22448
       2200           0     392.579     277.109    -9.55097         0.4     4121.24     2060.51     6181.75   -0.408804    -173.058    0.224543    0.709002    0.800996    0.857963     2379.43     1.6e+19     5.60604     3.67179     3.44647     3.22731
       2100           0     392.579     277.233    -11.4198         0.4     4121.33     2060.94     6182.28    -0.43263    -174.691    0.225678    0.709044    0.801293    0.857963     2379.22     1.6e+19     5.60928     3.67544     3.44959     3.23015
       2000           0     392.579     277.351    -13.1196         0.4     4121.35      2061.4     6182.75   -0.450833    -176.315     0.22677    0.709014     0.80155    0.857963     2379.01     1.6e+19      5.6124     3.67907     3.45271     3.23304
       1900           0     392.579     277.465    -14.6904         0.4     4122.16     2061.46     6183.63   0.0682646     -177.92    0.227822    0.708918    0.801771    0.857963      2378.8     1.6e+19      5.6154     3.68269     3.45582     3.23597
       1800           0     392.579     277.576    -16.1612         0.4     4122.38     2061.55     6183.93   0.0904017    -179.502     0.22884    0.708768    0.801964    0.857963     2378.59     1.6e+19     5.61831     3.68627     3.45893     3.23895
       1700  0.00389513     392.582     277.685    -17.6464         0.4     4123.93      2062.5     6186.42    0.941661    -181.059    0.229826    0.708574    0.802134    0.857963     2378.38     1.6e+19     5.62114     3.68983     3.46203     3.24197
       1600   0.0110829     392.979     277.797    -19.3242         0.4     4125.13     2064.99     6190.12      2.4908    -182.671    0.230789    0.708346    0.802292    0.857963     2378.19     1.6e+19      5.6239     3.69336     3.46516     3.24514
       1500  0.00233137     394.079     277.922    -21.0696         0.4     4126.76     2065.61     6192.37     0.62305    -184.385    0.231743    0.708097    0.802463    0.857963     2378.01     1.6e+19     5.62663     3.69687     3.46839     3.24872
       1400           0     394.309     278.049    -22.8493         0.4     4127.86     2066.71     6194.57    -1.09869    -185.894    0.232706    0.707843    0.802661    0.857963     2377.82     1.6e+19      5.6294     3.70037      3.4718     3.25243
       1300           0     394.309     278.165     -24.644         0.4     4132.72     2067.14     6199.86   -0.428756    -187.363    0.233671    0.707596    0.802855    0.857963     2377.62     1.6e+19     5.63217     3.70389     3.47522     3.25591
       1200 0.000636602      394.31     278.273    -26.1685         0.4     4149.33     2067.38     6216.71    0.240056     -188.84    0.234623    0.707355    0.803026    0.857963     2377.42     1.6e+19     5.63491     3.70741     3.47858     3.25923
       1100  0.00339703     394.377     278.378    -26.9488         0.4     4162.85     2068.21     6231.06    0.831514    -190.298    0.235556     0.70712    0.803179    0.857963     2377.23     1.6e+19      5.6376     3.71091     3.48185     3.26246
       1000   0.0054664     394.718     278.486    -27.4079         0.4     4174.26     2069.49     6243.74     1.27937    -191.745    0.236471    0.706894    0.803322    0.857963     2377.04     1.6e+19     5.64024     3.71438     3.48508     3.26574
        900  0.00438713     395.264     278.598    -27.5224         0.4     4186.08     2070.54     6256.62     1.05163     -193.14    0.237376    0.706678    0.803473    0.857963     2376.87     1.6e+19     5.64285     3.71781     3.48832     3.26918
        800   0.0208894     395.719     278.714    -27.3749         0.4     4199.17     2075.15     6274.32      4.6061    -194.416    0.238279    0.706481     0.80364    0.857963     2376.69     1.6e+19     5.64546     3.72121     3.49161     3.27271
        700   0.0235937     397.811     278.851    -26.9399         0.4     4210.09     2080.36     6290.45     5.21597    -195.883    0.239191    0.706307    0.803834    0.857963     2376.55     1.6e+19     5.64809      3.7246     3.49502     3.27679
        600  0.00933221     400.156     279.017    -26.0621         0.4     4230.95     2082.52     6313.47      2.1585    -197.212    0.240145    0.706167    0.804097    0.857963     2376.42     1.6e+19     5.65085     3.72801     3.49879     3.28164
        500  0.00615639     401.086     279.181      -24.89         0.4     4252.35     2083.98     6336.33     1.46173    -198.102    0.241157    0.706076     0.80442    0.857963     2376.26     1.6e+19     5.65378     3.73148     3.50287      3.2865
        400   0.0152031     401.711     279.327    -23.3969         0.4      4286.2     2087.38     6373.59     3.40003    -198.823    0.242199    0.706035    0.804751    0.857963     2376.09     1.6e+19     5.65681     3.73503     3.50698     3.29089
        300           0     403.216     279.475    -21.6612         0.4      4309.4     2089.13     6398.53    -1.74794    -199.588    0.243245    0.706035     0.80507    0.857963     2375.94     1.6e+19     5.65984     3.73862       3.511     3.29523
        200           0     403.216     279.611    -19.4346         0.4     4339.43     2091.45     6430.88    -2.31807    -199.926    0.244289    0.706071    0.805385    0.857963     2375.77     1.6e+19     5.66288     3.74224     3.51494     3.29924
        100  0.00754566     403.223     279.726    -16.3023         0.4     4354.66     2093.18     6447.84     1.72877    -200.142    0.245305    0.706134    0.805665    0.857963     2375.59     1.6e+19     5.66583     3.74584     3.51863     3.30267
          0  0.00698356     403.977     279.842     -12.692         0.4     4356.93     2094.79     6451.72     1.61358    -200.329    0.246277    0.706214    0.805916    0.857963     2375.44     1.6e+19     5.66866     3.74939     3.52208     3.30601