      20000           0           0     179.437      354.04           1     78.9895     14.2831     93.2726     14.2831      6.5598    0.258968    0.460851    0.605054    0.634429     2456.76     1.6e+19     5.73044     4.59858     4.35318     4.39114
      19900           0           0     179.437      353.13           1     151.419     29.7361     181.156     15.4531     6.43382    0.258968    0.460851    0.605054    0.634429     2456.76     1.6e+19     5.73044     4.59858     4.35318     4.39114
      19800           0           0     179.437     352.506           1     228.894     46.3592     275.253     16.6231     6.30822    0.258968    0.460851    0.605054    0.634429     2456.76     1.6e+19     5.73044     4.59858     4.35318     4.39114
      19700           0           0     179.437     352.255           1     299.319     60.5222     359.841     14.1631     6.19879    0.258968    0.460851    0.605054    0.634429     2456.76     1.6e+19     5.73044     4.59858     4.35318     4.39114
      19600           0           0     179.437      352.29           1     351.209     72.5053     423.714     11.9831     6.12087    0.258968    0.460851    0.605054    0.634429     2456.76     1.6e+19     5.73044     4.59858     4.35318     4.39114
      19500           0           0     179.437     350.597           1     414.692     82.0183      496.71     9.51306     6.05158    0.258968    0.460851    0.605054    0.634429     2456.76     1.6e+19     5.73044     4.59858     4.35318     4.39114
      19400           0           0     179.437     347.879           1     487.353     94.1014     581.454     12.0831     5.90477    0.258968    0.460851    0.605054    0.634429     2456.76     1.6e+19     5.73044     4.59858     4.35318     4.39114
      19300           0           0     179.437     345.374           1     558.279     106.214     664.494     12.1131     5.65656    0.258968    0.460851    0.605054    0.634429     2456.76     1.6e+19     5.73044     4.59858     4.35318     4.39114
      19200           0           0     179.437     342.873           1     620.606     118.358     738.963     12.1431     5.32496    0.258968    0.460851    0.605054    0.634429     2456.76     1.6e+19     5.73044     4.59858     4.35318     4.39114
      19100           0           0     179.437      342.02           1     681.386     130.011     811.397     11.6531     4.94128    0.258968    0.460851    0.605054    0.634429     2456.76     1.6e+19     5.73044     4.59858     4.35318     4.39114
      19000           0           0     179.437     342.156           1      741.53     142.474     884.004     12.4631     4.58749    0.258968    0.460851    0.605054    0.634429     2456.76     1.6e+19     5.73044     4.59858     4.35318     4.39114
      18900           0           0     179.437     340.553           1     800.577     155.747     956.323     13.2731     4.26219    0.258968    0.460851    0.605054    0.634429     2456.76     1.6e+19     5.73044     4.59858     4.35318     4.39114
      18800           0           0     179.437     337.986           1     870.831      166.28     1037.11     10.5331     3.87637    0.258968    0.460851    0.605054    0.634429     2456.76     1.6e+19     5.73044     4.59858     4.35318     4.39114
      18700           0           0     179.437      336.21           1     952.601     178.113     1130.71     11.8331     3.41716    0.258968    0.460851    0.605054    0.634429     2456.76     1.6e+19     5.73044     4.59858     4.35318     4.39114
      18600           0           0     179.437     334.818           1     1047.59     192.576     1240.17     14.4631     2.92873    0.258968    0.460851    0.605054    0.634429     2456.76     1.6e+19     5.73044     4.59858     4.35318     4.39114
      18500           0           0     179.437     333.482           1     1150.05     201.259     1351.31     8.68306     2.42444    0.258968    0.460851    0.605054    0.634429     2456.76     1.6e+19     5.73044     4.59858     4.35318     4.39114
      18400           0           0     179.437     332.205           1     1219.19     209.492     1428.69     8.23306      1.9065    0.258968    0.460851    0.605054    0.634429     2456.76     1.6e+19     5.73044     4.59858     4.35318     4.39114
      18300           0           0     179.437     329.228           1      1275.7     218.075     1493.77     8.58306     1.34924    0.258968    0.460851    0.605054    0.634429     2456.76     1.6e+19     5.73044     4.59858     4.35318     4.39114
      18200           0           0     179.437       325.2           1      1360.8     226.658     1587.45     8.58306    0.672723    0.258968    0.460851    0.605054    0.634429     2456.76     1.6e+19     5.73044     4.59858     4.35318     4.39114
      18100           0           0     179.437     321.768           1     1469.79     234.714      1704.5     8.05639   -0.137283    0.258968    0.460851    0.605054    0.634429     2456.76     1.6e+19     5.73044     4.59858     4.35318     4.39114
      18000           0           0     179.437     318.559           1     1574.09     243.331     1817.42     8.61639    -1.04056    0.258968    0.460851    0.605054    0.634429     2456.76     1.6e+19     5.73044     4.59858     4.35318     4.39114
      17900           0           0     179.437      317.64           1     1670.99     253.364     1924.35     10.0331    -1.98653    0.258968    0.460851    0.605054    0.634429     2456.76     1.6e+19     5.73044     4.59858     4.35318     4.39114
      17800           0           0     179.437     318.134           1        1766     264.257     2030.25     10.8931    -2.86227    0.258968    0.460851    0.605054    0.634429     2456.76     1.6e+19     5.73044     4.59858     4.35318     4.39114
      17700           0           0     179.437     316.312           1     1860.47      274.54     2135.01     10.2831    -3.66765    0.258968    0.460851    0.605054    0.634429     2456.76     1.6e+19     5.73044     4.59858     4.35318     4.39114
      17600           0           0     179.437     313.229           1     1943.92     288.828     2232.75     14.2881    -4.52282    0.258968    0.460851    0.605054    0.634429     2456.76     1.6e+19     5.73044     4.59858     4.35318     4.39114
      17500           0           0     179.437     313.298           1     2011.35     302.776     2314.12     13.9481    -5.41147    0.258968    0.460851    0.605054    0.634429     2456.76     1.6e+19     5.73044     4.59858     4.35318     4.39114
      17400           0           0     182.115     344.137           1     2042.72     312.444     2355.16     9.66738    -7.03503    0.258968    0.459299    0.604915    0.634429     2457.76     1.6e+19      5.7211     4.59193      4.3525     4.39344
      17300           0           0     182.934     353.815           1     2073.54     322.233     2395.78     9.78928    -7.23612    0.258968    0.457387    0.602965    0.634429     2458.73     1.6e+19     5.71793     4.58375     4.34297     4.38361
      17200           0           0      183.39     359.881           1     2096.59     335.928     2432.52      13.695    -7.02974    0.258968    0.455248     0.59985    0.634429     2459.65     1.6e+19     5.72125     4.57463     4.32783     4.36492
      17100           0           0     183.841     363.835           1     2099.91     350.717     2450.63     14.7892    -6.64495    0.258968    0.452619    0.595693    0.634429     2460.55     1.6e+19     5.72871     4.56346     4.30774     4.33998
      17000           0           0     184.395     366.328           1     2106.32     368.422     2474.74     17.7049    -6.19849    0.258968    0.475551    0.587251    0.634429     2461.42     1.6e+19     5.73799     4.54879     4.28324     4.31057
      16900           0           0     185.076     363.157           1     2119.69     386.971     2506.66     18.5487    -5.83044    0.258968    0.484658    0.575138    0.634429     2462.28     1.6e+19     5.74731     4.52873     4.25519     4.27796
      16800           0           0     185.879      356.08           1     2132.94     406.282     2539.22     19.3111    -5.80695    0.258968    0.484658      0.5616    0.634429     2463.11     1.6e+19     5.75543     4.50524     4.22418     4.24311
      16700           0           0     186.789     347.713           1     2143.96     427.383     2571.34     21.1008    -6.22983    0.258968    0.479384    0.548863    0.596992      2463.9     1.6e+19     5.76158     4.47861      4.5905     4.20736
      16600           0           0     187.792     338.163           1     2156.83      452.74     2609.57     25.3575    -7.09448    0.258968    0.472202    0.541008    0.572861     2464.62     1.6e+19     5.76538     4.44944     4.55473     4.57412
      16500           0           0     188.875     339.172           1     2164.82     472.218     2637.03     19.4779    -8.20911    0.258968    0.432691    0.532904    0.572861      2465.3     1.6e+19      5.7667     4.41878      4.5183     4.53859
      16400   0.0650992   0.0650992     190.027      347.24           1     2171.37     496.159     2667.52     23.9409    -8.99678    0.258968    0.412886    0.520135    0.572861     2465.94     1.6e+19     5.76561     4.78854     4.48125     4.50183
      16300     0.11219     6.62211     191.249      352.21           1     2187.88     517.426      2705.3     21.2674     -10.763    0.258968    0.412886    0.503004    0.572861     2466.96     1.6e+19     5.76229     4.75451     4.44428     4.46449
      16200     0.07651     17.8054     192.545      355.54           1      2209.5     544.326     2753.82     26.8995    -12.9974    0.258968    0.412886    0.485672    0.572861     2468.22     1.6e+19     5.75693     4.71881     4.40738     4.42695
      16100   0.0110135     25.3909     193.898     347.134           1     2227.49     574.166     2801.65     29.8397    -13.9574    0.258968    0.408479    0.475113    0.505823     2469.21     1.6e+19     5.74974     4.68214     4.76948     4.79257
      16000           0     26.4812     195.274     330.834           1     2235.56     602.594     2838.16     28.4289     -13.878    0.258968    0.400267    0.466448    0.505823     2469.76     1.6e+19     5.74095     4.64536     4.73251     4.75936
      15900           0     26.4812     196.662     322.551           1      2238.8     629.785     2868.59     27.1902    -14.3915    0.258968    0.344809    0.456568    0.505823     2470.21     1.6e+19     5.73078     4.61011     4.69633     4.72571
      15800   0.0243757     26.5056     198.062     319.102           1     2245.17     654.082     2899.25     24.2977     -15.241    0.258968     0.33798    0.440241    0.505823     2470.62     1.6e+19      5.7195     4.97573     4.66123     4.69228
      15700   0.0350614     28.9539      199.48     316.838           1      2252.3     678.113     2930.42     24.0304    -16.7266    0.258968     0.33798     0.42425    0.505823     2471.15     1.6e+19     5.70734     4.94027      4.6273      4.6595
      15600   0.0396919     32.4646     200.916     315.602           1     2260.95     699.957      2960.9     21.8444     -18.345    0.255149     0.33798    0.409937    0.505823     2471.73     1.6e+19     5.69462     4.90464     4.99412     4.62755
      15500   0.0376465     36.4318     202.367     313.604           1     2269.61     721.121     2990.73     21.1633    -19.8954     0.25075    0.331299    0.402452    0.434418     2472.28     1.6e+19     5.68172     4.86947     4.96063     4.99907
      15400   0.0763405     40.2351     203.828     311.217           1     2283.19     741.297     3024.48     20.1768    -21.2894    0.246293    0.324577    0.395347    0.434418     2472.77     1.6e+19     5.66871     4.83519     4.92921     4.97311
      15300    0.131293     47.9241     205.304      310.39           1      2304.9      763.31     3068.21     22.0125    -23.4487    0.241815    0.261864    0.387481    0.434418     2473.45     1.6e+19     5.65569     4.80398      4.8992     4.94662
      15200    0.173042     61.0952     206.806     310.561           1     2327.57     784.577     3112.15     21.2669    -26.4739    0.237362    0.269662    0.374774    0.434418     2474.43     1.6e+19     5.64281     5.17328     4.87052     4.92008
      15100    0.250307     78.4766     208.341      316.95           1     2359.17     805.009     3164.18     20.4327    -29.7411    0.232969    0.269662    0.362447    0.434418     2475.65     1.6e+19     5.63016     5.14241     4.84298     4.89379
      15000    0.318282     103.575     209.914     327.601           1     2404.72     824.398     3229.12     19.3888    -33.6108    0.228649    0.269662    0.350402    0.434418     2477.31     1.6e+19     5.61777     5.11212     4.81634     4.86778
      14900    0.373195     135.458     211.533     335.718           1      2460.9     841.512     3302.41      17.114    -37.5805     0.22441    0.269662    0.340853    0.434418     2479.37     1.6e+19     5.60567     5.08263     5.18999     4.84199
      14800    0.352634     172.757     213.198      342.43           1     2528.27     857.594     3385.86     16.0812    -41.4118    0.220258    0.269662      0.3352    0.424363     2481.74     1.6e+19     5.59386     5.05407     5.16326     4.81639
      14700           0     207.668     214.835      333.47           1     2588.73     871.753     3460.49     14.1599    -43.7333     0.21621    0.258251    0.329729     0.36527     2483.91     1.6e+19      5.5824     5.02672     5.13762      5.1948
      14600           0     207.668     207.605     265.101           1      2608.8     899.989     3508.79     28.2355    -39.3417   0.0530134    0.269662    0.425463     0.39324     2481.93     1.6e+19     6.44837     5.18287     4.86177     4.80774
      14500           0     207.668     205.463     238.413           1     2612.66     933.873     3546.54     33.8842    -40.3964   0.0063694     0.33798    0.434418    0.434418     2479.88     1.6e+19     6.65179     4.98934     4.99522     4.85988
      14400           0     207.668      205.64     221.931           1     2616.33     969.587     3585.91     35.7135    -43.3427           0    0.412886    0.505823    0.434418     2477.87     1.6e+19       6.501      4.7107     4.65093      4.9301
      14300           0     207.668     206.607     207.688           1     2622.92     1002.13     3625.05     32.5427    -46.8033           0    0.412886    0.505823    0.434418     2475.79     1.6e+19       6.501     4.76312     4.66592     4.99592
      14200           0     207.668     207.796      195.52           1     2636.26     1032.89     3669.14     30.7565    -50.2766           0    0.412886    0.505823    0.505823     2473.73     1.6e+19       6.501     4.77042     4.66328     4.64001
      14100           0     207.668     209.012     188.965           1     2650.17     1062.21     3712.37     29.3213    -53.4758           0    0.412886    0.505823    0.505823     2471.65     1.6e+19       6.501     4.75369     4.65424     4.67349
      14000           0     207.668     210.195     185.927           1     2673.34        1089     3762.34     26.7898    -56.1596           0    0.412886    0.505823    0.505823     2469.52     1.6e+19       6.501      4.7274      4.6463     4.70146
      13900           0     207.668     211.333     180.889           1     2701.77     1118.23        3820     29.2371    -58.3546           0    0.412886    0.505823    0.505823     2467.36     1.6e+19       6.501     4.70008     4.64227      4.7261
      13800           0     207.668     212.427     174.985           1     2721.48     1144.32      3865.8     26.0878    -60.2887           0    0.412886    0.505823    0.505823     2465.17     1.6e+19       6.501     4.67622     4.64295     4.74931
      13700           0     207.668     213.484     170.675           1     2757.13     1172.19     3929.31     27.8663    -62.0518           0    0.412886    0.505823    0.505823     2462.95     1.6e+19       6.501     4.65785     4.64831     4.77245
      13600           0     207.668     214.508     167.254           1     2785.54     1198.89     3984.43     26.6974    -63.6374           0    0.412886    0.505823    0.505823     2460.72     1.6e+19       6.501      4.6456     4.65804      4.7964
      13500           0     207.668     215.504     170.479           1      2814.3     1219.21     4033.51     20.3262    -64.9662           0    0.412886    0.505823    0.561989     2458.52     1.6e+19       6.501     4.63939     4.67115     4.41586
      13400           0     207.668     216.474     177.732           1     2841.66     1241.78     4083.44     22.5659    -65.7674           0    0.412886    0.505823    0.572861     2456.39     1.6e+19       6.501     4.63874     4.68525     4.43098
      13300           0     207.668     217.418     174.707           1     2869.69     1261.22     4130.91     19.4415    -66.1795           0    0.412886    0.505823    0.572861     2454.25     1.6e+19       6.501     4.64295     4.70119     4.44972
      13200           0     207.668     220.931     195.641           1      2880.4      1280.2      4160.6     18.9838    -66.6015   0.0079445    0.412886    0.505823    0.572861     2454.18     1.6e+19     6.69058     4.64455     4.72617     4.46873
      13100  0.00825863     207.676     223.148     202.319           1     2885.03     1292.92     4177.95     12.7174    -65.9715   0.0366586    0.412115    0.505823    0.572861     2454.24     1.6e+19     6.34404     4.64104     4.74288     4.47976
      13000           0     208.494     224.941     208.247           1     2897.66     1306.46     4204.13     13.5446     -65.138   0.0630091    0.382058    0.505823    0.572861     2454.44     1.6e+19     6.55155     4.62558     4.74485      4.4822
      12900   0.0584598     208.552     226.389     214.587           1     2900.23     1318.78     4219.02     12.3181    -63.9311     0.09611    0.343827    0.505823    0.572861     2454.65     1.6e+19     5.91463     4.60355       4.737     4.47629
      12800   0.0858744     214.426     227.508     220.965           1     2911.06     1332.16     4243.21     13.3743    -63.8569    0.132047     0.33798    0.505823    0.572861     2455.26     1.6e+19     6.04463     4.97787     4.72394     4.46353
      12700   0.0314897     222.959     228.539      223.18           1     2916.51     1346.22     4262.73     14.0638    -64.1145    0.149485     0.33798    0.505823    0.572861     2456.07     1.6e+19     6.15033     4.95028     4.70753     4.44572
      12600           0     226.076     229.677     222.483           1     2929.82     1361.69     4291.52     15.4728    -63.1702    0.162075     0.33798    0.505823    0.572861     2456.58     1.6e+19      5.4335     4.92068     4.68701     4.42422
      12500           0     226.076     230.856     222.341           1     2940.61     1377.83     4318.44     16.1316    -61.8823    0.185113     0.33798    0.505823    0.514369     2456.91     1.6e+19     5.49589     4.89011     4.66383     4.40241
      12400           0     226.076     232.057     222.335           1     2953.51     1391.87     4345.38     14.0434    -60.9741    0.202614    0.327101    0.485738    0.505823     2457.21     1.6e+19     5.54424     4.85982     4.64091     4.78118
      12300           0     226.076     233.278     221.005           1     2955.43     1405.38     4360.81     13.5082    -60.4007     0.21583     0.29903    0.457831    0.505823     2457.49     1.6e+19     5.58133     4.83198     4.61954     4.75773
      12200   0.0779792     226.154     234.521     218.687           1     2967.98     1420.16     4388.13     14.7814    -60.1923     0.22573    0.275468    0.434418    0.505823     2457.75     1.6e+19     5.60943     4.80661     4.99863     4.73355
      12100    0.143979     234.018     235.802     217.822           1      2989.5      1436.8      4426.3     16.6397    -61.9432    0.233042    0.269662    0.434418    0.505823     2458.48     1.6e+19     5.63037     5.18203     4.97598     4.70902
      12000    0.208809     248.481     237.139     217.775           1     3019.75     1449.76     4469.51     12.9589    -64.9062    0.238301    0.269662    0.433714    0.505823     2459.62     1.6e+19     5.64552     5.15746     4.95222     4.68395
      11900    0.244929     269.398     238.538     218.549           1     3054.71     1465.77     4520.48     16.0161    -68.7415    0.241904    0.269662    0.420972    0.505823     2461.14     1.6e+19     5.65595     5.13317     4.92842     4.65835
      11800    0.332617     293.979     240.001     219.892           1     3095.49     1480.81     4576.31     15.0393    -72.6215    0.244161    0.262704    0.409157    0.505823     2462.88     1.6e+19      5.6625     5.10927     4.90474     4.63252
      11700    0.118461     327.026     241.534     228.646           1     3148.39     1495.86     4644.25     15.0476    -77.3641    0.245319    0.266337    0.393378    0.462709      2465.1     1.6e+19     5.66587     5.08588     4.88122     4.60754
      11600   0.0715112     338.825     229.736     203.059           1     3182.33     1523.49     4705.82     27.6276    -76.4392    0.090079     0.33798    0.446366    0.485557     2464.12     1.6e+19     5.89339     4.84666     4.60767     4.61364
      11500   0.0098982     345.915     225.781     185.159           1     3208.06     1563.47     4771.53     39.9857    -77.2406   0.0402332    0.412886    0.505823    0.505823     2462.81     1.6e+19     6.36653     4.65806     4.74084     4.66228
      11400   0.0146259     346.909     225.262     161.379           1     3222.48     1606.16     4828.64     42.6898     -78.491   0.0119433    0.412886    0.529393    0.505823     2461.04     1.6e+19     6.79143     4.79187     4.40743     4.73042
      11300   0.0167904     348.374     225.976     150.099           1     3230.48     1645.67     4876.14     39.5017    -80.9828   0.0078701    0.484658    0.572861    0.505823     2459.34     1.6e+19     6.68874     4.44468     4.42187     4.79458
      11200           0     350.036     227.071     145.751           1     3233.59     1683.44     4917.03     37.7785    -83.5468   0.0056362    0.484658    0.563676    0.572861     2457.71     1.6e+19      6.6339     4.45191     4.41848     4.43628
      11100           0     350.036     228.244     137.941           1     3250.84      1720.1     4970.94     36.6556     -85.518  0.00459078    0.484658     0.54032    0.572861     2455.93     1.6e+19     6.60859     4.43641     4.41157     4.46657
      11000           0     350.036     229.401     128.523           1     3276.92      1755.5     5032.41     35.3989    -87.5167  0.00432029    0.457965    0.524749    0.572861     2454.07     1.6e+19     6.60208     4.41273     4.40667     4.49194
      10900           0     350.036     230.525     123.114           1     3293.67     1792.57     5086.25      37.075    -89.5286  0.00455821    0.412886    0.518994    0.572861     2452.09     1.6e+19     6.60781     4.79753     4.40488     4.51446
      10800           0     350.036     231.624     119.958           1      3298.8      1826.5      5125.3     33.9262    -91.3749  0.00513418    0.412886    0.522082    0.572861     2450.05     1.6e+19     6.62172     4.78495     4.40633     4.53567
      10700           0     350.036     232.698     115.891           1     3305.56     1860.03     5165.59     33.5272    -93.0539    0.005933    0.412886    0.531723    0.572861     2448.01     1.6e+19     6.64113      4.7746     4.41061     4.55649
      10600           0     350.036     233.745     111.429           1     3316.55     1893.18     5209.74     33.1555    -94.6714  0.00687475    0.412886    0.545867    0.572861     2445.97     1.6e+19     6.66418     4.76798     4.41727     4.57744
      10500           0     350.036     234.763     108.715           1     3327.79     1925.92     5253.71     32.7368    -96.2446  0.00790455    0.412886    0.562988    0.572861     2443.94     1.6e+19     6.68959     4.76556     4.42596     4.59872
      10400           0     350.036     235.754      107.02           1     3339.67     1956.36     5296.03     30.4459    -97.7129  0.00898485    0.412886    0.572861    0.621365     2441.98     1.6e+19     6.71649     4.76725     4.43623     4.21482
      10300           0     350.036     236.717      105.92           1     3344.95     1984.55     5329.49     28.1826    -99.0642     0.01009    0.412886    0.572861    0.634429     2440.09     1.6e+19     6.74426     4.77272     4.44828      4.2268
      10200           0     350.036     237.654     104.737           1     3351.08     2012.59     5363.68     28.0458    -100.304   0.0112028    0.412886    0.572861    0.634429      2438.2     1.6e+19     6.77249     4.78156     4.46231      4.2419
      10100           0     350.036     238.567     102.535           1     3373.36     2037.73     5411.08     25.1329    -101.496   0.0124536    0.412886    0.572861    0.634429      2436.3     1.6e+19     6.20084     4.79336     4.47866     4.25975
      10000           0     350.036     239.459     100.006           1     3389.06     2062.27     5451.32     24.5406    -102.694   0.0175749    0.430857    0.572861    0.634429     2434.42     1.6e+19     6.22694     4.40637     4.49719     4.27985
       9900           0     350.036      240.33     97.3048           1     3393.89     2086.24     5480.12     23.9698     -103.92   0.0218172     0.45629    0.572861    0.634429     2432.58     1.6e+19     6.25255     4.41621     4.51752     4.30181
       9800           0     350.036     241.176     94.4697           1     3399.79      2108.8     5508.59      22.568    -105.184   0.0259485    0.476549    0.572861    0.634429     2430.78     1.6e+19     6.27773     4.42504     4.53921     4.32529
       9700           0     350.036     241.995     91.5275           1     3401.05        2130     5531.05     21.1921    -106.493   0.0299654    0.484658    0.572861    0.634429     2429.02     1.6e+19     6.30242      4.4345     4.56194     4.34997
       9600   0.0923262     350.129     242.793     88.4993           1     3402.97     2149.83     5552.81     19.8386    -107.871   0.0338709    0.484658    0.572861    0.634429     2427.26     1.6e+19     6.32663     4.44734     4.58552     4.37558
       9500    0.085623     359.354     243.599     85.2464           1     3405.54     2168.31     5573.85     18.4761    -111.092   0.0376802    0.484658    0.591116    0.639176     2426.07     1.6e+19     6.35045     4.46298     4.20871     4.00158
       9400   0.0965992     367.928     244.417     82.6777           1     3425.13     2189.09     5614.22     20.7826    -113.794   0.0414027    0.484658    0.624705    0.690526     2424.97     1.6e+19     6.37392     4.48068     4.22609     4.01916
       9300    0.085994     377.577     245.228     80.5134           1     3444.17     2207.67     5651.83     18.5716    -116.421    0.045018    0.484658    0.634429    0.690526     2424.03     1.6e+19      6.3969     4.49965     4.24066     4.03303
       9200   0.0816966     386.172     246.023     78.5944           1     3462.41     2225.34     5687.75     17.6769    -118.567   0.0485165    0.484658    0.634429    0.690526     2423.03     1.6e+19     6.41931      4.5194     4.25702     4.04826
       9100   0.0698185      394.33     246.801     76.8588           1     3472.81     2240.54     5713.35     15.1993    -120.462   0.0519021    0.484658    0.634429    0.690526     2422.01     1.6e+19     6.44117     4.53974     4.27473     4.06482
       9000   0.0532159     401.295     247.562     75.2874           1     3481.26     2252.28     5733.54     11.7378    -122.011   0.0551863    0.484658    0.634429    0.690526     2420.93     1.6e+19     6.46252     4.56054     4.29341     4.08255
       8900   0.0561328      406.62     248.306       73.89           1     3500.54     2264.62     5765.16     12.3444      -123.2   0.0583809    0.484658    0.634429    0.690526     2419.75     1.6e+19     6.48345     4.58171     4.31286     4.10134
       8800   0.0520254     412.229     249.035     72.6148           1     3508.41     2276.11     5784.52     11.4895    -124.472   0.0614989    0.492295    0.634429    0.690526     2418.59     1.6e+19     6.50402     4.20289     4.33294     4.12102
       8700   0.0480065     417.427     249.754     71.4397           1     3508.85     2286.76     5795.61     10.6459     -125.66   0.0630091    0.529411    0.634429    0.690526     2417.46     1.6e+19     6.52437     4.21783     4.35349     4.14143
       8600   0.0454043     422.225     250.455     70.3569           1     3513.54     2296.85      5810.4     10.0946    -126.775   0.0630091    0.551677    0.634429    0.690526     2416.35     1.6e+19     6.54477     4.22868     4.37423     4.16241
       8500    0.042876     426.763     251.138      69.354           1     3515.09     2306.42     5821.51     9.56229    -127.849   0.0630091    0.551677    0.634429    0.690526     2415.24     1.6e+19     6.56506     4.24043     4.39504     4.18381
       8400   0.0425677     431.051     251.806      68.858           1     3516.98     2315.91     5832.89     9.49417    -128.874   0.0630091    0.551677    0.658696    0.703489     2414.13     1.6e+19     6.58515     4.25459      4.0135     3.80475
       8300   0.0251025      435.29     252.461     68.6894           1     3526.55     2321.75      5848.3      5.8389    -129.866   0.0643535    0.551677    0.681446    0.739638     2413.13     1.6e+19     5.80456     4.27031     4.02757     3.81804
       8200   0.0249096       437.8     253.095     68.7731           1     3531.71     2327.53     5859.24     5.77988    -130.482   0.0694362    0.551677    0.690526    0.741151      2412.1     1.6e+19     5.82189     4.28688     4.03944     3.82861
       8100   0.0248061     440.291     253.705     69.0683           1     3539.99     2333.27     5873.26     5.74492    -131.114   0.0742263    0.551677    0.690526    0.741151     2411.08     1.6e+19     5.83832     4.30385     4.05253      3.8405
       8000   0.0233348      442.77     254.297      69.528           1     3540.31      2338.7     5879.02     5.42825    -131.735   0.0787978    0.551677    0.690526    0.741151     2410.07     1.6e+19     5.85409       4.321      4.0667     3.85359
       7900   0.0219237     445.102     254.874     70.2001           1     3549.83     2343.83     5893.66     5.12594    -132.297   0.0831992    0.551677    0.690526    0.741151     2409.05     1.6e+19     5.86936     4.33824     4.08161      3.8677
       7800   0.0178131      447.29     255.439     71.0433           1     3557.08     2348.09     5905.17     4.26059    -132.789   0.0874639    0.551677    0.690526    0.741151     2408.04     1.6e+19     5.88423     4.35553     4.09707     3.88262
       7700   0.0185386     449.072     255.994     72.0486           1      3562.1     2352.49     5914.59     4.40616    -133.154   0.0916168    0.551677    0.690526    0.741151     2407.01     1.6e+19     5.89879     4.37283     4.11297     3.89822
       7600   0.0145169     450.922     256.539     73.2195           1     3569.26     2356.06     5925.31     3.56081    -133.487   0.0956771    0.551677    0.690526    0.741151     2405.99     1.6e+19      5.9131     4.39011     4.12921     3.91435
       7500   0.0106728      452.37     257.076     74.5309           1     3581.79      2358.8     5940.59     2.74866    -133.683   0.0996599     0.56588    0.690526    0.741151     2404.96     1.6e+19     5.92721     4.00634     4.14572     3.93092
       7400  0.00690705     453.434     257.603     74.9231           1     3597.57     2360.75     5958.32     1.94728    -133.772    0.103568    0.588842    0.690526    0.741151     2403.95     1.6e+19     5.94113     4.01748     4.16238     3.94784
       7300   0.0127803      454.13     258.113     74.7991           1     3614.71     2363.91     5978.63     3.16205     -133.82    0.107387    0.604575    0.690526    0.741151     2402.96     1.6e+19     5.95479      4.0262       4.179     3.96501
       7200   0.0186933     455.414     258.608     74.3928           1     3635.53     2368.31     6003.83     4.39226    -134.034    0.111105    0.613942    0.690526    0.741151     2402.03     1.6e+19     5.96815     4.03412     4.19547     3.98228
       7100   0.0130972     457.278     259.091     73.7829           1     3657.04     2371.51     6028.56     3.20883    -134.383    0.114721    0.613942    0.705657    0.741151     2401.15     1.6e+19     5.98121     4.04344     3.81022     3.99945
       7000           0     458.574     259.562     73.0341           1      3670.9     2373.48     6044.38    -1.96239    -134.622    0.118234    0.613942    0.721388    0.770332     2400.31     1.6e+19     5.99396      4.0542     3.82197     3.61195
       6900           0     458.574     260.015     72.2119           1     3684.75     2375.39     6060.14    -1.91491    -134.643    0.121638    0.613942    0.732552    0.786217     2399.46     1.6e+19     6.00636     4.06579     3.83151     3.61975
       6800  0.00972614     458.584     260.447     71.3264           1     3696.77     2377.85     6074.62     2.45298    -134.754    0.124927    0.613942    0.741024    0.786217     2398.66     1.6e+19      6.0184     4.07777     3.83987     3.62734
       6700  0.00398174     459.551     260.864     70.3788           1     3708.32     2379.08      6087.4     1.23591    -135.116      0.1281    0.613942    0.741151    0.786217     2397.92     1.6e+19     6.03006     4.08988     3.84869      3.6357
       6600           0     459.945     261.269     69.4104           1     3720.56     2380.95     6101.51    -1.86892    -135.381    0.131167    0.613942    0.741151    0.786217     2397.16     1.6e+19     6.04137     4.10204     3.85844     3.64478
       6500           0     459.945     261.662     68.4193           1     3729.89     2381.51      6111.4   -0.561906    -135.611    0.134137    0.613942    0.741151    0.786217     2396.37     1.6e+19     6.05237     4.11421     3.86876     3.65453
       6400           0     459.945     262.045     67.7124           1     3738.63     2382.36     6120.99   -0.845277    -135.886    0.137025    0.613942    0.741151    0.786217     2395.59     1.6e+19     6.06311     4.12638      3.8795     3.66484
       6300 0.000772277     459.946     262.421     67.1686           1     3748.14     2382.89     6131.03     0.52876    -136.183    0.139846    0.613942    0.741151    0.786217     2394.82     1.6e+19     6.07364     4.13852     3.89053      3.6756
       6200  0.00307318     460.026     262.791     66.7212           1     3765.61     2383.89      6149.5     1.00863    -136.505    0.142608    0.613942    0.741151    0.786217     2394.06     1.6e+19     6.08398     4.15063     3.90179     3.68672
       6100  0.00538508     460.335     263.157     66.3564           1      3783.9     2385.39     6169.29     1.49272    -136.868     0.14532    0.613942    0.741151    0.786217     2393.32     1.6e+19     6.09418     4.16269     3.91322     3.69809
       6000  0.00770217     460.876      263.52     66.0436           1     3791.27     2387.37     6178.64     1.97973    -137.258     0.14799    0.613942    0.741151    0.786217     2392.59     1.6e+19     6.10425      4.1747     3.92478     3.70967
       5900           0     461.638     263.881     65.7701           1     3800.54     2387.55     6188.09   -0.181215    -137.664    0.149485    0.613942    0.741151    0.786217     2391.89     1.6e+19     6.11426     4.18666     3.93642     3.72139
       5800  0.00431893     461.643     264.238     65.5424           1     3816.03     2388.81     6204.84     1.26159     -137.89    0.149485    0.613942    0.741151    0.786217     2391.14     1.6e+19     6.12454     4.19858     3.94813     3.73323
       5700   0.0045458     462.075     264.593     65.3447           1     3821.74     2390.12     6211.85     1.30689    -138.204    0.149485     0.62858    0.741151    0.786217     2390.42     1.6e+19     6.13502     3.80854     3.95991     3.74517
       5600  0.00408812     462.529     264.945     65.1722           1     3825.71     2391.32     6217.03     1.20515    -138.503    0.149485    0.640061    0.741151    0.786217     2389.73     1.6e+19     6.14558     3.81605      3.9717     3.75718
       5500  0.00366065     462.937     265.291     65.0248           1     3839.59     2392.43     6232.02     1.10907    -138.773    0.149485    0.648846    0.741151    0.786217     2389.05     1.6e+19     6.15613     3.82257      3.9834     3.76921
       5400  0.00220027     463.302     265.631      64.177           1     3852.79     2393.23     6246.02    0.794437    -139.034    0.149485    0.656163    0.741151    0.786217     2388.38     1.6e+19     6.16659     3.82874     3.99501     3.78124
       5300 0.000775594     463.521     265.964     62.9073           1     3858.41     2393.71     6252.12    0.486306    -139.304    0.149485    0.662549    0.747418    0.786217     2387.71     1.6e+19     6.17693     3.83482     3.60587      3.7932
       5200   0.0150889     463.612     266.289     61.4045           1      3876.3     2397.22     6273.52     3.51059    -139.609    0.149485    0.668217    0.756436    0.795053     2387.07     1.6e+19     6.18713     3.84092     3.61509     3.40415
       5100   0.0107681     465.117      266.61      59.727           1     3881.15     2399.81     6280.96     2.58989    -140.252    0.149485    0.671454    0.763345    0.810203     2386.56     1.6e+19     6.19716     3.84713     3.62306     3.41129
       5000  0.00649854      466.19     266.924     57.9067           1      3882.6     2401.49     6284.08     1.67557    -140.815    0.151845    0.671454    0.768433    0.820698     2386.06     1.6e+19     5.40625     3.85413     3.62984     3.41625
       4900   0.0117196     466.845     267.228     56.0083           1     3885.51     2404.26     6289.77     2.77218    -141.336    0.154929    0.671454    0.772252    0.825184     2385.57     1.6e+19     5.41444     3.86173      3.6358     3.42031
       4800   0.0139114     468.019      267.52     54.0241           1     3886.77     2407.49     6294.26     3.22956    -142.017    0.157815    0.671454    0.775372    0.825184     2385.13     1.6e+19     5.42212     3.86963     3.64146     3.42497
       4700   0.0161359     469.412     267.804     51.9702           1     3893.92     2411.19      6305.1     3.69576    -142.777    0.160544    0.671454    0.778135    0.825184     2384.71     1.6e+19     5.42941     3.87763     3.64716     3.43017
       4600  0.00686536     471.017     268.081     49.8776           1     3895.62      2412.9     6308.53     1.71948    -143.607    0.163145    0.671454    0.780626    0.825184     2384.31     1.6e+19     5.43637     3.88564     3.65297     3.43571
       4500  0.00235266     471.699     268.348      47.745           1     3899.14     2413.66      6312.8    0.752486    -144.287    0.165633    0.671454    0.782863    0.825184     2383.86     1.6e+19     5.44305     3.89359      3.6589     3.44152
       4400   0.0105973     471.942     268.604     45.9501           1     3903.33     2416.15     6319.48     2.49605    -144.949    0.168025    0.671454     0.78486    0.825184      2383.4     1.6e+19     5.44948     3.90144     3.66495     3.44756
       4300   0.0113172     473.003     268.854     44.3277           1     3905.17      2418.8     6323.96     2.64611    -145.826    0.170336    0.671454    0.786217    0.825184     2382.99     1.6e+19     5.45571     3.90918     3.67112     3.45377
       4200   0.0134621     474.136       269.1     42.7943           1      3911.5      2421.9     6333.39     3.09996    -146.724     0.17258    0.671454    0.786217    0.825184     2382.59     1.6e+19     5.46177     3.91681     3.67756     3.46011
       4100  0.00998071     475.479     269.343      41.332           1     3921.87     2424.26     6346.13     2.35687    -147.662    0.174763    0.671454    0.786217    0.825184     2382.21     1.6e+19     5.46769     3.92433      3.6842      3.4666
       4000   0.0163803     476.484     269.583      39.918           1     3932.69     2427.97     6360.67      3.7174    -148.528    0.176894    0.671454    0.786217    0.825184     2381.81     1.6e+19     5.47347     3.93175     3.69096     3.47323
       3900    0.022765     478.128      269.82     38.5267           1     3946.32     2433.05     6379.37     5.08009    -149.526     0.17898    0.671454    0.786217    0.825184     2381.46     1.6e+19     5.47914     3.93908     3.69777     3.47996
       3800   0.0148497     480.397     270.058     37.1405           1     3958.46     2436.45     6394.91     3.39219    -150.624    0.181027    0.671454    0.786217    0.825184     2381.14     1.6e+19     5.48472     3.94633     3.70462     3.48675
       3700   0.0131684      481.88     270.294     35.1951           1     3974.79     2439.48     6414.27     3.03112    -151.537    0.183038    0.671454    0.786217    0.825184     2380.79     1.6e+19     5.49021     3.95349     3.71146     3.49357
       3600   0.0115048     483.195     270.526      31.727           1     3988.76     2442.15     6430.91     2.67396      -152.5    0.185014    0.671454    0.786217    0.825184     2380.42     1.6e+19     5.49562     3.96057      3.7183     3.50045
       3500   0.0188756     484.353     270.755     27.5945           1     4002.02      2446.4     6448.41     4.24542    -153.576     0.18696    0.671454    0.786217    0.825184     2380.05     1.6e+19     5.50095     3.96757     3.72514     3.50736
       3400   0.0131234     486.235     270.982     23.2057           1     4011.37     2449.41     6460.78     3.01791    -154.952     0.18888    0.671454    0.786217    0.825184     2379.73     1.6e+19     5.50623      3.9745     3.73196     3.51428
       3300   0.0137131     487.548     271.208     18.5747           1     4011.45     2452.56        6464     3.14198    -156.345    0.190775    0.671454    0.786217    0.825184     2379.38     1.6e+19     5.51144     3.98135     3.73875      3.5212
       3200    0.014311      488.92     271.431     14.2765           1     4012.84     2455.82     6468.66     3.26864    -157.901    0.192646    0.671454    0.786217    0.825184     2379.03     1.6e+19      5.5166     3.98812     3.74553     3.52812
       3100   0.0130437     490.349     271.653     11.2848           1        4013     2458.82     6471.82     2.99712    -159.544    0.194494    0.671454    0.786217    0.825184      2378.7     1.6e+19     5.52171     3.99483     3.75227     3.53503
       3000   0.0117893     491.652     271.872      8.7644           1     4015.88     2461.55     6477.43     2.72754    -161.181    0.196323    0.673219    0.786217    0.825184     2378.35     1.6e+19     5.52677     3.60137     3.75898     3.54192
       2900   0.0149995     492.835     272.089     6.58152           1     4019.22     2464.96     6484.18     3.41065    -162.797    0.198129    0.679508    0.786217    0.825184     2378.01     1.6e+19     5.53177     3.60659     3.76566     3.54881
       2800   0.0130773     494.333     272.303     4.63245           1     4022.93     2467.96     6490.89     2.99689    -164.466    0.199909    0.684149    0.786217    0.825184     2377.71     1.6e+19     5.53672     3.61092     3.77225     3.55565
       2700   0.0289204     495.656     272.513      2.6846           1     4026.19     2474.34     6500.54     6.38722    -166.074    0.201656    0.687855    0.786217    0.825184      2377.4     1.6e+19     5.54158     3.61485     3.77874     3.56244
       2600  0.00458059     498.524     272.722    0.385282           1     4038.64     2475.52     6514.16     1.17806    -167.969    0.203366    0.690968    0.786217    0.825184     2377.19     1.6e+19     5.54634     3.61858      3.7851     3.56912
       2500   0.0223617         499     272.925    -1.98969           1     4038.71      2480.5     6519.21     4.97467    -169.367    0.205036    0.693663    0.786217    0.825184     2376.85     1.6e+19       5.551     3.62225     3.79135     3.57572
       2400    0.020032     501.234     273.124    -4.40178           1      4040.6     2484.97     6525.57     4.47584    -171.163    0.206664    0.696029    0.786217    0.825184     2376.61     1.6e+19     5.55556      3.6259     3.79749     3.58224
       2300   0.0170184     503.234     273.322    -6.84672           1     4040.71      2488.8     6529.51     3.82807    -172.897    0.208257     0.69812    0.788007    0.825184     2376.38     1.6e+19     5.56002     3.62957     3.40327     3.58862
       2200   0.0140291     504.933     273.516    -9.15291           1     4047.37     2491.98     6539.36     3.18397    -174.577    0.209812    0.699967     0.79062    0.825184     2376.13     1.6e+19     5.56438     3.63326     3.40846     3.59481
       2100   0.0136351     506.335     273.705    -11.0474           1     4047.84     2495.08     6542.92     3.09515      -176.2    0.211326    0.701579    0.792837    0.826479     2375.87     1.6e+19     5.56864     3.63696     3.41337     3.20072
       2000   0.0132648     507.698     273.888    -12.7694           1     4048.17     2498.09     6546.26      3.0116    -177.811    0.212802    0.702975    0.794676    0.834308     2375.64     1.6e+19     5.57279     3.64068     3.41797     3.20507
       1900    0.015409     509.027     274.067    -14.3599           1     4048.65     2501.56     6550.21     3.46648    -179.402    0.214239    0.704165    0.796081    0.839949     2375.42     1.6e+19     5.57684     3.64441     3.42202     3.20821
       1800   0.0152407     510.568      274.24     -15.852           1     4049.17     2504.98     6554.16     3.42623    -181.012    0.215635    0.705156     0.79713    0.844409     2375.23     1.6e+19     5.58078     3.64812      3.4256      3.2107
       1700   0.0189502     512.095     274.409    -17.3593           1     4051.01      2509.2     6560.21     4.21765    -182.589    0.216987    0.705959    0.797917    0.848162     2375.06     1.6e+19      5.5846      3.6518     3.42883     3.21279
       1600   0.0259323     513.997     274.573    -19.0588           1     4051.95     2514.92     6566.87     5.71433    -184.213    0.218292    0.706588     0.79851    0.851446     2374.92     1.6e+19     5.58829     3.65546      3.4318     3.21462
       1500    0.017075     516.582     274.735    -20.8239           1     4053.33     2518.73     6572.06     3.81004    -185.934    0.219549    0.707061    0.798955    0.854373     2374.83     1.6e+19     5.59185     3.65908     3.43457     3.21626
       1400  0.00893407     518.281     274.892    -22.6219           1     4054.21     2520.78        6575     2.05798    -187.445    0.220758    0.707396    0.799285    0.857073      2374.7     1.6e+19     5.59528     3.66267     3.43719     3.21777
       1300   0.0119411     519.178     275.041    -24.4262           1     4058.85     2523.48     6582.33     2.69546    -188.813    0.221916    0.707606    0.799532    0.857963     2374.52     1.6e+19     5.59857     3.66621     3.43971     3.21934
       1200   0.0149231     520.375     275.182    -25.9582           1     4075.25     2526.81     6602.06      3.3313    -190.269    0.223028    0.707705    0.799746    0.857963     2374.37     1.6e+19     5.60173     3.66972     3.44225     3.22131
       1100   0.0175368      521.87      275.32    -26.7477           1     4088.57      2530.7     6619.27     3.89036    -191.753    0.224101    0.707712    0.799952    0.857963     2374.24     1.6e+19     5.60478     3.67319     3.44487     3.22357
       1000   0.0194947     523.625     275.455    -27.2161           1     4099.78     2535.01     6634.79     4.30992    -193.216    0.225138    0.707644    0.800152    0.857963     2374.12     1.6e+19     5.60774     3.67662     3.44759     3.22603
        900   0.0183391     525.574     275.589    -27.3381           1     4111.43     2539.07      6650.5     4.06083    -194.623    0.226143    0.707517    0.800344    0.857963     2374.03     1.6e+19     5.61061     3.68004     3.45037     3.22861
        800   0.0347739     527.424     275.722    -27.1967           1     4124.34     2546.67     6671.01     7.59838    -195.905    0.227118    0.707345    0.800525    0.857963     2373.92     1.6e+19     5.61339     3.68343      3.4532      3.2313
        700   0.0375878     530.904     275.857    -26.7644           1     4135.08     2554.88     6689.96     8.21016    -197.377    0.228069    0.707137    0.800693    0.857963     2373.92     1.6e+19     5.61611     3.68681     3.45606     3.23403
        600   0.0235121     534.649     275.996    -25.8846           1     4155.77     2560.06     6715.83     5.17925     -198.71    0.228998    0.706904    0.800844    0.857963     2373.93     1.6e+19     5.61877     3.69017     3.45892     3.23673
        500   0.0204131     536.997     276.133    -24.7089           1     4176.98     2564.57     6741.55     4.50918    -199.607    0.229903    0.706654     0.80098    0.857963     2373.86     1.6e+19     5.62136     3.69351     3.46177     3.23946
        400   0.0294884     539.047     276.266    -23.2119           1     4210.65     2571.03     6781.68     6.46134    -200.335    0.230783    0.706392    0.801107    0.857963     2373.78     1.6e+19     5.62388     3.69683     3.46462     3.24225
        300  0.00561699     541.972     276.398    -21.4713           1     4233.65     2572.36     6806.01     1.32851    -201.105    0.231647    0.706122    0.801228    0.857963     2373.75     1.6e+19     5.62636     3.70011     3.46747     3.24505
        200   0.0030379     542.531     276.525     -19.226           1     4263.48     2573.13     6836.61    0.767757    -201.294    0.232496    0.705851    0.801347    0.857963     2373.57     1.6e+19      5.6288     3.70335     3.47032     3.24792
        100   0.0218764     542.854     276.643    -16.0631           1     4278.47     2577.94     6856.41     4.81221    -201.354     0.23333    0.705583    0.801471    0.857963     2373.39     1.6e+19     5.63119     3.70656      3.4732     3.25088
          0   0.0213102     545.041     276.761    -12.4331           1     4280.48     2582.63     6863.11     4.69395     -201.62    0.234158    0.705322    0.801601    0.857963     2373.32     1.6e+19     5.63357     3.70972     3.47609     3.25387