      20000           0           0     179.437      354.04         1.1     78.9895     14.2831     93.2726     14.2831      6.5598    0.258968    0.460851    0.605054    0.634429     2456.76     1.6e+19     5.73044     4.59858     4.35318     4.39114
      19900           0           0     179.437      353.13         1.1     151.419     29.7361     181.156     15.4531     6.43382    0.258968    0.460851    0.605054    0.634429     2456.76     1.6e+19     5.73044     4.59858     4.35318     4.39114
      19800           0           0     179.437     352.506         1.1     228.894     46.3592     275.253     16.6231     6.30822    0.258968    0.460851    0.605054    0.634429     2456.76     1.6e+19     5.73044     4.59858     4.35318     4.39114
      19700           0           0     179.437     352.255         1.1     299.319     60.5222     359.841     14.1631     6.19879    0.258968    0.460851    0.605054    0.634429     2456.76     1.6e+19     5.73044     4.59858     4.35318     4.39114
      19600           0           0     179.437      352.29         1.1     351.209     72.5053     423.714     11.9831     6.12087    0.258968    0.460851    0.605054    0.634429     2456.76     1.6e+19     5.73044     4.59858     4.35318     4.39114
      19500           0           0     179.437     350.597         1.1     414.692     82.0183      496.71     9.51306     6.05158    0.258968    0.460851    0.605054    0.634429     2456.76     1.6e+19     5.73044     4.59858     4.35318     4.39114
      19400           0           0     179.437     347.879         1.1     487.353     94.1014     581.454     12.0831     5.90477    0.258968    0.460851    0.605054    0.634429     2456.76     1.6e+19     5.73044     4.59858     4.35318     4.39114
      19300           0           0     179.437     345.374         1.1     558.279     106.214     664.494     12.1131     5.65656    0.258968    0.460851    0.605054    0.634429     2456.76     1.6e+19     5.73044     4.59858     4.35318     4.39114
      19200           0           0     179.437     342.873         1.1     620.606     118.358     738.963     12.1431     5.32496    0.258968    0.460851    0.605054    0.634429     2456.76     1.6e+19     5.73044     4.59858     4.35318     4.39114
      19100           0           0     179.437      342.02         1.1     681.386     130.011     811.397     11.6531     4.94128    0.258968    0.460851    0.605054    0.634429     2456.76     1.6e+19     5.73044     4.59858     4.35318     4.39114
      19000           0           0     179.437     342.156         1.1      741.53     142.474     884.004     12.4631     4.58749    0.258968    0.460851    0.605054    0.634429     2456.76     1.6e+19     5.73044     4.59858     4.35318     4.39114
      18900           0           0     179.437     340.553         1.1     800.577     155.747     956.323     13.2731     4.26219    0.258968    0.460851    0.605054    0.634429     2456.76     1.6e+19     5.73044     4.59858     4.35318     4.39114
      18800           0           0     179.437     337.986         1.1     870.831      166.28     1037.11     10.5331     3.87637    0.258968    0.460851    0.605054    0.634429     2456.76     1.6e+19     5.73044     4.59858     4.35318     4.39114
      18700           0           0     179.437      336.21         1.1     952.601     178.113     1130.71     11.8331     3.41716    0.258968    0.460851    0.605054    0.634429     2456.76     1.6e+19     5.73044     4.59858     4.35318     4.39114
      18600           0           0     179.437     334.818         1.1     1047.59     192.576     1240.17     14.4631     2.92873    0.258968    0.460851    0.605054    0.634429     2456.76     1.6e+19     5.73044     4.59858     4.35318     4.39114
      18500           0           0     179.437     333.482         1.1     1150.05     201.259     1351.31     8.68306     2.42444    0.258968    0.460851    0.605054    0.634429     2456.76     1.6e+19     5.73044     4.59858     4.35318     4.39114
      18400           0           0     179.437     332.205         1.1     1219.19     209.492     1428.69     8.23306      1.9065    0.258968    0.460851    0.605054    0.634429     2456.76     1.6e+19     5.73044     4.59858     4.35318     4.39114
      18300           0           0     179.437     329.228         1.1      1275.7     218.075     1493.77     8.58306     1.34924    0.258968    0.460851    0.605054    0.634429     2456.76     1.6e+19     5.73044     4.59858     4.35318     4.39114
      18200           0           0     179.437       325.2         1.1      1360.8     226.658     1587.45     8.58306    0.672723    0.258968    0.460851    0.605054    0.634429     2456.76     1.6e+19     5.73044     4.59858     4.35318     4.39114
      18100           0           0     179.437     321.768         1.1     1469.79     234.714      1704.5     8.05639   -0.137283    0.258968    0.460851    0.605054    0.634429     2456.76     1.6e+19     5.73044     4.59858     4.35318     4.39114
      18000           0           0     179.437     318.559         1.1     1574.09     243.331     1817.42     8.61639    -1.04056    0.258968    0.460851    0.605054    0.634429     2456.76     1.6e+19     5.73044     4.59858     4.35318     4.39114
      17900           0           0     179.437      317.64         1.1     1670.99     253.364     1924.35     10.0331    -1.98653    0.258968    0.460851    0.605054    0.634429     2456.76     1.6e+19     5.73044     4.59858     4.35318     4.39114
      17800           0           0     179.437     318.134         1.1        1766     264.257     2030.25     10.8931    -2.86227    0.258968    0.460851    0.605054    0.634429     2456.76     1.6e+19     5.73044     4.59858     4.35318     4.39114
      17700           0           0     179.437     316.312         1.1     1860.47      274.54     2135.01     10.2831    -3.66765    0.258968    0.460851    0.605054    0.634429     2456.76     1.6e+19     5.73044     4.59858     4.35318     4.39114
      17600           0           0     179.437     313.229         1.1     1943.92     288.828     2232.75     14.2881    -4.52282    0.258968    0.460851    0.605054    0.634429     2456.76     1.6e+19     5.73044     4.59858     4.35318     4.39114
      17500           0           0     179.437     313.298         1.1     2011.35     302.776     2314.12     13.9481    -5.41147    0.258968    0.460851    0.605054    0.634429     2456.76     1.6e+19     5.73044     4.59858     4.35318     4.39114
      17400           0           0     182.115     344.137         1.1     2042.72     312.444     2355.16     9.66738    -7.03503    0.258968    0.459299    0.604915    0.634429     2457.76     1.6e+19      5.7211     4.59193      4.3525     4.39344
      17300           0           0     182.934     353.815         1.1     2073.54     322.233     2395.78     9.78928    -7.23612    0.258968    0.457387    0.602965    0.634429     2458.73     1.6e+19     5.71793     4.58375     4.34297     4.38361
      17200           0           0      183.39     359.881         1.1     2096.59     335.928     2432.52      13.695    -7.02974    0.258968    0.455248     0.59985    0.634429     2459.65     1.6e+19     5.72125     4.57463     4.32783     4.36492
      17100           0           0     183.841     363.835         1.1     2099.91     350.717     2450.63     14.7892    -6.64495    0.258968    0.452619    0.595693    0.634429     2460.55     1.6e+19     5.72871     4.56346     4.30774     4.33998
      17000           0           0     184.395     366.328         1.1     2106.32     368.422     2474.74     17.7049    -6.19849    0.258968    0.475551    0.587251    0.634429     2461.42     1.6e+19     5.73799     4.54879     4.28324     4.31057
      16900           0           0     185.076     363.157         1.1     2119.69     386.971     2506.66     18.5487    -5.83044    0.258968    0.484658    0.575138    0.634429     2462.28     1.6e+19     5.74731     4.52873     4.25519     4.27796
      16800           0           0     185.879      356.08         1.1     2132.94     406.282     2539.22     19.3111    -5.80695    0.258968    0.484658      0.5616    0.634429     2463.11     1.6e+19     5.75543     4.50524     4.22418     4.24311
      16700           0           0     186.789     347.713         1.1     2143.96     427.383     2571.34     21.1008    -6.22983    0.258968    0.479384    0.548863    0.596992      2463.9     1.6e+19     5.76158     4.47861      4.5905     4.20736
      16600           0           0     187.792     338.163         1.1     2156.83      452.74     2609.57     25.3575    -7.09448    0.258968    0.472202    0.541008    0.572861     2464.62     1.6e+19     5.76538     4.44944     4.55473     4.57412
      16500           0           0     188.875     339.172         1.1     2164.82     472.218     2637.03     19.4779    -8.20911    0.258968    0.432691    0.532904    0.572861      2465.3     1.6e+19      5.7667     4.41878      4.5183     4.53859
      16400   0.0650992   0.0650992     190.027      347.24         1.1     2171.37     496.159     2667.52     23.9409    -8.99678    0.258968    0.412886    0.520135    0.572861     2465.94     1.6e+19     5.76561     4.78854     4.48125     4.50183
      16300    0.112216     6.62214     191.242     352.212         1.1     2187.88     517.432     2705.31     21.2735    -10.7627    0.258968    0.412886    0.502978    0.572861        2467     1.6e+19     5.76229     4.75451     4.44422     4.46414
      16200   0.0765911     17.8081      192.52     355.547         1.1      2209.5     544.357     2753.86     26.9245     -12.996    0.258968    0.412886    0.485504    0.572861     2468.33     1.6e+19     5.75692      4.7188     4.40702     4.42554
      16100   0.0111486     25.4018     193.846     347.149         1.1     2227.51     574.248     2801.76     29.8911    -13.9542    0.258968    0.408461    0.474883    0.505823     2469.36     1.6e+19     5.74969     4.68207      4.7685      4.7899
      16000           0     26.5055     195.201     330.857         1.1     2235.61     602.751     2838.36     28.5026    -13.8735    0.258968    0.400219    0.466024    0.505823     2469.91     1.6e+19     5.74079     4.64514     4.73072     4.75536
      15900           0     26.5055     196.574     322.581         1.1     2238.88     630.029     2868.91     27.2785    -14.3831    0.258968    0.348061    0.455384    0.505823     2470.36     1.6e+19     5.73047     4.60968     4.69377     4.72091
      15800    0.024624     26.5301     197.965     319.139         1.1     2245.28     654.425     2899.71     24.3955    -15.2301    0.258968     0.33798    0.438778    0.505823     2470.77     1.6e+19     5.71897     4.97493     4.65811     4.68704
      15700   0.0353424     29.0032     199.373     316.881         1.1     2252.46     678.562     2931.02     24.1369    -16.7198    0.258968     0.33798    0.422568    0.505823     2471.32     1.6e+19     5.70656     4.93915     4.62375     4.65392
      15600    0.040008     32.5421     200.798      315.65         1.1     2261.15     700.523     2961.68     21.9617    -18.3421    0.254802     0.33783    0.409024    0.505823     2471.92     1.6e+19      5.6936     4.90319     4.99001     4.62154
      15500   0.0380005     36.5409     202.236     313.659         1.1     2269.87     721.817     2991.69     21.2938    -19.8963    0.250314    0.330956    0.401474    0.434418     2472.49     1.6e+19     5.68044     4.86771     4.95629     4.99349
      15400   0.0767324     40.3797     203.683     311.278         1.1     2283.51     742.139     3025.65      20.322    -21.2937    0.245766    0.321155    0.394291    0.434418     2472.99     1.6e+19     5.66717     4.83312     4.92457     4.96655
      15300    0.131738      48.108      205.14     310.458         1.1     2305.29     764.316      3069.6     22.1767     -23.456    0.241195    0.265714    0.385217    0.434418     2473.72     1.6e+19     5.65389     4.80178     4.89407     4.93899
      15200    0.173577     61.3236     206.612      310.64         1.1     2328.04     785.777     3113.81     21.4611    -26.4832    0.236643    0.269662    0.372184    0.434418     2474.78     1.6e+19     5.64073     5.17045     4.86471     4.91091
      15100     0.25097     78.7587     208.102     317.045         1.1     2359.73     806.449     3166.18     20.6717    -29.7515    0.232136    0.269662    0.359351    0.434418     2476.11     1.6e+19     5.62776     5.13916     4.83611     4.88236
      15000    0.319125     103.924      209.61     327.722         1.1      2405.4     826.141     3231.54     19.6924    -33.6211    0.227678    0.269662    0.346568    0.434418     2477.92     1.6e+19     5.61499     5.10836     4.80792     4.85314
      14900    0.374285     135.892      211.14     335.873         1.1     2461.74     843.648     3305.38     17.5069     -37.589    0.223263    0.269662    0.338491    0.434418     2480.18     1.6e+19      5.6024      5.0782     5.17879     4.82296
      14800    0.354004       173.3     212.689     342.631         1.1     2529.31     860.237     3389.55     16.5895    -41.4176    0.218876    0.269662    0.332205     0.36527     2482.74     1.6e+19     5.58994     5.04873     5.14919     5.19478
      14700           0     208.346     214.193     333.714         1.1     2590.02     875.039     3465.06     14.8018    -43.7367    0.214521    0.247692    0.326069     0.36527      2485.1     1.6e+19     5.57763     5.02049      5.1206     5.16655
      14600           0     208.346     206.844     265.394         1.1     2610.38     904.035     3514.41     28.9961    -39.3227   0.0516279    0.269662    0.421253     0.36527      2483.1     1.6e+19     6.43939     5.17512     4.84215     5.17426
      14500           0     208.346     204.659      238.73         1.1     2614.56     938.723     3553.28     34.6881    -40.3687   0.0058495     0.33798    0.434418    0.434418     2480.98     1.6e+19     6.63909     4.97983     4.97177      4.8295
      14400           0     208.346     204.816     222.261         1.1     2617.89     975.261     3593.15     36.5376    -43.3129           0    0.412886    0.505823    0.434418     2478.92     1.6e+19       6.501     4.69965     4.62855     4.89672
      14300           0     208.346     205.771     208.021         1.1     2624.15     1008.64     3632.79     33.3794    -46.7751           0    0.412886    0.505823    0.434418     2476.83     1.6e+19       6.501     4.74934     4.63986     4.96067
      14200           0     208.346     206.947     195.854         1.1     2637.15     1040.25      3677.4     31.6059    -50.2524           0    0.412886    0.505823    0.481446     2474.69     1.6e+19       6.501     4.75407     4.63616     4.61254
      14100           0     208.346     208.152     189.303         1.1     2650.73     1070.43     3721.15     30.1811    -53.4569           0    0.412886    0.505823    0.505823     2472.61     1.6e+19       6.501     4.73512     4.62706     4.64369
      14000           0     208.346     209.327     186.268         1.1     2673.56     1098.09     3771.64     27.6579    -56.1456           0    0.412886    0.491258    0.505823     2470.48     1.6e+19       6.501     4.70698     4.61926     4.67018
      13900           0     208.346     210.459     181.229         1.1     2701.64      1128.2     3829.84      30.111    -58.3451           0    0.412886    0.482327    0.505823     2468.28     1.6e+19       6.501     4.67819     4.61706     4.69454
      13800           0     208.346     211.551     175.322         1.1     2721.02     1155.16     3876.18     26.9641    -60.2833           0    0.412886     0.48493    0.505823     2466.05     1.6e+19       6.501     4.65325     4.61891      4.7183
      13700           0     208.346     212.607     171.009         1.1     2756.33      1183.9     3940.24     28.7433    -62.0501           0    0.412886    0.495325    0.505823     2463.81     1.6e+19       6.501     4.63407       4.624     4.74214
      13600           0     208.346     213.629     167.586         1.1     2784.42     1211.48      3995.9     27.5755    -63.6389           0    0.403375    0.505823    0.505823     2461.57     1.6e+19       6.501     4.62148     4.63193     4.76635
      13500           0     208.346     214.623     170.817         1.1     2812.84     1232.69     4045.53     21.2065    -64.9707           0    0.390546    0.505823    0.505823     2459.29     1.6e+19       6.501     4.61814     4.64434      4.7914
      13400           0     208.346     215.596     178.078         1.1     2839.86     1256.13     4095.99     23.4436    -65.7757           0    0.393507    0.505823    0.554639     2457.03     1.6e+19       6.501     4.62016     4.66062     4.41378
      13300           0     208.346      216.55     175.045         1.1     2867.55     1276.44     4143.99       20.31    -66.1906           0    0.403507    0.505823    0.572861     2454.86     1.6e+19       6.501     4.62503     4.67788     4.43003
      13200           0     208.346     220.061     195.992         1.1     2877.91     1296.29      4174.2     19.8536    -66.6097  0.00697366     0.40194    0.505823    0.572861     2454.78     1.6e+19     6.66661     4.62569       4.703     4.44722
      13100   0.0106474     208.357     222.278     202.677         1.1     2882.18     1309.88     4192.06      13.587    -65.9759    0.032909    0.389997    0.505823    0.572861     2454.83     1.6e+19     6.32065     4.62195     4.71956     4.45716
      13000           0     209.411     224.072     208.608         1.1     2894.45     1324.29     4218.74     14.4137     -65.188   0.0630091     0.35433    0.505823    0.572861     2455.04     1.6e+19     6.52737     4.60723     4.72136     4.45888
      12900   0.0608373     209.472     225.522     214.953         1.1     2897.38     1337.48     4234.86     13.1858    -63.9673   0.0896703     0.33798    0.505823    0.572861     2455.22     1.6e+19     5.89196     4.98494      4.7134     4.45252
      12800   0.0882355     215.583     226.637     221.335         1.1     2908.58     1351.72      4260.3      14.245    -63.9315    0.125871     0.33798    0.505823    0.572861     2455.88     1.6e+19     6.02186     4.95782     4.70025      4.4392
      12700   0.0339045     224.352     227.654     223.551         1.1      2914.4     1366.67     4281.08     14.9486     -64.218    0.149485     0.33798    0.505823    0.572861     2456.75     1.6e+19     6.12733     4.92937     4.68354      4.4204
      12600           0     227.709     228.774     222.853         1.1     2927.35     1383.05     4310.39     16.3761    -63.2966     0.15402     0.33798    0.505823    0.509077     2457.26     1.6e+19     5.41202     4.89918     4.66284     4.40092
      12500           0     227.709     229.939     222.715         1.1     2937.76      1400.1     4337.86     17.0489    -61.9772    0.177313     0.33798     0.49117    0.505823     2457.53     1.6e+19     5.47461     4.86821     4.64088     4.78071
      12400           0     227.709     231.132     222.712         1.1     2950.28     1415.07     4365.34      14.968    -61.0443    0.195021    0.307295    0.460778    0.505823      2457.8     1.6e+19     5.52316     4.83871     4.61988      4.7579
      12300           0     227.709     232.351     221.384         1.1     2951.82      1429.5     4381.33     14.4345    -60.4517    0.208427    0.280761    0.434418    0.505823     2458.04     1.6e+19     5.56049     4.81194     4.99927     4.73407
      12200   0.0804391     227.789     233.596     219.066         1.1     2964.75     1445.21     4409.95     15.7061    -60.2289    0.218503    0.269662    0.434418    0.505823     2458.28     1.6e+19     5.58889      5.1866     4.97684     4.70987
      12100    0.146406     235.899     234.872     218.202         1.1     2986.65     1462.78     4449.42     17.5698    -62.0202    0.225965    0.269662    0.434418    0.505823     2459.07     1.6e+19      5.6101     5.16127      4.9532     4.68476
      12000    0.211245     250.604     236.185     218.158         1.1     3017.28     1476.69     4493.97     13.9129    -65.0126    0.231334    0.269662    0.434418    0.505823      2460.3     1.6e+19     5.62546     5.13633     4.92865     4.65818
      11900    0.247443     271.765     237.536      218.94         1.1     3052.63     1493.71     4546.34     17.0178    -68.8682    0.235004    0.268114    0.420486    0.505823     2461.96     1.6e+19     5.63601     5.11172     4.90362        4.63
      11800    0.335258     296.597     238.927     220.299         1.1     3093.83     1509.82     4603.65     16.1127    -72.7619    0.237278    0.269662    0.400332    0.443939     2463.83     1.6e+19     5.64256     5.08741     4.87878     4.60253
      11700     0.12037     329.908     240.362     229.087         1.1     3147.16     1526.04      4673.2     16.2199    -77.5137    0.238396    0.269662    0.381867    0.434418      2466.2     1.6e+19      5.6458     5.06309     4.85484     4.97664
      11600   0.0734786     341.898     228.485     203.533         1.1     3181.58     1554.92      4736.5     28.8792    -76.5833   0.0840008    0.314356    0.434418    0.434418     2465.24     1.6e+19     5.87215     4.82435     4.97893     4.98034
      11500   0.0118844     349.184      224.49     185.626         1.1     3207.77      1596.2     4803.97     41.2768    -77.3877   0.0364272    0.412886    0.505823    0.505823     2463.89     1.6e+19      6.3426     4.63593     4.71151     4.63042
      11400   0.0165809     350.377     223.949     161.823         1.1     3222.64      1640.2     4862.84     44.0026     -78.645   0.0108934    0.412886    0.505823    0.505823     2462.12     1.6e+19     6.76461     4.76697     4.77557      4.6932
      11300   0.0187005     352.038     224.652     150.533         1.1     3231.07     1681.02     4912.09     40.8251    -81.1447  0.00672776    0.484658    0.505823    0.505823     2460.32     1.6e+19     6.66057     4.42347     4.79601       4.755
      11200           0     353.889      225.75     146.174         1.1      3234.6     1720.12     4954.73     39.0997     -83.717   0.0044373    0.484658    0.505823    0.529597     2458.52     1.6e+19     6.60489       4.428     4.79728      4.4067
      11100           0     353.889     226.934     138.345         1.1     3251.45     1758.09     5009.54     37.9665    -85.6599  0.00336293    0.458115    0.505823    0.572861     2456.65     1.6e+19     6.57914     4.41194     4.79114     4.43742
      11000           0     353.889     228.106     128.909         1.1     3277.14     1794.78     5071.93     36.6937    -87.6386  0.00308459    0.412886    0.505823    0.572861     2454.67     1.6e+19     6.57251     4.79658     4.78381     4.46231
      10900           0     353.889     229.252     123.488         1.1     3293.52     1833.13     5126.66     38.3479    -89.6363  0.00333234    0.412886    0.505823    0.572861     2452.64     1.6e+19     6.57841     4.77978     4.77975     4.48428
      10800           0     353.889     230.367     120.324         1.1     3298.29     1868.31      5166.6      35.183    -91.4721  0.00392619    0.412886    0.505823    0.572861     2450.58     1.6e+19     6.59262     4.76347     4.78018     4.50498
      10700           0     353.889     231.451     116.249         1.1     3304.69     1903.09     5207.78     34.7741    -93.1431  0.00474481    0.412886    0.505823    0.572861      2448.5     1.6e+19     6.61231     4.75052     4.78513     4.52565
      10600           0     353.889     232.506      111.78         1.1     3315.33     1937.48     5252.82      34.394    -94.7544  0.00570722    0.412886    0.505823    0.572861      2446.4     1.6e+19     6.63563     4.74212     4.79427     4.54709
      10500           0     353.889     233.536     109.061         1.1     3326.23     1971.45     5297.67     33.9644    -96.3227  0.00675964    0.412886    0.520464    0.572861      2444.3     1.6e+19     6.66135     4.73861     4.40617     4.56972
      10400           0     353.889      234.54     107.362         1.1     3337.76     2003.11     5340.87     31.6596    -97.7874  0.00786535    0.412886    0.545759    0.572861     2442.23     1.6e+19     6.68862     4.73974     4.41772     4.59306
      10300           0     353.889     235.519     106.259         1.1      3342.7     2032.49     5375.18     29.3812    -99.1368  0.00899768    0.412886    0.569548    0.614668     2440.22     1.6e+19     6.71681     4.74498     4.42979     4.21277
      10200           0     353.889      236.47     105.074         1.1      3348.5     2061.72     5410.21     29.2304    -100.374   0.0101378    0.412886    0.572861    0.634429     2438.32     1.6e+19     6.74547     4.75374      4.4424     4.22576
      10100           0     353.889     237.393      102.87         1.1     3370.44     2088.02     5458.46     26.3066    -101.564   0.0112729    0.412886    0.572861    0.634429     2436.42     1.6e+19     6.77428      4.7655     4.45738     4.24123
      10000           0     353.889     238.294     100.338         1.1      3385.8     2113.73     5499.53     25.7063    -102.759   0.0128733    0.412886    0.572861    0.634429     2434.52     1.6e+19     6.20284     4.77987     4.47474     4.25946
       9900           0     353.889     239.174     97.6337         1.1      3390.3     2138.86     5529.16     25.1256    -103.981   0.0179341    0.412886    0.572861    0.634429     2432.63     1.6e+19      6.2291      4.7965     4.49421     4.27994
       9800           0     353.889     240.037     94.7934         1.1     3395.88     2162.56     5558.44     23.7067    -105.242    0.022193    0.445919    0.572861    0.634429     2430.77     1.6e+19     6.25484     4.41137     4.51547     4.30229
       9700           0     353.889     240.878     91.8452         1.1     3397.47     2184.87     5582.34     22.3092    -106.547   0.0263407    0.473345    0.572861    0.634429     2428.96     1.6e+19     6.28013     4.42193     4.53805     4.32617
       9600           0     353.889     241.694     88.8116         1.1      3399.7     2205.81     5605.51     20.9372    -107.901   0.0303718    0.484658    0.572861    0.634429     2427.18     1.6e+19     6.30493      4.4319     4.56154     4.35125
       9500   0.0911702      353.98     242.486      85.705         1.1      3401.8      2225.4      5627.2     19.5886    -109.325   0.0342867    0.484658    0.572861    0.634429     2425.43     1.6e+19     6.32922     4.44515     4.58575     4.37724
       9400     0.10227     363.108     243.272     83.2157         1.1     3420.85     2247.33     5668.18     21.9276    -112.558   0.0380977    0.484658    0.592384    0.643147     2424.29     1.6e+19     6.35308     4.46128     4.20925      4.0029
       9300   0.0917941     373.325     244.056     81.0669         1.1     3439.34     2267.07     5706.41     19.7437    -115.573   0.0418008    0.484658    0.625684    0.690526     2423.36     1.6e+19     6.37644     4.47943      4.2264     4.01913
       9200   0.0876473       382.5     244.824     79.1473         1.1     3457.03     2285.95     5742.97      18.876    -118.007    0.045365    0.484658    0.634429    0.690526     2422.44     1.6e+19     6.39911     4.49875     4.24054     4.03163
       9100   0.0759302     391.253     245.571     77.4038         1.1     3466.88     2302.37     5769.26     16.4292    -120.118   0.0487796    0.484658    0.634429    0.690526      2421.5     1.6e+19       6.421     4.51871     4.25616     4.04529
       9000   0.0594807      398.83       246.3     75.8212         1.1      3474.8     2315.38     5790.18     13.0004    -121.833   0.0520569    0.484658    0.634429    0.690526      2420.5     1.6e+19     6.44217     4.53908      4.2729     4.06025
       8900   0.0625305     404.781     247.013     74.4113         1.1     3493.56     2329.01     5822.57     13.6374     -123.15   0.0552158    0.484658    0.634429    0.690526     2419.39     1.6e+19     6.46272     4.55973     4.29048     4.07651
       8800   0.0585502      411.03     247.713     73.1237         1.1     3500.92     2341.82     5842.74     12.8116    -124.524   0.0582783    0.484658    0.634429    0.690526      2418.3     1.6e+19     6.48278     4.58057     4.30881     4.09392
       8700   0.0546182     416.881     248.405     71.9364         1.1     3500.97     2353.82     5854.79      11.995    -125.794   0.0612633    0.488487    0.634429    0.690526      2417.2     1.6e+19     6.50246     4.20145     4.32775     4.11225
       8600   0.0520794      422.34     249.088     70.8405         1.1     3506.14     2365.28     5871.43     11.4624    -126.974   0.0630091    0.526063    0.634429    0.690526     2416.11     1.6e+19     6.52188     4.21652     4.34719     4.13137
       8500   0.0496268     427.546     249.756     69.8249         1.1     3507.22     2376.23     5883.45     10.9444    -128.102   0.0630091    0.549409    0.634429    0.690526     2415.05     1.6e+19     6.54135     4.22721     4.36686     4.15115
       8400   0.0493946     432.508     250.407     69.3186         1.1     3509.57     2387.12     5896.69     10.8932    -129.173   0.0630091    0.551677    0.634429    0.690526     2413.99     1.6e+19     6.56072     4.23796     4.38663     4.17141
       8300   0.0319647      437.43     251.045     69.1404         1.1     3518.69     2394.37     5913.06     7.25454    -130.203   0.0630091    0.551677    0.645023    0.690526     2412.94     1.6e+19     6.57991     4.25116     4.00589     4.19199
       8200   0.0317462     440.626     251.673     69.2135         1.1     3523.41     2401.58     5924.99     7.20178    -130.854   0.0630091    0.551677    0.670521    0.717571     2411.82     1.6e+19      6.5989     4.26603     4.02115     3.80992
       8100   0.0316123     443.801     252.287     69.4972         1.1     3531.26     2408.74        5940     7.16302    -131.515   0.0676735    0.551677    0.688625    0.741151     2410.81     1.6e+19     5.81587     4.28191     4.03347     3.82067
       8000   0.0301273     446.961     252.883      69.946         1.1     3531.35     2415.58     5946.93      6.8417     -132.16   0.0723537    0.551677    0.690526    0.741151     2409.85     1.6e+19     5.83188     4.29826     4.04515     3.83104
       7900   0.0287137     449.972     253.462     70.6085         1.1     3540.46     2422.12     5962.58     6.53769    -132.742   0.0768199    0.551677    0.690526    0.741151     2408.88     1.6e+19     5.84726     4.31481     4.05814     3.84282
       7800   0.0246074     452.839     254.027     71.4428         1.1     3547.31     2427.79      5975.1     5.67296    -133.251   0.0811186    0.551677    0.690526    0.741151     2407.92     1.6e+19     5.86213     4.33144     4.07203     3.85578
       7700   0.0253374     455.301      254.58     72.4399         1.1     3551.93     2433.61     5985.54     5.82018    -133.632   0.0852828    0.551677    0.690526    0.741151     2406.93     1.6e+19     5.87662     4.34813     4.08659     3.86973
       7600   0.0213271      457.83     255.123     73.6031         1.1     3558.71     2438.59      5997.3     4.97722    -133.979   0.0893381    0.551677    0.690526    0.741151     2405.96     1.6e+19     5.89079     4.36483     4.10169     3.88447
       7500   0.0174751     459.959     255.657     74.9072         1.1     3570.86     2442.76     6013.62     4.16767    -134.188   0.0933041    0.551677    0.690526    0.741151     2404.96     1.6e+19     5.90473     4.38153     4.11722     3.89985
       7400   0.0136614     461.703     256.184     75.2892         1.1     3586.28     2446.12      6032.4     3.36574     -134.29   0.0971958    0.551677    0.690526    0.741151     2403.95     1.6e+19     5.91848     4.39823     4.13309      3.9158
       7300   0.0194565     463.075     256.704     75.1525         1.1     3603.07     2450.69     6053.76     4.57119    -134.348    0.101025    0.577109    0.690526    0.741151     2402.95     1.6e+19     5.93206     4.01162     4.14924     3.93222
       7200   0.0252988     465.026     257.213     74.7319         1.1     3623.54     2456.48     6080.02     5.78691    -134.571    0.104786     0.59539    0.690526    0.741151     2402.02     1.6e+19     5.94548     4.02103      4.1655     3.94895
       7100   0.0196454     467.551      257.71     74.1075         1.1     3644.74     2461.07     6105.81     4.59042    -134.927    0.108462    0.608897    0.690526    0.741151     2401.16     1.6e+19     5.95865     4.02898     4.18167     3.96576
       7000           0     469.496     258.192      73.344         1.1     3658.29     2461.66     6119.95   -0.592273    -135.172     0.11204    0.613942    0.690526    0.741151     2400.28     1.6e+19     5.97152     4.03682     4.19766      3.9826
       6900           0     469.496      258.66     72.5164         1.1     3671.83     2462.22     6134.05   -0.560375    -135.078    0.115518    0.613942    0.707423    0.741151     2399.29     1.6e+19      5.9841     4.04636     3.81159     3.99944
       6800   0.0159719     469.512     259.114     71.6301         1.1     3683.54     2466.01     6149.55     3.78572    -135.104    0.118906    0.613942    0.722317    0.770074     2398.38     1.6e+19      5.9964     4.05713     3.82297     3.61185
       6700   0.0101195     471.103     259.555     70.6731         1.1      3694.8     2468.55     6163.35     2.54459    -135.521    0.122207    0.613942     0.73303    0.786217     2397.64     1.6e+19     6.00844     4.06861     3.83235     3.61955
       6600           0     472.105     259.982      69.691         1.1     3706.76     2469.14      6175.9    -0.58232    -135.825    0.125411    0.613942    0.741147    0.786217      2396.9     1.6e+19     6.02017     4.08041     3.84056     3.62691
       6500  0.00149282     472.106     260.393     68.6952         1.1     3715.82     2469.84     6185.66    0.706816    -135.968    0.128507    0.613942    0.741151    0.786217     2396.11     1.6e+19     6.03156     4.09232     3.84925     3.63516
       6400 0.000122302     472.254     260.791     67.9871         1.1     3724.28     2470.25     6194.53    0.409316    -136.206    0.131504    0.613942    0.741151    0.786217     2395.33     1.6e+19     6.04262     4.10426     3.85888     3.64424
       6300  0.00664125     472.273     261.178      67.445         1.1     3733.51     2472.02     6205.54     1.77183     -136.45    0.134418    0.613942    0.741151    0.786217     2394.55     1.6e+19     6.05342     4.11622     3.86911     3.65404
       6200  0.00889585     472.939     261.558     66.9922         1.1     3750.71     2474.26     6224.98     2.24164    -136.839    0.137262    0.613942    0.741151    0.786217     2393.82     1.6e+19     6.06399     4.12818     3.87978     3.66437
       6100   0.0111692     473.831     261.933     66.6178         1.1     3768.74     2476.98     6245.72     2.71693    -137.253    0.140044    0.613942    0.741151    0.786217      2393.1     1.6e+19     6.07438     4.14013     3.89074     3.67505
       6000   0.0134571      474.95     262.303     66.2943         1.1     3775.86     2480.18     6256.04     3.19682    -137.682     0.14277    0.613942    0.741151    0.786217     2392.41     1.6e+19     6.08459     4.15206     3.90189     3.68601
       5900  0.00319462     476.286     262.669       66.01         1.1     3784.89     2481.21      6266.1     1.03058    -138.116    0.145445    0.613942    0.741151    0.786217     2391.74     1.6e+19     6.09465     4.16395     3.91317     3.69715
       5800   0.0100337     476.612     263.031     65.7755         1.1     3800.15     2483.68     6283.83     2.46891    -138.318    0.148074    0.613942    0.741151    0.786217     2391.01     1.6e+19     6.10456      4.1758     3.92453     3.70851
       5700    0.010239     477.616     263.389     65.5698         1.1     3805.63     2486.19     6291.82     2.51107    -138.661    0.149485    0.613942    0.741151    0.786217     2390.32     1.6e+19     6.11441      4.1876     3.93599     3.72004
       5600  0.00974205     478.639     263.744     65.3878         1.1     3809.38     2488.59     6297.98     2.40558    -138.983    0.149485    0.613942    0.741151    0.786217     2389.64     1.6e+19     6.12454     4.19935      3.9475     3.73165
       5500  0.00926126     479.613     264.098     65.2297         1.1     3823.06      2490.9     6313.96     2.30169    -139.272    0.149485    0.629223    0.741151    0.786217     2388.96     1.6e+19     6.13485     3.80894     3.95907     3.74333
       5400  0.00774661     480.537     264.449     64.3697         1.1     3836.07     2492.87     6328.94     1.97648    -139.546    0.149485    0.640304    0.741151    0.786217      2388.3     1.6e+19     6.14523     3.81623     3.97063     3.75508
       5300  0.00626398     481.311     264.793     63.0874         1.1      3841.5     2494.53     6336.03     1.65726    -139.828    0.149485    0.648832    0.741151    0.786217     2387.65     1.6e+19     6.15558     3.82261     3.98209     3.76687
       5200    0.020508     481.951      265.13     61.5716         1.1     3859.23      2499.2     6358.43     4.66958    -140.142    0.149485    0.655957    0.741151    0.786217        2387     1.6e+19     6.16584     3.82866     3.99347     3.77867
       5100   0.0161223     483.998     265.463     59.8807         1.1     3863.93     2502.94     6366.86     3.73651    -140.792    0.149485    0.662186    0.745781    0.786217     2386.45     1.6e+19     6.17599     3.83463     3.60433     3.79033
       5000   0.0117724     485.605     265.792     58.0469         1.1     3865.51     2505.74     6371.26     2.80832    -141.362    0.149485    0.667729    0.754827     0.78925      2385.9     1.6e+19     6.18599     3.84064     3.61348     3.40143
       4900   0.0168967     486.788     266.112     56.1346         1.1     3868.55     2509.63     6378.18     3.88785    -141.889    0.149485    0.671454    0.761882    0.805686     2385.37     1.6e+19     6.19579     3.84671     3.62152     3.40916
       4800   0.0189944      488.48     266.424     54.1365         1.1      3869.7     2513.96     6383.66     4.32592    -142.575    0.151314    0.671454    0.767107    0.816687     2384.91     1.6e+19     5.40484      3.8535     3.62836     3.41436
       4700   0.0211361     490.381     266.727     52.0691         1.1     3876.75     2518.73     6395.48     4.77291    -143.337    0.154348    0.671454    0.770985    0.824916      2384.5     1.6e+19     5.41289     3.86091      3.6343     3.41825
       4600   0.0117975     492.485      267.02     49.9636         1.1     3878.54     2521.51     6400.05     2.77984    -144.168    0.157178    0.671454    0.773977    0.825184     2384.12     1.6e+19     5.42042     3.86863     3.63972     3.42209
       4500  0.00721605     493.661     267.302      47.819         1.1     3882.14     2523.31     6405.44      1.7978    -144.849    0.159844    0.671454    0.776541    0.825184     2383.69     1.6e+19     5.42753     3.87644     3.64506     3.42665
       4400   0.0153939      494.39     267.573     46.0132         1.1     3886.38     2526.84     6413.22     3.52667    -145.511    0.162375    0.671454    0.778867    0.825184     2383.23     1.6e+19     5.43431     3.88424     3.65054     3.43178
       4300   0.0160651      495.93     267.836     44.3806         1.1     3888.27      2530.5     6418.77     3.66399    -146.389      0.1648    0.671454    0.780996    0.825184     2382.84     1.6e+19     5.44081     3.89197     3.65619     3.43726
       4200   0.0181733     497.539     268.092      42.838         1.1     3894.65     2534.61     6429.25     4.10794    -147.286    0.167135    0.671454    0.782909    0.825184     2382.47     1.6e+19     5.44708     3.89959     3.66196     3.44293
       4100   0.0146674     499.353     268.342     41.3675         1.1     3905.06     2537.97     6443.03     3.35769    -148.225    0.169388    0.671454    0.784595    0.825184     2382.11     1.6e+19     5.45315     3.90711     3.66783     3.44874
       4000   0.0210483     500.826     268.587     39.9458         1.1     3915.91     2542.68     6458.59     4.71295    -149.091    0.171568    0.671454    0.786058    0.825184     2381.74     1.6e+19     5.45904     3.91451     3.67378     3.45468
       3900   0.0274296     502.937     268.827     38.5476         1.1     3929.55     2548.75      6478.3      6.0727    -150.091    0.173683    0.671454    0.786217    0.825184     2381.41     1.6e+19     5.46476     3.92178     3.67988      3.4607
       3800   0.0195264     505.672     269.065     37.1551         1.1     3941.72     2553.14     6494.85     4.38532    -151.189    0.175741    0.671454    0.786217    0.825184     2381.14     1.6e+19     5.47034     3.92894     3.68614     3.46672
       3700   0.0178527     507.623     269.299     35.2029         1.1     3958.05     2557.16     6515.21     4.02614    -152.104    0.177744    0.671454    0.786217    0.825184     2380.81     1.6e+19     5.47578       3.936     3.69246     3.47283
       3600   0.0161938     509.407     269.529     31.7267         1.1     3972.02     2560.83     6532.85     3.67059     -153.07    0.179697    0.671454    0.786217    0.825184     2380.47     1.6e+19      5.4811     3.94294     3.69882     3.47908
       3500   0.0235697     511.034     269.757     27.5854         1.1     3985.27     2566.08     6551.34     5.24328    -154.149    0.181612    0.671454    0.786217    0.825184     2380.13     1.6e+19     5.48632     3.94979     3.70521     3.48545
       3400   0.0178326     513.385     269.982     23.1878         1.1      3994.6     2570.09     6564.69     4.01805    -155.528    0.183494    0.671454    0.786217    0.825184     2379.84     1.6e+19     5.49146     3.95654     3.71162     3.49185
       3300   0.0184329     515.169     270.205     18.5476         1.1     3994.65     2574.24     6568.89     4.14493    -156.925    0.185347    0.671454    0.786217    0.825184     2379.52     1.6e+19     5.49653      3.9632     3.71803     3.49827
       3200   0.0190421     517.013     270.426      14.241         1.1     3996.01     2578.51     6574.52     4.27418    -158.484     0.18717    0.671454    0.786217    0.825184      2379.2     1.6e+19     5.50153     3.96978     3.72443     3.50475
       3100   0.0177868     518.916     270.645     11.2421         1.1     3996.21     2582.52     6578.73      4.0054    -160.131    0.188969    0.671454    0.786217    0.825184     2378.89     1.6e+19     5.50647     3.97628     3.73082     3.51124
       3000   0.0165413     520.693     270.861     8.71513         1.1     3999.04     2586.26      6585.3     3.73855    -161.772    0.190746    0.671454    0.786217    0.825184     2378.58     1.6e+19     5.51136     3.98271     3.73719     3.51775
       2900   0.0197505      522.35     271.076     6.52611         1.1     4002.32     2590.68        6593     4.42368    -163.392    0.192502    0.671454    0.786217    0.825184     2378.26     1.6e+19      5.5162     3.98907     3.74356     3.52428
       2800   0.0178184     524.323      271.29       4.571         1.1     4005.98     2594.69     6600.67     4.01037    -165.065     0.19424    0.671454    0.786217    0.825184     2377.97     1.6e+19       5.521     3.99536      3.7499     3.53079
       2700    0.033641     526.121     271.501     2.61662         1.1     4009.31     2602.09      6611.4     7.39856    -166.678     0.19596    0.673345    0.786217    0.825184     2377.67     1.6e+19     5.52576     3.60147     3.75622     3.53728
       2600  0.00929417     529.461     271.713    0.310497         1.1     4021.83     2604.28     6626.11     2.18722    -168.575     0.19766    0.679176    0.786217    0.825184     2377.48     1.6e+19     5.53047     3.60633     3.76248     3.54362
       2500   0.0270434     530.408      271.92    -2.07158         1.1     4021.98     2610.26     6632.24      5.9797    -169.977    0.199328    0.683495    0.786217    0.825184     2377.14     1.6e+19      5.5351     3.61039     3.76861     3.54996
       2400   0.0247031      533.11     272.124    -4.49073         1.1     4023.78     2615.73     6639.52     5.47649    -171.776    0.200961    0.686947    0.786217    0.825184     2376.93     1.6e+19     5.53964     3.61407     3.77465     3.55627
       2300   0.0216813     535.577     272.323    -6.94245         1.1     4023.99     2620.56     6644.55     4.82652    -173.513    0.202559    0.689846    0.786217    0.825184     2376.71     1.6e+19     5.54409     3.61757     3.78057     3.56242
       2200   0.0186784     537.742     272.519    -9.25505         1.1     4030.75     2624.74     6655.49     4.18055    -175.195    0.204115     0.69235    0.786217    0.825184     2376.47     1.6e+19     5.54843       3.621     3.78635     3.56849
       2100   0.0182628      539.61     272.711    -11.1557         1.1     4031.11     2628.83     6659.94     4.08874    -176.821    0.205631    0.694545    0.786217    0.825184     2376.23     1.6e+19     5.55267     3.62441     3.79203     3.57451
       2000   0.0178635     541.436     272.899    -12.8837         1.1     4031.33     2632.83     6664.16     4.00076    -178.435    0.207112    0.696481    0.786217    0.825184     2375.98     1.6e+19     5.55681     3.62783     3.79763     3.58049
       1900   0.0199683     543.224     273.084    -14.4802         1.1     4031.93     2637.28     6669.21     4.44949    -180.028    0.208562    0.698194    0.787706    0.825184     2375.74     1.6e+19     5.56087     3.63128     3.40294     3.58641
       1800   0.0197539     545.221     273.265    -15.9785         1.1     4032.32     2641.68     6674.01     4.40129    -181.642    0.209983    0.699703    0.789956    0.825184     2375.53     1.6e+19     5.56486     3.63476     3.40775     3.59217
       1700   0.0234091       547.2     273.444    -17.4923         1.1     4034.03     2646.86     6680.89     5.18301    -183.221    0.211374    0.701017    0.791877    0.825184     2375.32     1.6e+19     5.56877     3.63826     3.41234     3.59771
       1600   0.0303334     549.548     273.619    -19.1985         1.1     4035.11     2653.53     6688.64     6.66854    -184.847    0.212733    0.702152    0.793528    0.829822     2375.14     1.6e+19     5.57259     3.64178     3.41675     3.20258
       1500    0.021423     552.572     273.792    -20.9703         1.1     4036.64     2658.29     6694.92     4.75304    -186.569    0.214059    0.703119    0.794837    0.835722     2375.03     1.6e+19     5.57633     3.64533     3.42075     3.20586
       1400   0.0132154     554.706     273.961     -22.775         1.1     4037.67     2661.27     6698.94     2.98876    -188.082    0.215346    0.703923    0.795806    0.840151     2374.88     1.6e+19     5.57996     3.64887     3.42424     3.20832
       1300   0.0161429     556.031     274.125    -24.5862         1.1     4042.47     2664.89     6707.36     3.61124     -189.45    0.216589    0.704566    0.796529    0.843943     2374.69     1.6e+19     5.58347      3.6524     3.42736     3.21044
       1200   0.0190493     557.648     274.283    -26.1246         1.1     4059.03     2669.12     6728.15     4.23064    -190.906    0.217794    0.705056    0.797082    0.847325     2374.52     1.6e+19     5.58688     3.65589     3.43024     3.21232
       1100   0.0215971     559.555     274.436    -26.9198         1.1     4072.52     2673.89     6746.41      4.7741    -192.389    0.218965    0.705412    0.797507    0.850336     2374.39     1.6e+19      5.5902     3.65935     3.43294       3.214
       1000   0.0235021     561.717     274.585     -27.393         1.1     4083.91     2679.07     6762.98     5.18014    -193.851      0.2201    0.705716    0.797758    0.853036     2374.29     1.6e+19     5.59341     3.66278     3.43548     3.21551
        900   0.0223084     564.066      274.73     -27.519         1.1     4095.74     2683.99     6779.73     4.92017    -195.256    0.221194    0.707963    0.797693    0.855488      2374.2     1.6e+19     5.59652     3.66597     3.43793     3.21688
        800   0.0387241     566.313      274.87    -27.3807         1.1     4108.83     2692.44     6801.27     8.44966    -196.537    0.222244    0.712321    0.797597    0.857788     2374.12     1.6e+19      5.5995     3.66846     3.44028     3.21817
        700    0.041566     570.189     275.007    -26.9502         1.1     4119.76      2701.5     6821.26     9.05962    -198.006    0.223246    0.717748     0.79747    0.857963     2374.16     1.6e+19     5.60235     3.67007     3.44251     3.21945
        600   0.0275506     574.331      275.14    -26.0705         1.1     4140.63     2707.53     6848.17     6.03518    -199.339     0.22419    0.723431    0.797322    0.857963     2374.23     1.6e+19     5.60504     3.67088     3.44463     3.22084
        500   0.0245141     577.083     275.266    -24.8936         1.1     4162.04     2712.91     6874.95     5.37637    -200.237    0.225062    0.724011    0.797166    0.857963     2374.22     1.6e+19     5.60752     3.67156     3.44666     3.22241
        400   0.0336586     579.544     275.386    -23.3947         1.1     4195.88     2720.25     6916.14     7.34167    -200.967    0.225868    0.724011     0.79704    0.857963     2374.18     1.6e+19     5.60982     3.67276     3.44867      3.2242
        300  0.00986928     582.886     275.502    -21.6515         1.1     4219.07     2722.48     6941.55     2.22482     -201.74    0.226625    0.724011    0.796957    0.857963     2374.21     1.6e+19     5.61198      3.6743     3.45072     3.22607
        200  0.00734339      583.87     275.614    -19.4032         1.1     4249.07     2724.16     6973.23     1.67892    -201.933    0.227344    0.724011    0.796919    0.857963     2374.08     1.6e+19     5.61404     3.67606     3.45278     3.22814
        100   0.0262296     584.623     275.721    -16.2369         1.1     4264.24     2729.89     6994.13      5.7346    -201.998    0.228036    0.724011    0.796953    0.857963     2373.93     1.6e+19     5.61601     3.67795     3.45496     3.23052
          0   0.0257347     587.246     275.826    -12.6033         1.1     4266.41     2735.52     7001.93     5.62882    -202.269     0.22872    0.724011    0.797053    0.857963     2373.91     1.6e+19     5.61797     3.67993     3.45723     3.23295