      20000           0           0     179.437      354.04         1.7     78.9895     14.2831     93.2726     14.2831      6.5598    0.258968    0.460851    0.605054    0.634429     2456.76     1.6e+19     5.73044     4.59858     4.35318     4.39114
      19900           0           0     179.437      353.13         1.7     151.419     29.7361     181.156     15.4531     6.43382    0.258968    0.460851    0.605054    0.634429     2456.76     1.6e+19     5.73044     4.59858     4.35318     4.39114
      19800           0           0     179.437     352.506         1.7     228.894     46.3592     275.253     16.6231     6.30822    0.258968    0.460851    0.605054    0.634429     2456.76     1.6e+19     5.73044     4.59858     4.35318     4.39114
      19700           0           0     179.437     352.255         1.7     299.319     60.5222     359.841     14.1631     6.19879    0.258968    0.460851    0.605054    0.634429     2456.76     1.6e+19     5.73044     4.59858     4.35318     4.39114
      19600           0           0     179.437      352.29         1.7     351.209     72.5053     423.714     11.9831     6.12087    0.258968    0.460851    0.605054    0.634429     2456.76     1.6e+19     5.73044     4.59858     4.35318     4.39114
      19500           0           0     179.437     350.597         1.7     414.692     82.0183      496.71     9.51306     6.05158    0.258968    0.460851    0.605054    0.634429     2456.76     1.6e+19     5.73044     4.59858     4.35318     4.39114
      19400           0           0     179.437     347.879         1.7     487.353     94.1014     581.454     12.0831     5.90477    0.258968    0.460851    0.605054    0.634429     2456.76     1.6e+19     5.73044     4.59858     4.35318     4.39114
      19300           0           0     179.437     345.374         1.7     558.279     106.214     664.494     12.1131     5.65656    0.258968    0.460851    0.605054    0.634429     2456.76     1.6e+19     5.73044     4.59858     4.35318     4.39114
      19200           0           0     179.437     342.873         1.7     620.606     118.358     738.963     12.1431     5.32496    0.258968    0.460851    0.605054    0.634429     2456.76     1.6e+19     5.73044     4.59858     4.35318     4.39114
      19100           0           0     179.437      342.02         1.7     681.386     130.011     811.397     11.6531     4.94128    0.258968    0.460851    0.605054    0.634429     2456.76     1.6e+19     5.73044     4.59858     4.35318     4.39114
      19000           0           0     179.437     342.156         1.7      741.53     142.474     884.004     12.4631     4.58749    0.258968    0.460851    0.605054    0.634429     2456.76     1.6e+19     5.73044     4.59858     4.35318     4.39114
      18900           0           0     179.437     340.553         1.7     800.577     155.747     956.323     13.2731     4.26219    0.258968    0.460851    0.605054    0.634429     2456.76     1.6e+19     5.73044     4.59858     4.35318     4.39114
      18800           0           0     179.437     337.986         1.7     870.831      166.28     1037.11     10.5331     3.87637    0.258968    0.460851    0.605054    0.634429     2456.76     1.6e+19     5.73044     4.59858     4.35318     4.39114
      18700           0           0     179.437      336.21         1.7     952.601     178.113     1130.71     11.8331     3.41716    0.258968    0.460851    0.605054    0.634429     2456.76     1.6e+19     5.73044     4.59858     4.35318     4.39114
      18600           0           0     179.437     334.818         1.7     1047.59     192.576     1240.17     14.4631     2.92873    0.258968    0.460851    0.605054    0.634429     2456.76     1.6e+19     5.73044     4.59858     4.35318     4.39114
      18500           0           0     179.437     333.482         1.7     1150.05     201.259     1351.31     8.68306     2.42444    0.258968    0.460851    0.605054    0.634429     2456.76     1.6e+19     5.73044     4.59858     4.35318     4.39114
      18400           0           0     179.437     332.205         1.7     1219.19     209.492     1428.69     8.23306      1.9065    0.258968    0.460851    0.605054    0.634429     2456.76     1.6e+19     5.73044     4.59858     4.35318     4.39114
      18300           0           0     179.437     329.228         1.7      1275.7     218.075     1493.77     8.58306     1.34924    0.258968    0.460851    0.605054    0.634429     2456.76     1.6e+19     5.73044     4.59858     4.35318     4.39114
      18200           0           0     179.437       325.2         1.7      1360.8     226.658     1587.45     8.58306    0.672723    0.258968    0.460851    0.605054    0.634429     2456.76     1.6e+19     5.73044     4.59858     4.35318     4.39114
      18100           0           0     179.437     321.768         1.7     1469.79     234.714      1704.5     8.05639   -0.137283    0.258968    0.460851    0.605054    0.634429     2456.76     1.6e+19     5.73044     4.59858     4.35318     4.39114
      18000           0           0     179.437     318.559         1.7     1574.09     243.331     1817.42     8.61639    -1.04056    0.258968    0.460851    0.605054    0.634429     2456.76     1.6e+19     5.73044     4.59858     4.35318     4.39114
      17900           0           0     179.437      317.64         1.7     1670.99     253.364     1924.35     10.0331    -1.98653    0.258968    0.460851    0.605054    0.634429     2456.76     1.6e+19     5.73044     4.59858     4.35318     4.39114
      17800           0           0     179.437     318.134         1.7        1766     264.257     2030.25     10.8931    -2.86227    0.258968    0.460851    0.605054    0.634429     2456.76     1.6e+19     5.73044     4.59858     4.35318     4.39114
      17700           0           0     179.437     316.312         1.7     1860.47      274.54     2135.01     10.2831    -3.66765    0.258968    0.460851    0.605054    0.634429     2456.76     1.6e+19     5.73044     4.59858     4.35318     4.39114
      17600           0           0     179.437     313.229         1.7     1943.92     288.828     2232.75     14.2881    -4.52282    0.258968    0.460851    0.605054    0.634429     2456.76     1.6e+19     5.73044     4.59858     4.35318     4.39114
      17500           0           0     179.437     313.298         1.7     2011.35     302.776     2314.12     13.9481    -5.41147    0.258968    0.460851    0.605054    0.634429     2456.76     1.6e+19     5.73044     4.59858     4.35318     4.39114
      17400           0           0     182.115     344.137         1.7     2042.72     312.444     2355.16     9.66738    -7.03503    0.258968    0.459299    0.604915    0.634429     2457.76     1.6e+19      5.7211     4.59193      4.3525     4.39344
      17300           0           0     182.934     353.815         1.7     2073.54     322.233     2395.78     9.78928    -7.23612    0.258968    0.457387    0.602965    0.634429     2458.73     1.6e+19     5.71793     4.58375     4.34297     4.38361
      17200           0           0      183.39     359.881         1.7     2096.59     335.928     2432.52      13.695    -7.02974    0.258968    0.455248     0.59985    0.634429     2459.65     1.6e+19     5.72125     4.57463     4.32783     4.36492
      17100           0           0     183.841     363.835         1.7     2099.91     350.717     2450.63     14.7892    -6.64495    0.258968    0.452619    0.595693    0.634429     2460.55     1.6e+19     5.72871     4.56346     4.30774     4.33998
      17000           0           0     184.395     366.328         1.7     2106.32     368.422     2474.74     17.7049    -6.19849    0.258968    0.475551    0.587251    0.634429     2461.42     1.6e+19     5.73799     4.54879     4.28324     4.31057
      16900           0           0     185.076     363.157         1.7     2119.69     386.971     2506.66     18.5487    -5.83044    0.258968    0.484658    0.575138    0.634429     2462.28     1.6e+19     5.74731     4.52873     4.25519     4.27796
      16800           0           0     185.879      356.08         1.7     2132.94     406.282     2539.22     19.3111    -5.80695    0.258968    0.484658      0.5616    0.634429     2463.11     1.6e+19     5.75543     4.50524     4.22418     4.24311
      16700           0           0     186.789     347.713         1.7     2143.96     427.383     2571.34     21.1008    -6.22983    0.258968    0.479384    0.548863    0.596992      2463.9     1.6e+19     5.76158     4.47861      4.5905     4.20736
      16600           0           0     187.792     338.163         1.7     2156.83      452.74     2609.57     25.3575    -7.09448    0.258968    0.472202    0.541008    0.572861     2464.62     1.6e+19     5.76538     4.44944     4.55473     4.57412
      16500           0           0     188.875     339.172         1.7     2164.82     472.218     2637.03     19.4779    -8.20911    0.258968    0.432691    0.532904    0.572861      2465.3     1.6e+19      5.7667     4.41878      4.5183     4.53859
      16400   0.0650992   0.0650992     190.027      347.24         1.7     2171.37     496.159     2667.52     23.9409    -8.99678    0.258968    0.412886    0.520135    0.572861     2465.95     1.6e+19     5.76561     4.78854     4.48125     4.50183
      16300    0.112374      6.6223     191.206     352.222         1.7     2187.89     517.469     2705.36     21.3103    -10.7608    0.258968    0.412886    0.502825    0.572861     2467.23     1.6e+19     5.76228      4.7545     4.44389     4.46204
      16200   0.0770784     17.8244     192.371     355.591         1.7     2209.56     544.543      2754.1     27.0743    -12.9874    0.258968    0.412886    0.484579    0.566197     2468.97     1.6e+19     5.75685      4.7187     4.40489     4.41706
      16100   0.0119612     25.4672     193.538     347.243         1.7     2227.66     574.743      2802.4     30.1996    -13.9354    0.258968    0.408357    0.473501    0.505823     2470.27     1.6e+19     5.74937     4.68159     4.76257     4.77339
      16000 0.000331205     26.6516     194.757     330.998         1.7      2235.9     603.689     2839.59     28.9461    -13.8466    0.258968    0.399925    0.463441    0.505823     2470.87     1.6e+19     5.73989     4.64384     4.71979     4.73098
      15900 0.000417202     26.6849     196.042     322.766         1.7     2239.36       631.5     2870.85     27.8107    -14.3401    0.258968    0.353448      0.4482    0.505823     2471.32     1.6e+19      5.7286      4.6068     4.67828     4.69179
      15800   0.0261141     26.7523     197.375     319.361         1.7     2245.98     656.485     2902.46     24.9854    -15.1801    0.258968     0.33798    0.429886    0.505823     2471.73     1.6e+19      5.7158     4.97023     4.63921     4.65533
      15700   0.0370329     29.3746     198.729     317.137         1.7     2253.41     681.266     2934.68     24.7806    -16.6905    0.257619     0.33798    0.412339    0.505823     2472.37     1.6e+19     5.70189     4.93248     4.60229      4.6201
      15600    0.041915     33.0828     200.087     315.941         1.7     2262.39     703.939     2966.33     22.6732     -18.334     0.25271    0.336156    0.403558    0.434418     2473.06     1.6e+19     5.68746     4.89451     4.96555     4.98885
      15500   0.0401435     37.2725     201.442     313.986         1.7     2271.44     726.026     2997.47     22.0876    -19.9088    0.247689    0.328891    0.395623    0.434418     2473.76     1.6e+19     5.67278     4.85714     4.93042     4.95733
      15400   0.0791167     41.3258     202.797     311.644         1.7     2285.44     747.234     3032.68     21.2075     -21.325    0.242591    0.304814    0.386108    0.434418     2474.41     1.6e+19     5.65794     4.82099     4.89608     4.92504
      15300    0.134458     49.2928     204.135     310.872         1.7     2307.64     770.416     3078.05     23.1817    -23.5032    0.237443    0.269662    0.371209    0.434418     2475.43     1.6e+19     5.64304     5.18735     4.86253     4.89131
      15200    0.176858      62.781     205.421     311.119         1.7     2330.87     793.068     3123.93      22.652    -26.5416     0.23227    0.269662    0.356066    0.434418     2476.98     1.6e+19     5.62815     5.15348     4.82884     4.85402
      15100    0.255039      80.545     206.635     317.631         1.7     2363.15     815.206     3178.35      22.138    -29.8162    0.227055    0.269662     0.34158    0.409354     2478.95     1.6e+19     5.61321     5.11951     5.19345     4.81221
      15000    0.324311     106.118      207.75     328.465         1.7     2409.56     836.759     3246.32     21.5529    -33.6854    0.221736    0.269662    0.333379     0.36527     2481.64     1.6e+19     5.59806     5.08546      5.1547     5.16771
      14900    0.380979     138.606     208.738     336.826         1.7     2466.85     856.668     3323.51     19.9089    -37.6452    0.216227    0.269662    0.324331     0.36527     2485.01     1.6e+19     5.58245     5.05119     5.11255     5.11338
      14800    0.362419     176.685     209.592     343.866         1.7     2535.65     876.354     3412.01     19.6866    -41.4586    0.210413    0.241378    0.314044     0.36527     2488.94     1.6e+19     5.56607     5.01684      5.0654     5.04985
      14700           0     212.565     210.291     335.216         1.7     2597.86     895.058     3492.92     18.7038    -43.7575    0.204184    0.209552    0.309454    0.299483     2492.59     1.6e+19     5.54863     5.78344     5.01324     5.78223
      14600           0     212.565     202.225     267.202         1.7     2620.03     928.673      3548.7     33.6147    -39.2049    0.043087    0.269662     0.36527    0.299483     2490.43     1.6e+19      6.3846     5.13015     5.10774     5.76542
      14500           0     212.565     199.775     240.695         1.7     2626.18     968.245     3594.42     39.5721    -40.1922  0.00262652     0.33798    0.422508    0.350147     2488.05     1.6e+19     6.56163     4.92319     4.82354     5.01485
      14400           0     212.565     199.794     224.313         1.7     2627.46      1009.8     3637.26     41.5598    -43.1208           0    0.412886    0.434418     0.36527     2485.77     1.6e+19       6.501     4.63435     4.86717      5.0795
      14300           0     212.565     200.656     210.103         1.7     2631.64      1048.3     3679.94     38.4941    -46.5914           0    0.412886    0.434418     0.36527     2483.46     1.6e+19       6.501     4.66563     4.87521     5.14666
      14200           0     212.565     201.761     197.944         1.7     2642.55     1085.09     3727.64     36.7911    -50.0912           0    0.412886    0.434418    0.389208     2481.07     1.6e+19       6.501     4.65435     4.86999     4.80663
      14100           0     212.565     202.913     191.412         1.7     2654.02     1120.51     3774.53     35.4207    -53.3256           0    0.412886    0.434418    0.434418     2478.73     1.6e+19       6.501     4.62206     4.86175     4.84696
      14000           0     212.565     204.049     188.397         1.7     2674.72     1153.45     3828.16     32.9362    -56.0469           0     0.33798    0.434418    0.434418     2476.29     1.6e+19       6.501     4.99242     4.85533     4.88276
      13900           0     212.565     205.165     183.343         1.7     2700.69     1188.85     3889.54     35.4055    -58.2785           0     0.33798    0.434418    0.434418     2473.76     1.6e+19       6.501     4.96536     4.85425     4.91629
      13800           0     212.565      206.26     177.408         1.7     2717.98     1221.11     3939.09     32.2551    -60.2468           0     0.33798    0.434418    0.434418      2471.2     1.6e+19       6.501     4.94098     4.85914     4.94893
      13700           0     212.565     207.334     173.071         1.7     2751.23     1255.12     4006.35     34.0157    -62.0409           0     0.33798    0.434418    0.434418     2468.62     1.6e+19       6.501     4.92208     4.86959     4.98176
      13600           0     212.565     208.389     169.618         1.7     2777.28     1287.94     4065.22     32.8158     -63.654           0     0.33798    0.434418    0.481786     2466.03     1.6e+19       6.501     4.90968     4.88486     4.61263
      13500           0     212.565     209.425     172.868         1.7     2803.66     1314.34        4118     26.4045    -65.0057           0     0.33798    0.434418    0.505823     2463.55     1.6e+19       6.501     4.90386     4.90204     4.63467
      13400           0     212.565     210.441     180.167         1.7     2828.58     1342.94     4171.53     28.5985    -65.8263           0     0.33798    0.434418    0.505823     2461.05     1.6e+19       6.501      4.9041     4.92118     4.66011
      13300           0     212.565     211.438     177.089         1.7     2854.23     1368.36     4222.59     25.4224    -66.2543           0     0.33798    0.434418    0.505823     2458.55     1.6e+19       6.501     4.90977     4.94327     4.68851
      13200           0     212.565     214.929     198.108         1.7     2862.47     1393.35     4255.82     24.9857    -66.6561   0.0011353     0.33798    0.434418    0.505823     2458.27     1.6e+19     6.52647     4.90623     4.97034     4.71096
      13100   0.0249982      212.59      217.14     204.842         1.7     2864.58     1412.08     4276.65     18.7253    -66.0019   0.0115844     0.33798    0.434418    0.505823     2458.13     1.6e+19     6.78223     4.90045     4.99024     4.72552
      13000           0     215.065     218.924     210.793         1.7     2874.66     1431.64      4306.3     19.5621    -65.4918   0.0433085     0.33798    0.434418    0.505823     2458.34     1.6e+19     6.38601     4.88279     4.99521     4.73061
      12900   0.0751764      215.14     220.367     217.169         1.7     2879.82     1449.98     4329.79     18.3409    -64.1914   0.0630091     0.33798    0.434418    0.505823     2458.37     1.6e+19      6.5549     4.85703     4.98972     4.72698
      12800     0.10251     222.685     221.446     223.582         1.7     2893.26     1469.41     4362.67     19.4358    -64.3908   0.0884948    0.307609    0.434418    0.505823     2459.22     1.6e+19     5.88784     4.82926     4.97826     4.71401
      12700   0.0485254     232.882      222.36     225.807         1.7     2901.34     1489.66        4391     20.2427     -64.855    0.118057    0.273977    0.434418    0.505823     2460.36     1.6e+19     5.99331     4.80348      4.9615     4.69125
      12600           0     237.686     223.354     225.112         1.7     2912.02     1511.45     4423.47     21.7959    -64.0725    0.140975    0.269662    0.434418    0.505823     2460.99     1.6e+19     6.07786     5.17602     4.93857     4.66331
      12500           0     237.686      224.43     224.996         1.7     2920.16     1534.01     4454.17     22.5576    -62.5542    0.149485    0.269662    0.434418    0.505823     2461.14     1.6e+19     6.14503     5.14671     4.91216     4.63522
      12400           0     237.686     225.574     225.019         1.7     2930.37     1554.54      4484.9     20.5263    -61.4658    0.149485    0.269662    0.434418     0.46799      2461.3     1.6e+19     6.19894      5.1169       4.885     4.60895
      12300           0     237.686     226.763     223.708         1.7     2931.15     1574.56      4505.7     20.0225    -60.7534    0.163729    0.266179    0.429763    0.434418     2461.42     1.6e+19     5.43793     5.08752      4.8593     4.98757
      12200   0.0956012     237.781     227.989     221.405         1.7     2946.41     1595.87     4542.28     21.3131    -60.4422    0.174695    0.246716    0.403357    0.434418     2461.53     1.6e+19      5.4675     5.06001     4.83666     4.96552
      12100    0.161444     247.407     229.198      220.56         1.7     2970.67     1619.12     4589.78     23.2437     -62.483    0.182834    0.230108     0.38054    0.434418      2462.6     1.6e+19     5.48965     5.03468     4.81539     4.93978
      12000    0.226394     263.617     230.335     220.545         1.7     3003.69     1638.88     4642.56     19.7622    -65.6586    0.188742    0.215803     0.36527    0.434418     2464.32     1.6e+19     5.50585     5.01102     5.19219     4.90695
      11900    0.263115     286.293     231.378      221.39         1.7     3041.49     1662.05     4703.54     23.1763    -69.6423    0.192811    0.209552     0.36527    0.434418     2466.71     1.6e+19     5.51706      5.7874     5.16334     4.86582
      11800    0.351757     312.693     232.323     222.851         1.7     3085.23     1684.77        4770     22.7171    -73.6238    0.195267    0.209552    0.354795    0.425575     2469.48     1.6e+19     5.52384     5.76242     5.12886     4.81672
      11700    0.132342     347.649     233.152     231.862         1.7     3141.34      1708.2     4849.55     23.4303    -78.4278    0.196238    0.209552    0.336917     0.36527     2473.06     1.6e+19     5.52653     5.73608     5.09018     5.16266
      11600   0.0858876     360.837     220.792     206.525         1.7     3178.75     1744.77     4923.53     36.5716    -77.4584   0.0630091    0.269662    0.365763     0.36527     2472.35     1.6e+19     6.53994     5.09563     4.80029     5.14396
      11500   0.0244987     369.364     216.532     188.599         1.7     3207.92     1794.01     5001.93     49.2345    -78.2753   0.0122034     0.33798    0.434418     0.36527     2471.03     1.6e+19      6.7981     4.90233     4.91769     5.18437
      11400   0.0291171     371.819     215.816     164.667         1.7     3225.63     1846.14     5071.77     52.1356    -79.5759  0.00425976    0.412886    0.434418    0.434418     2469.05     1.6e+19     6.60062       4.629     4.97191     4.84248
      11300   0.0311505     374.733      216.39     153.341         1.7     3236.87     1895.23      5132.1     49.0872    -82.1299           0    0.412886    0.434418    0.434418     2467.15     1.6e+19       6.501     4.67451     4.98439     4.89974
      11200           0     377.816     217.371     148.955         1.7     3243.18     1942.71     5185.89     47.4795    -84.7559           0    0.412886    0.434418    0.434418     2465.18     1.6e+19       6.501     4.67666     4.98034     4.95123
      11100           0     377.816     218.477     141.056         1.7     3257.32     1989.13     5246.45     46.4232    -86.5079           0    0.412886    0.434418    0.434418     2462.84     1.6e+19       6.501     4.65585     4.97336     4.99635
      11000           0     377.816     219.616     131.545         1.7     3280.38     2034.32     5314.69     45.1845    -88.3543           0    0.412886    0.434418    0.505823     2460.55     1.6e+19       6.501     4.62628     4.96858     4.62746
      10900           0     377.816     220.743     126.096         1.7     3294.15     2081.17     5375.32     46.8567    -90.2588           0     0.34642    0.434418    0.505823     2458.22     1.6e+19       6.501     4.60215     4.96641     4.65353
      10800           0     377.816     221.857     122.912         1.7     3296.32     2124.87     5421.19     43.6934     -92.028           0     0.33798    0.434418    0.505823     2455.79     1.6e+19       6.501      4.9882     4.96934     4.68008
      10700           0     377.816     222.959     118.801         1.7     3300.18     2168.13     5468.31     43.2659    -93.6504           0     0.33798    0.434418    0.505823     2453.34     1.6e+19       6.501     4.97683     4.97786     4.70756
      10600           0     377.816     224.049     114.292         1.7      3308.3     2210.98     5519.29     42.8513    -95.2251           0     0.33798    0.434418    0.505823     2450.87     1.6e+19       6.501     4.96986     4.99147     4.73637
      10500           0     377.816     225.125     111.553         1.7     3316.71     2253.36     5570.07     42.3751    -96.7654           0     0.33798    0.455426    0.505823      2448.4     1.6e+19       6.501     4.96793     4.60812     4.76669
      10400           0     377.816     226.185     109.837         1.7     3325.76     2293.37     5619.14     40.0147    -98.2076           0     0.33798    0.491666    0.505823     2445.96     1.6e+19       6.501     4.97097     4.62333     4.79758
      10300           0     377.816     227.225     108.724         1.7     3328.24     2331.05     5659.28     37.6751    -99.5377 0.000923737     0.33798    0.505823    0.572861     2443.64     1.6e+19     6.52152     4.97845     4.63918     4.42022
      10200           0     377.816     228.242     107.525         1.7     3331.59     2368.51     5700.09      37.458    -100.757  0.00221616     0.33798    0.505823    0.572861     2441.38     1.6e+19     6.55191     4.98981     4.65742     4.43971
      10100           0     377.816     229.238     105.297         1.7      3351.1     2402.97     5754.07     34.4618    -101.931  0.00351166    0.351439    0.505823    0.572861     2439.13     1.6e+19      6.5827     4.60396     4.67823      4.4626
      10000           0     377.816     230.214     102.738         1.7     3364.07     2436.76     5800.82     33.7856    -103.111  0.00480076    0.385527    0.505823    0.572861     2436.91     1.6e+19     6.61366     4.61473     4.70146     4.48813
       9900           0     377.816     231.167     100.005         1.7      3366.2     2469.89     5836.08     33.1334    -104.319  0.00607423    0.411544    0.505823    0.572861     2434.74     1.6e+19     6.64457     4.62401     4.72663     4.51576
       9800           0     377.816     232.094     97.1362         1.7     3369.43     2501.54     5870.97     31.6495    -105.565   0.0073254    0.412886    0.505823    0.572861     2432.59     1.6e+19     6.67527      4.6355     4.75333     4.54506
       9700  0.00416303     377.821     233.002     94.1581         1.7     3373.33     2531.72     5905.05     30.1851    -106.857  0.00855248    0.412886    0.505823    0.572861     2430.44     1.6e+19     6.70569     4.65136     4.78135     4.57569
       9600  0.00674845      378.24     233.894     91.0855         1.7     3377.83     2560.46     5938.29     28.7372     -108.28  0.00975717    0.412886    0.528682    0.593782     2428.34     1.6e+19     6.73587     4.67053     4.40927     4.20638
       9500           0     378.908     234.767     87.9311         1.7     3377.95     2587.77     5965.72     27.3082    -109.781   0.0109391    0.412886    0.572861    0.634429     2426.44     1.6e+19     6.76578     4.69217     4.42927     4.22631
       9400           0     378.908     235.619     85.5584         1.7     3394.66     2617.35     6012.01     29.5809    -111.159   0.0120924    0.412886    0.572861    0.634429     2424.53     1.6e+19     6.79525     4.71534     4.44843     4.24557
       9300           0     378.908     236.455     83.6374         1.7     3410.58     2644.69     6055.27     27.3447    -112.542   0.0168063    0.412886    0.572861    0.634429     2422.63     1.6e+19     6.22232     4.73959     4.47014     4.26684
       9200           0     378.908     237.278      81.968         1.7     3425.45     2671.12     6096.56     26.4223    -113.911   0.0211075    0.412886    0.572861    0.634429     2420.73     1.6e+19     6.24825     4.76471     4.49359      4.2899
       9100           0     378.908     238.088      80.472         1.7     3432.23     2695.03     6127.26     23.9115    -115.257   0.0252845    0.412886    0.572861    0.634429     2418.84     1.6e+19     6.27367     4.79055     4.51833     4.31446
       9000           0     378.908     238.889     79.1144         1.7     3436.86     2715.44      6152.3     20.4108    -116.574   0.0293618    0.451838    0.572861    0.634429     2416.98     1.6e+19     6.29869      4.4134     4.54408     4.34026
       8900   0.0981057     379.006     239.675     77.8895         1.7     3452.14     2736.41     6188.55     20.9749    -117.882   0.0333436    0.484658    0.572861    0.634429     2415.21     1.6e+19     6.32335     4.42806     4.57045     4.36705
       8800   0.0946914     388.813     240.358     76.6286         1.7     3455.99     2756.58     6212.57     20.1669    -121.045   0.0372025    0.484658    0.572861    0.634429     2414.45     1.6e+19     6.34745      4.4437     4.59644     4.39046
       8700   0.0915512     398.279     240.932      75.389         1.7      3459.5     2776.05     6235.54     19.4682    -123.649   0.0408341    0.484658    0.607679     0.65573     2413.71     1.6e+19     6.37032     4.46203     4.21635     4.00709
       8600   0.0899133     407.432     241.449     74.2213         1.7     3468.05     2795.15      6263.2     19.1006    -125.842   0.0441586    0.484658    0.631555    0.677727     2413.05     1.6e+19     6.39142     4.48164     4.22904     4.01443
       8500   0.0884119     416.422     241.929     73.1293         1.7     3470.28     2813.92      6284.2     18.7711    -127.751   0.0471684    0.484658    0.634429    0.688108     2412.44     1.6e+19     6.41065     4.50147     4.23906      4.0179
       8400   0.0891662     425.264     242.381     72.5545         1.7     3475.87     2832.84      6308.7     18.9192    -129.436   0.0498939    0.484658    0.634429    0.690526     2411.83     1.6e+19     6.42818     4.52093     4.24871     4.02071
       8300   0.0727397     434.164     242.811     72.3169         1.7     3481.81     2848.33     6330.14     15.4888     -130.96   0.0523784    0.484658    0.634429    0.690526     2411.23     1.6e+19     6.44425     4.53975     4.25809     4.02452
       8200   0.0733961     441.439     243.238     72.3386         1.7     3483.41     2863.97     6347.38     15.6373    -132.015   0.0546659    0.484658    0.634429    0.690526     2410.47     1.6e+19     6.45913     4.55781     4.26752     4.02991
       8100   0.0740772     448.779     243.665     72.5768         1.7     3488.17     2879.75     6367.92     15.7846    -133.014   0.0568101    0.484658    0.634429    0.690526     2409.73     1.6e+19     6.47314     4.57512     4.27741     4.03699
       8000   0.0733538     456.186     244.088     72.9845         1.7      3491.3     2895.39     6386.69     15.6372    -133.947   0.0588546    0.484658    0.634429    0.690526     2408.99     1.6e+19     6.48657     4.59176     4.28784     4.04525
       7900   0.0726672     463.521     244.504       73.61         1.7     3497.41     2910.88      6408.3     15.4958    -134.779   0.0608246    0.500891    0.634429    0.690526     2408.25     1.6e+19     6.49956     4.20656     4.29876     4.05444
       7800   0.0692818     470.784     244.913     74.4111         1.7     3501.29     2925.67     6426.96     14.7869    -135.508   0.0627314    0.522318    0.634429    0.690526     2407.55     1.6e+19     6.51219     4.21602     4.31002     4.06442
       7700   0.0707233     477.714     245.313     75.3788         1.7     3502.98     2940.76     6443.73     15.0872    -136.086   0.0630091    0.536354    0.634429    0.690526     2406.84     1.6e+19     6.52458     4.22315     4.32144     4.07514
       7600   0.0674356     484.783     245.702     76.5162         1.7     3506.84     2955.16        6462     14.3983    -136.614   0.0630091    0.547133    0.634429    0.690526     2406.16     1.6e+19     6.53685     4.22944       4.333     4.08641
       7500   0.0642801     491.523     246.082     77.7968         1.7      3516.1      2968.9        6485     13.7428     -136.99   0.0630091    0.551677    0.634429    0.690526     2405.47     1.6e+19     6.54893     4.23577     4.34469     4.09812
       7400   0.0611161     497.948      246.46     78.1419         1.7     3528.67     2981.99     6510.66     13.0899     -137.25   0.0630091    0.551677    0.634429    0.690526     2404.74     1.6e+19     6.56082     4.24355     4.35656     4.11036
       7300   0.0675033     504.066      246.84     77.9618         1.7     3542.65     2996.42     6539.07     14.4348    -137.459   0.0630091    0.551677    0.634429    0.690526     2403.98     1.6e+19     6.57259     4.25255     4.36873     4.12316
       7200   0.0739274     510.823     247.217     77.4904         1.7     3560.37     3012.21     6572.57     15.7825    -137.824   0.0630091    0.551677    0.634429    0.690526     2403.29     1.6e+19     6.58431     4.26244     4.38123     4.13615
       7100    0.068837     518.211     247.584     76.8091         1.7     3578.86     3026.92     6605.78     14.7158    -138.316   0.0630091    0.551677    0.634429    0.690526     2402.66     1.6e+19       6.596     4.27297     4.39385     4.14882
       7000   0.0445699      525.07     247.947     75.9827         1.7     3589.77     3036.57     6626.34     9.65332    -138.692    0.065031    0.551677    0.642375    0.690526     2401.98     1.6e+19     5.80687     4.28399     4.00574     4.16132
       6900   0.0450132     529.527     248.329     75.0918         1.7     3600.74     3046.35     6647.08     9.77095    -138.631   0.0679882    0.551677    0.655079    0.690526     2401.08     1.6e+19     5.81694     4.29529     4.01572     4.17454
       6800   0.0659973      534.05      248.73     74.1384         1.7     3609.94     3060.52     6670.46     14.1699    -138.711   0.0708811    0.551677    0.666122    0.690526     2400.21     1.6e+19     5.82684     4.30669     4.02541     4.18849
       6700   0.0604039     540.644     249.117     73.1052         1.7     3618.77      3073.5     6692.27     12.9826     -139.28   0.0737636    0.551677    0.676046    0.694758     2399.58     1.6e+19     5.83673     4.31815     4.03515     3.80155
       6600   0.0457458      546.67     249.487     72.0415         1.7     3628.38     3083.41     6711.79     9.91326    -139.722   0.0766103    0.551677     0.68414    0.717422     2398.94     1.6e+19     5.84653     4.32961     4.04421     3.80986
       6500   0.0520445      551.25     249.859     70.9662         1.7     3635.16     3094.65     6729.81     11.2409    -139.905    0.079397    0.551677    0.690071    0.733059     2398.22     1.6e+19     5.85616     4.34102      4.0521     3.81562
       6400   0.0507697     556.454      250.23      70.177         1.7     3641.43     3105.62     6747.06       10.97    -140.282   0.0821385    0.551677    0.690526    0.741151     2397.59     1.6e+19     5.86567      4.3523     4.05962     3.82046
       6300   0.0574004     561.537     250.592     69.5515         1.7     3648.56     3117.98     6766.54     12.3583     -140.65   0.0848388    0.551677    0.690526    0.741151     2396.96     1.6e+19     5.87507     4.36343     4.06743     3.82647
       6200   0.0598257      567.28      250.94     69.0169         1.7     3663.74     3130.84     6794.58       12.86    -141.152   0.0874901    0.551677    0.690526    0.741151     2396.41     1.6e+19     5.88432     4.37445     4.07569     3.83345
       6100    0.062315     573.265     251.272      68.563         1.7     3679.82     3144.22     6824.04     13.3776    -141.672   0.0900779    0.551677    0.690526    0.741151     2395.88     1.6e+19     5.89339     4.38536     4.08427     3.84085
       6000   0.0648639     579.499     251.591     68.1626         1.7     3685.07     3158.13      6843.2     13.9091    -142.202    0.092588    0.551677    0.690526    0.741151     2395.39     1.6e+19     5.90221     4.39616     4.09301     3.84846
       5900   0.0548817     585.975     251.897     67.8038         1.7     3692.31     3169.93     6862.24     11.8034    -142.734   0.0950126    0.564646    0.690526    0.741151     2394.93     1.6e+19     5.91076     4.00556     4.10177     3.85612
       5800   0.0619902     591.471     252.198     67.4963         1.7     3705.84     3183.23     6889.08     13.3015    -143.035   0.0973437    0.577737    0.690526    0.741151      2394.4     1.6e+19       5.919     4.01176     4.11047     3.86421
       5700   0.0625366      597.67     252.492     67.2196         1.7     3709.67     3196.64     6906.32      13.408    -143.475   0.0995868    0.586778    0.690526    0.741151     2393.96     1.6e+19     5.92695     4.01667     4.11916     3.87261
       5600   0.0624303     603.924     252.771     66.9693         1.7     3711.85     3210.02     6921.86     13.3791    -143.893    0.101742    0.593894    0.690526    0.741151     2393.55     1.6e+19     5.93462      4.0211     4.12771     3.88092
       5500   0.0623685     610.167     253.038     66.7454         1.7     3724.01     3223.38     6947.39     13.3618     -144.28    0.103804    0.599901    0.690526    0.741151     2393.14     1.6e+19     5.94197     4.02536     4.13608     3.88917
       5400   0.0612768     616.402     253.296     65.8101         1.7     3735.58     3236.51     6972.09     13.1287    -144.654    0.105777    0.605141    0.690526    0.741151     2392.75     1.6e+19     5.94902     4.02958     4.14427     3.89735
       5300   0.0602073     622.529     253.547     64.4489         1.7     3739.65     3249.41     6989.06     12.9025    -145.038    0.107667    0.609775    0.690526    0.741151     2392.36     1.6e+19     5.95579     4.03382     4.15231     3.90552
       5200    0.074901     628.564     253.794     62.8502         1.7      3756.1     3265.42     7021.51      16.006    -145.455    0.109486      0.6139    0.690526    0.741151     2391.97     1.6e+19     5.96233     4.03811     4.16023     3.91373
       5100   0.0710454     636.051     254.024     61.0752         1.7      3759.6     3280.59      7040.2     15.1764    -146.206    0.111242    0.613942    0.690526    0.741151     2391.73     1.6e+19     5.96865     4.04286     4.16798     3.92133
       5000   0.0672003     643.151     254.238      59.156         1.7      3762.3     3294.96     7057.25     14.3621     -146.88     0.11292    0.613942    0.690526    0.741151     2391.46     1.6e+19      5.9747     4.04827     4.17532     3.92824
       4900   0.0728006     649.877      254.45     57.1562         1.7     3766.36     3310.51     7076.86     15.5505    -147.515    0.114515    0.613942    0.690526    0.741151     2391.15     1.6e+19     5.98047     4.05408     4.18233     3.93501
       4800   0.0753789      657.16     254.656     55.0682         1.7     3766.57      3326.6     7093.17     16.0937    -148.309    0.116045    0.613942    0.690526    0.741151      2390.9     1.6e+19     5.98601     4.06011     4.18913     3.94156
       4700   0.0779988       664.7     254.854     52.9097         1.7     3772.78     3343.25     7116.03      16.646    -149.181    0.117517    0.613942    0.690526    0.741151     2390.68     1.6e+19     5.99135     4.06624     4.19567     3.94766
       4600   0.0690962     672.491     255.043     50.7121         1.7     3775.32        3358     7133.33     14.7573    -150.122    0.118928    0.613942    0.692382    0.741151     2390.49     1.6e+19     5.99648     4.07239     3.80176     3.95329
       4500   0.0648556     679.396     255.232     48.4728         1.7     3779.57     3371.87     7151.44      13.868    -150.915    0.120278    0.613942    0.697295    0.741151     2390.22     1.6e+19      6.0014     4.07847     3.80674     3.95882
       4400   0.0733358      685.89     255.429     46.5752         1.7     3784.38     3387.54     7171.92     15.6713    -151.691    0.121583    0.613942    0.701338    0.741151     2389.92     1.6e+19     6.00616     4.08443     3.81132     3.96456
       4300   0.0743321     693.225     255.622     44.8515         1.7     3786.74     3403.42     7190.16      15.878    -152.677    0.122866    0.613942    0.704888    0.741151     2389.71     1.6e+19     6.01085     4.09024     3.81582     3.97007
       4200   0.0767774     700.661     255.806     43.2196         1.7      3793.5     3419.82     7213.31      16.394    -153.681    0.124124    0.613942    0.707936    0.741151     2389.52     1.6e+19     6.01546     4.09592     3.82018     3.97509
       4100   0.0736096     708.335     255.981     41.6617         1.7      3804.2     3435.53     7239.74     15.7186    -154.725    0.125345    0.613942    0.710502    0.741151     2389.36     1.6e+19     6.01993     4.10146     3.82436     3.97963
       4000   0.0803313     715.703     256.153     40.1535         1.7     3815.26     3452.68     7267.94     17.1475    -155.697     0.12652    0.613942    0.712643    0.741151     2389.17     1.6e+19     6.02425     4.10686     3.82837     3.98395
       3900   0.0871144     723.743     256.316     38.6701         1.7     3829.03     3471.27     7300.29     18.5838    -156.799    0.127652    0.613942    0.714434    0.741151     2389.06     1.6e+19     6.02841      4.1121     3.83226     3.98792
       3800   0.0796398     732.447     256.465     37.1947         1.7     3841.23     3488.25     7329.48     16.9851        -158    0.128734    0.613942    0.715832    0.741151     2389.03     1.6e+19     6.03239     4.11718     3.83592     3.99118
       3700    0.078363      740.41     256.608     35.1484         1.7     3857.51     3504.97     7362.47     16.7174     -159.02    0.129749    0.613942    0.716843    0.741151     2388.92     1.6e+19     6.03614     4.12208     3.83928     3.99413
       3600   0.0770796     748.245     256.752     31.5613         1.7     3871.31     3521.42     7392.73     16.4481    -160.091    0.130704    0.613942    0.717624    0.741151      2388.8     1.6e+19     6.03966     4.12678     3.84253     3.99722
       3500   0.0848436      755.96     256.897     27.2991         1.7     3884.27     3539.52     7423.79     18.1025    -161.277    0.131619    0.613942    0.718269    0.742226     2388.67     1.6e+19     6.04305     4.13128     3.84577     3.60044
       3400   0.0795168     764.439     257.037     22.7776         1.7      3893.2     3556.48     7449.68     16.9633     -162.76    0.132507    0.613942    0.718728    0.747458     2388.63     1.6e+19     6.04633     4.13562     3.84891     3.60258
       3300   0.0805163     772.392     257.171     18.0094         1.7     3893.68     3573.66     7467.34     17.1786    -164.263     0.13336    0.613942    0.718885    0.750966     2388.55     1.6e+19     6.04949     4.13978     3.85167     3.60401
       3200   0.0815334     780.445     257.305     13.5843         1.7     3894.38     3591.06     7485.44      17.395    -165.927     0.13418    0.613942    0.718838    0.753933     2388.48     1.6e+19     6.05253     4.14378     3.85418     3.60523
       3100   0.0806938     788.597     257.435     10.4821         1.7     3895.35     3608.27     7503.62     17.2152     -167.68    0.134971    0.613942    0.718651    0.756446     2388.44     1.6e+19     6.05547     4.14761      3.8565     3.60626
       3000   0.0798627     796.666     257.561     7.86031         1.7     3897.32     3625.31     7522.63     17.0386    -169.426    0.135733    0.613942    0.718366    0.758748     2388.39     1.6e+19      6.0583     4.15127     3.85868      3.6072
       2900   0.0835004     804.656     257.686     5.58359         1.7     3899.66     3643.12     7542.78     17.8139    -171.151    0.136466    0.613942    0.718021    0.761041     2388.34     1.6e+19     6.06103     4.15478     3.86077     3.60814
       2800   0.0820147     813.004     257.806     3.54629         1.7     3902.29     3660.62      7562.9     17.4941    -172.928    0.137174    0.613942    0.717633    0.763013     2388.33     1.6e+19     6.06367     4.15814     3.86279     3.60895
       2700   0.0983552     821.222     257.921     1.51001         1.7     3906.73      3681.6     7588.32      20.979    -174.644    0.137853    0.613942    0.717199    0.764789     2388.31     1.6e+19      6.0662     4.16137     3.86469     3.60968
       2600   0.0745189     831.034     258.019   -0.878619         1.7     3920.44     3697.48     7617.91     15.8808    -176.642    0.138497    0.613942    0.716705    0.765179     2388.46     1.6e+19      6.0686     4.16446     3.86642     3.60984
       2500   0.0927476     838.504     258.119    -3.34502         1.7     3921.86     3717.26     7639.12     19.7812    -178.152    0.139085    0.613942    0.716139    0.766365     2388.37     1.6e+19      6.0708     4.16739     3.86792     3.61033
       2400   0.0909367     847.777     258.217    -5.84906         1.7      3922.3     3736.64     7658.95     19.3831    -180.054    0.139635    0.613942    0.715611    0.767545     2388.47     1.6e+19     6.07285     4.17017     3.86944     3.61081
       2300   0.0884396     856.868     258.303     -8.3856         1.7     3923.96     3755.49     7679.44     18.8467    -181.896    0.140149    0.613942    0.715053    0.767903     2388.55     1.6e+19     6.07477     4.17279      3.8708     3.61096
       2200   0.0859346     865.709     258.387      -10.78         1.7     3932.24      3773.8     7706.05     18.3135    -183.685    0.140617    0.613942    0.714481    0.768394      2388.6     1.6e+19     6.07652     4.17525     3.87202     3.61116
       2100   0.0859913     874.303     258.471    -12.7586         1.7     3933.49     3792.13     7725.62     18.3288    -185.419    0.141045    0.613942     0.71393    0.769317     2388.64     1.6e+19     6.07813     4.17755     3.87318     3.61154
       2000   0.0860489     882.902     258.557    -14.5626         1.7     3934.95     3810.47     7745.42     18.3428     -187.14    0.141449    0.613942     0.71342    0.770518     2388.67     1.6e+19     6.07964      4.1797     3.87435     3.61203
       1900   0.0886104      891.51     258.643    -16.2337         1.7     3937.31     3829.36     7766.67     18.8903    -188.841    0.141837    0.613746     0.71295     0.77179     2388.71     1.6e+19     6.08109     4.18173     3.87553     3.61255
       1800   0.0888547     900.371     258.726    -17.8053         1.7     3938.74      3848.3     7787.04     18.9408    -190.561    0.142213    0.612412    0.712511    0.772848     2388.77     1.6e+19      6.0825     4.18384     3.87669     3.61299
       1700   0.0929816      909.26     258.805    -19.3938         1.7     3938.94     3868.13     7807.06     19.8215    -192.245    0.142576    0.611229    0.712092    0.773679     2388.84     1.6e+19     6.08386     4.18607     3.87778     3.61333
       1600    0.100426     918.566     258.879    -21.1769         1.7        3942     3889.53     7831.53     21.4087    -193.976    0.142922    0.610165    0.711686    0.774088     2388.95     1.6e+19     6.08516     4.18834     3.87878      3.6135
       1500   0.0920314       928.6      258.94    -23.0258         1.7     3945.58     3909.14     7854.72     19.6045    -195.801    0.143241    0.609197    0.711274     0.77355     2389.14     1.6e+19     6.08636     4.19059     3.87962     3.61328
       1400    0.084261     937.796     258.999    -24.9092         1.7     3948.74     3927.09     7875.83      17.951    -197.421    0.143518    0.608306     0.71085    0.773133     2389.23     1.6e+19      6.0874     4.19276     3.88025     3.61311
       1300   0.0875691     946.225     259.068    -26.8017         1.7     3955.76     3945.76     7901.52      18.668    -198.901    0.143762    0.607478    0.710468     0.77395     2389.25     1.6e+19     6.08832     4.19482      3.8809     3.61344
       1200   0.0908434     954.985     259.144    -28.4167         1.7     3974.62     3965.13     7939.74     19.3697    -200.464    0.144002    0.606712    0.710158     0.77528      2389.3     1.6e+19     6.08922     4.19679     3.88169     3.61399
       1100   0.0937663     964.072     259.217    -29.2805         1.7     3990.47     3985.12     7975.59     19.9927    -202.053    0.144252    0.606013    0.709896    0.776283     2389.38     1.6e+19     6.09016     4.19867     3.88255      3.6144
       1000   0.0960602     973.451     259.285    -29.8178         1.7     4004.28      4005.6     8009.88     20.4795    -203.618    0.144504    0.606639    0.709651    0.776752      2389.5     1.6e+19      6.0911     3.80043     3.88336     3.61459
        900   0.0952575     983.057     259.347    -30.0017         1.7     4018.59      4025.9     8044.49     20.3031    -205.125    0.144744    0.609883    0.709356    0.776722     2389.64     1.6e+19     6.09201     3.80144     3.88404     3.61458
        800    0.112144     992.599     259.403    -29.9177         1.7     4034.22     4049.82     8084.04     23.9168    -206.508     0.14496     0.61414    0.709027    0.776522     2389.78     1.6e+19     6.09282     3.80166     3.88458      3.6145
        700    0.115549     1003.82     259.441    -29.5342         1.7     4047.73     4074.45     8122.18     24.6257    -208.075    0.145137    0.617339    0.708649    0.774914      2390.1     1.6e+19     6.09349     3.80113     3.88488     3.61384
        600    0.102066     1015.36     259.455    -28.6935         1.7     4071.23     4096.17     8167.39     21.7201    -209.507    0.145242     0.61646    0.708132    0.771791     2390.45     1.6e+19     6.09388     3.80084     3.88473     3.61255
        500   0.0994895     1025.56     259.467    -27.5523         1.7     4095.29     4117.34     8212.63     21.1757    -210.513    0.145253    0.616219     0.70753    0.769386     2390.65     1.6e+19     6.09392     3.80076     3.88426     3.61157
        400    0.109095     1035.52     259.488    -26.0864         1.7     4131.83     4140.58     8272.41     23.2393    -211.353    0.145195    0.616033    0.706977    0.768316     2390.82     1.6e+19      6.0937      3.8007     3.88381     3.61113
        300   0.0856557     1046.41     259.507    -24.3741         1.7     4157.74      4158.8     8316.54     18.2192    -212.232    0.145104    0.615791     0.70649    0.767063     2391.09     1.6e+19     6.09336     3.80061     3.88343     3.61061
        200   0.0833568     1054.97     259.541    -22.1507         1.7     4190.49     4176.55     8367.04     17.7519    -212.541    0.144994    0.615484    0.706061    0.767336     2391.11     1.6e+19     6.09295     3.80051     3.88312     3.61072
        100    0.102499     1063.33     259.598    -19.0032         1.7     4208.42     4198.41     8406.83     21.8576    -212.719    0.144904    0.615186    0.705809    0.769525     2391.11     1.6e+19     6.09261     3.80041     3.88319     3.61162
          0    0.102309     1073.57     259.651    -15.3828         1.7     4213.38     4220.21     8433.59     21.8043    -213.093    0.144873    0.615011    0.705684    0.770656     2391.31     1.6e+19     6.09249     3.80035     3.88352     3.61209