      20000           0           0     179.437      354.04         0.7     78.9895     14.2831     93.2726     14.2831      6.5598    0.258968    0.460851    0.605054    0.634429     2456.76     1.6e+19     5.73044     4.59858     4.35318     4.39114
      19900           0           0     179.437      353.13         0.7     151.419     29.7361     181.156     15.4531     6.43382    0.258968    0.460851    0.605054    0.634429     2456.76     1.6e+19     5.73044     4.59858     4.35318     4.39114
      19800           0           0     179.437     352.506         0.7     228.894     46.3592     275.253     16.6231     6.30822    0.258968    0.460851    0.605054    0.634429     2456.76     1.6e+19     5.73044     4.59858     4.35318     4.39114
      19700           0           0     179.437     352.255         0.7     299.319     60.5222     359.841     14.1631     6.19879    0.258968    0.460851    0.605054    0.634429     2456.76     1.6e+19     5.73044     4.59858     4.35318     4.39114
      19600           0           0     179.437      352.29         0.7     351.209     72.5053     423.714     11.9831     6.12087    0.258968    0.460851    0.605054    0.634429     2456.76     1.6e+19     5.73044     4.59858     4.35318     4.39114
      19500           0           0     179.437     350.597         0.7     414.692     82.0183      496.71     9.51306     6.05158    0.258968    0.460851    0.605054    0.634429     2456.76     1.6e+19     5.73044     4.59858     4.35318     4.39114
      19400           0           0     179.437     347.879         0.7     487.353     94.1014     581.454     12.0831     5.90477    0.258968    0.460851    0.605054    0.634429     2456.76     1.6e+19     5.73044     4.59858     4.35318     4.39114
      19300           0           0     179.437     345.374         0.7     558.279     106.214     664.494     12.1131     5.65656    0.258968    0.460851    0.605054    0.634429     2456.76     1.6e+19     5.73044     4.59858     4.35318     4.39114
      19200           0           0     179.437     342.873         0.7     620.606     118.358     738.963     12.1431     5.32496    0.258968    0.460851    0.605054    0.634429     2456.76     1.6e+19     5.73044     4.59858     4.35318     4.39114
      19100           0           0     179.437      342.02         0.7     681.386     130.011     811.397     11.6531     4.94128    0.258968    0.460851    0.605054    0.634429     2456.76     1.6e+19     5.73044     4.59858     4.35318     4.39114
      19000           0           0     179.437     342.156         0.7      741.53     142.474     884.004     12.4631     4.58749    0.258968    0.460851    0.605054    0.634429     2456.76     1.6e+19     5.73044     4.59858     4.35318     4.39114
      18900           0           0     179.437     340.553         0.7     800.577     155.747     956.323     13.2731     4.26219    0.258968    0.460851    0.605054    0.634429     2456.76     1.6e+19     5.73044     4.59858     4.35318     4.39114
      18800           0           0     179.437     337.986         0.7     870.831      166.28     1037.11     10.5331     3.87637    0.258968    0.460851    0.605054    0.634429     2456.76     1.6e+19     5.73044     4.59858     4.35318     4.39114
      18700           0           0     179.437      336.21         0.7     952.601     178.113     1130.71     11.8331     3.41716    0.258968    0.460851    0.605054    0.634429     2456.76     1.6e+19     5.73044     4.59858     4.35318     4.39114
      18600           0           0     179.437     334.818         0.7     1047.59     192.576     1240.17     14.4631     2.92873    0.258968    0.460851    0.605054    0.634429     2456.76     1.6e+19     5.73044     4.59858     4.35318     4.39114
      18500           0           0     179.437     333.482         0.7     1150.05     201.259     1351.31     8.68306     2.42444    0.258968    0.460851    0.605054    0.634429     2456.76     1.6e+19     5.73044     4.59858     4.35318     4.39114
      18400           0           0     179.437     332.205         0.7     1219.19     209.492     1428.69     8.23306      1.9065    0.258968    0.460851    0.605054    0.634429     2456.76     1.6e+19     5.73044     4.59858     4.35318     4.39114
      18300           0           0     179.437     329.228         0.7      1275.7     218.075     1493.77     8.58306     1.34924    0.258968    0.460851    0.605054    0.634429     2456.76     1.6e+19     5.73044     4.59858     4.35318     4.39114
      18200           0           0     179.437       325.2         0.7      1360.8     226.658     1587.45     8.58306    0.672723    0.258968    0.460851    0.605054    0.634429     2456.76     1.6e+19     5.73044     4.59858     4.35318     4.39114
      18100           0           0     179.437     321.768         0.7     1469.79     234.714      1704.5     8.05639   -0.137283    0.258968    0.460851    0.605054    0.634429     2456.76     1.6e+19     5.73044     4.59858     4.35318     4.39114
      18000           0           0     179.437     318.559         0.7     1574.09     243.331     1817.42     8.61639    -1.04056    0.258968    0.460851    0.605054    0.634429     2456.76     1.6e+19     5.73044     4.59858     4.35318     4.39114
      17900           0           0     179.437      317.64         0.7     1670.99     253.364     1924.35     10.0331    -1.98653    0.258968    0.460851    0.605054    0.634429     2456.76     1.6e+19     5.73044     4.59858     4.35318     4.39114
      17800           0           0     179.437     318.134         0.7        1766     264.257     2030.25     10.8931    -2.86227    0.258968    0.460851    0.605054    0.634429     2456.76     1.6e+19     5.73044     4.59858     4.35318     4.39114
      17700           0           0     179.437     316.312         0.7     1860.47      274.54     2135.01     10.2831    -3.66765    0.258968    0.460851    0.605054    0.634429     2456.76     1.6e+19     5.73044     4.59858     4.35318     4.39114
      17600           0           0     179.437     313.229         0.7     1943.92     288.828     2232.75     14.2881    -4.52282    0.258968    0.460851    0.605054    0.634429     2456.76     1.6e+19     5.73044     4.59858     4.35318     4.39114
      17500           0           0     179.437     313.298         0.7     2011.35     302.776     2314.12     13.9481    -5.41147    0.258968    0.460851    0.605054    0.634429     2456.76     1.6e+19     5.73044     4.59858     4.35318     4.39114
      17400           0           0     182.115     344.137         0.7     2042.72     312.444     2355.16     9.66738    -7.03503    0.258968    0.459299    0.604915    0.634429     2457.76     1.6e+19      5.7211     4.59193      4.3525     4.39344
      17300           0           0     182.934     353.815         0.7     2073.54     322.233     2395.78     9.78928    -7.23612    0.258968    0.457387    0.602965    0.634429     2458.73     1.6e+19     5.71793     4.58375     4.34297     4.38361
      17200           0           0      183.39     359.881         0.7     2096.59     335.928     2432.52      13.695    -7.02974    0.258968    0.455248     0.59985    0.634429     2459.65     1.6e+19     5.72125     4.57463     4.32783     4.36492
      17100           0           0     183.841     363.835         0.7     2099.91     350.717     2450.63     14.7892    -6.64495    0.258968    0.452619    0.595693    0.634429     2460.55     1.6e+19     5.72871     4.56346     4.30774     4.33998
      17000           0           0     184.395     366.328         0.7     2106.32     368.422     2474.74     17.7049    -6.19849    0.258968    0.475551    0.587251    0.634429     2461.42     1.6e+19     5.73799     4.54879     4.28324     4.31057
      16900           0           0     185.076     363.157         0.7     2119.69     386.971     2506.66     18.5487    -5.83044    0.258968    0.484658    0.575138    0.634429     2462.28     1.6e+19     5.74731     4.52873     4.25519     4.27796
      16800           0           0     185.879      356.08         0.7     2132.94     406.282     2539.22     19.3111    -5.80695    0.258968    0.484658      0.5616    0.634429     2463.11     1.6e+19     5.75543     4.50524     4.22418     4.24311
      16700           0           0     186.789     347.713         0.7     2143.96     427.383     2571.34     21.1008    -6.22983    0.258968    0.479384    0.548863    0.596992      2463.9     1.6e+19     5.76158     4.47861      4.5905     4.20736
      16600           0           0     187.792     338.163         0.7     2156.83      452.74     2609.57     25.3575    -7.09448    0.258968    0.472202    0.541008    0.572861     2464.62     1.6e+19     5.76538     4.44944     4.55473     4.57412
      16500           0           0     188.875     339.172         0.7     2164.82     472.218     2637.03     19.4779    -8.20911    0.258968    0.432691    0.532904    0.572861      2465.3     1.6e+19      5.7667     4.41878      4.5183     4.53859
      16400   0.0650992   0.0650992     190.027      347.24         0.7     2171.37     496.159     2667.52     23.9409    -8.99678    0.258968    0.412886    0.520135    0.572861     2465.94     1.6e+19     5.76561     4.78854     4.48125     4.50183
      16300     0.11211     6.62203     191.267     352.205         0.7     2187.87     517.408     2705.28     21.2491    -10.7639    0.258968    0.412886    0.503081    0.572861     2466.84     1.6e+19     5.76229     4.75451     4.44444     4.46555
      16200    0.076267     17.7972      192.62     355.518         0.7     2209.47     544.233      2753.7     26.8247    -13.0017    0.258968    0.412886    0.486177    0.572861      2467.9     1.6e+19     5.75696     4.71886     4.40845      4.4312
      16100   0.0106093     25.3583     194.052     347.087         0.7     2227.42     573.918     2801.33     29.6858    -13.9668    0.258968    0.408531    0.475802    0.506967     2468.76     1.6e+19      5.7499     4.68238     4.77245     4.40032
      16000           0     26.4086     195.495     330.764         0.7     2235.42     602.126     2837.55     28.2081    -13.8913    0.258968    0.400414    0.467706    0.505823     2469.29     1.6e+19      5.7414     4.64601     4.73785      4.7712
      15900           0     26.4086     196.927     322.459         0.7     2238.57     629.052     2867.62     26.9259    -14.4164    0.258968    0.343265    0.459675    0.505823     2469.74     1.6e+19     5.73171     4.61133     4.70395     4.73999
      15800   0.0236336     26.4322     198.355     318.991         0.7     2244.82     653.057     2897.88     24.0051    -15.2732    0.258968     0.33798     0.44459    0.505823     2470.15     1.6e+19     5.72107     4.97816     4.67054      4.7079
      15700   0.0342229     28.8062     199.798     316.711         0.7     2251.83      676.77      2928.6     23.7122    -16.7468    0.258968     0.33798    0.429251    0.505823     2470.64     1.6e+19     5.70965     4.94363     4.63787     4.67614
      15600   0.0387499      32.233     201.266     315.457         0.7     2260.33     698.264     2958.59     21.4944    -18.3536    0.256189     0.33798    0.414138    0.505823     2471.16     1.6e+19     5.69768     4.90899     4.60605     4.64546
      15500   0.0365932     36.1058     202.755     313.443         0.7     2268.83     719.038     2987.87     20.7745    -19.8932    0.252053    0.332328    0.405445    0.494637     2471.67     1.6e+19     5.68553     4.87475     4.97398     4.61607
      15400   0.0751764     39.8037      204.26     311.038         0.7     2282.23     738.784     3021.01     19.7452    -21.2765    0.247869    0.325801    0.398488    0.434418      2472.1     1.6e+19      5.6733     4.84139     4.94306     4.99193
      15300    0.129974     47.3762     205.791     310.189         0.7     2303.74     760.309     3064.05     21.5252    -23.4269    0.243668    0.273134    0.391969    0.434418     2472.65     1.6e+19     5.66107     4.81039     4.91439      4.9688
      15200    0.171458     60.4151     207.382     310.329         0.7     2326.18         781     3107.18     20.6915    -26.4458    0.239507    0.269662     0.38238    0.434418     2473.39     1.6e+19     5.64901     5.18184     4.88765     4.94699
      15100    0.248349     77.6378     209.049     316.667         0.7     2357.49     800.725     3158.22     19.7246    -29.7097    0.235447    0.269662    0.371528    0.434418      2474.3     1.6e+19     5.63729     5.15217     4.86324      4.9275
      15000    0.315788      102.54     210.814     327.244         0.7     2402.69     819.214      3221.9     18.4888    -33.5799    0.231532    0.269662    0.361662    0.434418     2475.51     1.6e+19     5.62603     5.12336     4.84124      4.9112
      14900    0.369973     134.173     212.699     335.259         0.7     2458.41     835.161     3293.57     15.9477     -37.555    0.227812    0.269662    0.352949    0.434418     2476.99     1.6e+19     5.61538     5.09583     4.82196     4.89871
      14800    0.348582     171.149     214.708     341.837         0.7     2525.18     849.732     3374.92     14.5706    -41.3958    0.224348    0.269662    0.345533    0.434418     2478.69     1.6e+19     5.60549     5.06991     4.80565     4.89008
      14700           0     205.659     216.746     332.749         0.7     2584.93      861.98     3446.91     12.2483    -43.7282    0.221215    0.269662    0.341267    0.434418     2480.27     1.6e+19     5.59658     5.04602     5.19196     4.88411
      14600           0     205.659      209.88     264.234         0.7     2604.13      887.94     3492.07     25.9599    -39.4033   0.0571268    0.290135    0.394747    0.434418     2478.42     1.6e+19     6.47522     4.80703     4.92657     4.90398
      14500           0     205.659      207.88      237.47         0.7     2607.05     919.408     3526.45     31.4676    -40.4863   0.0079168    0.400121    0.497927    0.434418     2476.42     1.6e+19     6.68989     4.61776     4.66688     4.96814
      14400           0     205.659     208.131     220.947         0.7     2611.69     952.631     3564.32     33.2228     -43.441           0    0.412886    0.505823    0.505823     2474.49     1.6e+19       6.501     4.74554     4.73196     4.63828
      14300           0     205.659     209.153     206.687         0.7     2619.29     982.628     3601.92     29.9969    -46.8969           0    0.434701    0.505823    0.505823     2472.54     1.6e+19       6.501     4.40598     4.75191     4.69602
      14200           0     205.659     210.385     194.515         0.7     2633.63      1010.8     3644.43     28.1679     -50.359           0    0.457964    0.505823    0.505823     2470.58     1.6e+19       6.501     4.41232     4.75156     4.74335
      14100           0     205.659     211.629      187.95         0.7     2648.56      1037.5     3686.06     26.7039    -53.5451           0    0.415372    0.505823    0.505823     2468.54     1.6e+19       6.501     4.40068     4.74505     4.78052
      14000           0     205.659     212.838       184.9         0.7     2672.76     1061.65      3734.4     24.1467    -56.2154           0    0.412886    0.505823    0.536937     2466.42     1.6e+19       6.501     4.78331     4.73918     4.40878
      13900           0     205.659     214.003     179.864         0.7     2702.21     1088.21     3790.42     26.5667    -58.3966           0    0.412886    0.505823    0.572861     2464.37     1.6e+19       6.501       4.763     4.73499     4.42366
      13800           0     205.659     215.122     173.965         0.7     2722.94     1111.61     3834.55     23.3931    -60.3164           0    0.412886    0.505823    0.572861     2462.31     1.6e+19       6.501     4.74464      4.7331     4.43718
      13700           0     205.659     216.196     169.658         0.7      2759.6     1136.76     3896.36      25.154    -62.0658           0    0.412886    0.505823    0.572861     2460.23     1.6e+19       6.501     4.73048     4.73516     4.45194
      13600           0     205.659      217.23     166.242         0.7     2789.03     1160.73     3949.77     23.9747    -63.6386           0    0.412886    0.505823    0.572861     2458.12     1.6e+19       6.501      4.7214     4.74145     4.46833
      13500           0     205.659      218.23     169.447         0.7     2818.83     1178.33     3997.16     17.5997    -64.9563           0    0.412886    0.505823    0.572861     2456.01     1.6e+19       6.501     4.71752     4.75178     4.48664
      13400           0     205.659     219.201     176.672         0.7     2847.25     1198.17     4045.42     19.8391    -65.7494           0    0.412886    0.505823    0.572861     2453.88     1.6e+19       6.501     4.71858     4.76575     4.50698
      13300           0     205.659     220.146      173.66         0.7     2876.32     1214.89     4091.21     16.7136    -66.1563           0    0.412886    0.505823    0.572861     2451.74     1.6e+19       6.501     4.72415     4.78297     4.52935
      13200           0     205.659     223.681     194.553         0.7     2888.12     1231.12     4119.24     16.2345    -66.5892   0.0110075    0.412886    0.525687    0.572861     2451.67     1.6e+19     6.76752     4.72649     4.40868     4.55095
      13100 0.000730206     205.659     225.917     201.199         0.7     2893.87     1241.07     4134.94       9.948     -65.972   0.0486134    0.412886    0.554906    0.572861     2451.78     1.6e+19     6.41993     4.72318     4.42261     4.56313
      13000           0     205.732     227.724     207.113         0.7     2907.63     1251.83     4159.47     10.7618    -64.9944   0.0714224    0.412886    0.552442    0.572861        2452     1.6e+19     5.82869      4.7061     4.42258     4.56536
      12900   0.0509267     205.783     229.178     213.434         0.7     2909.05     1261.36     4170.41     9.52947    -63.8301     0.11702    0.412886    0.534596    0.572861     2452.28     1.6e+19     5.98955     4.67973     4.41463     4.55871
      12800    0.078405     210.903     230.309     219.797         0.7     2918.71     1271.93     4190.64     10.5727    -63.6324    0.149485    0.411903    0.511529    0.572861     2452.83     1.6e+19     6.12046     4.64975     4.40304     4.54615
      12700   0.0238791     218.689     231.378     222.012         0.7        2923     1283.16     4206.15     11.2246    -63.7965    0.159175    0.368003    0.505823    0.572861     2453.49     1.6e+19     5.42575     4.62113     4.78846     4.53047
      12600           0     221.053     232.563     221.319         0.7     2937.47     1295.75     4233.22      12.587    -62.7784     0.18836     0.33798    0.505823    0.572861     2453.94     1.6e+19      5.5048     4.99359      4.7694     4.51152
      12500           0     221.053     233.777     221.171         0.7     2949.43     1308.96     4258.39     13.2103    -61.5918    0.210627     0.33798    0.505823    0.572861     2454.31     1.6e+19     5.56667     4.96446     4.74727     4.48889
      12400           0     221.053     235.003     221.154         0.7     2963.51     1320.05     4283.56     11.0969    -60.7611    0.227551     0.33798    0.505823    0.572861     2454.71     1.6e+19     5.61463     4.93494     4.72305     4.46349
      12300           0     221.053     236.241     219.817         0.7     2966.62      1330.6     4297.22     10.5455    -60.2468    0.240312     0.33798     0.50479    0.572861     2455.13     1.6e+19     5.65134     4.90577     4.69746     4.43639
      12200   0.0702391     221.123      237.49     217.497         0.7     2977.97     1342.41     4320.38     11.8127    -60.0814    0.249797     0.33798    0.497572     0.53801     2455.55     1.6e+19     5.67893     4.87727     4.67136     4.40908
      12100    0.136381     228.213     238.787     216.632         0.7      2998.3     1356.07     4354.37     13.6553     -61.703    0.256682     0.33798    0.466666    0.505823     2456.21     1.6e+19     5.69913     4.84951     4.64749     4.78671
      12000    0.201243     241.916     240.181     216.581         0.7     3027.36     1365.98     4393.34     9.91637    -64.5719    0.258968    0.308098    0.440894    0.505823     2457.11     1.6e+19     5.71349     4.82367     4.62633     4.76581
      11900    0.237184     262.076     241.705     217.337         0.7     3061.11     1378.83     4439.94     12.8491    -68.3423    0.258968    0.271305    0.419012    0.505823     2458.26     1.6e+19     5.72355     4.80089     4.60715     4.74765
      11800     0.32454     285.882     243.366     218.642         0.7     3100.64     1390.51     4491.15     11.6743    -72.1785    0.258968    0.269662    0.408864    0.505823     2459.53     1.6e+19     5.73027     5.17888      4.9893     4.73251
      11700    0.112661     318.124     245.184     227.298         0.7     3152.19      1401.9      4554.1     11.3983    -76.8959    0.258968    0.269662    0.405101    0.505823     2461.15     1.6e+19     5.73439     5.15712     4.97244     4.72068
      11600   0.0655659     329.343     233.613     201.626         0.7      3184.7     1425.66     4610.36     23.7514    -75.9909    0.109929     0.33798    0.505823    0.505823     2460.11     1.6e+19     5.96392     4.91702     4.70264     4.73401
      11500  0.00391897     335.838     229.775     183.752         0.7     3209.02     1461.65     4670.67      35.992    -76.7883   0.0524377    0.412886    0.572861    0.505823     2458.75     1.6e+19     6.44464     4.73024     4.44381     4.79538
      11400  0.00875152     336.235     229.323      160.05         0.7     3222.12     1500.28     4722.39     38.6286    -78.0204   0.0251112    0.484658    0.572861    0.572861      2457.2     1.6e+19     6.27261      4.4633     4.51002     4.45964
      11300    0.011006     337.112     230.069     148.802         0.7     3228.81     1535.68      4764.5     35.4086    -80.4873   0.0114556    0.484658    0.572861    0.572861     2455.62     1.6e+19     6.77894     4.52227     4.53124     4.51691
      11200           0     338.202     231.198     144.478         0.7     3230.65     1569.34     4799.99     33.6519    -83.0265  0.00942274    0.484658    0.572861    0.572861     2453.98     1.6e+19     6.72746     4.53722     4.53181     4.56306
      11100           0     338.202     232.406     136.707         0.7     3249.14     1601.83     4850.97     32.4937    -85.0885    0.008518    0.484658    0.572861    0.572861     2452.24     1.6e+19     6.70483     4.52785     4.52571     4.59835
      11000           0     338.202     233.592     127.327         0.7     3276.41     1633.04     4909.45     31.2079    -87.1515  0.00834338    0.484658    0.572861    0.633538     2450.52     1.6e+19     6.70049     4.50791     4.51862     4.21855
      10900           0     338.202      234.73     121.933         0.7     3294.35     1665.91     4960.26     32.8695    -89.2076  0.00863867    0.484658    0.572861    0.634429     2448.83     1.6e+19     6.70784     4.48562     4.51168     4.23057
      10800           0     338.202     235.817     118.793         0.7     3300.64     1695.64     4996.28     29.7332    -91.0843  0.00923192    0.484658    0.572861    0.634429     2447.12     1.6e+19     6.72267      4.4653     4.50735     4.24198
      10700           0     338.202     236.855     114.753         0.7     3308.54     1725.01     5033.55     29.3702    -92.7843   0.0100104    0.484658    0.572861    0.634429     2445.39     1.6e+19     6.74225     4.44899     4.50667     4.25369
      10600           0     338.202     237.851     110.321         0.7     3320.64     1754.06      5074.7     29.0493    -94.4163   0.0109011    0.484658    0.572861    0.634429     2443.64     1.6e+19     6.76481     4.43746     4.50976     4.26638
      10500           0     338.202     238.811     107.628         0.7     3332.97     1782.75     5115.72     28.6894    -95.9999   0.0118568     0.48222    0.572861    0.634429     2441.88     1.6e+19     6.78921     4.43083     4.51637     4.28048
      10400           0     338.202      239.74     105.951         0.7     3345.91     1809.21     5155.12     26.4599    -97.4762   0.0151201    0.476915    0.572861    0.634429     2440.11     1.6e+19     6.21359     4.42992     4.52619      4.2962
      10300           0     338.202     240.644     104.865         0.7     3352.24     1833.47     5185.71      24.256    -98.8354   0.0193082    0.479759    0.572861    0.634429     2438.34     1.6e+19     6.23738     4.43287     4.53885     4.31361
      10200           0     338.202     241.524     103.697         0.7     3359.42     1857.64     5217.06     24.1759    -100.083   0.0232509    0.484658    0.572861    0.634429     2436.57     1.6e+19     6.26126     4.43816     4.55397     4.33265
      10100           0     338.202     242.382     101.513         0.7     3382.72     1878.96     5261.68     21.3183    -101.283   0.0271569    0.484658    0.572861    0.634429     2434.82     1.6e+19     6.28513     4.44626     4.57115      4.3532
      10000           0     338.202     243.219     99.0021         0.7     3399.42     1899.74     5299.16     20.7806     -102.49   0.0310145    0.484658    0.572861    0.634429     2433.06     1.6e+19      6.3089     4.45715      4.5901     4.37511
       9900           0     338.202      244.04     96.3185         0.7     3405.24        1920     5325.24     20.2599    -103.724   0.0348186    0.484658    0.590182    0.634429     2431.32     1.6e+19     6.33254     4.47039     4.20927     4.39818
       9800   0.0876166     338.289     244.843     93.4999         0.7     3412.11      1938.9     5351.01     18.9006    -105.016   0.0385626    0.484658    0.616963    0.681682     2429.67     1.6e+19       6.356     4.48552     4.22488     4.01575
       9700   0.0805505     347.044      245.69     90.4244         0.7     3412.27      1956.4     5368.67      17.498    -108.056   0.0422403    0.484658    0.634429    0.690526     2428.51     1.6e+19     6.37923     4.50201     4.23811     4.02944
       9600   0.0734801     355.092     246.582     87.1832         0.7     3412.87     1972.45     5385.32     16.0496    -110.602   0.0458773    0.484658    0.634429    0.690526     2427.33     1.6e+19     6.40239     4.51955      4.2533     4.04629
       9500   0.0664777     362.433     247.476     83.8564         0.7     3416.83     1987.05     5403.88     14.5989      -112.8   0.0494823    0.484658    0.634429    0.690526     2426.12     1.6e+19     6.42553     4.53809     4.27125     4.06548
       9400   0.0771687     369.091     248.358      81.294         0.7      3437.8     2003.89     5441.69     16.8421    -114.745   0.0530543    0.484658    0.634429    0.690526      2424.9     1.6e+19     6.44864     4.55763     4.29118     4.08635
       9300   0.0661996     376.797     249.235     79.1593         0.7     3458.19     2018.45     5476.65     14.5647    -116.801   0.0565893    0.484658    0.634429    0.690526     2423.72     1.6e+19      6.4717     4.57813     4.31256     4.10865
       9200   0.0615438     383.413     250.105     77.2792         0.7     3477.75     2032.05      5509.8     13.5946    -118.512   0.0600878    0.484658    0.634429    0.690526     2422.51     1.6e+19     6.49469     4.59949      4.3351     4.13205
       9100   0.0493557     389.555      250.96     75.5859         0.7     3489.42     2043.09     5532.51     11.0403    -120.067   0.0630091    0.525725    0.634429    0.690526     2421.31     1.6e+19     6.51759     4.21606     4.35844     4.15614
       9000   0.0325578     394.474     251.786     74.0592         0.7     3499.11      2050.6     5549.71     7.51431    -121.347   0.0630091    0.551677    0.634429    0.690526     2420.12     1.6e+19     6.54064     4.22786     4.38213     4.18057
       8900   0.0353998     397.732      252.57     72.7085         0.7     3519.57     2058.68     5578.25     8.08049    -122.321   0.0630091    0.551677    0.644582    0.702581     2418.87     1.6e+19     6.56367     4.24055      4.0053     3.80442
       8800   0.0312875     401.268      253.32     71.4812         0.7     3528.57     2065.89     5594.45     7.20461    -123.419   0.0630091    0.551677    0.675211    0.741151     2417.75     1.6e+19     6.58642     4.25596     4.02245     3.81997
       8700   0.0273289     404.393     254.043     70.3548         0.7      3530.1     2072.25     5602.34     6.35708    -124.465   0.0653481    0.551677    0.690526    0.741151     2416.69     1.6e+19     5.80795     4.27299     4.03587     3.83292
       8600   0.0248237     407.123     254.735     69.3205         0.7     3533.75     2078.06     5611.81     5.81485    -125.463   0.0709671    0.551677    0.690526    0.741151     2415.63     1.6e+19     5.82713      4.2909      4.0504     3.84656
       8500   0.0224273     409.603     255.401     68.3651         0.7     3536.29     2083.36     5619.65     5.29893     -126.44   0.0762324    0.551677    0.690526    0.741151     2414.57     1.6e+19     5.84523     4.30932     4.06614     3.86103
       8400   0.0222763     411.846     256.045     67.9136         0.7     3537.23     2088.61     5625.84     5.25483    -127.384   0.0812292    0.551677    0.690526    0.741151     2413.51     1.6e+19     5.86251     4.32801     4.08257     3.87629
       8300  0.00497076     414.056     256.672     67.7875         0.7      3547.7     2090.24     5637.95     1.62789    -128.308   0.0860141    0.551677    0.690526    0.741151     2412.45     1.6e+19     5.87917     4.34683     4.09944     3.89223
       8200  0.00496577     414.553     257.273     67.9115         0.7     3553.73     2091.84     5645.58      1.6021    -128.868   0.0906251    0.551677    0.690526    0.741151     2411.33     1.6e+19     5.89531     4.36568      4.1166     3.90853
       8100  0.00503759      415.05     257.848     68.2448         0.7     3562.83     2093.45     5656.27     1.60218    -129.454   0.0950795    0.551677    0.690526    0.741151     2410.22     1.6e+19     5.91099     4.38448     4.13386     3.92502
       8000  0.00373515     415.552     258.407     68.7405         0.7     3563.94     2094.76     5658.71     1.31817    -130.035   0.0993964    0.558296    0.690526    0.741151     2409.12     1.6e+19     5.92628     4.00292     4.15117     3.94176
       7900   0.0025216     415.925     258.952     69.4472         0.7     3574.21     2095.81     5670.03     1.04773    -130.563     0.10359    0.586359    0.690526    0.741151     2408.06     1.6e+19      5.9412      4.0161     4.16848     3.95872
       7800           0     416.174      259.48     70.3253         0.7     3582.18     2096.03     5678.21    0.220482    -131.026    0.107654    0.604524    0.690526    0.741151     2407.03     1.6e+19     5.95575     4.02584      4.1856     3.97585
       7700           0     416.174     259.985     71.3648         0.7     3587.88     2096.45     5684.33     0.41488    -131.392    0.111579    0.613942    0.694075    0.741151     2406.02     1.6e+19     5.96986     4.03443     3.80229       3.993
       7600           0     416.174      260.47     72.5719         0.7     3595.69     2096.82      5692.5   -0.370356    -131.707    0.115361    0.613942     0.71359    0.760766     2405.06     1.6e+19     5.98353     4.04445     3.81569     3.60803
       7500           0     416.174     260.937     73.9162         0.7     3608.83     2097.93     5706.76    -1.11166    -131.959    0.119002    0.613942    0.727148    0.782932     2404.18     1.6e+19     5.99675     4.05579     3.82625     3.61713
       7400           0     416.174     261.384     74.3394         0.7      3625.2     2099.76     5724.96    -1.83372    -132.157    0.122498    0.613942    0.736899    0.786217     2403.36     1.6e+19      6.0095     4.06781       3.835     3.62431
       7300           0     416.174     261.812     74.2387         0.7      3642.9      2100.3      5743.2   -0.537023    -132.352    0.125851    0.613942    0.741151    0.786217     2402.56     1.6e+19     6.02179     4.08012      3.8434     3.63228
       7200  0.00180693     416.176     262.224     73.8623         0.7     3664.25     2101.08     5765.32    0.775801    -132.562    0.129067    0.613942    0.741151    0.786217     2401.77     1.6e+19     6.03362     4.09252     3.85279     3.64092
       7100           0     416.355     262.625     73.2936         0.7     3686.25      2101.4     5787.65   -0.325368    -132.826    0.132163    0.613942    0.741151    0.786217     2400.99     1.6e+19     6.04506     4.10495     3.86291     3.65028
       7000           0     416.355     263.017     72.5851         0.7     3700.56     2106.82     5807.38    -5.41712    -133.071     0.13516    0.613942    0.741151    0.786217     2400.21     1.6e+19     6.05617     4.11738     3.87351     3.66025
       6900           0     416.355       263.4     71.7798         0.7     3714.84     2112.12     5826.96    -5.30013    -133.343    0.138072    0.613942    0.741151    0.786217     2399.43     1.6e+19     6.06701     4.12978     3.88444     3.67069
       6800           0     416.355     263.776      70.897         0.7     3727.29        2113     5840.28   -0.876164    -133.642    0.140912    0.613942    0.741151    0.786217     2398.66     1.6e+19     6.07763     4.14213     3.89561     3.68152
       6700           0     416.355     264.146     69.9615         0.7     3739.26     2115.04      5854.3    -2.04638    -133.966     0.14369    0.613942    0.741151    0.786217      2397.9     1.6e+19     6.08805     4.15441     3.90697     3.69267
       6600           0     416.355     264.512      69.002         0.7     3751.91     2120.15     5872.06    -5.11162    -134.312    0.146415    0.613942    0.741151    0.786217     2397.14     1.6e+19      6.0983     4.16663     3.91847     3.70406
       6500           0     416.355     264.873     68.0092         0.7     3761.65     2123.93     5885.57    -3.77256    -134.681    0.149095    0.613942    0.741151    0.786217     2396.39     1.6e+19     6.10843     4.17878     3.93007     3.71564
       6400           0     416.355      265.23     67.2941         0.7      3770.8     2127.96     5898.76    -4.02976    -135.064    0.149485    0.613942    0.741151    0.786217     2395.63     1.6e+19     6.11861     4.19086     3.94175     3.72738
       6300           0     416.355     265.584     66.7396         0.7     3780.74     2130.59     5911.33    -2.63442    -135.447    0.149485    0.618586    0.741151    0.786217     2394.88     1.6e+19     6.12908     3.80264      3.9535     3.73923
       6200           0     416.355     265.937     66.2812         0.7     3798.65     2132.73     5931.38    -2.13695    -135.821    0.149485    0.633221    0.741151    0.786217     2394.15     1.6e+19     6.13969     3.81153     3.96532     3.75118
       6100           0     416.355     266.285     65.9095         0.7     3817.39     2134.36     5951.75    -1.63475    -136.184    0.149485     0.64356    0.741151    0.786217     2393.44     1.6e+19     6.15034     3.81865      3.9771      3.7632
       6000           0     416.355     266.626     65.5965         0.7     3825.21     2135.49     5960.69    -1.12623    -136.533    0.149485    0.651752    0.741151    0.786217     2392.74     1.6e+19     6.16093     3.82506     3.98879     3.77523
       5900           0     416.355     266.961     65.3301         0.7     3834.92     2138.75     5973.67    -3.26131    -136.867    0.149485    0.658711    0.741553    0.786217     2392.05     1.6e+19     6.17142     3.83123     3.60037     3.78725
       5800           0     416.355      267.29     65.1015         0.7     3850.85     2140.54     5991.39    -1.79021    -137.186    0.149485    0.664834    0.751843    0.786217     2391.38     1.6e+19     6.18177     3.83737     3.61035      3.7991
       5700           0     416.355     267.612     64.9053         0.7     3856.99     2142.25     5999.24    -1.71166     -137.49    0.149485    0.670257    0.759833    0.803561     2390.75     1.6e+19     6.19197     3.84353     3.61904     3.40816
       5600           0     416.355     267.924     64.7381         0.7      3861.4     2144.03     6005.42    -1.77405    -137.777    0.150161    0.671454    0.765785    0.816088     2390.17     1.6e+19     5.40179     3.85001     3.62643     3.41407
       5500           0     416.355     268.226     64.5969         0.7     3875.71     2145.85     6021.56    -1.82624    -138.049    0.153397    0.671454    0.770201    0.825184     2389.63     1.6e+19     5.41037     3.85732      3.6328     3.41845
       5400           0     416.355     268.517     63.7585         0.7     3889.33     2147.94     6037.27    -2.09222    -138.318      0.1564    0.671454    0.773638    0.825184     2389.11     1.6e+19     5.41835     3.86509     3.63861     3.42287
       5300           0     416.355     268.797     62.4976         0.7     3895.35     2150.29     6045.64    -2.34689    -138.624    0.159227    0.671454    0.776608    0.825184      2388.6     1.6e+19     5.42589     3.87306     3.64434     3.42798
       5200  0.00224184     416.357     269.066     61.0015         0.7     3913.65     2151.02     6064.67    0.733718    -138.982    0.161913    0.671454    0.779284    0.825184      2388.1     1.6e+19     5.43307     3.88109     3.65019     3.43353
       5100           0     416.579     269.328     59.3483         0.7     3918.88     2151.15     6070.03   -0.128415    -139.437     0.16448    0.671454    0.781707    0.825184     2387.62     1.6e+19     5.43995      3.8891     3.65618     3.43943
       5000           0     416.579     269.583     57.5597         0.7     3919.98     2152.14     6072.11   -0.983087    -139.899    0.166949    0.671454     0.78389    0.825184     2387.13     1.6e+19     5.44658     3.89704      3.6623     3.44556
       4900           0     416.579      269.83     55.6869         0.7     3922.57     2152.31     6074.87    0.170115    -140.422    0.169331    0.671454    0.785827    0.825184     2386.66     1.6e+19       5.453      3.9049     3.66854     3.45185
       4800  0.00210319     416.581      270.07     53.7324         0.7     3924.12     2152.99      6077.1    0.679776    -141.007    0.171639    0.671454    0.786217    0.825184     2386.19     1.6e+19     5.45923     3.91266     3.67495     3.45826
       4700  0.00452657     416.794     270.307     51.7107         0.7     3931.53     2154.18     6085.71     1.19311     -141.69    0.173881    0.671454    0.786217    0.825184     2385.74     1.6e+19      5.4653     3.92031     3.68165     3.46486
       4600           0     417.242     270.543      49.649         0.7     3933.01     2154.92     6087.93   -0.743037    -142.466    0.176071    0.671454    0.786217    0.825184     2385.29     1.6e+19     5.47124     3.92787     3.68852     3.47169
       4500           0     417.242     270.775     47.5386         0.7     3936.32      2156.6     6092.92    -1.67522    -143.192    0.178219    0.671454    0.786217    0.825184     2384.84     1.6e+19     5.47707     3.93535     3.69551     3.47865
       4400           0     417.242     271.002     45.7522         0.7     3940.31      2156.7        6097   0.0983993    -143.973    0.180327    0.671454    0.786217    0.825184     2384.39     1.6e+19     5.48281     3.94275     3.70255     3.48566
       4300 0.000277713     417.242     271.224      44.144         0.7     3941.96     2156.97     6098.93    0.276071    -144.785    0.182397    0.671454    0.786217    0.825184     2383.94     1.6e+19     5.48846     3.95008      3.7096     3.49273
       4200  0.00254613     417.272     271.443     42.6295         0.7     3948.12     2157.73     6105.85    0.756723    -145.623    0.184434    0.671454    0.786217    0.825184      2383.5     1.6e+19     5.49403     3.95733     3.71665     3.49983
       4100           0     417.524     271.662     41.1867         0.7     3958.36     2157.77     6116.12   0.0380887    -146.519     0.18644    0.671454    0.786217    0.825184     2383.07     1.6e+19     5.49953      3.9645      3.7237       3.507
       4000  0.00567943      417.53     271.878     39.7907         0.7     3969.05     2159.19     6128.24     1.42161    -147.369     0.18842    0.671454    0.786217    0.825184     2382.63     1.6e+19     5.50496      3.9716     3.73076     3.51419
       3900   0.0121409     418.105     272.096     38.4171         0.7     3982.56     2161.99     6144.56     2.80422     -148.34    0.190376    0.671454    0.786217    0.825184     2382.22     1.6e+19     5.51034     3.97864     3.73781     3.52145
       3800  0.00426346     419.311     272.321     37.0477         0.7     3994.62     2163.12     6157.74     1.12919    -149.418    0.192317    0.671454    0.786217    0.825184     2381.85     1.6e+19     5.51569     3.98562     3.74489     3.52889
       3700  0.00264313     419.736     272.546     35.1205         0.7     4010.87      2163.9     6174.77    0.778811    -150.315     0.19425    0.671454    0.786217    0.825184     2381.44     1.6e+19     5.52103     3.99256     3.75204     3.53638
       3600  0.00105032     419.998     272.765     31.6734         0.7     4024.79     2164.33     6189.12    0.434569    -151.265    0.196172    0.671454    0.786217    0.825184     2381.03     1.6e+19     5.52635     3.99946     3.75919     3.54377
       3500  0.00850554     420.111     272.979     27.5637         0.7     4038.01     2166.36     6204.37     2.02116    -152.332    0.198075    0.678152    0.786217    0.825184     2380.62     1.6e+19     5.53162     3.60534     3.76628     3.55104
       3400  0.00281879     420.956     273.192     23.1979         0.7     4047.36     2167.16     6214.52     0.80781      -153.7    0.199951    0.683449    0.786217    0.825184     2380.25     1.6e+19     5.53683     3.61006     3.77327     3.55833
       3300  0.00350599     421.238     273.402     18.5906         0.7     4047.45     2168.11     6215.56    0.947584    -155.087    0.201798    0.687602    0.786217    0.825184     2379.88     1.6e+19     5.54197     3.61425     3.78018     3.56559
       3200  0.00421412     421.589     273.606     14.3147         0.7     4048.88     2169.21     6218.08     1.09409    -156.638    0.203606    0.691056    0.786217    0.825184     2379.51     1.6e+19     5.54701     3.61819     3.78696     3.57273
       3100  0.00306615      422.01     273.805     11.3427         0.7     4048.99     2170.05     6219.04     0.84513    -158.277    0.205374    0.694026    0.786217    0.825184     2379.16     1.6e+19     5.55195     3.62204     3.79361     3.57977
       3000  0.00194549     422.315     273.999     8.84052         0.7     4051.94     2170.65     6222.59    0.600898    -159.912    0.207101    0.696629    0.786301    0.825184      2378.8     1.6e+19     5.55678     3.62586     3.40014     3.58671
       2900  0.00529877     422.513     274.188     6.67473         0.7     4055.37     2171.96     6227.33     1.31241    -161.528    0.208786    0.698929     0.78956    0.825184     2378.46     1.6e+19      5.5615     3.62969     3.40596     3.59348
       2800  0.00350653     423.041     274.373     4.74159         0.7     4059.19     2172.89     6232.08      0.9271    -163.198    0.210429    0.700949    0.792259     0.82521     2378.14     1.6e+19     5.56611     3.63353     3.41134     3.20001
       2700   0.0194802     423.408     274.555     2.80919         0.7     4062.33     2177.24     6239.57     4.34531    -164.808    0.212029    0.702713    0.794506    0.834198     2377.83     1.6e+19     5.57061     3.63739     3.41637     3.20501
       2600           0     425.336     274.743    0.524585         0.7     4074.64     2178.08     6252.72   -0.843408    -166.706    0.213591    0.704237    0.796247    0.840878     2377.61     1.6e+19     5.57501     3.64125     3.42083     3.20873
       2500   0.0131174      425.35     274.926    -1.84289         0.7     4074.72     2181.05     6255.77     2.97382    -168.193    0.215121     0.70554    0.797584    0.846045     2377.33     1.6e+19     5.57932     3.64511     3.42481     3.21161
       2400    0.010891     426.659     275.102    -4.24456         0.7     4076.77     2183.55     6260.32     2.49793     -169.97    0.216605    0.706632    0.798589    0.850338     2377.13     1.6e+19     5.58352     3.64897     3.42838       3.214
       2300  0.00799547     427.745     275.277    -6.67652         0.7     4076.83     2185.42     6262.25     1.87284    -171.691    0.218046    0.707525    0.799365    0.854223     2376.93     1.6e+19     5.58759      3.6528     3.43169     3.21617
       2200  0.00514614     428.542     275.445    -8.96947         0.7      4083.3     2186.68     6269.98     1.25475    -173.361    0.219441    0.708239    0.799965    0.857671     2376.72     1.6e+19     5.59154     3.65662     3.43479      3.2181
       2100  0.00491608     429.056     275.603    -10.8509         0.7     4083.97     2187.88     6271.84      1.1967    -174.978    0.220785     0.70879     0.80043    0.857963     2376.52     1.6e+19     5.59536     3.66042     3.43775     3.22008
       2000  0.00471864     429.548     275.752      -12.56         0.7     4084.51     2189.02     6273.53     1.14784    -176.587    0.222074    0.709191    0.800823    0.857963     2376.32     1.6e+19     5.59902     3.66418      3.4407      3.2224
       1900  0.00703435     430.022     275.894    -14.1379         0.7     4084.77     2190.66     6275.43     1.63927    -178.177    0.223308    0.709461    0.801175    0.857963     2376.12     1.6e+19     5.60253     3.66792     3.44369     3.22497
       1800  0.00701929     430.725     276.032    -15.6183         0.7     4085.52      2192.3     6277.82     1.63426     -179.79    0.224491    0.709616    0.801494    0.857963     2375.93     1.6e+19      5.6059     3.67163     3.44675     3.22775
       1700   0.0108668     431.431     276.169    -17.1147         0.7      4087.6     2194.75     6282.36       2.458    -181.371    0.225632    0.709675    0.801789    0.857963     2375.75     1.6e+19     5.60915     3.67532     3.44988     3.23071
       1600   0.0179499     432.525     276.306    -18.8039         0.7     4088.29     2198.74     6287.03     3.98197        -183    0.226737    0.709654    0.802062    0.857963     2375.58     1.6e+19      5.6123     3.67899     3.45308     3.23386
       1500  0.00914086     434.311     276.449    -20.5602         0.7     4089.41     2200.83     6290.24      2.0958    -184.727    0.227819    0.709571    0.802327    0.857963     2375.45     1.6e+19     5.61539     3.68265     3.45638     3.23728
       1400  0.00106572     435.217     276.592    -22.3504         0.7     4090.01     2201.19      6291.2    0.357585    -186.243    0.228888    0.709442    0.802589    0.857963     2375.28     1.6e+19     5.61845     3.68631     3.45979     3.24081
       1300  0.00416871     435.327     276.724    -24.1469         0.7     4094.38      2202.2     6296.58     1.01242    -187.616    0.229939    0.709279    0.802827    0.857963     2375.09     1.6e+19     5.62146     3.68999     3.46322     3.24419
       1200  0.00723203     435.747     276.846    -25.6722         0.7     4110.49     2203.87     6314.36     1.66709    -189.076    0.230965    0.709085    0.803025    0.857963      2374.9     1.6e+19      5.6244     3.69366      3.4666     3.24746
       1100  0.00990359     436.473     276.968    -26.4567         0.7     4123.51     2206.11     6329.62     2.24184    -190.565    0.231965    0.708865    0.803194    0.857963     2374.73     1.6e+19     5.62727      3.6973     3.46992     3.25075
       1000   0.0118948     437.465     277.093    -26.9215         0.7     4134.43     2208.78     6343.22      2.6723    -192.033    0.232944    0.708625    0.803348    0.857963     2374.58     1.6e+19     5.63008     3.70092     3.47324     3.25413
        900   0.0107511     438.653     277.221    -27.0413         0.7     4145.78     2211.21     6356.99     2.42913    -193.444    0.233911    0.708374      0.8035    0.857963     2374.43     1.6e+19     5.63286     3.70452     3.47659     3.25761
        800    0.027188     439.745     277.351    -26.8988         0.7     4158.39     2217.18     6375.58     5.96949     -194.73     0.23487    0.708122    0.803656    0.857963     2374.28     1.6e+19     5.63562      3.7081     3.47997     3.26115
        700   0.0299157     442.466     277.493    -26.4672         0.7     4168.84     2223.76     6392.59     6.57409    -196.205    0.235829    0.707877    0.803821    0.857963     2374.21     1.6e+19     5.63839     3.71166     3.48342     3.26495
        600   0.0157167     445.444     277.652    -25.5906         0.7     4189.23     2227.28     6416.51     3.52326    -197.539    0.236804     0.70765    0.804018    0.857963     2374.14     1.6e+19      5.6412     3.71523     3.48703     3.26909
        500   0.0125456     447.012      277.81    -24.4189         0.7     4210.16     2230.11     6440.27     2.83285    -198.435      0.2378    0.707451    0.804244    0.857963     2374.02     1.6e+19     5.64407     3.71883     3.49078     3.27323
        400   0.0215702     448.276     277.957    -22.9259         0.7     4243.54     2234.88     6478.42     4.77077    -199.161    0.238804    0.707282     0.80447    0.857963     2373.88     1.6e+19     5.64697     3.72246     3.49454     3.27715
        300           0     450.411     278.104    -21.1899         0.7     4266.26     2235.26     6501.52   -0.377153    -199.929    0.239804     0.70714    0.804688    0.857963     2373.79     1.6e+19     5.64987     3.72609     3.49824     3.28103
        200           0     450.411     278.239    -18.9526         0.7     4295.81     2236.21     6532.02   -0.946479    -200.156    0.240797    0.707023    0.804901    0.857963     2373.61     1.6e+19     5.65274     3.72971     3.50188     3.28467
        100   0.0139133     450.425     278.356    -15.8033         0.7     4310.54     2239.31     6549.85     3.09941    -200.289    0.241762    0.706927    0.805089    0.857963     2373.43     1.6e+19     5.65554      3.7333     3.50533      3.2879
          0   0.0133282     451.816     278.474     -12.183         0.7      4312.3     2242.29     6554.59     2.98128    -200.524    0.242693    0.706844    0.805256    0.857963     2373.31     1.6e+19     5.65824     3.73683     3.50861     3.29113