       20000            0            0      179.437      374.571            0      58.4594      14.2831      72.7424      14.2831       21.651
       19900            0            0      179.437      373.647            0      110.373      29.7361      140.109      15.4531      21.5232
       19800            0            0      179.437      373.013            0       167.34      46.3592      213.699      16.6231      21.3957
       19700            0            0      179.437      372.758            0      217.262      60.5222      277.784      14.1631      21.2846
       19600            0            0      179.437      372.794            0      248.648      72.5053      321.153      11.9831      21.2055
       19500            0            0      179.437      371.075            0      291.652      82.0183      373.671      9.51306      21.1352
       19400            0            0      179.437      368.317            0      343.876      94.1014      437.977      12.0831      20.9862
       19300            0            0      179.437      365.774            0      394.402      106.214      500.616      12.1131      20.7343
       19200            0            0      179.437      363.236            0      436.366      118.358      554.723      12.1431      20.3977
       19100            0            0      179.437      362.369            0      476.796      130.011      606.807      11.6531      20.0082
       19000            0            0      179.437      362.508            0      516.588      142.474      659.062      12.4631      19.6491
       18900            0            0      179.437      360.881            0      555.307      155.747      711.053      13.2731       19.319
       18800            0            0      179.437      358.275            0      605.272       166.28      771.551      10.5331      18.9274
       18700            0            0      179.437      356.473            0      666.779      178.113      844.892      11.8331      18.4613
       18600            0            0      179.437       355.06            0      741.529      192.576      934.104      14.4631      17.9655
       18500            0            0      179.437      353.704            0      823.764      201.259      1025.02      8.68306      17.4537
       18400            0            0      179.437      352.408            0      872.706      209.492       1082.2      8.23306      16.9279
       18300            0            0      179.437      349.386            0       909.05      218.075      1127.13      8.58306      16.3623
       18200            0            0      179.437      345.298            0      974.052      226.658      1200.71      8.58306      15.6757
       18100            0            0      179.437      341.814            0         1063      234.714      1297.71      8.05639      14.8535
       18000            0            0      179.437      338.557            0       1147.3      243.331      1390.63      8.61639      13.9367
       17900            0            0      179.437      337.625            0      1224.22      253.364      1477.58      10.0331      12.9765
       17800            0            0      179.437      338.126            0      1299.23      264.257      1563.49      10.8931      12.0876
       17700            0            0      179.437      336.277            0      1373.75       274.54      1648.29      10.2831      11.2702
       17600            0            0      179.437      333.147            0      1437.28      288.828      1726.11      14.2881      10.4022
       17500            0            0      179.437      333.217            0      1484.78      302.776      1787.56      13.9481      9.50021
       17400            0            0      182.115       364.52            0      1495.77      312.444      1808.22      9.66738      7.85112
       17300     0.105476     0.105476      182.934      374.343            0      1506.07      322.233       1828.3      9.78926      7.61866
       17200     0.201292      10.7489      183.509      380.324            0      1508.68      335.809      1844.48      13.5759      5.36417
       17100     0.295072      30.9719      184.349      383.832            0      1525.36       350.09      1875.45      14.2815      1.56876
       17000     0.215984         60.4      185.639      385.445            0      1538.06      366.551      1904.61       16.461     -3.44978
       16900     0.120909      81.9034      187.257      381.145            0      1542.68      382.919       1925.6      16.3676     -5.71535
       16800            0      93.8734      188.948      372.981            0      1546.33      399.161      1945.49       16.242     -5.74648
       16700            0      93.8734      190.508      363.801            0       1551.4      416.543      1967.94      17.3824     -3.60295
       16600     0.243566       94.117      191.919      353.664            0      1554.03      437.774      1991.81      21.2311     -2.54695
       16500     0.197196      118.427      193.544      353.919            0      1560.79      452.583      2013.38      14.8089     -7.64284
       16400     0.221459      138.171      195.473      361.108            0      1581.21      471.078      2052.29      18.4945     -10.6007
       16300     0.194344       160.29      197.583      365.147            0      1610.66       486.01      2096.67      14.9326     -13.2278
       16200     0.225234      179.755      199.815      367.593            0      1644.33      505.641      2149.97      19.6305     -14.6067
       16100     0.234855      202.288       202.15      358.242            0      1673.43      527.228      2200.66      21.5875     -16.4878
       16000     0.217058      225.756      204.605      340.818            0      1691.49      546.327      2237.82      19.0984     -18.9008
       15900     0.288968      247.534      207.135      331.336            0      1703.51      563.044      2266.56      16.7178     -21.3509
       15800     0.165904      276.307      209.792      326.591            0      1717.37      575.613      2292.98      12.5684     -25.3565
       15700     0.152786      292.885      212.459      323.126            0      1730.79      586.664      2317.45      11.0511     -26.2367
       15600      0.11984       308.13      215.017      320.833    0.0275701      1744.66      594.407      2339.07      7.74319     -26.9507
       15500     0.100002      320.095      217.464      317.934     0.202338      1757.66      600.473      2358.13      6.06568     -27.0534
       15400    0.0733597      330.068      219.776      314.785     0.443434       1774.8      604.702       2379.5      4.22919     -26.9671
       15300    0.0933061      337.424       221.93      313.382     0.254279       1799.5      610.088      2409.59      5.38656      -26.554
       15200    0.0734574      346.735      223.985      313.175      0.43682      1824.79      614.177      2438.97      4.08836     -26.7754
       15100    0.0479063      354.055      225.968      319.323     0.675339      1858.76      616.982      2475.75      2.80529     -26.4684
       15000      1.38645      360.184      227.846      330.014        1.215      1906.73      618.439      2525.17      1.45641     -25.5815
       14900    0.0744459      497.517      229.565      336.813            2         1964      619.357      2583.36    -0.918808     -52.3195
       14800     0.107508      504.995       231.11      342.836      1.95583      2031.78      621.189      2652.97     -1.83162     -45.3738
       14700            0      515.638      232.442      334.227            0         2093      624.637      2717.64     -3.44762      -40.357
       14600            0      515.638      224.036      266.114            0      2114.08      636.441      2750.52       11.804     -35.2021
       14500            0      515.638      221.223      239.893            0      2119.42      654.565      2773.99      18.1244     -35.6155
       14400            0      515.638      221.085      223.932            0      2121.08      674.834      2795.92      20.2691     -38.0321
       14300            0      515.638      221.915      210.166            0       2125.2      692.069      2817.27      17.2353     -41.0604
       14200            0      515.638      223.035      198.392            0      2135.67      707.587      2843.25      15.5176     -44.1866
       14100            0      515.638      224.207      192.126            0      2146.42      721.713      2868.13      14.1265     -47.1102
       14000            0      515.638      225.352      189.317            0       2166.2      733.347      2899.55      11.6334     -49.5751
       13900            0      515.638      226.449       184.49            0      2191.02      747.468      2938.49       14.121     -51.5966
       13800            0      515.638      227.505       178.75            0      2206.97      758.478      2965.45      11.0103     -53.3946
       13700            0      515.638       228.52      174.567            0      2238.73      771.308      3010.03      12.8298     -55.0522
       13600            0      515.638      229.496      171.256            0      2263.14      783.017      3046.16      11.7089     -56.5565
       13500            0      515.638      230.435      174.512            0      2287.87      788.412      3076.28      5.39474     -57.8231
       13400            0      515.638      231.342      181.772            0      2311.19       796.11       3107.3      7.69828      -58.576
       13300            0      515.638      232.219      178.838            0      2335.09       800.75      3135.84      4.64053     -58.9522
       13200  0.000946331      515.639      235.789       199.83      1.07651      2341.61      804.876      3146.49      4.12571     -59.4083
       13100    0.0852812      515.818      238.048      206.458            2       2342.1      807.059      3149.16      -2.1832     -58.8611
       13000     0.075193      524.336      239.795      212.277            2       2350.7      808.368      3159.07     -1.30854     -59.6863
       12900    0.0782053      531.859      241.081      218.444            2      2357.13      810.742      3167.87     -2.37361     -59.7483
       12800    0.0593071       539.66       241.95        224.7      1.94573      2371.69       811.81       3183.5     -1.06796     -59.5111
       12700    0.0437433      545.575      242.682      226.919      1.71522      2380.88      811.889      3192.77   -0.0793051     -58.6889
       12600            0      549.906      243.539      226.234            0      2390.44        813.5      3203.94      1.61089     -57.7183
       12500            0      549.906      244.502        226.1            0      2397.47      815.985      3213.46      2.48557      -56.173
       12400            0      549.906      245.552      226.117            0      2406.58      816.533      3223.12     0.547725      -55.077
       12300            0      549.906      246.666      224.816            0      2408.47      816.653      3225.12      0.12025     -54.3695
       12200     0.353396      550.259      247.829      222.524      1.16195      2424.85      818.126      3242.98      1.47325     -54.1337
       12100    0.0688193      585.314      249.041      221.352     0.409553       2449.9      821.528      3271.43      3.40124     -61.5468
       12000    0.0549269      592.182      250.348       221.16      1.88899      2483.54      821.778      3305.31    -0.250591     -61.6461
       11900    0.0585442      597.679      251.669       222.08     0.513519      2522.03      824.663      3346.69      2.88466     -61.6041
       11800    0.0362695      603.511      253.017      223.758       0.7465      2566.68      826.686      3393.37      2.02289     -61.7411
       11700     0.146606      607.248      254.432      233.048            0      2623.98      828.835      3452.81       2.1496     -61.3331
       11600     0.169054      621.931      242.224       207.79            0      2662.65      843.976      3506.63      15.1402      -63.246
       11500     0.201027      638.869      238.411      189.883            0       2693.1      871.332      3564.43       27.356     -67.5569
       11400     0.222845      658.993      238.471      165.731            0      2711.88      900.812      3612.69      29.4805     -73.3391
       11300      0.18318      681.238      240.085      153.788            0      2723.56      926.205      3649.76      25.3926     -79.6197
       11200            0      699.373      242.212      148.758            0      2729.68      948.842      3678.52      22.6377     -84.2526
       11100            0      699.373        244.1      140.631            0      2744.24      969.643      3713.88      20.8004     -84.6082
       11000            0      699.373      245.608      131.101            0      2767.74      988.835      3756.57      19.1918     -85.4221
       10900            0      699.373      246.928       125.63            0      2781.98      1009.51      3791.49      20.6722     -86.5552
       10800            0      699.373      248.135      122.468            0       2784.6      1026.92      3811.52      17.4154     -87.7443
       10700            0      699.373       249.26      118.434            0      2788.82      1043.89      3832.71      16.9648     -88.9285
       10600            0      699.373      250.319      114.013            0      2797.23      1060.47      3857.69       16.581     -90.1725
       10500            0      699.373       251.32      111.328            0      2805.85      1076.65       3882.5      16.1798      -91.464
       10400            0      699.373      252.272      109.662            0      2815.09      1090.58      3905.66      13.9284     -92.7205
       10300    0.0744766      699.447       253.18      108.584            0       2817.7       1102.3      3919.99      11.7198     -93.9316
       10200            0       706.82      254.193      107.284            0      2821.29       1113.8      3935.09      11.5073     -96.5088
       10100            0       706.82      255.197      105.008            0      2841.09      1122.31       3963.4      8.50268     -97.2879
       10000            0       706.82      256.088      102.464            0      2854.33      1130.22      3984.55      7.91205     -98.1891
        9900            0       706.82      256.919       99.765            0       2856.7       1137.6       3994.3      7.38126     -99.2006
        9800            0       706.82       257.71      96.9424            0      2860.13      1143.63      4003.76      6.03332     -100.311
        9700    0.0708345      706.891       258.47      94.0179     0.289701      2863.89      1148.35      4012.24      4.71763     -101.526
        9600    0.0623067      713.966      259.303      90.8842      0.54028      2868.19      1151.68      4019.87      3.32869     -104.191
        9500            0      720.135      260.193      87.6146            0      2868.39      1153.56      4021.95      1.88188     -106.434
        9400            0      720.135      261.013      85.1875            0      2885.46      1157.75      4043.21      4.18749      -107.34
        9300            0      720.135      261.744      83.2589            0      2901.76       1159.8      4061.56      2.05568      -108.39
        9200            0      720.135      262.424      81.5934            0         2917      1161.08      4078.08      1.27632     -109.524
        9100            0      720.135      263.067      80.1064            0      2924.15      1162.15       4086.3      -1.0673     -110.707
        9000    0.0844879      720.219      263.685       78.759            2      2929.14      1166.53      4095.67     -4.38517     -111.933
        8900    0.0694056      728.653      264.167      77.4255            2      2944.88      1170.05      4114.93     -3.51702     -114.774
        8800     0.074278      735.598      264.516       76.161            2       2949.2      1174.04      4123.24     -3.99066     -116.933
        8700    0.0670475      743.019      264.802      74.9773            2      2952.29      1178.44      4130.73     -4.40186     -118.956
        8600     0.067545      749.724      265.054      73.8803            2      2960.51      1182.95      4143.45     -4.50422     -120.646
        8500     0.121309      756.532      265.288      72.8606       1.7986      2962.47      1187.53         4150     -4.58822     -122.237
        8400    0.0646049      768.607       265.47      72.2651            2      2967.76       1191.7      4159.47     -4.16956     -124.717
        8300            0      775.002      265.628      72.0422            0      2973.98      1199.03      4173.01     -7.32788     -125.762
        8200    0.0947041      775.097      265.881      72.1694            2      2975.75      1206.04      4181.79     -7.00595     -125.586
        8100    0.0966532      784.569      266.104      72.4158            2      2980.68      1212.69      4193.37     -6.65369     -127.424
        8000    0.0823717      794.221      266.211      72.7722            2      2983.59      1219.18      4202.77     -6.48622     -129.013
        7900     0.103661      802.479      266.279      73.3499            2      2989.96      1225.46      4215.42       -6.279     -130.103
        7800            0      812.741      266.308      74.0772            0      2994.18      1232.06      4226.24     -6.60762     -131.431
        7700    0.0839774      812.825      266.435      75.0918            2      2996.15       1238.1      4234.25     -6.03477     -130.631
        7600     0.105871      821.245      266.591       76.225            2       3000.3      1244.59      4244.89     -6.49099     -131.674
        7500            0      831.726      266.646       77.424            0      3009.94      1251.41      4261.35     -6.82073     -132.897
        7400            0      831.726      266.777      77.8207            0      3022.83      1258.64      4281.47     -7.22722     -131.904
        7300            0      831.726      267.048      77.7515            0      3037.02      1264.41      4301.43     -5.77297     -131.233
        7200            0      831.726      267.384      77.4135            0      3054.81       1268.8       4323.6     -4.38394     -130.814
        7100            0      831.726      267.754      76.8831            0      3073.23      1274.25      4347.47     -5.45359     -130.586
        7000            0      831.726      268.143      76.2037            0      3083.92      1284.79      4368.71     -10.5427     -130.506
        6900            0      831.726      268.544      75.4164            0      3094.56      1295.24       4389.8     -10.4445     -130.542
        6800            0      831.726      268.954      74.5415            0      3103.36      1301.29      4404.65     -6.05444     -130.669
        6700            0      831.726      269.368      73.6053            0      3111.69      1308.56      4420.25     -7.26847     -130.871
        6600            0      831.726      269.783      72.6381            0       3120.7      1318.94      4439.64     -10.3832     -131.131
        6500            0      831.726      270.194      71.6324            0      3126.82      1328.04      4454.85     -9.09437     -131.438
        6400            0      831.726      270.599      70.9022            0      3132.37      1337.44       4469.8     -9.39878      -131.78
        6300            0      831.726      270.996      70.3313            0      3138.71      1345.48       4484.2     -8.04561     -132.135
        6200            0      831.726      271.385      69.8551            0      3153.05      1353.07      4506.12     -7.58531     -132.493
        6100            0      831.726      271.769       69.464            0      3168.23      1360.18      4528.42     -7.11859     -132.847
        6000    0.0891582      831.815      272.146        69.13            2      3172.52      1366.83      4539.35     -6.64603     -133.213
        5900            0      840.642      272.393       68.721            0      3178.84      1375.52      4554.36     -8.69294     -135.217
        5800            0      840.642       272.61      68.4145            0      3191.46      1382.63      4574.09     -7.11016     -135.141
        5700    0.0825413      840.725        272.9      68.1885            2      3194.32      1389.63      4583.95     -6.99962      -135.18
        5600            0      848.896      273.104      67.8896            0      3195.57      1396.59      4592.15      -6.9536     -136.808
        5500            0      848.896      273.298      67.6805            0       3206.8      1403.49      4610.28      -6.8983      -136.57
        5400            0      848.896      273.569      66.8167            0      3217.36      1410.63      4627.99     -7.14383     -136.474
        5300            0      848.896       273.87      65.5371            0      3220.34      1418.05      4638.39     -7.41962     -136.518
        5200            0      848.896      274.182       64.025            0      3235.61      1422.43      4658.04     -4.38188     -136.689
        5100    0.0871328      848.983      274.498      62.3595            2      3237.83      1427.73      4665.56     -5.29808     -136.988
        5000    0.0751113      857.685      274.692      60.4383            2      3241.81      1433.82      4675.63     -6.09211     -139.005
        4900    0.0663992      865.187      274.755      58.3924            2      3247.11      1438.58      4685.68     -4.75455      -140.49
        4800    0.0739806      871.835      274.775      56.2759            2       3248.1       1442.6       4690.7     -4.02506     -141.663
        4700      0.06103       879.22      274.768      54.0945      1.99633      3253.13      1445.87         4699     -3.26779     -142.919
        4600     0.067129      885.329      274.753         51.9            2      3256.86      1450.82      4707.68     -4.95272     -143.876
        4500    0.0712206      892.046      274.734      49.6599            2      3262.29      1456.46      4718.75     -5.63414     -144.973
        4400    0.0813842      899.178      274.699      47.7417      1.84797      3268.27      1460.05      4728.32     -3.59854     -146.144
        4300    0.0539148      907.289      274.655      45.9892            2      3271.77      1463.21      4734.97     -3.15514     -147.466
        4200    0.0478816      912.674      274.629      44.3646       1.9567      3279.67      1465.64       4745.3     -2.42903     -148.216
        4100    0.0523845      917.467      274.635      42.8448            2      3291.56      1468.57      4760.13     -2.93488     -148.928
        4000    0.0400613      922.693      274.654      41.3741      1.71019      3303.83      1469.93      4773.76     -1.35436     -149.797
        3900     0.241248        926.9       274.71      39.9484      1.16137      3318.88      1470.12      4788.99      0.18958     -150.521
        3800    0.0457512       950.83      274.848       38.242      1.69347      3332.13      1471.51      4803.64     -1.39771     -154.952
        3700    0.0415458      955.401      275.011      36.0877      1.84751      3349.35       1473.2      4822.55     -1.68602     -155.027
        3600     0.043974      959.558      275.153      32.5198      1.89791      3364.11      1475.15      4839.26     -1.95318     -155.358
        3500     0.021591      963.933      275.276      28.3123      1.46927      3378.08      1475.43      4853.51    -0.276494      -156.06
        3400     0.074428      966.145      275.431      23.9018      1.49713      3388.13      1476.86      4864.99     -1.43101     -156.648
        3300            0      973.513      275.602      19.1918            0      3388.83      1478.11      4866.94     -1.25177     -158.517
        3200            0      973.513      275.801      14.8827            0      3390.82      1479.21      4870.04     -1.10095     -159.091
        3100            0      973.513      276.045      11.9327            0      3391.31      1480.61      4871.91      -1.3949     -159.996
        3000    0.0419745      973.555      276.311      9.46036      1.87744      3394.88      1482.32       4877.2     -1.71078     -161.114
        2900    0.0339268      977.744      276.537      7.26617      1.72068       3398.9      1483.36      4882.26      -1.0373     -163.121
        2800    0.0383146      981.142      276.727      5.28724      1.80914      3403.27      1484.78      4888.05     -1.42734     -164.885
        2700            0      984.935      276.903      3.29648            0      3405.92      1486.78       4892.7      1.99722     -166.676
        2600            0      984.935      277.104       1.0182            0      3417.73      1489.99      4907.72     -3.20368     -167.741
        2500            0      984.935      277.344     -1.33642            0      3418.32      1490.54      4908.86     0.555939     -168.959
        2400   0.00623969      984.941        277.6     -3.71462      1.78239       3420.9      1490.54      4911.44 -0.000223449     -170.296
        2300            0      985.559      277.855     -6.12658            0      3421.51      1491.25      4912.75    -0.704594     -171.835
        2200            0      985.559      278.107     -8.40057            0      3427.41      1492.65      4920.07     -1.40741     -173.307
        2100    0.0319697      985.591      278.362     -10.2663            2      3428.66      1494.22      4922.88     -1.56213     -174.829
        2000    0.0343813       988.79       278.57     -12.0058       1.9773      3429.76      1495.89      4925.64     -1.67034     -176.938
        1900            0      992.194      278.719     -13.6403            0      3429.99      1497.07      4927.07     -1.18588     -178.946
        1800            0      992.194      278.883     -15.1366            0      3431.23      1498.29      4929.52     -1.21648     -180.224
        1700            0      992.194      279.086     -16.6278            0       3433.8      1498.75      4932.55    -0.459062     -181.555
        1600            0      992.194      279.305     -18.3028            0      3433.99      1499.73      4933.72     0.982724     -182.926
        1500            0      992.194      279.531     -20.0291            0      3434.57      1500.72      4935.29    -0.985914      -184.33
        1400            0      992.194       279.76     -21.7949            0      3434.62      1503.53      4938.15     -2.80997     -185.757
        1300    0.0531139      992.247       279.99     -23.5853       1.8628      3438.42      1505.78       4944.2     -2.25395     -187.212
        1200            0      997.505      280.156     -25.1761            0      3454.04      1507.42      4961.46     -1.64288       -189.6
        1100            0      997.505      280.308     -25.9829            0      3466.59      1508.52      4975.11      -1.0983     -190.802
        1000            0      997.505      280.498     -26.4361            0      3477.02      1509.25      4986.28     -0.73279     -192.008
         900            0      997.505      280.703     -26.5315            0      3487.86      1510.31      4998.17     -1.05336     -193.185
         800            0      997.505      280.916     -26.3605            0      3499.94      1512.71      5012.65      2.40407     -194.308
         700            0      997.505      281.131     -25.8743            0      3509.79      1515.65      5025.43      2.93518     -195.361
         600            0      997.505      281.348     -24.9219            0      3529.51      1515.82      5045.33    -0.173077     -196.323
         500            0      997.505      281.565     -23.6882            0      3549.71      1516.74      5066.45    -0.922216     -197.176
         400            0      997.505       281.78     -22.1481            0      3582.31      1517.69         5100     0.947259     -197.911
         300            0      997.505      281.992     -20.3574            0       3604.2      1521.95      5126.15     -4.26516     -198.521
         200            0      997.505      282.198     -18.0913            0      3632.89      1526.86      5159.75     -4.90514     -198.999
         100            0      997.505      282.397     -14.9273            0      3646.75       1527.8      5174.55    -0.942019     -199.311
           0            0      997.505      282.591     -11.2767            0       3647.6      1545.77      5193.37      17.9672      -199.43