      20000           0           0     179.437     422.474           0     10.5556     14.2831     24.8387     14.2831     56.8639
      19900           0           0     179.437     421.518           0     14.5972     29.7361     44.3333     15.4531     56.7317
      19800           0           0     179.437     420.863           0     23.7142     46.3592     70.0734     16.6231     56.5998
      19700           0           0     179.437     420.599           0     25.7949     60.5222     86.3171     14.1631     56.4849
      19600    0.197137    0.197137     179.437     420.637    0.161024     42.2514     72.5052     114.757      11.983     56.3497
      19500    0.131086     19.8448     179.739     418.338   0.0432794     46.5099     81.7166     128.226     9.21132     51.6442
      19400           0     32.8223     180.322     414.736           0     52.3142     92.9146     145.229      11.198     49.4822
      19300           0     32.8223     180.762      411.64           0     56.9742     103.703     160.677      10.788     50.6578
      19200    0.142541     32.9648     180.977     408.764           0     60.5378     114.306     174.843      10.603     51.3317
      19100    0.152908     47.2293     181.334     407.332     0.15006     65.0695     124.062     189.131     9.75616     48.3748
      19000    0.211541     62.5787     181.916     406.691    0.432454     69.4604     134.045     203.506     9.98362     45.7522
      18900    0.135529     83.6569     182.595     403.999           0     73.8598      144.16      218.02      10.115     42.3024
      18800           0     97.0742     183.322     400.319           0     81.7809     150.809      232.59     6.64832     41.2119
      18700           0     97.0742     183.828     397.868           0     101.893     158.251     260.143     7.44188     43.2122
      18600           0     97.0742      184.05     396.111           0     135.591       168.1     303.692     9.84986     44.5495
      18500           0     97.0742     184.127     394.564           0     176.967     172.094     349.061     3.99347      45.412
      18400           0     97.0742     184.121     393.179           0     185.139     175.643     360.782     3.54918     45.9237
      18300   0.0858732     97.1601     184.067     390.088    0.400389     189.497     179.596     369.093     3.95324     46.1222
      18200           0     105.662     184.087     385.732           0     214.065      183.53     397.595     3.93341     44.0553
      18100           0     105.662     184.111     382.075           0      262.75     186.912     449.662     3.38233     44.1346
      18000           0     105.662     184.064      378.75           0      306.86     190.901     497.761     3.98911     43.8889
      17900           0     105.662     183.985     377.844           0     343.556     196.386     539.942     5.48493      43.432
      17800           0     105.662     183.891     378.432           0     378.264     202.825      581.09      6.4393     42.9252
      17700   0.0698506     105.731      183.79      376.62           0     412.435     208.756      621.19     5.93026     42.3812
      17600           0     112.647     183.811      373.31           0     435.804     218.669     654.474     9.91376     40.1288
      17500    0.145822     112.792     183.859     373.325           0     443.199     228.196     671.395     9.52641     39.7149
      17400    0.112195     127.341     186.651     405.377    0.211721     473.067     233.327     706.394     5.13146     34.9249
      17300    0.114616     138.563     187.734     415.061     0.19223     503.488     238.316     741.804     4.98903     32.9964
      17200     0.15605     150.066     188.506      420.89           0     541.448     246.895     788.343     8.57864     31.7256
      17100    0.160241     165.675     189.383     424.376           0     598.673     256.142     854.816     9.24731     29.9225
      17000    0.179627     181.719     190.491     426.211           0     652.144     267.751     919.896     11.6089     28.4573
      16900    0.178648      199.68     191.835     422.049           0     697.663     279.541     977.205     11.7901     26.7713
      16800    0.176432     217.543     193.389     413.742           0     742.076     291.342     1033.42     11.8012     25.0794
      16700    0.182656     235.192     195.108     404.061           0     787.407     304.124     1091.53      12.782     23.2264
      16600     0.20696     253.482     196.968     393.137           0     829.513     320.307     1149.82     16.1824     20.9583
      16500    0.147998     274.119     198.975     393.056           0      875.41     329.685     1205.09       9.378     18.0751
      16400    0.179508     288.951     201.052     400.337           0     935.057     342.601     1277.66      12.916     17.1256
      16300    0.145753     306.868     203.175     404.501           0     1003.86     351.942      1355.8     9.34072     15.9104
      16200    0.186766     321.484     205.336     407.102           0     1077.04      366.05     1443.09     14.1087     15.8193
      16100    0.200139     340.174     207.553     397.665           0     1145.56     382.235      1527.8     16.1849      14.722
      16000    0.180683     360.168     209.868      379.95           0     1202.75      396.07     1598.82     13.8349     12.8347
      15900    0.161202     378.217     212.245       370.4           0     1253.84     407.678     1661.52     11.6075     10.8626
      15800    0.183558      394.36     214.629     365.901    0.416477     1307.01     415.408     1722.41     7.73061     9.20529
      15700    0.108572      412.64     216.963     362.643    0.148771     1359.95     421.956      1781.9     6.54724      7.0611
      15600   0.0645526     423.454     219.207     360.564     0.59326     1413.55     425.509     1839.06     3.55294     6.76995
      15500           0     429.844     221.306      357.91           0     1466.52     427.732     1894.25      2.2235     7.30943
      15400   0.0489962     429.893     223.223     355.079     1.69588     1523.96     428.514     1952.48    0.781508     8.93244
      15300   0.0409673     434.785     224.973     354.002    0.747716     1589.28     430.857     2020.14     2.34365     8.92181
      15200           0     438.841     226.639     354.142           0     1655.54     432.292     2087.83     1.43442      9.0163
      15100   0.0608317     438.901     228.262     360.858     1.62327     1731.05     432.803     2163.85    0.511167     10.0779
      15000   0.0684361     444.992     229.811     372.165     1.92555     1821.16     433.312     2254.47   -0.508981      10.005
      14900   0.0954848     451.863     231.265     381.118           2     1922.74      435.93     2358.67    -2.61823     10.4121
      14800    0.100902     461.417     232.607     388.813           2     2036.49     439.258     2475.75    -3.32818     10.6896
      14700   0.0770748     471.483     233.788     380.644     0.39219     2144.13     444.051     2588.18     -4.7931      11.085
      14600    0.148255     479.262     225.359     310.868           0     2209.96     454.532      2664.5     10.4809     10.4547
      14500    0.179142     494.118      222.85     283.502           0     2258.92     471.029     2729.94     16.4971     3.95879
      14400     0.16454     512.018     223.322     266.367           0     2299.69     489.061     2788.75     18.0318    -3.81942
      14300    0.141531     528.449     224.913     251.357           0     2336.76     503.298     2840.06     14.2372    -10.6793
      14200    0.131814     542.592     226.815     238.406           0     2366.31     515.035     2881.35     11.7371    -16.3169
      14100    0.110699     555.753     228.744      231.17  0.00798729     2394.61     524.625     2919.23     9.58924    -21.0319
      14000   0.0855057     566.797     230.592     227.574    0.255588     2413.08     531.018      2944.1       6.393    -24.4956
      13900    0.101965     575.364      232.27     222.031   0.0804152      2425.8     539.318     2965.11     8.30007    -26.8332
      13800   0.0694188     585.528     233.848     215.597    0.409116     2446.69     543.985     2990.68     4.66694    -29.2799
      13700   0.0838399     592.484     235.314     210.855    0.255039     2451.23     550.021     3001.25     6.03626    -30.8256
      13600   0.0690082     600.854      236.69     207.054    0.406264     2462.61     554.536     3017.15     4.51541    -32.5977
      13500    0.063657     607.749     237.997     210.016           2     2473.39     556.703     3030.09    -2.16709      -33.81
      13400   0.0352314     614.086     239.062     217.161     1.59821     2485.45     556.725     3042.18  -0.0216861    -34.4374
      13300    0.110445     617.685      239.94      213.99           2     2496.71     559.805     3056.51    -3.08038    -34.1695
      13200    0.102557     628.721     243.503     235.428           2     2525.79     563.393     3089.18    -3.58792    -35.9672
      13100    0.143433     639.018     245.606     241.976           2     2560.81     573.134     3133.95    -9.74115    -36.2911
      13000    0.133389     653.351     247.134     247.753           2     2587.69     581.782     3169.47     -8.6478    -36.9255
      12900    0.136327     666.693      248.18     253.916           2     2629.59     591.255     3220.85    -9.47292    -36.8563
      12800     0.12435     680.314     248.789     260.194           2     2679.65     599.162     3278.81    -7.90703    -36.5387
      12700    0.115313      692.74     249.238     262.346           2     2724.27     605.798     3330.07    -6.63584    -35.8196
      12600   0.0988858     704.255     249.778     261.519           2     2749.99     610.426     3360.42    -4.62841    -35.0997
      12500   0.0874967     714.132     250.381     261.233           2     2778.09      613.82     3391.91    -3.39349    -34.3489
      12400    0.102446     722.896     251.045     261.107           2     2803.97     618.765     3422.74    -4.94501    -33.6764
      12300    0.102642     733.141     251.751     259.623           2     2840.66      623.73     3464.39    -4.96471    -33.6569
      12200   0.0860157     743.389     252.482     257.119           2     2891.64     626.909     3518.55    -3.17964    -33.9204
      12100    0.087737     751.992     253.253     256.208     1.64912     2951.55      627.72     3579.27   -0.811059    -34.0745
      12000    0.095239     760.773     254.099     256.312           2     3020.33     631.722     3652.06     -4.0017     -34.451
      11900   0.0523996     770.254     254.989     257.428     1.83041     3094.17     632.157     3726.33   -0.434615    -35.0595
      11800   0.0829605     775.525     255.934     259.332     1.74968      3174.4     633.051     3807.45    -0.89428    -34.7353
      11700     0.13687     783.875     256.949     269.021           0     3267.67     633.418     3901.09   -0.367497    -35.0498
      11600    0.162394     797.587     244.281     243.163           0     3341.72     646.502     3988.22     13.0833    -36.3464
      11500    0.196948     813.861     240.213     224.927           0     3407.21     672.056     4079.26     25.5541    -40.3323
      11400    0.198154     833.557     240.106     200.229           0     3460.48     699.902     4160.39     27.8459    -45.9899
      11300     0.17972     853.354     241.561     188.126           0      3506.5     723.818     4230.32     23.9167    -51.8235
      11200    0.207715     871.354     243.556     183.111           0     3546.98     745.112     4292.09     21.2941    -56.6003
      11100    0.155831     892.074     245.763     174.425           0      3566.2      764.25     4330.45     19.1374     -61.227
      11000    0.144355     907.645     247.983     164.082           0     3575.69     781.067     4356.75     16.8174    -64.3162
      10900    0.147039     922.084     250.107     157.885           0      3593.7      798.56     4392.26     17.4928    -67.0399
      10800    0.125815     936.766      252.17      154.03           0     3622.65      811.94     4434.59     13.3802    -69.5751
      10700    0.118347      949.34     254.151     149.304           0      3649.3     824.014     4473.31     12.0739    -71.4514
      10600    0.111098     961.168     256.034     144.216           0     3671.09      834.88     4505.97     10.8657    -73.1587
      10500    0.128869     972.295     257.835     140.941    0.181695     3692.08     844.545     4536.62     9.66496    -74.7443
      10400   0.0817772     985.135     259.572     138.703    0.185359     3711.89     851.173     4563.06     6.62836    -76.6355
      10300   0.0546668     993.286     261.188     137.145    0.495018     3737.84     854.885     4592.72     3.71208    -77.4543
      10200    0.048572     998.746     262.612     135.619    0.563127     3762.58     857.973     4620.55     3.08778    -77.8202
      10100    0.037459     1003.59     263.873     133.124     1.69425     3770.89     858.146     4629.04   -0.172719    -78.2764
      10000   0.0445878     1007.35     264.948     130.367     1.81841     3785.56     859.093     4644.65   -0.947581    -78.7387
       9900   0.0491331     1011.81     265.829      127.48     1.89947      3810.9     860.623     4671.52    -1.52924    -79.5764
       9800   0.0595833     1016.73     266.564     124.479           2     3835.01     863.443     4698.45    -2.82073    -80.6645
       9700   0.0908147     1022.72     267.176     121.372     1.95484     3866.12     867.432     4733.55    -3.98813    -82.0794
       9600   0.0774835     1031.79     267.657      118.14           2     3897.68     872.458     4770.14    -5.02606    -84.1534
       9500   0.0789953     1039.54     268.047     114.839           2     3924.71      878.43     4803.14    -5.97218    -85.8822
       9400   0.0595868     1047.42     268.383     112.318           2     3934.76     881.612     4816.38    -3.18268    -87.6379
       9300   0.0717835     1053.39     268.701     110.282           2     3945.49     886.514        4832    -4.90143     -88.986
       9200   0.0740515     1060.57     269.001     108.496           2     3957.15     891.815     4848.97    -5.30136    -90.6175
       9100     0.10779     1068.01     269.267     106.876           2     3976.77     899.082     4875.85    -7.26692    -92.2656
       9000   0.0994515     1078.78     269.459     105.346           2     3998.37     909.241     4907.62    -10.1593    -94.5116
       8900    0.093296     1088.72     269.588     103.938           2     4009.14      918.18     4927.32    -8.93825    -96.3951
       8800    0.101516     1098.06     269.698     102.647           2     4031.31     927.352     4958.66     -9.1727    -98.0452
       8700   0.0951788      1108.2     269.787     101.439           2     4060.86     936.739      4997.6    -9.38683    -99.7827
       8600     0.09472     1117.72     269.862     100.315           2     4095.51     946.052     5041.57    -9.31233    -101.302
       8500   0.0942751     1127.19     269.935     99.2664           2     4123.88     955.286     5079.17    -9.23466    -102.759
       8400     0.10666     1136.63     270.003     98.7281           2     4155.64      963.99     5119.63    -8.70339    -104.155
       8300    0.105763      1147.3      270.05     98.5061           2     4175.88      975.74     5151.62    -11.7503    -105.709
       8200    0.103253     1157.87     270.073     98.5049           2     4200.45     986.937     5187.39    -11.1975    -107.107
       8100    0.100693     1168.19     270.085     98.7047           2     4221.81     997.573     5219.39    -10.6351    -108.332
       8000   0.0995115     1178.26     270.097     99.0726           2     4251.03     1007.94     5258.98    -10.3724    -109.406
       7900    0.145474     1188.26     270.112     99.6581           2     4270.97     1018.06     5289.03    -10.1123    -110.377
       7800   0.0992077     1202.76     270.065     100.355           2     4293.03     1028.42     5321.46    -10.3651    -112.109
       7700    0.095852     1212.68     270.006     101.246           2     4317.22     1038.03     5355.24    -9.60631    -112.676
       7600   0.0974084     1222.26     269.991     102.337           2     4339.17     1047.92     5387.09    -9.89135    -113.144
       7500   0.0988006     1232.01     269.997     103.572           2     4355.68     1058.09     5413.78     -10.172    -113.604
       7400     0.10014     1241.89     270.009     103.857           2     4368.83     1068.55     5437.38    -10.4592    -114.047
       7300   0.0918045     1251.89     270.022     103.597           2     4380.49      1077.3     5457.79     -8.7471    -114.511
       7200   0.0828078     1261.07     270.046     103.064           2     4388.35     1084.34     5472.69    -7.04631    -114.826
       7100   0.0869826     1269.35     270.097     102.353           2      4395.4     1092.14     5487.54    -7.79724    -115.028
       7000    0.109491     1278.07     270.165     101.498           2        4410     1104.71     5514.71    -12.5646      -115.4
       6900    0.107285     1289.02     270.205     100.509           2     4424.45     1116.81     5541.27    -12.1054    -116.243
       6800   0.0839597     1299.72     270.215     99.4263           2     4440.53     1124.13     5564.66    -7.31465    -116.982
       6700   0.0884961     1308.12     270.243     98.3199           2     4456.92     1132.27     5589.19    -8.14302    -117.263
       6600    0.101803     1316.99     270.296     97.1971           2     4472.47     1143.17     5615.64    -10.8962    -117.722
       6500   0.0938336     1327.16     270.337     96.0217           2     4490.74      1152.4     5643.15    -9.23732    -118.476
       6400   0.0934784     1336.54      270.37     95.1363           2     4509.43     1161.57        5671    -9.17012    -119.057
       6300   0.0846157     1345.88     270.407     94.4212           2     4527.17     1169.03      5696.2    -7.45671    -119.634
       6200   0.0802255     1354.34     270.457     93.8182           2      4536.8     1175.69     5712.49    -6.65676    -120.043
       6100   0.0757064     1362.36     270.527     93.3157           2     4545.47     1181.56     5727.03    -5.87719    -120.401
       6000   0.0868846     1369.94     270.617     92.8824           2     4564.94     1186.68     5751.62    -5.11701    -120.714
       5900    0.082187     1378.62     270.704      92.484           2     4582.38     1193.69     5776.06    -7.00418    -121.275
       5800   0.0719774     1386.83     270.785     92.1225           2     4593.47     1198.97     5792.44     -5.2845     -121.72
       5700    0.070098     1394.03     270.879     91.8078           2     4614.23     1203.95     5818.17    -4.97908    -121.975
       5600   0.0692385     1401.03     270.992       91.53           2     4636.62     1208.79     5845.41    -4.84152    -122.235
       5500   0.0683702     1407.96     271.114     91.2798           2     4648.99      1213.5     5862.49    -4.71393    -122.512
       5400    0.068996      1414.8     271.242     90.3059           2     4661.91     1218.32     5880.23    -4.81652    -122.811
       5300   0.0695864      1421.7      271.37     88.8917           2     4682.28     1223.24     5905.52    -4.92001    -123.191
       5200   0.0435151     1428.63     271.496     87.2319     1.84182     4690.22     1224.94     5915.16    -1.69613    -123.651
       5100   0.0514014     1432.99     271.667     85.4461     1.98595     4711.09      1227.4     5938.49    -2.46682    -123.699
       5000    0.067713     1438.14      271.87      83.523     1.97268     4738.15     1230.67     5968.82     -3.2704    -124.083
       4900   0.0472052     1444.89     272.053     81.4862     1.91381     4766.54     1232.73     5999.27    -2.05285    -124.881
       4800   0.0416616     1449.61     272.242     79.3797     1.81451     4790.64     1234.22     6024.86    -1.49228    -125.325
       4700   0.0429634     1453.78     272.471     77.2228     1.61782     4808.74     1235.19     6043.93   -0.971412    -125.794
       4600   0.0554984     1458.09     272.742     75.0295           2     4835.59     1238.13     6073.73    -2.94186     -126.42
       4500   0.0846932     1463.66     272.997     72.7632       1.928     4864.13     1242.03     6106.16    -3.89698    -127.388
       4400   0.0496798      1472.1     273.183     70.7821     1.88106     4893.15     1244.11     6137.26    -2.08312    -128.913
       4300   0.0827507      1477.1     273.363     69.0104     1.56025     4919.67     1245.98     6165.65    -1.86335    -129.677
       4200   0.0402133     1485.33     273.579     67.3028     1.79765     4950.51     1247.35     6197.86    -1.37896    -131.111
       4100   0.0479501     1489.36     273.825     65.7101     1.94201     4985.27     1249.48     6234.75     -2.1254    -131.669
       4000   0.0327872     1494.14     274.075     64.1819     1.66203     5020.35     1250.26      6270.6   -0.775062    -132.482
       3900      241.52     1738.91     274.284     62.6743           2     5058.12     1250.87     6308.99     0.61627    -181.767
       3800           0     25649.3     127.048    -31.1411           0     5114.25     1397.27     6511.53     146.402    -855.487
       3700           0     25649.3     64.7801    -52.1915           0     5185.31     1605.82     6791.13     208.545    -818.217
       3600           0     25649.3     49.0587    -61.2598           0     5264.33     1829.96     7094.29     224.141    -785.434
       3500           0     25649.3     42.8608    -67.8159           0     5346.48      2062.1     7408.58     232.139    -755.167
       3400           0     25649.3     39.8056    -72.3778           0     5432.71     2296.29     7729.01     234.194    -726.366
       3300           0     25649.3      38.216    -75.9598           0     5527.17     2532.43      8059.6     236.134     -698.81
       3200           0     25649.3     37.4226    -78.2491           0     5618.31      2769.7     8388.01     237.277    -672.596
       3100      0.0025     25649.3     37.0748    -78.2446           0        5708     3007.28     8715.28     237.575    -647.916
       3000           0     25649.6     36.9722     -77.027           0     5790.91     3244.91     9035.82     237.628    -624.974
       2900           0     25649.6     36.9962     -74.977           0     5869.14     3483.41     9352.55     238.504    -603.918
       2800 0.000671975     25649.6     37.0788    -72.3999           0     5942.46     3721.63     9664.09     238.221     -584.86
       2700           0     25649.7     37.1835     -69.821           0     6018.23     3963.35     9981.57     241.717    -567.842
       2600           0     25649.7     37.2903    -67.8331           0     6098.89     4199.96     10298.9      236.61    -552.833
       2500           0     25649.7     37.3899    -66.2924           0     6163.26     4440.47     10603.7      240.51    -539.761
       2400           0     25649.7     37.4791     -65.132           0      6222.1     4680.59     10902.7     240.121    -528.506
       2300           0     25649.7     37.5576    -64.3635           0     6279.73     4920.18     11199.9     239.592    -518.921
       2200           0     25649.7     37.6266    -63.7078           0     6340.94     5159.26     11500.2     239.073    -510.839
       2100           0     25649.7     37.6879    -62.7616           0     6392.19     5398.37     11790.6     239.112    -504.086
       2000           0     25649.7     37.7434    -61.7574           0     6440.85     5637.52     12078.4     239.157     -498.49
       1900           0     25649.7     37.7948     -60.752           0     6487.72     5877.26       12365     239.738    -493.889
       1800           0     25649.7     37.8437    -59.7904           0     6531.14     6117.09     12648.2     239.823     -490.14
       1700           0     25649.7      37.891    -59.0649           0     6571.01     6357.82     12928.8     240.736    -487.113
       1600           0     25649.7     37.9378    -58.8248           0     6611.72     6600.17     13211.9      242.35    -484.699
       1500           0     25649.7     37.9846    -58.9259           0      6651.2     6840.73     13491.9      240.56    -482.805
       1400           0     25649.7     38.0319      -59.33           0     6688.79     7079.65     13768.4     238.918    -481.352
       1300           0     25649.7     38.0801     -59.989           0     6728.99     7319.31     14048.3     239.656     -480.27
       1200           0     25649.7     38.1292    -60.3753           0      6779.8     7559.69     14339.5     240.384    -479.499
       1100           0     25649.7     38.1794    -59.7631           0     6826.14     7800.72     14626.9     241.031    -478.975
       1000           0     25649.7     38.2308    -58.5704           0     6868.71     8042.25       14911     241.534    -478.639
        900           0     25649.7     38.2832    -56.7571           0     6909.77     8283.62     15193.4     241.367    -478.444
        800           0     25649.7     38.3367    -54.4748           0     6949.96     8528.61     15478.6     244.983    -478.351
        700           0     25649.7     38.3912    -51.6368           0     6985.57     8774.28     15759.9     245.676    -478.328
        600           0     25649.7     38.4466    -48.0528           0     7028.43     9017.01     16045.4     242.728    -478.345
        500           0     25649.7     38.5029    -43.9523           0     7068.89     9259.15       16328      242.14    -478.376
        400           0     25649.7       38.56    -39.3222           0     7118.66     9503.32       16622     244.168    -478.401
        300           0     25649.7     38.6178     -34.278           0     7154.47     9742.42     16896.9     239.109    -478.403
        200           0     25649.7     38.6763    -28.4429           0     7193.52     9981.04     17174.6     238.616    -478.368
        100     5.31311       25655     38.7356    -21.2353           0     7213.68     10223.8     17437.4      242.72    -478.706
          0           0       26181     41.6528    -22.5109           0     7225.76     10482.7     17708.4     258.905    -513.742