     20000          0          0    179.437    429.318          0    3.71223    14.2831    17.9953    14.2831    61.8944
     19900   0.174825   0.174825    179.437    428.357          0    6.50946    29.7361    36.2455     15.453    61.7139
     19800          0    17.4825    179.745     427.22          0    9.26914    46.0506    55.3198    16.3146      57.48
     19700   0.161687    17.6442    180.114     426.58          0    13.1696    59.5371    72.7066    13.4864    58.2383
     19600   0.142377    33.7936    180.577    425.987          0    34.9765    70.3806    105.357    10.8435    55.0145
     19500   0.206531    48.0955    181.259    423.353   0.608882      44.25     78.072    122.322    7.69142     52.918
     19400          0     68.542    181.948    419.452          0    45.3381    87.6436    132.982     9.5716      49.72
     19300          0     68.542    182.409    416.164          0    45.4745    96.7843    142.259    9.14072    51.8227
     19200   0.216845    68.7589    182.625    413.202   0.505677    53.4768    105.739    159.216     8.9546    53.1692
     19100    0.12233    90.3488     182.94     411.59   0.104962    62.2668    113.889    176.156    8.15017    49.0328
     19000   0.124259    102.584    183.426    410.937  0.0866891    70.9036    122.363    193.267    8.47413     47.929
     18900    0.12579    115.011    183.975    408.484  0.0710321    79.7878    131.098    210.886    8.73461    46.9003
     18800          0    127.464    184.564    405.006          0    83.0219    136.504    219.526    5.40597     45.886
     18700          0    127.464    184.962    402.682          0    98.3195    142.812    241.131    6.30808    47.7499
     18600          0    127.464    185.112    401.019          0    127.111      151.6    278.711    8.78826    48.9939
     18500          0    127.464    185.136    399.542          0    163.509    154.584    318.093    2.98437    49.7921
     18400          0    127.464     185.09    398.211          0    166.648    157.165    323.812    2.58003    50.2594
     18300  0.0749189    127.539    185.005    395.157   0.492374    176.075     160.18    336.255    3.01548    50.4298
     18200          0    134.956    184.976    390.854          0    195.521    163.224    358.745    3.04413    48.5878
     18100          0    134.956    184.952    387.239          0    239.042    165.766    404.808    2.54171    48.5963
     18000          0    134.956    184.874     383.94          0    277.962    168.945    446.908    3.17966    48.2987
     17900          0    134.956    184.772    383.059          0    309.444    173.643    483.087    4.69761    47.8029
     17800          0    134.956    184.661    383.671          0    338.913    179.312    518.225    5.66878    47.2671
     17700          0    134.956    184.547     381.87          0    367.833    184.485    552.318    5.17312    46.7198
     17600  0.0805205    135.037    184.433    378.744          0    385.768    193.777    579.545    9.29195    46.0335
     17500   0.138314    143.147    184.465    378.701 0.00073298    387.787    202.697    590.484    8.91971    43.3927
     17400   0.102053    156.942    187.316    410.839   0.294579    423.116    207.163    630.279    4.46601    38.8908
     17300   0.105119     167.15    188.407    420.556   0.270001    459.033     211.48    670.512    4.31683    37.2518
     17200   0.149693    177.707    189.152    426.424          0    502.527    219.413     721.94    7.93338    36.1965
     17100   0.154439    192.681    189.992    429.948          0    565.324    228.051    793.375    8.63797     34.491
     17000   0.309658     208.28    191.067    431.818   0.350907    624.403    239.084    863.486    11.0328     33.057
     16900    0.17298    239.109    192.432     427.47          0    675.342    250.277    925.619    11.1933    28.3026
     16800   0.170639    256.405    194.026    418.996          0    725.008    261.441    986.449    11.1638    27.2918
     16700   0.177163    273.475    195.758    409.227          0    775.505    273.573    1049.08     12.132    25.9627
     16600   0.202298    291.216    197.615    398.242          0    822.717    289.107    1111.82    15.5345    24.0876
     16500   0.265634     311.51    199.614    398.157   0.521292    873.714    297.847    1171.56     8.7395    21.4543
     16400   0.174239    337.982    201.685    405.307          0    938.331     310.13    1248.46    12.2827    17.9607
     16300   0.191568    355.423    203.803    409.373   0.279427       1012    318.843    1330.85    8.71325    17.4943
     16200   0.181941     374.57    205.958    411.873          0    1089.96     332.33    1422.29     13.487    16.8401
     16100   0.195844    392.778    208.167    402.337          0    1163.15      347.9    1511.05    15.5702    16.4262
     16000   0.217004    412.384    210.471     384.54          0    1224.93    361.133    1586.07    13.2326    15.0399
     15900    0.15513    434.022     212.88    374.894          0    1280.52    372.105    1652.62    10.9724    12.5467
     15800   0.114212    449.494    215.312    370.342   0.105847    1338.12    379.153    1717.27     7.0477    11.4264
     15700  0.0995911    460.901    217.653    367.157   0.230192    1395.58    385.009    1780.59    5.85661    11.0984
     15600          0     470.76    219.875     365.16          0    1453.78    387.895    1841.67    2.88547    10.9121
     15500    1.33873    472.099    221.911    362.644    1.21665    1511.48    389.514    1900.99      1.619    12.4399
     15400  0.0572375     604.69    223.725    358.186    1.81083    1572.03    389.794    1961.82   0.280082   -15.6045
     15300    1.65137    612.008    225.372    355.836    1.21125    1639.18    391.739    2030.92    1.94515    -10.516
     15200  0.0300321    775.524    226.909    353.368    1.46286    1704.66    392.903    2097.56    1.16384   -39.6797
     15100  0.0512357    778.548    228.399    358.136    1.73454    1777.45    393.278    2170.72   0.374766   -29.2567
     15000  0.0673875    783.688    229.849    368.537    1.93637    1863.93    393.824    2257.76  -0.546397   -21.1323
     14900  0.0938655    790.453    231.232    376.983          2    1961.38     396.41    2357.79   -2.58581   -14.5738
     14800   0.120627    799.867    232.528    384.424          2    2070.74    399.659     2470.4   -3.24967   -9.52285
     14700  0.0782183    811.887    233.665    376.121   0.381192    2173.86     404.33    2578.19   -4.67066   -5.89377
     14600   0.148925     819.78    225.269    306.183          0       2235    414.901    2649.91    10.5711   -3.34085
     14500   0.166748     834.69    222.803     279.01          0    2279.46    431.446    2710.91    16.5449   -7.30802
     14400   0.165136    851.363    223.282    262.149          0    2316.02    449.519    2765.54    18.0723   -12.8564
     14300   0.141947    867.853    224.877    247.388          0    2349.12    463.792    2812.91    14.2733   -18.2964
     14200    0.12564    882.032    226.799    234.646          0    2374.91    475.546    2850.46    11.7539   -22.8553
     14100   0.110751    894.581    228.741    227.603 0.00782223    2399.64    485.138    2884.78    9.59228   -26.6151
     14000  0.0849764     905.63    230.614    224.161   0.261183     2414.7    491.509    2906.21    6.37094   -29.4831
     13900   0.101088    914.144    232.342    218.723  0.0893163    2424.11    499.737    2923.85    8.22826    -31.357
     13800   0.109035    924.261     233.98    212.364   0.717287    2441.77    504.272    2946.04    4.53465   -33.4387
     13700          0    935.055    235.501    207.611          0    2443.06     510.12    2953.18     5.8486   -35.5094
     13600  0.0687667    935.124    236.807    203.983   0.409011    2451.38    514.519     2965.9     4.3983   -35.1681
     13500  0.0637387    941.996    238.027    207.093          2    2459.23    516.716    2975.95   -2.19702   -36.4699
     13400  0.0361097    948.342    239.086    214.318      1.616    2468.45    516.761    2985.21 -0.0455594     -37.16
     13300   0.110648    952.027    239.995    211.167          2    2476.88    519.897    2996.78   -3.13549   -36.9545
     13200   0.102971    963.085    243.559    232.694          2    2503.23     523.54    3026.77   -3.64351   -38.7384
     13100   0.188901    973.468    245.679    239.279          2    2535.56    533.355    3068.91   -9.81425   -39.0607
     13000   0.133352    992.302    247.195    245.031          2    2559.71    542.063    3101.78   -8.70868    -40.607
     12900   0.136321    1005.64     248.22    251.182          2    2598.88    551.576    3150.46   -9.51287   -40.3098
     12800   0.124553    1019.26    248.834    257.464          2    2646.21    559.528    3205.73   -7.95228   -39.8123
     12700   0.206155     1031.8    249.304    259.615          2     2688.1     566.23    3254.33   -6.70166   -38.9811
     12600  0.0981133     1052.3    249.796    258.687          2    2710.99    570.876    3281.86    -4.6456   -40.0423
     12500  0.0983781    1062.12    250.323    258.341          2     2736.2    574.211    3310.41   -3.33517   -38.7989
     12400   0.101159    1071.96    250.945    258.189          2    2759.16    579.056    3338.21   -4.84548   -37.9864
     12300   0.101364    1082.07    251.631    256.697          2    2792.92    583.901    3376.82   -4.84503   -37.6051
     12200   0.100302    1092.21    252.362    254.196          2    2840.97    586.961    3427.94   -3.05942   -37.5943
     12100   0.063723     1102.2    253.133    253.285    1.78526    2897.96    587.652    3485.61  -0.691219   -37.8569
     12000  0.0942128     1108.6    253.988    253.425          2    2963.86    591.542     3555.4   -3.89015   -37.5242
     11900  0.0812811    1118.01    254.899    254.581    1.58187    3034.85    591.887    3626.74  -0.345166   -38.0568
     11800  0.0606737    1126.12    255.871    256.483    1.94853    3112.23    592.718    3704.95  -0.831198   -38.2961
     11700   0.136372    1132.26    256.915     266.22          0     3202.7    593.051    3795.75  -0.332705   -37.9824
     11600   0.161458    1145.93    244.399     240.28          0    3273.86    606.016    3879.88    12.9653   -39.2494
     11500   0.195915    1162.11    240.444    221.988          0    3336.42    631.339    3967.76    25.3228   -43.1992
     11400    0.20759    1181.71    240.419    197.237          0     3386.7    658.872    4045.57     27.533    -48.819
     11300   0.177928    1202.44    241.955    185.107          0     3429.7    682.394    4112.09    23.5222   -54.8291
     11200   0.188295    1220.24    244.015    180.093          0    3467.15     703.23    4170.38    20.8355   -59.5141
     11100   0.159996    1239.04    246.228    171.446          0     3483.4    721.902    4205.31    18.6719   -63.7193
     11000   0.142079    1255.02    248.445    161.123          0    3489.93    738.257    4228.18    16.3549   -66.9569
     10900   0.153897    1269.24    250.579    154.949          0    3505.01    755.277    4260.28    17.0206   -69.6647
     10800   0.122934     1284.6    252.664    151.107          0    3531.03    768.163    4299.19    12.8861   -72.3577
     10700   0.115123    1296.89    254.674    146.394          0    3554.77    779.715    4334.48    11.5511   -74.1656
     10600   0.107454    1308.39    256.587    141.324          0    3573.67    790.028     4363.7    10.3133   -75.8133
     10500   0.131359    1319.16    258.424    138.069   0.273729    3591.79    799.104    4390.89    9.07601   -77.3443
     10400  0.0764312    1332.24    260.189    135.846    0.24541    3608.74    805.114    4413.85    6.01051   -79.3018
     10300  0.0465967    1339.86    261.812    134.314   0.587665    3631.86    808.202    4440.06    3.08788   -80.0219
     10200  0.0397384    1344.51    263.224    132.826   0.665245    3653.81    810.678    4464.48    2.47552   -80.2584
     10100   0.044456    1348.49    264.463    130.373    1.81864    3659.37    811.441    4470.81  -0.763129    -80.599
     10000  0.0504511    1352.94    265.517    127.635    1.92488     3671.3    812.958    4484.26   -1.51702    -81.276
      9900  0.0546158    1357.99    266.395     124.75          2    3693.91    815.053    4508.97   -2.09528   -82.2489
      9800  0.0643512    1363.46    267.151    121.744          2    3715.29     818.46    4533.75   -3.40726   -83.4289
      9700  0.0721037     1369.9    267.809    118.629          2    3743.66    823.082    4566.74   -4.62176   -84.8915
      9600  0.0785223    1377.12    268.382     115.42          2     3772.5    828.833    4601.33   -5.75092   -86.5473
      9500   0.084019    1384.98    268.874    112.131          2    3796.82    835.632    4632.45   -6.79858   -88.3415
      9400  0.0666989    1393.36    269.291    109.607          2    3804.16    839.722    4643.88    -4.0906   -90.2194
      9300  0.0780379    1400.04    269.676    107.563          2    3812.17    845.598    4657.77   -5.87586   -91.6997
      9200  0.0804282    1407.85    270.036    105.765          2     3821.1    851.934    4673.03   -6.33625     -93.41
      9100  0.0911144     1415.9     270.36    104.133          2    3837.97    860.294    4698.26   -8.36006   -95.1125
      9000   0.104931    1425.03     270.64    102.623          2    3856.85    871.635    4728.49   -11.3404   -96.9583
      8900   0.102763    1435.52    270.862    101.221          2     3864.9    881.847    4746.75   -10.2122   -98.9595
      8800   0.100609    1445.79    271.037    99.9184          2    3884.34    892.359     4776.7   -10.5124   -100.768
      8700   0.101695    1455.86    271.188    98.7087          2    3911.17    903.147    4814.31   -10.7878   -102.425
      8600   0.101454    1466.03     271.32    97.5801          2    3943.08    913.917       4857   -10.7701   -104.022
      8500   0.101195    1476.17    271.437    96.5236          2     3968.7    924.654    4893.36    -10.737   -105.538
      8400    0.10977     1486.3    271.542    95.9777          2    3997.71    934.897    4932.61   -10.2423   -106.979
      8300   0.112207    1497.28    271.626    95.7541          2    4015.21    948.223    4963.43   -13.3264   -108.493
      8200   0.126769    1508.51    271.685    95.7497          2    4037.02    961.033    4998.05   -12.8101   -109.923
      8100   0.107487    1521.17    271.706    95.9218          2     4055.6    973.289    5028.89   -12.2561   -111.487
      8000   0.106443    1531.92    271.719    96.2742          2    4082.02    985.283     5067.3   -11.9938   -112.504
      7900   0.105426    1542.56    271.745    96.8539          2    4099.15    997.028    5096.18   -11.7452   -113.426
      7800   0.106943    1553.11    271.778    97.6116          2    4118.47    1009.11    5127.58   -12.0783   -114.251
      7700   0.104079     1563.8    271.812    98.5289          2    4139.94    1020.52    5160.45    -11.412   -115.023
      7600   0.105648    1574.21    271.847    99.6189          2    4159.18    1032.27    5191.44   -11.7474   -115.648
      7500   0.107004    1584.77    271.884    100.848          2    4172.96    1044.32    5217.29   -12.0586   -116.221
      7400   0.108291    1595.47    271.916    101.123          2    4183.38    1056.69    5240.07   -12.3661   -116.745
      7300   0.100712     1606.3    271.943    100.853          2    4192.29    1067.36    5259.65   -10.6683   -117.268
      7200  0.0926499    1616.36    271.977     100.31          2    4197.39    1076.34    5273.73   -8.97675   -117.641
      7100   0.124127    1625.66    272.031    99.5886          2    4201.68    1086.07    5287.75   -9.73134   -117.912
      7000   0.273101    1638.22     272.06    98.6871          2    4213.47    1100.53       5314   -14.4601   -118.867
      6900   0.112456    1665.37     271.84    97.4654          2    4224.88    1114.27    5339.15     -13.74   -122.437
      6800  0.0900704    1676.59    271.576    96.2869          2    4237.82    1122.94    5360.76   -8.67603   -122.346
      6700  0.0939899     1685.6    271.478    95.1765          2    4251.07    1132.32    5383.39   -9.37764   -122.047
      6600   0.106415    1695.01    271.469    94.0717          2    4263.49    1144.39    5407.88   -12.0694   -122.071
      6500   0.163696    1705.71    271.483    92.9249          2    4278.66    1154.77    5433.44   -10.3829     -122.5
      6400  0.0975884    1722.01    271.418    91.9832          2     4294.2    1164.99    5459.19   -10.2176   -124.025
      6300   0.113741    1731.79    271.352    91.2589          2    4308.78    1173.39    5482.17   -8.40162   -124.124
      6200  0.0844589    1743.13    271.329    90.6465          2    4315.23    1180.92    5496.15   -7.52891   -124.636
      6100  0.0801635    1751.58    271.351    90.1568          2    4320.74    1187.62    5508.37   -6.70069   -124.626
      6000   0.075863    1759.59     271.43    89.7492          2    4337.08    1193.55    5530.63   -5.92953   -124.667
      5900  0.0866927    1767.19    271.547    89.3974          2    4351.43     1201.4    5552.83   -7.84731   -124.742
      5800  0.0774145    1775.85    271.675    89.0685          2    4359.47    1207.57    5567.04   -6.17528   -125.106
      5700  0.0922729     1783.6    271.813    88.7727          2    4377.19    1213.49    5590.68   -5.91257   -125.319
      5600  0.0751178    1792.81    271.945    88.4845          2    4396.54    1219.28    5615.82   -5.79486    -125.85
      5500   0.074531    1800.32    272.085    88.2307          2    4405.86    1224.97    5630.82   -5.68505   -126.032
      5400  0.0753572    1807.78    272.248     87.257          2    4415.74    1230.79    5646.52   -5.82268   -126.266
      5300  0.0761796    1815.31    272.421    85.8414          2    4433.06    1236.76    5669.82   -5.97084   -126.601
      5200  0.0541813    1822.91    272.598    84.1787          2    4437.94    1239.56     5677.5   -2.79768   -127.031
      5100   0.141929    1828.42    272.806    82.3846    1.59701    4455.74    1243.16    5698.91   -3.60641   -127.154
      5000  0.0662931    1842.53    273.026    80.3303          2    4479.62    1247.59     5727.2    -4.4256   -129.038
      4900  0.0577126    1849.15    273.241    78.2309          2    4504.75    1250.83    5755.58   -3.24085   -129.297
      4800  0.0536176    1854.92    273.474    76.1027          2    4525.57    1253.55    5779.12   -2.72385   -129.567
      4700  0.0493723    1860.28    273.729    73.9299    1.96597    4540.38    1255.78    5796.16    -2.2294   -129.935
      4600  0.0647611    1865.23    274.007    71.7363          2    4563.94    1259.99    5823.93   -4.20716   -130.386
      4500  0.0707881    1871.71    274.275    69.4732          2    4589.19    1265.17    5854.36   -5.17489   -131.265
      4400  0.0585021    1878.78    274.509    67.5276          2    4614.95    1268.57    5883.53    -3.4087   -132.295
      4300  0.0570934    1884.63    274.732    65.7777          2    4638.24    1271.81    5910.05   -3.23213   -133.099
      4200  0.0789159    1890.36    274.958    64.1341    1.76111    4665.91    1274.56    5940.47   -2.75814   -133.933
      4100  0.0587807    1898.23    275.182    62.5386          2     4697.5    1278.05    5975.54   -3.48196   -135.206
      4000  0.0472031     1904.1    275.398    61.0029    1.93777     4729.4    1280.14    6009.54   -2.09755   -136.047
      3900  0.0319693     1908.8    275.624    59.5265    1.65303    4764.02    1280.87    6044.89   -0.72401   -136.718
      3800  0.0508084    1912.02    275.902    58.0996          2    4797.13    1283.32    6080.45   -2.45215     -137.2
      3700   0.053762     1917.1    276.182    56.0756          2    4834.33    1286.18    6120.51   -2.85722   -138.158
      3600  0.0562976    1922.48    276.425     52.455          2    4869.03     1289.4    6158.44   -3.22474   -139.259
      3500  0.0421553     1928.1    276.641    48.1406    1.85743    4902.84    1291.04    6193.88   -1.64093   -140.532
      3400  0.0761276    1932.35     276.87    43.5927    1.80215    4932.58    1293.91    6226.49   -2.86984   -141.693
      3300  0.0518352    1939.93    277.092    38.7574          2    4952.84    1296.66    6249.49   -2.74232   -143.665
      3200  0.0504939    1945.12    277.296    34.2815          2    4974.23    1299.25    6273.48   -2.59615   -145.232
      3100  0.0524516    1950.17    277.499    31.1799          2    4993.96     1302.1    6296.06   -2.84856   -146.872
      3000  0.0542771    1955.41    277.698    28.5651          2    5016.64     1305.2    6321.84   -3.09768   -148.588
      2900  0.0483986    1960.84     277.89    26.2923    1.99816    5039.69    1307.59    6347.27    -2.3896   -150.338
      2800  0.0516502    1965.68    278.084    24.2692          2    5063.04    1310.37    6373.41    -2.7836   -151.963
      2700   0.254531    1971.05    278.279    22.2436    1.18064    5079.33    1310.99    6390.32    0.62113    -153.69
      2600  0.0649297    1996.31    278.534    19.5712          2    5086.07    1315.63     6401.7   -4.63434   -158.986
      2500  0.0326165    2002.77    278.781    16.9042    1.69813     5104.9    1316.51     6421.4  -0.880894   -160.069
      2400   0.039338    2006.04    279.024    14.3644     1.8334    5125.55    1317.93    6443.49   -1.42433   -160.777
      2300  0.0462051    2009.98    279.295    11.8401    1.97221    5144.13    1320.08    6464.21   -2.14544   -161.885
      2200  0.0517933    2014.61    279.549    9.46417          2    5156.09    1322.93    6479.01   -2.84917   -163.291
      2100  0.0524746    2019.79     279.77    7.50652          2    5175.11     1325.9       6501   -2.97032   -164.876
      2000  0.0530303    2025.03    279.966    5.72129          2    5193.93    1328.96    6522.89   -3.06622   -166.492
      1900   0.094873    2030.38    280.146    4.06769    1.62137    5211.87    1331.58    6543.45    -2.6131   -168.125
      1800  0.0495062    2039.82    280.317    2.45611          2     5230.7    1334.23    6564.93   -2.65075    -170.47
      1700  0.0425162    2044.77    280.486   0.858383    1.90944    5250.76    1336.09    6586.84   -1.85956   -171.828
      1600   0.290149    2049.26    280.671  -0.899177    1.19886    5267.97    1336.47    6604.44  -0.383087   -173.166
      1500  0.0508892    2078.04    280.906   -3.05684    1.95583    5284.36    1338.83    6623.19   -2.36085   -178.828
      1400  0.0604416    2083.14    281.139   -5.11129          2    5300.99    1343.02    6644.01    -4.1889   -179.378
      1300  0.0715126    2089.19    281.317   -7.05981    1.97173    5313.72     1346.6    6660.32    -3.5808   -180.374
      1200  0.0139811    2096.29    281.442   -8.71188          2    5314.57    1349.53     6664.1   -2.92913   -181.705
      1100  0.0553407    2097.73     281.61   -9.50579    1.89049    5318.49    1351.93    6670.42   -2.40002   -182.082
      1000    0.04383    2103.25    281.803   -9.97323    1.94654    5324.52    1353.97    6678.49   -2.03816   -183.388
       900  0.0463941    2107.64    281.981   -10.0801     1.9985    5330.14     1356.3    6686.43    -2.3313   -184.453
       800  0.0330044    2112.26     282.15   -9.91458    0.72437    5334.51    1357.47    6691.97    1.16978   -185.542
       700  0.0394731    2115.57    282.397    -9.4194   0.642555    5341.11    1359.14    6700.25    1.66998   -186.352
       600          0    2119.48    282.753   -8.46072          0    5344.37    1360.72    6705.09   -1.57848   -187.245
       500          0    2119.48    283.136   -7.17046          0    5348.05    1363.21    6711.26   -2.49341   -187.377
       400          0    2119.48    283.507   -5.54042          0    5364.04    1363.99    6728.03  -0.779946   -187.568
       300          0    2119.48    283.875   -3.65091          0    5369.23    1370.14    6739.37   -6.14856    -187.76
       200          0    2119.48    284.242    -1.2755          0     5381.1    1377.09    6758.19   -6.94932   -187.912
       100  0.0543966    2119.53    284.608    2.01785          2     5384.2    1380.24    6764.44   -3.15305   -187.976
         0   0.129038    2125.04    284.898    5.73473          0    5400.36     1395.9    6796.26    15.6602   -188.848