      20000           0           0     179.437     395.101           0     37.9292     14.2831     52.2123     14.2831     36.7423
      19900           0           0     179.437     394.163           0     69.3261     29.7361     99.0622     15.4531     36.6125
      19800           0           0     179.437      393.52           0     105.786     46.3592     152.145     16.6231     36.4832
      19700           0           0     179.437     393.261           0     135.205     60.5222     195.727     14.1631     36.3704
      19600           0           0     179.437     393.298           0     146.087     72.5053     218.592     11.9831     36.2902
      19500           0           0     179.437     391.554           0     168.613     82.0183     250.631     9.51306     36.2188
      19400   0.0975962   0.0975962     179.437     388.755           0     200.398     94.1014       294.5      12.083     36.0417
      19300           0     9.75962     179.609     385.916           0     230.783     106.042     336.825     11.9409     33.5483
      19200           0     9.75962     179.815     383.139           0     252.844     117.808     370.652     11.7655     33.7083
      19100           0     9.75962     179.913     382.158           0     273.486     128.984      402.47     11.1765     33.6799
      19000           0     9.75962     179.963     382.235           0     293.551     140.921     434.472     11.9367     33.5879
      18900           0     9.75962     179.987     380.548           0     312.603     153.644     466.247     12.7228     33.4571
      18800           0     9.75962     179.996     377.885           0     342.958     163.618     506.576     9.97406      33.214
      18700           0     9.75962     179.995     376.049           0     384.889     174.892     559.781     11.2746     32.8585
      18600           0     9.75962     179.989     374.617           0     440.082     188.803     628.885     13.9109     32.4454
      18500           0     9.75962     179.979     373.246           0     502.776     196.944      699.72     8.14058     31.9953
      18400           0     9.75962     179.968      371.94           0     532.186     204.646     736.832     7.70226     31.5155
      18300           0     9.75962     179.955     368.886           0      549.03     212.711     761.741      8.0649     30.9833
      18200           0     9.75962     179.942     364.751           0     594.579     220.789     815.367     8.07785     30.3193
      18100           0     9.75962     179.929     361.229           0      664.11     228.353     892.462     7.56403     29.5109
      18000           0     9.75962     179.917     357.937           0     729.032     236.489     965.522     8.13649      28.601
      17900   0.0874047     9.84702     179.905     357.002           0      786.57     246.054     1032.62     9.56505     27.6201
      17800           0     18.5001     180.048     357.294           0     842.416     256.336     1098.75      10.282     24.7451
      17700           0     18.5001     180.221     355.254           0     897.952     265.835     1163.79     9.49858     24.3728
      17600           0     18.5001       180.3     352.003           0     942.629      279.26     1221.89     13.4253     23.8274
      17500     0.18006     18.6801     180.334     352.026           0     971.324     292.311     1263.64     13.0511     23.1148
      17400    0.152402     36.6585     183.208     383.471           0     979.285     300.886     1280.17     8.57496      17.413
      17300    0.151544     51.8978     184.466     392.871           0     987.517     309.143     1296.66     8.25688     14.6006
      17200    0.182406      67.083      185.48     398.427           0     1003.01     320.748     1323.76     11.6048     12.6867
      17100    0.184011     85.3252     186.597     401.658           0     1037.52     332.781      1370.3     12.0333     10.6089
      17000    0.199388     103.742     187.914     403.264           0     1068.05     346.967     1415.01     14.1861     8.96961
      16900    0.197023     123.678     189.439     398.968           0     1090.48     361.154     1451.64     14.1861     7.23156
      16800    0.193679     143.377      191.15     390.608           0     1111.76     375.194     1486.96     14.0403     5.52389
      16700    0.198143     162.749     193.006     380.907           0     1133.94     390.078     1524.02     14.8837      3.6823
      16600    0.219651     182.585     194.987     369.995           0      1152.9     408.241     1561.15     18.1635     1.46762
      16500    0.164776     204.495     197.098     369.777           0     1175.52     419.496     1595.02     11.2549    -1.30157
      16400    0.192525     221.001      199.27     376.802           0     1211.63     434.194     1645.83     14.6976      -2.284
      16300    0.228851      240.29     201.482     380.772    0.172158     1256.71     445.227     1701.93     11.0338    -3.45958
      16200    0.196992     263.143     203.767     383.115           0      1305.9     460.905     1766.81     15.6779    -5.08131
      16100    0.208702     282.854     206.115     373.642           0      1350.4     478.528     1828.93     17.6225    -5.76926
      16000    0.189558     303.705     208.529     356.091           0     1383.73     493.702     1877.43     15.1739    -7.29057
      15900    0.215742     322.687     210.985     346.594           0     1411.02     506.569     1917.59     12.8678    -8.99289
      15800    0.132857     344.178      213.49     342.001           0     1440.28     515.439     1955.72     8.87001    -11.4223
      15700    0.118839      357.45     215.963     338.724   0.0450265      1469.3     522.987     1992.29     7.54731    -11.8825
      15600   0.0765231     369.291     218.327     336.623    0.424133     1498.96      527.42     2026.38     4.43277    -12.2144
      15500    0.053735     376.921     220.539     333.934    0.712713     1527.96      530.41     2058.37     2.99083    -11.7718
      15400    0.702144     382.943     222.568     331.017     1.21619     1561.34     531.847     2093.18     1.43703    -11.3208
      15300   0.0540051     452.509     224.413     329.017    0.621847     1601.67     534.751     2136.42      2.9033    -25.1104
      15200     1.02936     458.885     226.157     328.423     1.12412     1642.21     536.668     2178.87     1.91682    -22.3335
      15100   0.0446222     560.837     227.905     333.329     1.65496     1690.18     537.536     2227.72    0.868706     -40.581
      15000   0.0649754     565.319     229.588     343.165      1.9167      1751.3     537.822     2289.12    -0.28529    -33.9465
      14900   0.0929013     571.845     231.132     351.333           2     1823.09     540.306      2363.4    -2.48496      -28.62
      14800   0.0987853     581.141     232.537      358.51           2     1906.54     543.564     2450.11    -3.25792    -24.5586
      14700   0.0765748     590.997     233.763     350.305    0.385925     1983.84     548.332     2532.18    -4.76809    -21.2652
      14600    0.147205     598.725     225.359     281.753           0     2020.56     558.814     2579.37     10.4815    -19.4296
      14500    0.162595     613.461     222.863     255.017           0     2041.03     575.298     2616.33     16.4841    -23.8674
      14400           0     629.558     223.325     238.385           0     2053.82     593.327     2647.14     18.0289    -29.6487
      14300           0     629.558     224.611     224.184           0     2063.72     607.865     2671.58     14.5386     -31.905
      14200           0     629.558     225.932     212.166           0     2067.03     620.486     2687.51       12.62     -34.479
      14100 0.000634561     629.559     227.203     205.771     1.07149     2069.92     631.616     2701.54     11.1306     -37.001
      14000           0     629.621     228.404     202.902           0     2076.12     640.197     2716.32     8.58078    -39.1804
      13900           0     629.621     229.536     198.016           0     2087.42      651.23     2738.65     11.0336     -40.975
      13800           0     629.621     230.611     192.217           0      2089.9     659.135     2749.04     7.90447    -42.6046
      13700           0     629.621     231.642     187.993           0     2108.23     668.843     2777.07     9.70817    -44.1377
      13600           0     629.621     232.634     184.654           0     2119.25     677.414     2796.66     8.57072    -45.5498
      13500           0     629.621     233.591     187.942           0     2130.54     679.653      2810.2     2.23938    -46.7473
      13400           0     629.621     234.514     195.275           0     2140.36     684.179     2824.54     4.52573    -47.4446
      13300    0.063262     629.685     235.409     192.317           2     2150.78      685.63     2836.41      1.4511    -47.7909
      13200   0.0794855     636.027     238.954     213.488     1.56225     2157.92     686.591     2844.51    0.961261    -49.5703
      13100    0.112299     644.008     241.131     220.046           2     2171.02     691.858     2862.87    -5.26624    -50.3743
      13000    0.123635      655.25     242.781     225.816           2     2175.96     696.152     2872.11    -4.29459    -51.2071
      12900    0.105003     667.594     243.944      231.94           2     2195.88     701.389     2897.27    -5.23672    -51.7279
      12800   0.0905608      678.08     244.677     238.175           2     2223.92     705.183      2929.1    -3.79461    -51.4146
      12700   0.0797157     687.126     245.271     240.346           2     2246.54     707.852     2954.39    -2.66826    -50.6405
      12600   0.0713616     695.089     245.969     239.586     1.74349     2250.33     708.671        2959   -0.819386    -49.8311
      12500    0.036997     702.191     246.751     239.348     1.61138     2256.55     708.907     2965.45    0.236288    -49.1638
      12400    0.068585     705.922     247.634     239.276           2     2260.59     710.441     2971.03    -1.53352    -48.0693
      12300   0.0716062     712.783     248.565     237.858           2     2275.52     712.219     2987.74    -1.77851    -48.0499
      12200   0.0483264     719.921       249.5     235.425     1.78359      2304.8     712.417     3017.22   -0.197645    -48.3528
      12100   0.0438955     724.749     250.477     234.564     0.67194     2343.06     714.382     3057.45     1.96459    -48.3806
      12000   0.0700851     729.165      251.57       234.7           2     2390.24     715.854     3106.09    -1.47235    -48.5168
      11900   0.0380864     736.141     252.704     235.813      0.7304     2442.46     717.704     3160.17     1.84989    -49.3159
      11800     1.86355     741.775     253.889     237.672     1.20538     2501.03     718.855     3219.88     1.15139      -49.79
      11700    0.158852     926.426       255.1     245.081           0     2570.36     720.337      3290.7     1.48203    -86.5386
      11600    0.168122      942.32     242.715     216.982           0     2618.23     734.987     3353.21     14.6493     -80.355
      11500    0.200804     959.165     238.844     198.337           0     2657.13     761.909     3419.04     26.9226    -78.4905
      11400    0.234124     979.279     238.867     173.774           0     2683.95     790.995     3474.94     29.0855    -79.7712
      11300    0.182675     1002.64     240.468     161.727           0     2703.57     816.004     3519.57     25.0096    -82.9763
      11200    0.169856     1020.89     242.599     156.765           0      2717.7     838.255     3555.95     22.2511    -85.1872
      11100           0     1037.71     244.821     148.366           0     2724.52     858.335     3582.86     20.0795    -87.0621
      11000           0     1037.71     246.725     138.655           0     2740.47      876.41     3616.88     18.0753    -85.8201
      10900           0     1037.71     248.245     133.173           0     2747.17     895.765     3642.93     19.3552    -85.4121
      10800    0.141738     1037.85     249.572     130.048           0     2752.13     911.744     3663.87     15.9783    -85.4704
      10700           0     1051.88     251.051     125.774           0     2755.25     926.917     3682.16     15.1737      -88.52
      10600           0     1051.88     252.499     121.189           0     2756.48     941.319      3697.8     14.4014    -88.4755
      10500           0     1051.88     253.725     118.455           0     2757.98     955.094     3713.07     13.7751    -88.8065
      10400           0     1051.88     254.837     116.773           0      2760.1     966.457     3726.56     11.3633    -89.3404
      10300     0.10266     1051.99     255.875     115.691           0      2764.6     975.482     3740.08     9.02475    -90.0101
      10200   0.0986855     1062.25     257.049     114.338           0     2768.06     984.132     3752.19     8.65074     -92.726
      10100           0     1072.02     258.392     111.832           0     2781.04     989.441     3770.48     5.30822    -94.9681
      10000           0     1072.02     259.604     109.135           0     2787.61     993.837     3781.45      4.3961    -95.1033
       9900   0.0589822     1072.08     260.616     106.363    0.432958     2791.84     997.521     3789.36     3.68404    -95.5589
       9800 0.000371275     1077.92     261.599     103.389     1.06255     2794.86     999.665     3794.52     2.14457    -97.3774
       9700    0.116437     1078.07     262.538     100.363     1.19578     2804.96     1000.31     3805.27     0.64917    -98.0259
       9600   0.0402329     1089.64     263.391     97.1181     1.77007      2815.5     1001.07     3816.57   -0.760096     -101.11
       9500   0.0527073     1093.67     264.156     93.8383     1.99468     2821.52     1003.16     3824.68    -2.08064    -102.397
       9400           0     1098.89     264.805     91.3567           0     2832.43     1003.55     3835.98    0.395224    -104.003
       9300           0     1098.89     265.433      89.406           0     2842.58     1005.18     3847.77    -1.63278    -104.587
       9200           0     1098.89      266.09     87.7454           0     2851.67     1007.57     3859.25    -2.39019    -105.379
       9100   0.0869166     1098.98     266.749     86.2665           2     2852.67     1012.32     3864.99    -4.74889    -106.328
       9000           0     1107.58     267.276     84.8083           0     2853.73      1020.3     3874.03     -7.9761    -108.997
       8900           0     1107.58     267.763     83.5439           0     2863.36     1027.41     3890.77    -7.11258    -109.676
       8800    0.107004     1107.69     268.304     82.4291           2     2865.31     1035.19      3900.5    -7.77894    -110.517
       8700   0.0898398     1118.37     268.713     81.2614           2     2874.69      1043.5     3918.19    -8.31318    -113.467
       8600    0.182902     1127.45     268.971     80.1272       1.921     2889.15     1051.92     3941.07    -8.42114    -115.678
       8500   0.0887248     1145.65     269.063     78.9323           2     2897.18     1060.29     3957.47    -8.36263    -119.362
       8400    0.085965     1154.52     269.097     78.3072           2     2908.52     1068.08      3976.6    -7.79705    -120.671
       8300           0     1163.03     269.174     78.0725           0      2908.7     1078.96     3987.66    -10.8741    -121.853
       8200   0.0999493     1163.13     269.383     78.1986           2     2912.96     1089.47     4002.43    -10.5082      -121.4
       8100   0.0978168     1173.12     269.597     78.4504           2     2914.07     1099.61     4013.69    -10.1465    -123.121
       8000   0.0968727      1182.9     269.713     78.8162           2     2923.03      1109.6     4032.64    -9.98772    -124.553
       7900   0.0958102     1192.59     269.783     79.3881           2     2923.37     1119.38     4042.75    -9.78329    -125.771
       7800   0.0973989     1202.17     269.829     80.1316           2     2925.21     1129.51     4054.72    -10.1289    -126.805
       7700   0.0941984     1211.91     269.857     81.0328           2     2929.18     1138.97     4068.15    -9.45665    -127.727
       7600    0.129893     1221.36     269.875     82.1069           2      2930.9     1148.74     4079.65    -9.77509     -128.46
       7500           0     1234.22      269.84     83.2749           0     2934.69     1158.76     4093.45    -10.0153    -129.709
       7400           0     1234.22     269.923     83.6667           0     2941.73     1169.13     4110.86    -10.3728    -128.321
       7300           0     1234.22     270.188     83.6063           0     2950.07     1178.05     4128.11    -8.91301     -127.36
       7200           0     1234.22     270.539     83.2798           0     2961.99     1185.58     4147.57    -7.53888    -126.725
       7100           0     1234.22     270.933     82.7606           0     2974.53     1194.22     4168.75    -8.63263    -126.336
       7000           0     1234.22      271.35     82.0908           0     2979.33     1207.97      4187.3    -13.7501    -126.135
       6900           0     1234.22     271.782     81.3112           0     2984.08     1221.65     4205.73    -13.6818    -126.079
       6800           0     1234.22     272.223     80.4416           0     2986.99     1230.97     4217.96    -9.32282    -126.137
       6700           0     1234.22      272.67     79.5084           0     2989.41     1241.54     4230.95    -10.5697    -126.284
       6600           0     1234.22      273.12      78.542           0     2992.52     1255.26     4247.78    -13.7201    -126.504
       6500           0     1234.22     273.572     77.5344           0     2992.73     1267.73     4260.47    -12.4723    -126.781
       6400           0     1234.22     274.025      76.802           0     2993.08     1280.56     4273.64    -12.8251      -127.1
       6300           0     1234.22     274.477      76.228           0     2993.54     1292.09     4285.62    -11.5266    -127.439
       6200           0     1234.22     274.923     75.7481           0     3001.98     1303.21     4305.19    -11.1226    -127.784
       6100           0     1234.22     275.359      75.354           0     3011.27     1313.92     4325.18    -10.7088    -128.127
       6000   0.0984515     1234.32     275.782     75.0181           2     3012.87      1324.2     4337.07    -10.2821    -128.485
       5900           0     1244.07     276.054     74.5961           0     3013.32     1336.55     4349.87    -12.3537    -130.644
       5800           0     1244.07     276.287     74.2847           0     3020.07     1347.34      4367.4    -10.7869    -130.519
       5700   0.0998335     1244.17     276.596     74.0599           2     3023.08     1358.04     4381.11    -10.6962    -130.525
       5600    0.150708      1254.2     276.795     73.7409           2     3027.68     1368.68     4396.36    -10.6455     -132.47
       5500           0     1269.12     276.766     73.3231           0     3033.26     1379.05     4412.31    -10.3659    -134.919
       5400           0     1269.12     276.783     72.3663           0     3038.28     1389.41     4427.68    -10.3581    -134.081
       5300    0.118573     1269.24     276.968     71.0754           2     3040.83     1399.92     4440.76    -10.5182    -133.611
       5200           0     1280.98     277.061     69.4103           0     3050.72     1407.18      4457.9     -7.2609    -135.578
       5100   0.0891995     1281.07     277.155     67.6858           2     3053.82     1415.14     4468.96    -7.95502    -135.063
       5000   0.0883973     1289.99     277.243     65.7698           2     3063.13     1423.78     4486.91    -8.64316     -136.51
       4900   0.0807721     1298.82     277.236     63.7255           2     3073.76     1431.02     4504.78    -7.23629    -137.788
       4800   0.0762029     1306.89     277.194     61.6055           2     3080.08     1437.46     4517.55    -6.44411    -138.835
       4700    0.090082     1314.52     277.146     59.4342           2      3080.4     1443.11     4523.51    -5.64594    -139.784
       4600   0.0804292     1323.52     277.077     57.2185           2     3089.44     1450.39     4539.83    -7.27708    -141.006
       4500   0.0836028     1331.57     276.996     54.9593           2     3100.18     1458.28     4558.46    -7.89622    -142.019
       4400   0.0719962     1339.92     276.915     53.0304           2     3111.44      1464.1     4575.54    -5.81455    -143.112
       4300   0.0691991     1347.11     276.846     51.2992           2     3120.25     1469.44     4589.69    -5.34614    -143.988
       4200   0.0644631     1354.03     276.801     49.6761           2     3133.46     1474.04     4607.51    -4.60099    -144.859
       4100   0.0676033     1360.48     276.778     48.1401           2     3150.65     1479.12     4629.77    -5.07795    -145.688
       4000   0.0564902     1367.23     276.768     46.6491           2      3168.2     1482.59     4650.79    -3.46759    -146.625
       3900   0.0429112     1372.86     276.778     45.2012     1.86792      3188.5     1484.47     4672.96    -1.87769    -147.384
       3800   0.0563084     1377.17     276.839     43.7954           2      3207.3     1487.86     4695.16    -3.38939    -147.967
       3700   0.0672706     1382.81      276.92     41.8078           2     3230.24     1491.45     4721.69    -3.59464    -148.911
       3600   0.0586094     1389.53     276.974     38.2452           2     3250.73     1495.23     4745.95    -3.77432    -150.148
       3500   0.0440652     1395.38     277.019     34.0085     1.90397      3270.4     1497.24     4767.64    -2.01875    -151.326
       3400   0.0534677     1399.79     277.094     29.5454           2     3286.09     1500.34     4786.43    -3.09429    -152.407
       3300   0.0511732     1405.14     277.183     24.8328           2     3292.43     1503.17      4795.6    -2.83341    -153.879
       3200   0.0488591     1410.25     277.267     20.4556           2        3300     1505.74     4805.73    -2.56704    -155.463
       3100   0.0499432     1415.14     277.353     17.4101           2     3305.96     1508.44      4814.4    -2.70347    -157.097
       3000   0.0509881     1420.13     277.442     14.8384           2     3314.91     1511.28     4826.19    -2.84161     -158.79
       2900   0.0438295     1425.22     277.527     12.6004     1.91819     3324.26     1513.31     4837.57     -2.0275    -160.509
       2800   0.0466495     1429.61     277.627     10.6072     1.97609     3333.95     1515.64     4849.59    -2.32684    -162.087
       2700   0.0327768     1434.26     277.736     8.61142    0.700087     3336.61      1516.8     4853.42     1.16428    -163.727
       2600           0     1437.51     277.932     6.28776           0     3343.16     1520.84     4863.99    -4.03239    -165.122
       2500    0.024372     1437.53     278.211     3.91026     1.53725     3348.99     1521.15     4870.14   -0.310577    -166.023
       2400     0.03282     1439.98     278.495     1.49443     1.70785     3356.78     1522.04     4878.82   -0.895477    -167.565
       2300   0.0405234     1443.27      278.76   -0.972448     1.86453     3362.54     1523.65     4886.19    -1.61006    -169.309
       2200   0.0523402     1447.33     278.988    -3.32192     1.89408     3363.37     1525.94     4889.31    -2.28767    -171.195
       2100   0.0467783     1452.56     279.168    -5.28328      1.9951      3369.6     1528.31     4897.91     -2.3678    -173.244
       2000   0.0509891     1457.24      279.31    -7.07603     1.93259     3375.63     1530.72     4906.34    -2.41038    -175.096
       1900    0.042101     1462.33     279.431    -8.74144     1.90434     3380.76     1532.61     4913.38    -1.89749     -176.96
       1800   0.0419841     1466.54     279.551    -10.2958     1.90365     3386.84      1534.5     4921.34    -1.88387    -178.597
       1700   0.0330172     1470.73     279.677    -11.8584     1.72258     3394.18     1535.55     4929.72    -1.05042    -180.206
       1600   0.0498377     1474.05     279.827    -13.5983     1.07681     3398.69     1536.01      4934.7    0.460587    -181.648
       1500   0.0419906     1479.02     280.041    -15.4135     1.79332     3402.72     1537.51     4940.23    -1.49603    -183.414
       1400     0.05393     1483.24     280.262    -17.2699           2      3407.2     1540.82     4948.02    -3.31209    -184.998
       1300   0.0496716     1488.62     280.419    -19.1578           2     3407.82      1543.5     4951.32    -2.68254    -186.786
       1200   0.0456838     1493.59     280.528    -20.7709     1.87964     3419.03     1545.51     4964.55    -2.01478    -188.441
       1100           0     1498.11     280.634    -21.6173           0     3427.22     1546.94     4974.16     -1.4238    -189.958
       1000           0     1498.11     280.803    -22.0716           0     3433.29     1547.98     4981.27    -1.03751     -190.62
        900           0     1498.11     281.041    -22.1408           0     3439.74     1549.37      4989.1     -1.3908    -191.395
        800           0     1498.11     281.313    -21.9384           0     3447.39     1551.37     4998.76     2.00712    -192.218
        700           0     1498.11     281.602    -21.4194           0     3452.79     1553.84     5006.63     2.46437    -193.046
        600           0     1498.11       281.9    -20.4329           0     3468.02     1554.56     5022.58   -0.725456    -193.835
        500           0     1498.11     282.202    -19.1667           0      3483.7     1556.12     5039.82    -1.55998    -194.555
        400           0     1498.11     282.505    -17.5952           0     3511.74     1556.35     5068.09    0.222488    -195.187
        300           0     1498.11     282.804    -15.7748           0     3529.05     1561.42     5090.48    -5.07782    -195.713
        200           0     1498.11     283.098    -13.4778           0     3553.13     1567.23     5120.36     -5.8054    -196.124
        100   0.0450527     1498.16     283.384    -10.2769     1.89343     3562.34     1569.16     5131.49    -1.92864    -196.388
          0    0.133871     1502.75     283.606    -6.64521           0     3566.12     1586.11     5152.23     16.9519    -197.264