    20000         0         0   179.437   381.414         0    51.616   14.2831    65.899   14.2831   26.6815
    19900         0         0   179.437   380.485         0   96.6906   29.7361   126.427   15.4531    26.553
    19800         0         0   179.437   379.849         0   146.822   46.3592   193.181   16.6231   26.4248
    19700         0         0   179.437   379.593         0   189.909   60.5222   250.432   14.1631   26.3132
    19600         0         0   179.437   379.629         0   214.461   72.5053   286.966   11.9831   26.2337
    19500         0         0   179.437   377.901         0   250.639   82.0183   332.658   9.51306   26.1631
    19400         0         0   179.437   375.129         0    296.05   94.1014   390.151   12.0831   26.0133
    19300         0         0   179.437   372.574         0   339.776   106.214    445.99   12.1131   25.7601
    19200         0         0   179.437   370.023         0   374.952   118.358    493.31   12.1431   25.4219
    19100         0         0   179.437   369.153         0     408.6   130.011    538.61   11.6531   25.0306
    19000  0.103908  0.103908   179.437   369.292         0   441.607   142.474   584.081    12.463   24.6424
    18900         0   10.3908    179.62   367.386         0   473.822   155.563   629.385   13.0897   21.9549
    18800         0   10.3908   179.839   364.556         0   517.506   165.694   683.201    10.131   22.0894
    18700         0   10.3908   179.944   362.639         0   572.847    177.02   749.867   11.3257   22.0073
    18600         0   10.3908   179.997   361.154         0   641.503   190.923   832.425   13.9027   21.7961
    18500         0   10.3908   180.023   359.753         0    717.69    199.02    916.71   8.09736   21.4968
    18400         0   10.3908   180.032   358.431         0   760.609   206.658   967.267    7.6382    21.131
    18300         0   10.3908   180.031   355.388         0    790.95   214.647    1005.6   7.98894   20.6863
    18200         0   10.3908   180.024   351.283         0   849.967   222.643   1072.61   7.99578    20.091
    18100         0   10.3908   180.014    347.79         0   932.937   230.123   1163.06   7.47964   19.3378
    18000         0   10.3908   180.001   344.528         0   1011.27   238.175   1249.44   8.05225    18.473
    17900         0   10.3908   179.987   343.602         0   1082.21   247.657   1329.86   9.48256   17.5522
    17800 0.0905236   10.4813   179.973   344.116         0   1151.23   258.014   1409.24   10.3565     16.67
    17700         0   19.4431    180.12    342.04         0   1219.98   267.614   1487.59   9.60049   13.8408
    17600         0   19.4431   180.297    338.73         0   1277.93   281.043   1558.97   13.4282   13.4478
    17500         0   19.4431   180.375   338.721         0   1319.93   294.052   1613.98   13.0097   12.8935
    17400  0.156421   19.5996   183.055   370.151         0   1325.29    302.78   1628.07   8.72744   11.4206
    17300  0.159525   35.2448   184.048   379.726         0    1330.2   311.455   1641.66   8.67496   7.77102
    17200  0.187597   51.2254   184.919   385.373         0   1332.64   323.621   1656.26   12.1663   5.13208
    17100  0.189461    69.987   185.959    388.67         0   1354.16   336.292   1690.46    12.671    2.5609
    17000  0.204446    88.948   187.238   390.322         0   1371.75   351.155    1722.9   14.8625  0.532861
    16900  0.202098    109.39   188.747   386.096         0   1381.31   366.032   1747.34   14.8777  -1.49747
    16800         0   129.398   190.457   377.821         0    1389.8   380.765   1770.57   14.7326  -3.38285
    16700  0.106653   129.505   192.096   368.529         0    1399.6   396.559   1796.16   15.7942 -0.930228
    16600  0.230637   140.294   193.671   358.154         0   1406.72   416.038   1822.76    19.479  -2.01098
    16500  0.212259   163.339   195.472   358.238         0    1417.8   428.919   1846.72   12.8811  -6.13843
    16400  0.206032   184.559   197.514   365.326         0   1442.44   445.373   1887.81   16.4534  -8.96896
    16300  0.176705   205.133   199.695   369.311         0   1476.05   458.194   1934.24   12.8213    -10.83
    16200  0.210444   222.837    201.94   371.752         0   1513.88   475.699   1989.58   17.5048  -11.5589
    16100  0.221178   243.892   204.257   362.411         0   1547.15   495.179   2042.33   19.4804  -12.9876
    16000  0.202816   265.992   206.677   344.994         0   1569.39   512.206   2081.59   17.0268  -15.0653
    15900  0.184687   286.255    209.16   335.547         0   1585.62   526.898   2112.52   14.6922  -17.2109
    15800  0.150988    304.69   211.659   331.007         0   1603.89   537.599   2141.49   10.7013  -19.0311
    15700  0.138255   319.776   214.122   327.745         0   1621.94   546.988   2168.92   9.38843  -20.0899
    15600  0.102737   333.566   216.526   325.607   0.18329   1640.58   553.222   2193.81   6.23367   -20.929
    15500 0.0816875   343.819    218.83   322.849  0.370865   1658.49   557.922   2216.42   4.70037  -21.0521
    15400 0.0503437   351.956   220.991   319.836  0.656868   1680.69   560.936   2241.63   3.01426  -20.9349
    15300 0.0788569   357.019   222.997   318.574   0.38947   1710.58   565.256   2275.84    4.3194  -20.3778
    15200 0.0573889   364.883   224.912   318.501   0.58766   1741.19   568.417   2309.61   3.16151   -20.662
    15100   129.754   500.319   226.748   324.784         2   1780.63   570.442   2351.07   2.02495  -51.5492
    15000  0.300627   13346.3   158.341   266.932         0   1795.75   641.403   2437.15   70.9611  -744.895
    14900  0.253038   13376.3   106.049   248.357         0   1826.93   764.001   2590.93   122.598  -687.027
    14800  0.139036   13401.5   85.6696   246.934         0   1855.05    907.61   2762.66   143.609  -632.385
    14700         0   13415.2   75.7602   231.919         0   1896.14   1060.84   2956.98   153.234  -583.913
    14600         0   13415.2    65.868   160.171         0   1981.01   1230.82   3211.82   169.972  -539.354
    14500         0   13415.2   62.5215    132.66         0    2082.9   1407.64   3490.54   176.826  -503.745
    14400         0   13415.2    61.081   117.991         0    2190.5   1587.92   3778.41   180.273  -472.636
    14300         0   13415.2   60.3338   106.709         0   2298.08   1766.73   4064.81   178.816  -445.025
    14200         0   13415.2   59.9537   98.3435         0   2408.59   1945.33   4353.92   178.599  -420.608
    14100         0   13415.2   59.7869   97.1283         0   2514.33   2123.88   4638.21   178.546  -399.167
    14000         0   13415.2   59.7421   100.072         0   2623.36   2301.12   4924.48   177.243  -380.414
    13900         0   13415.2   59.7643    99.928         0   2732.75   2481.93   5214.67   180.806  -364.111
    13800         0   13415.2   59.8217   98.2186         0   2829.23   2660.62   5489.85   178.693  -350.129
    13700         0   13415.2    59.897   97.8818         0   2937.67   2842.07   5779.74   181.453  -338.284
    13600         0   13415.2   59.9814   97.9764         0   3035.36    3023.3   6058.66   181.224  -328.323
    13500         0   13415.2   60.0706   106.766         0   3127.84   3199.05   6326.89   175.759  -319.952
    13400         0   13415.2   60.1633   120.621         0   3212.31   3377.93   6590.24   178.877  -312.759
    13300         0   13415.2   60.2591    120.24         0   3294.81   3554.53   6849.34   176.601  -306.539
    13200         0   13415.2   61.4355   134.987         0   3366.17   3733.01   7099.18    178.48  -300.991
    13100         0   13415.2   61.7831   143.601         0   3429.52   3907.09   7336.61   174.082  -294.594
    13000         0   13415.2   61.9586   150.882         0   3499.51   4083.62   7583.13   176.527  -288.699
    12900         0   13415.2   62.0869   159.188         0   3552.34   4260.24   7812.58   176.621  -283.418
    12800         0   13415.2   62.1851   167.886         0   3594.59   4438.94   8033.53   178.697  -278.686
    12700         0   13415.2   62.2929   171.523         0   3640.79   4619.25   8260.04    180.31  -274.469
    12600         0   13415.2   62.4346   171.841         0   3704.75   4801.96   8506.71   182.715  -270.845
    12500         0   13415.2   62.5919   172.954         0   3764.92   4986.36   8751.28   184.396  -267.826
    12400         0   13415.2   62.7584   174.078         0   3826.07    5169.7   8995.77   183.342  -265.319
    12300         0   13415.2   62.9314   173.516         0   3875.49   5353.56   9229.04   183.855  -263.258
    12200         0   13415.2   63.1093   171.802         0   3909.83   5539.75   9449.58   186.193  -261.626
    12100         0   13415.2    63.291   172.266         0   3933.86    5728.9   9662.76   189.151  -260.379
    12000   114.429   13529.7   63.4745   173.915         2   3947.47   5915.52      9863   186.623  -274.983
    11900         0   24858.1   49.8273   165.168         0    3965.9   6120.25   10086.1   204.727   -745.65
    11800         0   24858.1   41.3393   165.272         0   3979.73   6333.95   10313.7   213.701  -708.063
    11700         0   24858.1   38.6211   178.372         0   3982.35   6551.91   10534.3   217.961  -673.592
    11600         0   24858.1   34.5742   176.192         0   3989.43    6774.7   10764.1    222.79  -638.739
    11500         0   24858.1   33.9544   163.205         0    3993.2   7006.51   10999.7   231.812  -609.603
    11400         0   24858.1   34.0519   136.931         0   4003.22   7240.41   11243.6     233.9  -583.779
    11300         0   24858.1   34.2837   123.258         0   4022.07   7471.61   11493.7   231.194   -560.84
    11200         0   24858.1     34.54    118.08         0   4046.63   7701.92   11748.5    230.31  -540.516
    11100         0   24858.1   34.7879   108.666         0   4093.16   7932.03   12025.2   230.112  -522.604
    11000         0   24858.1   35.0133   96.6192         0   4151.14   8161.82     12313   229.787  -507.019
    10900         0   24858.1   35.2107   89.4454         0   4201.56   8394.21   12595.8   232.389  -493.638
    10800         0   24858.1   35.3798   85.5164         0   4241.13   8624.38   12865.5    230.17   -482.23
    10700         0   24858.1    35.523   80.8003         0   4282.99   8855.08   13138.1   230.702  -472.566
    10600         0   24858.1    35.644   75.6423         0   4329.76   9086.33   13416.1   231.256  -464.462
    10500         0   24858.1   35.7468   72.9048         0   4376.81   9318.09   13694.9   231.753  -457.732
    10400         0   24858.1   35.8352    71.794         0   4423.92   9548.45   13972.4   230.365  -452.165
    10300         0   24858.1   35.9124   71.8988         0   4463.21   9777.44   14240.7   228.988  -447.574
    10200         0   24858.1   35.9813   72.0953         0   4501.99   10007.2   14509.1   229.719  -443.798
    10100         0   24858.1   36.0442   70.9487         0   4555.85   10234.8   14790.7   227.656  -440.717
    10000         0   24858.1   36.1028   69.0318         0   4602.53   10462.7   15065.2   227.897  -438.241
     9900         0   24858.1   36.1585    66.562         0    4638.1   10690.9     15329   228.141  -436.287
     9800         0   24858.1   36.2124   63.6259         0   4674.84   10918.4   15593.2   227.531  -434.781
     9700         0   24858.1   36.2651   60.3007         0    4704.8   11145.3   15850.1   226.922  -433.659
     9600         0   24858.1   36.3173   56.6503         0   4734.73   11371.6   16106.4   226.314  -432.865
     9500         0   24858.1   36.3693   52.7252         0   4769.82   11597.3   16367.1   225.706  -432.351
     9400         0   24858.1   36.4215   49.8243         0   4822.26   11826.1   16648.4   228.779  -432.075
     9300         0   24858.1   36.4739   47.6107         0    4874.2   12053.4   16927.6   227.326  -431.982
     9200         0   24858.1   36.5268     45.91         0   4925.13   12280.6   17205.7   227.173  -432.031
     9100         0   24858.1   36.5801   44.5895         0    4967.8     12506   17473.8    225.42   -432.19
     9000         0   24858.1   36.6339   43.5684         0   5007.97   12728.7   17736.7   222.666  -432.433
     8900         0   24858.1   36.6882   42.8132         0   5058.33   12952.7     18011   223.962  -432.742
     8800         0   24858.1    36.743   42.2641         0   5096.54   13176.4     18273   223.782  -433.098
     8700         0   24858.1   36.7984   41.8792         0   5126.55     13400   18526.6   223.602   -433.49
     8600         0   24858.1   36.8541   41.6274         0   5150.59   13623.7   18774.3   223.696  -433.906
     8500         0   24858.1   36.9103   41.4823         0      5180   13847.5   19027.5    223.79  -434.339
     8400         0   24858.1    36.967   42.0942         0   5204.88   14071.9   19276.7   224.333  -434.778
     8300         0   24858.1    37.024   43.2464         0   5239.89   14293.1     19533   221.276  -435.208
     8200         0   24858.1   37.0814   44.8344         0      5269   14514.9   19783.9   221.794  -435.616
     8100         0   24858.1   37.1391   46.7877         0   5299.55   14737.2   20036.8   222.311  -435.996
     8000         0   24858.1   37.1971   49.0326         0   5320.37   14959.8   20280.1   222.528  -436.339
     7900         0   24858.1   37.2555   51.6221         0   5348.47   15182.5     20531   222.745  -436.641
     7800         0   24858.1   37.3141   54.4822         0   5372.28   15404.9   20777.2   222.386  -436.897
     7700         0   24858.1    37.373    57.586         0   5391.76   15627.9   21019.7   223.027  -437.103
     7600         0   24858.1   37.4322   60.9278         0   5411.21   15850.6   21261.8   222.668  -437.257
     7500         0   24858.1   37.4917   64.4586         0   5433.81   16072.9   21506.7   222.333  -437.356
     7400         0   24858.1   37.5513   66.5191         0      5458   16294.9   21752.9   221.999  -437.405
     7300         0   24858.1   37.6113   67.5843         0   5482.36   16518.6   22000.9   223.664  -437.427
     7200         0   24858.1   37.6714    67.891         0   5509.67   16743.9   22253.6   225.329  -437.441
     7100         0   24858.1   37.7318   67.6146         0   5537.36   16968.5   22505.8   224.568  -437.455
     7000         0   24858.1   37.7924   66.8797         0   5557.37   17188.3   22745.7   219.808  -437.476
     6900         0   24858.1   37.8532   65.7981         0   5577.63   17408.5   22986.2   220.247  -437.509
     6800         0   24858.1   37.9143   64.4425         0   5596.54   17633.5   23230.1   224.986  -437.555
     6700         0   24858.1   37.9755   62.8886         0   5615.58   17857.6   23473.2   224.124  -437.616
     6600         0   24858.1    38.037   61.2073         0   5636.02     18079     23715   221.363  -437.691
     6500         0   24858.1   38.0987   59.4169         0   5654.35     18302   23956.4   223.001   -437.78
     6400         0   24858.1   38.1606   58.0217         0   5672.78     18525   24197.8   223.039   -437.88
     6300         0   24858.1   38.2227   56.8884         0   5692.57   18749.8   24442.3   224.727  -437.985
     6200         0   24858.1    38.285   55.9701         0   5720.79   18975.3   24696.1   225.515  -438.087
     6100         0   24858.1   38.3475   55.2435         0    5750.2   19201.6   24951.8   226.302  -438.183
     6000         0   24858.1   38.4102   54.6624         0   5768.95   19428.7   25197.6    227.09  -438.272
     5900         0   24858.1   38.4732   54.1979         0   5789.79   19653.9   25443.7   225.227   -438.35
     5800         0   24858.1   38.5363   53.8263         0      5817   19880.9   25697.9   226.964  -438.417
     5700         0   24858.1   38.5997   53.5297         0   5834.52   20108.2   25942.7     227.3  -438.472
     5600         0   24858.1   38.6633   53.2945         0   5850.36   20335.7     26186   227.487  -438.516
     5500         0   24858.1   38.7271   53.1094         0   5876.17   20563.3   26439.5   227.673  -438.548
     5400         0   24858.1    38.791   51.8345         0   5901.71     20791   26692.7   227.634  -438.573
     5300         0   24858.1   38.8553   49.8203         0   5920.41   21018.6     26939   227.595  -438.608
     5200         0   24858.1   38.9197   47.2589         0   5952.45   21249.4   27201.9    230.88  -438.668
     5100         0   24858.1   38.9843   44.3054         0   5972.72   21479.7   27452.4   230.216  -438.757
     5000         0   24858.1   39.0492   41.0305         0   5988.15   21709.2   27697.4   229.551  -438.882
     4900         0   24858.1   39.1142   37.5459         0    6003.7   21940.1   27943.8   230.886  -439.043
     4800         0   24858.1   39.1795   33.8862         0    6025.1   22171.7   28196.8    231.57  -439.241
     4700         0   24858.1    39.245   30.1084         0   6054.11   22403.9     28458   232.255  -439.477
     4600         0   24858.1   39.3107   26.2727         0   6076.01   22634.4   28710.4   230.489   -439.75
     4500         0   24858.1   39.3767   22.3753         0   6097.86   22864.1     28962   229.723  -440.058
     4400         0   24858.1   39.4428    19.013         0   6120.61   23095.8   29216.4   231.657  -440.399
     4300         0   24858.1   39.5092   16.0023         0    6147.1   23327.8   29474.9   231.991  -440.762
     4200         0   24858.1   39.5758     13.27         0   6170.29   23560.4   29730.7   232.624   -441.14
     4100         0   24858.1   39.6426   10.7717         0   6190.48   23792.5   29982.9   232.057  -441.528
     4000         0   24858.1   39.7097   8.44942         0   6211.13   24026.1   30237.2    233.59  -441.924
     3900         0   24858.1    39.777   6.26364         0   6229.77   24261.2   30490.9   235.123  -442.325
     3800    1.9281   24860.1   39.8445   4.18302         0   6250.57   24494.8   30745.4   233.605  -442.905
     3700         0   25050.9    40.972  -2.20138         0   6271.65   24727.1   30998.8   232.353  -458.139
     3600         0   25050.9   41.7019  -11.4502         0   6300.85   24958.6   31259.5   231.498   -455.53
     3500         0   25050.9   41.7164  -20.1196         0   6335.31   25191.9   31527.2   233.284  -453.745
     3400         0   25050.9   41.6696  -28.5535         0   6377.72   25424.2     31802    232.33  -452.589
     3300         0   25050.9   41.6398  -37.0122         0   6433.23     25657   32090.2    232.71  -451.932
     3200         0   25050.9   41.6319  -44.6222         0   6490.73     25890   32380.8   233.068  -451.672
     3100         0   25050.9   41.6426  -50.1125         0    6552.3     26123   32675.3   233.007  -451.709
     3000         0   25050.9   41.6684  -54.4014         0   6612.58     26356   32968.5   232.932  -451.951
     2900         0   25050.9   41.7061  -57.7626         0   6673.59   26589.8   33263.4   233.794  -452.337
     2800         0   25050.9   41.7529  -60.4289         0   6734.94   26823.3   33558.2   233.547  -452.824
     2700         0   25050.9   41.8068  -62.8612         0   6803.75   27060.4   33864.1   237.093  -453.381
     2600         0   25050.9   41.8662  -65.5823         0   6882.17   27292.4   34174.6   232.034  -453.995
     2500         0   25050.9   41.9297  -68.4142         0   6948.66   27528.4   34477.1    235.97  -454.661
     2400         0   25050.9   41.9963  -71.2748         0   7013.64     27764   34777.6   235.604  -455.372
     2300         0   25050.9   42.0653    -74.17         0   7081.07   27999.1   35080.2   235.085  -456.123
     2200         0   25050.9    42.136  -76.8275         0   7155.41   28233.7   35389.1   234.564  -456.908
     2100         0   25050.9   42.2082  -78.8778         0   7222.77   28468.2     35691   234.592  -457.716
     2000         0   25050.9   42.2813  -80.5702         0   7290.24   28702.9   35993.1   234.619  -458.531
     1900         0   25050.9   42.3553   -81.976         0   7358.34     28938   36296.4   235.178  -459.346
     1800         0   25050.9   42.4299  -83.1581         0   7425.13   29173.3   36598.4   235.237  -460.155
     1700         0   25050.9    42.505  -84.3249         0   7490.26   29409.4   36899.7   236.122  -460.953
     1600         0   25050.9   42.5805  -85.7305         0   7557.87   29647.1     37205   237.707  -461.743
     1500         0   25050.9   42.6564  -87.2504         0   7625.68     29883   37508.7   235.889  -462.527
     1400         0   25050.9   42.7327  -88.8693         0    7692.8   30117.2     37810   234.217  -463.309
     1300         0   25050.9   42.8092  -90.5611         0   7763.58   30352.1   38115.7   234.927   -464.09
     1200         0   25050.9    42.886  -91.8308         0   7845.85   30587.8   38433.6   235.627  -464.869
     1100         0   25050.9   42.9631  -92.0204         0   7924.44     30824   38748.5   236.247  -465.632
     1000         0   25050.9   43.0404  -91.5697         0   8000.01   31060.7   39060.7   236.725  -466.361
      900         0   25050.9    43.118  -90.4516         0   8074.76   31297.3     39372   236.532  -467.044
      800         0   25050.9   43.1959  -88.8281         0   8149.31   31537.4   39686.7   240.124  -467.672
      700         0   25050.9    43.274  -86.6213         0    8219.9   31778.2   39998.1   240.793  -468.239
      600         0   25050.9   43.3524  -83.6632         0   8298.37     32016   40314.4   237.823  -468.736
      500         0   25050.9    43.431  -80.1878         0   8375.06   32253.2   40628.3   237.211  -469.153
      400         0   25050.9   43.5099  -76.1851         0    8461.7   32492.4   40954.1   239.218  -469.487
      300         0   25050.9   43.5891  -71.7723         0   8535.01   32726.6   41261.6   234.138  -469.731
      200         0   25050.9   43.6686  -66.5823         0   8612.19   32960.2   41572.4   233.624  -469.882
      100         0   25050.9   43.7483  -60.0771         0    8671.2   33197.9   41869.1   237.707  -469.926
        0         0   25050.9   43.8283  -52.7229         0   8713.49   33454.6   42168.1    256.73  -469.844