     20000          0          0    179.437    401.944          0    31.0858    14.2831    45.3689    14.2831    41.7727
     19900          0          0    179.437    401.002          0    55.6439    29.7361      85.38    15.4531    41.6423
     19800          0          0    179.437    400.356          0    85.2681    46.3592    131.627    16.6231    41.5123
     19700          0          0    179.437    400.096          0    107.852    60.5222    168.374    14.1631    41.3991
     19600  0.0961312  0.0961312    179.437    400.133          0      111.9    72.5053    184.405     11.983    41.2928
     19500          0    9.61312    179.607    398.123          0    127.857    81.8487    209.706    9.34345    39.0052
     19400          0    9.61312    179.809    395.109          0    153.288    93.5599    246.848    11.7111    39.3495
     19300          0    9.61312    179.906    392.417          0    177.171    105.204    282.374    11.6437    39.4557
     19200          0    9.61312    179.955    389.767          0    192.604    116.828    309.432    11.6245    39.3823
     19100          0    9.61312    179.979    388.847          0    206.557    127.939    334.496     11.111    39.1876
     19000          0    9.61312    179.988    388.968          0    219.889    139.851     359.74    11.9124    38.9743
     18900          0    9.61312    179.987    387.303          0    232.186    152.574    384.761    12.7229    38.7539
     18800          0    9.61312    179.981    384.647          0     255.78    162.563    418.343    9.98901    38.4436
     18700          0    9.61312    179.971    382.815          0    290.945    173.862    464.807    11.2985     38.037
     18600          0    9.61312     179.96    381.384          0    339.372    187.802    527.173      13.94    37.5846
     18500          0    9.61312    179.948    380.011          0      395.3    195.974    591.274    8.17241    37.1041
     18400  0.0902419    9.70337    179.935    378.701          0    417.949    203.709    621.658     7.7351    36.5766
     18300          0    18.6373    180.082    375.397          0    428.282    211.648     639.93    7.93835    33.9564
     18200          0    18.6373    180.259    371.059          0    467.523    219.408    686.931    7.76051    33.7415
     18100          0    18.6373    180.339     367.43          0    530.853    226.563    757.416    7.15448    33.2598
     18000  0.0808943    18.7182    180.373    364.066          0    589.647    234.243     823.89    7.68059    32.5696
     17900          0    26.7267    180.526    362.883          0    641.304    243.188    884.492    8.94439    29.9447
     17800          0    26.7267    180.692     363.22          0    691.223    252.825    944.049    9.63758    29.6052
     17700          0    26.7267    180.762    361.259          0    740.754    261.783    1002.54    8.95775    29.1912
     17600          0    26.7267    180.786    358.031          0    779.403    274.722    1054.12    12.9392    28.6208
     17500   0.192094    26.9188    180.785    358.083          0     802.04    287.323    1089.36    12.6004    27.8886
     17400   0.147774    46.0839    183.652    389.663          0    816.193    295.453    1111.65    8.13058    21.8768
     17300     0.1471    60.8607    184.905    399.106          0    830.659    303.272    1133.93     7.8184     19.208
     17200   0.260024    75.6836    185.901    404.701   0.144351    852.431    314.456    1166.89    11.1843    17.3834
     17100   0.179631    101.606    187.052    407.838          0    893.119    326.034    1219.15    11.5782    13.5241
     17000   0.206457    119.596    188.422    409.361          0    929.739    339.712    1269.45    13.6779    12.3286
     16900   0.192569    140.227    189.981    404.992          0    958.202    353.356    1311.56    13.6442    10.6741
     16800   0.189163    159.481    191.713    396.565          0    985.437    366.833    1352.27    13.4772     9.2834
     16700   0.193846    178.402    193.573    386.815          0    1013.52     381.15    1394.67    14.3167    7.68715
     16600    0.21595    197.809    195.548    375.863          0    1038.36    398.752    1437.11    17.6022    5.65658
     16500   0.159878    219.348    197.649    375.655          0    1066.85    409.457    1476.31    10.7044    3.01582
     16400   0.188577    235.364    199.806    382.728          0    1108.89    423.619    1532.51     14.162    2.16719
     16300   0.156303     254.19        202    386.738          0    1159.93    434.134    1594.06    10.5156    1.09445
     16200   0.202792    269.866    204.225    389.218          0    1215.22    449.354    1664.58    15.2196    1.06471
     16100   0.206434    290.149    206.509    379.805          0    1265.89    466.583    1732.47    17.2287 -0.0936677
     16000   0.187268    310.773    208.887    362.236          0    1305.37    481.399    1786.76    14.8163   -1.80292
     15900   0.221855    329.535    211.315    352.743 0.00127267     1338.8    493.937    1832.73    12.5378   -3.65006
     15800   0.129708    351.628    213.807    348.155          0    1374.21     502.49     1876.7    8.55285   -6.37748
     15700   0.115459    364.585    216.273    344.882  0.0783601    1409.39    509.727    1919.12    7.23725   -6.85802
     15600  0.0716029    376.087    218.622    342.794    0.47077    1445.23    513.865    1959.09    4.13837   -7.19791
     15500   0.690909    383.866    220.811    340.117    1.17241    1480.41    516.585    1996.99    2.71941   -6.88236
     15400  0.0394912    452.306    222.805    336.389    1.58609    1519.15    517.784    2036.94    1.19968   -20.2329
     15300   0.049329    456.265    224.621    334.614    0.66674    1565.09     520.48    2085.57    2.69537   -16.8544
     15200    393.316    854.465    226.295    334.365          2    1611.56    522.258    2133.82    1.77873   -103.033
     15100          0    39792.8    105.733    259.777          0    1637.14    645.299    2282.44    123.041   -894.558
     15000    0.37975    39793.2    54.7111    277.049          0    1642.14     819.89    2462.03    174.591   -864.448
     14900   0.624921    39831.4    39.6245    299.861          0    1662.46    1008.91    2671.37    189.022   -837.249
     14800   0.675089    39893.9    32.8025    325.906          0     1713.3    1205.39    2918.69    196.476   -813.114
     14700   0.322943    39961.1    29.1713    332.511          0    1772.81    1405.21    3178.02    199.823   -790.968
     14600   0.388586    39993.5    24.6174    296.245          0    1824.02    1616.43    3440.45    211.223   -767.214
     14500   0.381107    40032.3    23.2794    278.856          0    1868.33     1832.5    3700.83    216.068   -746.138
     14400   0.364254    40070.4    22.8153    268.456          0    1911.19    2051.04    3962.23    218.539   -725.972
     14300   0.165412    40106.6    22.7061    258.289          0    1955.19    2267.49    4222.68    216.444     -706.4
     14200    1.33048    40124.3    22.7347     247.56          0     1993.9     2483.3     4477.2    215.818   -687.183
     14100    0.33574    40256.4    23.1026    240.032          0    2031.05    2698.53    4729.59    215.231   -671.334
     14000   0.257717    40289.9    23.5194    235.308          0    2057.26       2912    4969.26    213.466   -654.148
     13900   0.188749    40315.6    23.7231    228.973  0.0433818    2076.92    3128.85    5205.77    216.847   -637.957
     13800   0.248759    40334.5     23.858    220.937          0    2103.16     3343.5    5446.66    214.657   -622.919
     13700  0.0647829    40359.2    23.9861    214.091   0.744167    2110.93    3560.87     5671.8    217.364    -609.52
     13600   0.231553    40365.9    24.0599     208.64          0     2123.9    3778.01    5901.91    217.145   -596.948
     13500   0.287428    40389.1    24.1411    212.726          0    2137.38     3989.7    6127.09    211.689   -586.436
     13400   0.250233    40417.8    24.2797     224.96          0    2157.25    4204.46    6361.71     214.76   -577.375
     13300   0.350552    40442.9    24.4191    226.052          0    2180.57     4416.9    6597.47    212.441   -569.242
     13200   0.320038    40477.9    24.7967    225.604          0    2199.82    4632.02    6831.84    215.118   -563.135
     13100    0.30982    40509.9    24.9938     225.14          0    2218.01    4842.89     7060.9    210.871   -555.969
     13000    0.16641    40540.8    25.1416    224.884   0.163803    2222.02    5056.24    7278.26    213.344   -549.181
     12900   0.315999    40557.5    25.2417    226.826          0    2236.83     5269.7    7506.53    213.466   -542.444
     12800   0.328556    40589.2    25.3378    230.631          0    2257.32    5485.25    7742.57    215.544   -537.179
     12700   0.212693    40621.9    25.4692    230.552          0    2270.15    5702.38    7972.53    217.133   -532.565
     12600          0      40643    25.5897    226.928          0    2279.02    5921.94    8200.96     219.56   -527.948
     12500          0      40643    25.6415    224.056          0    2288.09    6143.29    8431.38    221.346   -522.922
     12400          0      40643    25.6447    222.159          0    2301.16    6363.74     8664.9    220.455   -518.631
     12300          0      40643    25.6408     219.44          0    2304.65    6584.89    8889.54    221.145   -514.976
     12200    0.20371    40643.2     25.639    215.879          0    2314.39    6808.55    9122.93    223.663     -511.9
     12100   0.314057    40663.6    25.6869    214.466          0    2332.55    7035.31    9367.86    226.755     -510.4
     12000    0.39393    40695.1    25.8066    214.628          0    2359.65     7259.6    9619.25    224.291   -509.718
     11900   0.435733    40734.6    25.9787    216.512          0    2392.58    7488.17    9880.75    228.575   -509.543
     11800   0.527214    40778.2    26.1837    219.718          0    2433.19    7717.03    10150.2    228.856    -509.57
     11700   0.437039    40830.9    26.4216    233.814          0    2491.25    7947.19    10438.4     230.16   -509.974
     11600   0.419987    40874.5     26.373    244.333          0    2566.47    8178.18    10744.6    230.991   -511.241
     11500   0.364079    40916.5    26.4835    235.758          0    2642.79    8417.46    11060.3    239.283   -514.451
     11400   0.351504    40952.9    26.6039    209.794          0    2705.63    8658.81    11364.4    241.348   -517.516
     11300   0.336968      40988    26.7191    192.407          0    2755.94    8897.57    11653.5    238.758   -520.402
     11200   0.271737    41021.6    26.8338    182.916          0    2796.21    9135.58    11931.8    238.016   -522.904
     11100          0    41048.5    26.9282    169.383          0     2810.4    9373.56      12184    237.972   -524.695
     11000          0    41048.5    26.9148    152.851          0    2812.15    9611.44    12423.6    237.885   -524.895
     10900          0    41048.5     26.847    141.019          0     2813.3    9852.19    12665.5    240.753   -525.228
     10800          0    41048.5    26.7937    133.026          0    2821.24      10091    12912.2    238.756   -525.631
     10700          0    41048.5    26.7585    124.897          0    2823.48    10330.4    13153.9    239.466   -526.062
     10600          0    41048.5    26.7383    116.503          0     2829.4    10570.6      13400    240.162    -526.52
     10500          0    41048.5    26.7297    110.599          0    2838.75    10811.3    13650.1     240.77   -527.006
     10400          0    41048.5    26.7301    106.768          0    2850.88    11050.8    13901.7     239.47     -527.5
     10300          0    41048.5    26.7374    104.587          0    2857.49      11289    14146.5    238.163   -527.986
     10200          0    41048.5    26.7499    102.954          0    2865.41    11527.9    14393.3     238.95   -528.452
     10100          0    41048.5    26.7663     100.23          0    2889.99    11764.9    14654.9    236.934   -528.904
     10000          0    41048.5    26.7856    96.8283          0    2908.87    12002.1    14910.9    237.214   -529.358
      9900          0    41048.5    26.8072    92.9479          0    2918.05    12239.6    15157.6    237.493   -529.825
      9800          0    41048.5    26.8303    88.6753          0    2929.75    12476.5    15406.2    236.913   -530.312
      9700          0    41048.5    26.8547    84.0795          0    2935.93    12712.8    15648.7    236.333   -530.824
      9600          0    41048.5      26.88    79.2181          0    2943.29    12948.6    15891.9    235.751   -531.363
      9500          0    41048.5    26.9059    74.1364          0    2956.96    13183.7    16140.7    235.169   -531.931
      9400          0    41048.5    26.9323    70.0978          0    2989.13      13422    16411.1    238.268   -532.528
      9300          0    41048.5    26.9591    66.9366          0    3021.75    13658.8    16680.6    236.841    -533.14
      9200          0    41048.5    26.9862    64.4706          0    3054.11    13895.6    16949.7    236.714   -533.757
      9100          0    41048.5    27.0134    62.5485          0    3078.83    14130.5    17209.4    234.987   -534.373
      9000          0    41048.5    27.0408    61.0705          0     3101.5    14362.8    17464.3    232.259   -534.982
      8900          0    41048.5    27.0683    59.9848          0    3134.68    14596.4    17731.1    233.582   -535.581
      8800          0    41048.5    27.0959    59.2199          0    3155.94    14829.8    17985.8    233.429   -536.167
      8700          0    41048.5    27.1236    58.7184          0    3169.11    15063.1    18232.2    233.276   -536.738
      8600          0    41048.5    27.1514    58.4359          0    3176.34    15296.5    18472.8    233.399   -537.293
      8500          0    41048.5    27.1792    58.3332          0     3188.9      15530    18718.9    233.521   -537.831
      8400          0    41048.5     27.207    59.0344          0    3196.84    15764.1    18960.9    234.093   -538.349
      8300          0    41048.5     27.235    60.4057          0    3214.69    15995.2    19209.9    231.065   -538.842
      8200          0    41048.5    27.2629     62.331          0     3226.3    16226.8    19453.1    231.612   -539.302
      8100          0    41048.5     27.291    64.7276          0    3238.91    16458.9    19697.9    232.159   -539.725
      8000          0    41048.5     27.319    67.5091          0    3241.26    16691.4    19932.6    232.406   -540.109
      7900          0    41048.5    27.3471    70.7128          0    3250.27      16924    20174.3    232.653   -540.451
      7800          0    41048.5    27.3753     74.267          0    3254.29    17156.3    20410.6    232.325    -540.75
      7700   0.108087    41048.7    27.4036     78.132   0.479906    3255.36    17389.3    20644.7    232.996   -541.009
      7600   0.117727    41059.5    27.4602    82.1681   0.422641    3257.15      17622    20879.1     232.64   -541.765
      7500  0.0495011    41071.2    27.5387      86.23   0.821027    3257.98    17854.3    21112.2    232.286   -542.404
      7400          0    41076.1    27.5942    88.8438          0    3259.84    18086.2      21346    231.956   -542.557
      7300          0    41076.1     27.622    90.4135          0    3261.37    18319.9    21581.2    233.653   -542.431
      7200          0    41076.1    27.6423    91.1792          0    3265.39    18555.2    21820.6    235.358    -542.34
      7100          0    41076.1    27.6634    91.2919          0     3269.4    18789.9    22059.3    234.637   -542.279
      7000  0.0740516    41076.2    27.6861    90.8676   0.677655    3273.37    19019.8    22293.1    229.914   -542.249
      6900  0.0639992    41083.5    27.7265    89.9379   0.736775    3277.25    19250.1    22527.4    230.373   -542.616
      6800  0.0424331    41089.9    27.7752     88.553          0    3282.46    19485.3    22767.7    235.125   -542.876
      6700  0.0726563    41094.2    27.8241    86.8402   0.685243    3287.37    19719.5    23006.9    234.276   -543.002
      6600  0.0350209    41101.4    27.8735    84.8911   0.907652    3290.61    19951.1    23241.7    231.527   -543.283
      6500  0.0783045      41105    27.9119    82.7927   0.651797    3295.65    20184.3    23479.9    233.188    -543.35
      6400  0.0744189    41112.8    27.9549    81.0313   0.674683    3300.24    20417.5    23717.7    233.245   -543.657
      6300  0.0446651    41120.2    28.0041    79.5057   0.850847    3303.06    20652.4    23955.5    234.946   -543.909
      6200          0    41124.6    28.0439    78.2346          0    3309.02    20888.2    24197.2    235.756   -543.986
      6100          0    41124.6    28.0695     77.266          0     3316.4    21124.8    24441.2     236.58   -543.847
      6000  0.0655503    41124.7    28.0902    76.5588   0.727071    3319.54    21362.2    24681.7     237.41   -543.762
      5900  0.0161421    41131.2     28.126    75.9834    1.01966    3320.48    21597.8    24918.2    235.574    -544.04
      5800          0    41132.8    28.1605     75.514          0    3325.99    21835.1    25161.1    237.339   -544.021
      5700  0.0875767    41132.9    28.1859    75.1933   0.596602    3330.14    22072.8      25403    237.714   -543.943
      5600   0.109828    41141.7    28.2313    74.8961   0.464604    3335.89    22310.7    25646.6    237.919   -544.334
      5500          0    41152.5    28.2996    74.5048          0     3340.3    22548.8    25889.1      238.1   -544.756
      5400          0    41152.5    28.3428    73.0563          0    3344.62    22786.9    26131.5    238.082   -544.546
      5300          0    41152.5    28.3649    70.8685          0    3346.97      23025      26372    238.085   -544.401
      5200          0    41152.5    28.3865    68.0878          0    3358.18    23266.4    26624.6    241.413   -544.317
      5100          0    41152.5    28.4098    64.8587          0    3358.46    23507.2    26865.7     240.79   -544.287
      5000  0.0292727    41152.6    28.4347    61.2507   0.941095    3363.25    23747.4    27110.6    240.165    -544.31
      4900  0.0057643    41155.5    28.4657    57.3507    1.08018     3367.5    23988.9    27356.4    241.534   -544.527
      4800          0      41156    28.4966    53.2108          0    3369.57    24231.2    27600.7    242.253   -544.638
      4700          0      41156    28.5247     48.919          0    3379.78    24474.1    27853.9    242.975   -544.763
      4600          0      41156    28.5526    44.5441          0     3383.4    24715.4    28098.8    241.247   -544.932
      4500          0      41156    28.5812    40.0873          0    3387.54    24955.9    28343.4    240.519   -545.143
      4400          0      41156    28.6102    36.1402          0    3393.16    25198.4    28591.6     242.49    -545.39
      4300          0      41156    28.6397    32.5977          0    3403.06    25441.3    28844.3     242.86   -545.665
      4200          0      41156    28.6695    29.3863          0    3410.14    25684.8    29094.9    243.531    -545.96
      4100          0      41156    28.6996      26.46          0    3414.63    25927.8    29342.4        243   -546.271
      4000          0      41156    28.7299    23.7572          0    3419.97    26172.4    29592.3     244.57   -546.594
      3900          0      41156    28.7604    21.2331          0    3423.64    26418.5    29842.1     246.14   -546.925
      3800          0      41156    28.7911    18.8515          0    3429.78    26663.2    30092.9    244.659   -547.264
      3700          0      41156    28.8219    15.6607          0    3432.99    26907.7    30340.7    244.503   -547.609
      3600          0      41156    28.8528    10.0882          0    3440.66      27152    30592.7    244.347   -547.977
      3500          0      41156    28.8839    2.88324          0    3452.11    27398.1    30850.2    246.116   -548.392
      3400          0      41156     28.915   -5.24182          0    3471.21    27643.2    31114.4    245.085   -548.871
      3300          0      41156    28.9462   -14.1176          0    3503.82    27888.6    31392.4    245.404   -549.419
      3200          0      41156    28.9774   -22.6923          0     3539.4    28134.3    31673.7    245.723    -550.04
      3100          0      41156    29.0088   -29.3239          0    3580.18      28380    31960.2    245.641   -550.719
      3000          0      41156    29.0402   -34.6882          0    3620.75    28625.5    32246.3     245.56   -551.432
      2900          0      41156    29.0717   -39.0114          0    3663.01      28872      32535    246.428   -552.163
      2800          0      41156    29.1033   -42.5007          0    3706.43    29118.2    32824.6    246.197   -552.899
      2700          0      41156     29.135   -45.5987          0    3757.98    29367.9    33125.9    249.765   -553.634
      2600          0      41156    29.1667   -48.8989          0    3819.71    29612.7    33432.4    244.733   -554.366
      2500          0      41156    29.1985   -52.2738          0    3870.06    29861.4    33731.4    248.702   -555.101
      2400          0      41156    29.2303   -55.6464          0    3919.41    30109.7    34029.1     248.37   -555.841
      2300          0      41156    29.2622   -59.0181          0     3971.7    30357.6    34329.3    247.888   -556.587
      2200          0      41156    29.2942   -62.1325          0    4031.34      30605    34636.4    247.406   -557.341
      2100          0      41156    29.3263   -64.5634          0    4084.38    30852.5    34936.9    247.474   -558.097
      2000          0      41156    29.3584   -66.5268          0    4137.81      31100    35237.8    247.542   -558.849
      1900          0      41156    29.3906   -68.1055          0    4192.04    31348.2    35540.2    248.143   -559.593
      1800          0      41156    29.4229   -69.3737          0    4245.04    31596.4    35841.5    248.244   -560.325
      1700          0      41156    29.4553    -70.545          0    4296.39    31845.6      36142    249.171   -561.042
      1600          0      41156    29.4877   -71.9216          0    4350.19    32096.4    36446.6      250.8   -561.748
      1500          0      41156    29.5202   -73.4112          0    4404.16    32345.4    36749.6    249.025   -562.443
      1400          0      41156    29.5527   -75.0027          0    4457.42    32592.8    37050.2    247.397   -563.133
      1300          0      41156    29.5854    -76.674          0    4514.31      32841    37355.3    248.151   -563.817
      1200     0.0025    41156.1    29.6181   -77.9502          0     4582.7    33089.9    37672.6    248.895   -564.496
      1100          0    41156.3    29.6519   -78.0679          0    4647.34    33339.4    37986.8    249.558   -565.176
      1000          0    41156.3    29.6853   -77.3996          0    4708.73    33589.5    38298.2     250.08   -565.816
       900          0    41156.3    29.7182   -75.9289          0    4768.97    33839.4    38608.4    249.932   -566.423
       800          0    41156.3     29.751   -73.8126          0     4828.5      34093    38921.5    253.569   -566.991
       700          0    41156.3     29.784   -70.9969          0    4883.47    34347.3    39230.8    254.283   -567.512
       600          0    41156.3    29.8171   -67.2895          0    4945.56    34598.6    39544.2    251.358   -567.982
       500          0    41156.3    29.8502   -62.9159          0    5004.98    34849.4    39854.4    250.792   -568.392
       400          0    41156.3    29.8835   -57.8869          0    5073.33    35102.3    40175.6    252.844   -568.738
       300          0    41156.3    29.9168   -52.3245          0    5127.18    35350.1    40477.3     247.81   -569.015
       200          0    41156.3    29.9502   -45.8963          0    5183.68    35597.4    40781.1    247.342   -569.222
       100          0    41156.3    29.9837   -37.9796          0    5220.59    35848.9    41069.5    251.472   -569.347
         0          0    41156.3    30.0173   -28.9964          0    5239.16    36119.4    41358.6    270.541   -569.378