     20000          0          0    179.437    388.257          0    44.7726    14.2831    59.0557    14.2831    31.7119
     19900   0.125517   0.125517    179.437    387.324          0    83.0084    29.7361    112.744     15.453    31.5496
     19800          0    12.5517    179.658    386.351          0    126.638    46.1377    172.775    16.4016    28.5567
     19700          0    12.5517    179.923    385.832          0    163.486    59.8151    223.301    13.6774    29.0857
     19600          0    12.5517     180.05    385.736          0     181.93    71.1853    253.115    11.3702    29.4751
     19500          0    12.5517    180.114     383.92          0     212.09    80.0216    292.111    8.83632    29.7529
     19400          0    12.5517    180.144    381.088          0    251.541    91.3976    342.939    11.3761    29.8641
     19300          0    12.5517    180.155    378.497          0    289.344    102.793    392.137    11.3955    29.8077
     19200          0    12.5517    180.153    375.927          0    318.618     114.22    432.837    11.4269    29.6185
     19100          0    12.5517    180.144    375.052          0    346.365    125.166    471.531    10.9457    29.3407
     19000          0    12.5517    180.131    375.199          0    373.467    136.935    510.401     11.769    29.0669
     18900          0    12.5517    180.115    373.569          0    399.498    149.529    549.027    12.5948    28.8024
     18800          0    12.5517    180.098    370.952          0    436.786    159.401    596.187    9.87188    28.4606
     18700          0    12.5517    180.081    369.148          0    485.618    170.591    656.209    11.1893    28.0319
     18600          0    12.5517    180.063    367.737          0    547.691    184.427    732.118    13.8366    27.5644
     18500          0    12.5517    180.047    366.384          0    617.247    192.501    809.748    8.07341    27.0737
     18400          0    12.5517    180.031     365.09          0    653.507     200.14    853.648    7.63948    26.5637
     18300          0    12.5517    180.015    362.054          0    677.183    208.145    885.328     8.0047    26.0092
     18200          0    12.5517    180.001    357.942          0    729.541    216.164    945.705    8.01905    25.3292
     18100          0    12.5517    179.987    354.438          0    805.864     223.67    1029.53    7.50584    24.5098
     18000          0    12.5517    179.975    351.162          0    877.562    231.748    1109.31    8.07842    23.5927
     17900          0    12.5517    179.963    350.231          0    941.871    241.255    1183.13    9.50683    22.6303
     17800          0    12.5517    179.952    350.745          0    1004.27    251.633     1255.9    10.3778    21.7385
     17700          0    12.5517    179.942    348.888          0    1066.17    261.411    1327.58      9.778    20.9177
     17600          0    12.5517    179.932    345.737          0    1117.11    275.203    1392.31    13.7925     20.045
     17500   0.109644    12.6614    179.924    345.813          0    1152.02    288.665    1440.68    13.4614    19.1087
     17400   0.158465    23.6746     182.72    377.231          0    1153.74    297.727    1451.47     9.0624     14.881
     17300   0.178487    39.5411     183.88    386.705          0     1155.8     306.57    1462.37    8.84301    11.4885
     17200    0.18745    57.3987    184.874    392.257          0    1165.13    318.781    1483.91    12.2107    8.65682
     17100   0.188784    76.1451     186.01     395.47          0    1193.45    331.401    1524.85    12.6203    6.35314
     17000   0.203543    95.0382    187.349    397.059          0    1217.77    346.152    1563.92    14.7508    4.53972
     16900   0.200981     115.39    188.898    392.761          0       1234    360.878    1594.88    14.7265    2.67738
     16800   0.197457    135.485    190.634    384.411          0    1249.08    375.434    1624.52    14.5559    0.87453
     16700    0.20159    155.234    192.515    374.723          0    1265.07    390.809    1655.88    15.3747    -1.0391
     16600   0.222526    175.414    194.519    363.829          0    1277.87     409.44    1687.31    18.6309   -3.30288
     16500   0.176699    197.621    196.653    363.585          0     1294.3    421.141    1715.44    11.7005   -6.09875
     16400   0.195294     215.31    198.855    370.538          0    1324.15    436.253     1760.4    15.1128   -7.30981
     16300   0.163984    234.808      201.1     374.45          0     1362.9    447.669    1810.57    11.4161   -8.44932
     16200   0.218689    251.261     203.37     376.85          0    1405.83    463.744    1869.57    16.0746   -8.56943
     16100   0.211196    273.122    205.707    367.444          0    1444.13    481.775     1925.9    18.0307   -9.97348
     16000   0.192191    294.223    208.137     349.96          0    1471.33    497.341    1968.67    15.5668   -11.6312
     15900   0.173394    313.423    210.606    340.497          0    1492.52    510.588    2003.11    13.2469   -13.4294
     15800   0.137634    330.727    213.072    335.981          0    1515.76    519.876    2035.63    9.28802   -14.9547
     15700   0.124377    344.477    215.489    332.762          0    1538.82    527.898    2066.72    8.02121   -15.7265
     15600  0.0846294    356.875    217.836    330.681   0.348629    1562.54    532.822    2095.36    4.92407   -16.3175
     15500  0.0602964    365.313    220.058    327.995   0.567861     1585.6    536.294    2121.89    3.47189   -16.1381
     15400   0.577157     371.86    222.114     325.07    1.29186    1613.03    538.185    2151.21    1.89108   -15.8315
     15300  0.0764711    429.075    223.945    323.229   0.619784    1647.57    541.557    2189.13    3.37199   -26.8928
     15200  0.0418673    436.687    225.661     322.73   0.733047    1682.41    543.969    2226.38    2.41225   -24.9058
     15100          0    440.832    227.356    328.908          0    1725.97    545.386    2271.36    1.41688   -22.5591
     15000  0.0543234    440.887    228.993     339.78    1.77159     1783.7    545.696     2329.4   0.309825   -19.4132
     14900  0.0863775    446.351    230.541    348.447          2    1852.61     547.59     2400.2   -1.89428   -17.5305
     14800  0.0930229    454.995    231.966     355.92          2    1933.47    550.277    2483.75   -2.68731   -16.2172
     14700  0.0819584    464.287    233.214    347.922    0.33352    2008.39    554.496    2562.88    -4.2191    -15.049
     14600   0.160947    472.561    224.852     279.76          0    2043.11    565.484     2608.6    10.9878   -15.2771
     14500   0.164525     488.66    222.406    253.016          0    2061.58    582.425       2644     16.941   -21.4628
     14400          0    504.948    222.902     236.31          0    2072.29    600.877    2673.17    18.4519   -28.3154
     14300          0    504.948    224.193    222.036          0    2080.04    615.834    2695.88    14.9566   -31.3113
     14200          0    504.948    225.509    209.952          0    2081.14    628.877    2710.02    13.0439   -34.4521
     14100          0    504.948    226.766    203.491          0    2081.76    640.445     2722.2    11.5677   -37.4069
     14000          0    504.948    227.945    200.564          0    2090.29    649.485    2739.78    9.04028   -39.9058
     13900          0    504.948    229.053     195.64          0    2103.97    661.003    2764.97    11.5173   -41.9596
     13800          0    504.948    230.102    189.819          0    2108.85    669.416    2778.27    8.41269    -43.789
     13700          0    504.948    231.111    185.577          0    2129.59    679.654    2809.25    10.2386   -45.4764
     13600          0    504.948    232.088    182.223          0    2143.04    688.771    2831.81    9.11717   -47.0082
     13500          0    504.948    233.032     185.48          0     2156.8     691.57    2848.37    2.79847    -48.299
     13400          0    504.948    233.943    192.775          0    2169.12    696.667    2865.79    5.09697   -49.0703
     13300  0.0542924    505.002    234.824    189.818    1.87834    2182.04    698.703    2880.74    2.03625   -49.4733
     13200  0.0371373    510.414    238.377    210.908    1.61831    2186.59    700.241    2886.84    1.53838   -51.1009
     13100   0.108059    514.199     240.58    217.489          2    2197.13    704.956    2902.09   -4.71468   -51.0988
     13000  0.0959069    524.992    242.257    223.276          2    2199.53    708.727    2908.26    -3.7709   -52.0901
     12900   0.101184    534.588    243.462    229.423          2    2216.94    713.481    2930.42   -4.75412   -52.2469
     12800  0.0864172    544.692    244.238    235.666          2    2242.47    716.837    2959.31   -3.35622   -52.1422
     12700   0.075258    553.323    244.863    237.846          2    2262.59    719.098    2981.69   -2.26094   -51.5199
     12600  0.0499244    560.823    245.586    237.098    1.80236    2263.89    719.534    2983.43  -0.436325   -50.8138
     12500  0.0824087    565.848    246.394    236.886    1.27304    2267.65    720.128    2987.78   0.593438   -49.8812
     12400          0    574.006    247.307    236.771          0    2269.19    721.335    2990.52   -1.20666   -49.9516
     12300   0.103346     574.11     248.32    235.384     1.8014    2281.64    722.868    3004.51   -1.53383   -48.4798
     12200  0.0554696    584.397    249.345    232.942     1.6578    2308.44    722.911    3031.35 -0.0424167   -49.7469
     12100  0.0455704    589.934    250.375    232.038   0.653638    2344.18    724.978    3069.16    2.06699   -50.0124
     12000  0.0694367    594.515    251.503    232.138          2    2388.79    726.383    3115.17   -1.40512   -50.2184
     11900  0.0389596    601.428    252.659    233.218   0.720472    2438.42    728.278     3166.7    1.89512    -51.025
     11800    458.746    1064.03    253.793    235.003          2    2494.32    729.525    3223.84    1.24707   -149.366
     11700    1.23025    46481.2    111.972    160.588          2    2509.48    874.135    3383.61     144.61   -911.474
     11600          0    46602.9    40.6386    146.704          0    2531.89    1090.86    3622.75    216.725   -885.366
     11500          0    46602.9    27.2958    154.526          0     2536.8    1329.33    3866.13    238.471   -863.634
     11400   0.337099    46603.3    22.4424    153.891          0    2543.74    1574.84    4118.58     245.51   -843.454
     11300     0.4826    46637.1    20.2613    161.946          0    2563.58    1820.06    4383.63    245.216   -823.813
     11200    0.50232    46685.4    19.3291    176.355          0    2597.29    2065.58    4662.87    245.521   -804.323
     11100   0.419793    46735.6    19.0275    185.781          0    2627.88    2311.45    4939.33    245.872    -784.91
     11000   0.409723    46777.5     19.032     187.38          0    2660.66    2557.22    5217.88    245.768   -765.646
     10900   0.468198    46818.6    19.1822    187.677          0    2708.46    2805.64     5514.1    248.418   -746.869
     10800   0.500689    46865.4    19.4191    188.454          0    2771.83    3051.77     5823.6    246.131    -728.95
     10700   0.480204    46915.5    19.7071    186.734          0    2835.91    3298.29     6134.2    246.518   -712.086
     10600   0.457292    46963.5    20.0051    182.163          0    2895.66    3545.18    6440.84    246.895    -696.37
     10500   0.447138    47009.2    20.2863    177.833          0    2953.53    3792.39    6745.93    247.214   -681.929
     10400   0.436405    47053.9    20.5448    174.488          0    3009.13    4038.05    7047.18    245.655   -668.859
     10300   0.449703    47097.5    20.7805    172.073          0       3070    4282.17    7352.17    244.119   -657.165
     10200   0.433162    47142.5    21.0005    169.834          0    3128.96    4526.87    7655.83      244.7   -646.875
     10100    1.46542    47186.8    21.2032    166.146          0     3170.3    4769.36    7939.66    242.497   -637.867
     10000   0.346047    47332.3    21.6781    159.947          0    3214.54    5011.69    8226.23    242.322   -633.239
      9900    1.54369    47368.1    22.0307    151.796          0     3264.2    5253.96    8518.16    242.269   -625.718
      9800   0.318601    47521.2    22.4871    142.326          0    3306.16    5495.21    8801.37    241.257   -623.265
      9700   0.324413    47553.1    22.7932    131.831          0    3347.73    5735.61    9083.34    240.394   -617.058
      9600   0.301195    47585.5    22.8342    122.557          0    3383.71     5975.4    9359.11    239.797   -611.935
      9500   0.254671    47615.6    22.8533    114.096          0    3409.99    6214.63    9624.62    239.222   -607.646
      9400  0.0132033    47640.8    22.8664    107.382     1.0379    3415.11    6456.96    9872.07    242.334   -603.978
      9300          0    47642.1    22.8076     102.55          0     3418.1    6697.95    10116.1    240.992   -600.108
      9200  0.0301325    47642.1    22.7121    99.4724   0.940297    3420.74    6938.94    10359.7    240.988   -596.934
      9100   0.171584    47645.3    22.6384    97.6286   0.123876    3431.11     7178.3    10609.4    239.362   -594.506
      9000   0.197706    47662.5    22.6329    96.4503          0    3443.82    7414.97    10858.8    236.667   -593.123
      8900  0.0563278    47682.1    22.6846    95.5117   0.788962    3446.16    7652.93    11099.1    237.965    -592.13
      8800    0.21843    47687.9    22.7016    94.9284          0    3460.61    7890.76    11351.4    237.823   -590.806
      8700   0.295405    47709.8    22.7469    94.5964          0    3483.32    8128.41    11611.7    237.653   -590.435
      8600   0.306849    47739.4    22.8586    94.0583          0    3511.72     8366.1    11877.8    237.691   -590.486
      8500   0.273254      47770    22.9921    93.2444          0    3534.06    8603.81    12137.9    237.708   -590.614
      8400   0.297151    47797.4    23.1139    92.8944          0    3559.98       8842      12402    238.186   -590.631
      8300   0.225823      47827    23.2312      93.05          0    3574.77    9077.06    12651.8    235.069   -590.788
      8200   0.264593    47849.6    23.3268    93.7117          0    3594.55    9312.61    12907.2    235.548   -590.675
      8100   0.251184    47876.1    23.4175    94.8652          0    3612.07    9548.65    13160.7    236.033   -590.785
      8000   0.306969    47901.3    23.5109    96.3796          0     3638.6    9784.86    13423.5    236.214   -590.859
      7900   0.260313    47931.9    23.6194    98.2332          0    3657.11    10021.2    13678.3    236.381   -591.175
      7800   0.283418      47958     23.724    100.372          0    3679.19    10257.2    13936.4    235.976   -591.263
      7700   0.304085    47986.3    23.8253    102.811          0    3704.94    10493.8    14198.7    236.575   -591.447
      7600   0.300339    48016.7     23.937    105.479          0    3730.04      10730      14460    236.163   -591.688
      7500   0.269252    48046.7    24.0514    108.313          0    3751.29    10965.7      14717    235.774   -591.867
      7400    1.62832      48075    24.1537    109.828          0    3770.41    11201.1    14971.5    235.396   -591.945
      7300   0.185827    48236.4     24.696    108.065  0.0168497    3786.53    11437.7    15224.2    236.579   -597.378
      7200   0.117878    48254.9    25.0416    104.087   0.419331    3795.41    11675.7    15471.1    237.958   -595.929
      7100  0.0781387    48266.7    25.0196    100.931   0.654575    3801.05    11912.9      15714     237.28   -594.552
      7000   0.160197    48274.6    24.9457    98.3856   0.172986    3812.54    12145.6    15958.1    232.654   -593.345
      6900   0.144138    48290.6    24.9126     96.075   0.267886    3822.55    12378.8    16201.3    233.187   -592.759
      6800   0.148756      48305    24.9122    93.7463   0.244691    3832.95    12616.8    16449.7    237.988   -592.264
      6700   0.137356    48319.8    24.9243    91.3845   0.308366    3842.41    12853.9    16696.4    237.176   -591.919
      6600   0.109548    48333.6    24.9435     88.992   0.471763    3849.75    13088.4    16938.2    234.456   -591.627
      6500   0.135596    48344.5    24.9571    86.5993   0.319336     3858.6    13324.5    17183.1    236.143   -591.311
      6400   0.131015    48358.1    24.9811    84.6201   0.346542    3866.77    13560.8    17427.5    236.219   -591.197
      6300   0.108848    48371.2    25.0163    82.9417   0.476392    3873.03    13798.7    17671.7    237.934   -591.112
      6200          0    48381.9    25.0467    81.5493          0    3875.67    14037.5    17913.1    238.753   -590.971
      6100          0    48381.9    25.0492    80.5553          0    3879.76    14277.1    18156.8    239.601   -590.434
      6000   0.126323    48382.1    25.0391     79.962   0.374856    3886.31    14517.5    18403.8    240.461    -590.03
      5900  0.0954348    48394.7     25.067    79.4977   0.555569    3890.76    14756.1    18646.9    238.633   -590.239
      5800          0    48404.1      25.11    79.0318          0    3892.76    14996.5    18889.3     240.39   -590.282
      5700   0.142776    48404.3    25.1269    78.7249   0.278301    3900.43    15237.3    19137.7    240.773   -589.938
      5600   0.158956    48418.6    25.1706    78.4455   0.182924    3909.74    15478.3      19388    240.979   -590.263
      5500          0    48434.3    25.2493     77.976          0    3910.67    15719.4    19630.1    241.151   -590.584
      5400          0    48434.3    25.2855    76.4972          0    3911.56    15960.6    19872.1    241.139    -590.19
      5300  0.0783068    48434.4    25.2891    74.3322    0.65507    3917.37    16201.7    20119.1    241.161     -589.9
      5200          0    48442.1    25.3093    71.5146          0    3925.15    16446.2    20371.4    244.491   -590.014
      5100          0    48442.1    25.3274     68.197          0    3928.77    16690.1    20618.9    243.873   -589.813
      5000  0.0969315    48442.2    25.3374    64.5296   0.545579    3936.83    16933.4    20870.2    243.263   -589.699
      4900  0.0791222    48451.9    25.3712    60.4951   0.649989    3944.23      17178    21122.2    244.629   -590.054
      4800          0    48459.7    25.4155    56.0909          0    3945.04    17423.3    21368.4    245.334    -590.31
      4700          0    48459.7    25.4402    51.5217          0    3952.64    17669.4      21622     246.06   -590.244
      4600          0    48459.7    25.4538    46.9261          0    3953.89    17913.7    21867.6    244.346   -590.258
      4500          0    48459.7    25.4682    42.2809          0    3955.83    18157.4    22113.2    243.632   -590.337
      4400          0    48459.7    25.4845    38.1408          0    3959.46      18403    22362.4    245.616   -590.471
      4300          0    48459.7    25.5023     34.434          0    3967.51      18649    22616.5    245.998   -590.648
      4200          0    48459.7    25.5214    31.0809          0     3972.9    18895.7    22868.6    246.679   -590.857
      4100          0    48459.7    25.5416    28.0321          0    3975.82    19141.8    23117.6    246.158   -591.091
      4000          0    48459.7    25.5625    25.2234          0    3979.69    19389.6    23369.2    247.738   -591.345
      3900          0    48459.7     25.584    22.6071          0    3981.99    19638.9    23620.9    249.316   -591.615
      3800          0    48459.7    25.6059    20.1448          0    3986.84    19886.7    23873.6    247.844   -591.896
      3700          0    48459.7    25.6283    16.9364          0    3988.77    20134.4    24123.2    247.697   -592.189
      3600          0    48459.7    25.6509    11.3475          0    3995.18      20382    24377.1    247.549   -592.504
      3500          0    48459.7    25.6737    4.04126          0    4005.47    20631.3    24636.8    249.326   -592.861
      3400          0    48459.7    25.6968   -4.28386          0    4023.61    20879.6    24903.2    248.303   -593.274
      3300          0    48459.7    25.7199   -13.4251          0    4055.53    21128.2    25183.8     248.63    -593.75
      3200          0    48459.7    25.7432   -22.3766          0     4090.8    21377.2      25468    248.957   -594.291
      3100          0    48459.7    25.7666   -29.4295          0    4131.68    21626.1    25757.7    248.883   -594.886
      3000          0    48459.7      25.79   -35.1692          0    4172.73    21874.9    26047.6     248.81   -595.515
      2900          0    48459.7    25.8135   -39.8185          0     4215.8    22124.6    26340.4    249.686   -596.163
      2800          0    48459.7    25.8371   -43.5818          0     4260.3      22374    26634.3    249.463   -596.819
      2700          0    48459.7    25.8607   -46.8874          0    4313.13    22627.1    26940.2    253.039   -597.477
      2600     0.0025    48459.7    25.8844   -50.3502        1.1    4376.32    22875.1    27251.4    248.016   -598.134
      2500          0      48460    25.9085   -53.8737          0    4428.27    23127.1    27555.3    251.992   -598.805
      2400          0      48460    25.9324    -57.386          0    4479.36    23378.7    27858.1    251.668   -599.469
      2300          0      48460    25.9562   -60.8852          0    4533.51    23629.9    28163.4    251.194    -600.14
      2200          0      48460    25.9801   -64.1319          0    4595.15    23880.6    28475.8     250.72   -600.818
      2100          0      48460     26.004   -66.6845          0    4650.32    24131.4    28781.8    250.796     -601.5
      2000          0      48460    26.0279   -68.7371          0    4705.96    24382.3    29088.3    250.872    -602.18
      1900          0      48460    26.0519   -70.3747          0    4762.46    24633.8    29396.3    251.481   -602.854
      1800          0      48460     26.076   -71.6732          0    4817.76    24885.4    29703.1    251.591   -603.518
      1700          0      48460       26.1   -72.8402          0     4871.4    25137.9    30009.3    252.527    -604.17
      1600          0      48460    26.1242   -74.1911          0    4927.47    25392.1    30319.6    254.163   -604.812
      1500          0      48460    26.1484   -75.6506          0    4983.68    25644.5    30628.2    252.397   -605.446
      1400          0      48460    26.1726   -77.2092          0    5039.15    25895.3    30934.4    250.777   -606.074
      1300          0      48460    26.1969   -78.8477          0    5098.21    26146.8      31245    251.539   -606.697
      1200          0      48460    26.2212   -80.1176          0    5168.76    26399.1    31567.8    252.292   -607.316
      1100          0      48460    26.2456   -80.2218          0    5235.56      26652    31887.6    252.964   -607.926
      1000          0      48460      26.27   -79.4939          0    5299.05    26905.5    32204.6    253.495   -608.515
       900          0      48460    26.2944   -77.9281          0    5361.28    27158.9    32520.2    253.356   -609.075
       800     0.0025      48460     26.319   -75.6711          2    5422.67    27415.9    32838.6    257.001   -609.602
       700          0    48460.2    26.3433   -72.6814          0    5479.33    27673.6      33153    257.723   -610.098
       600          0    48460.2    26.3678   -68.7593          0    5542.89    27928.4    33471.3    254.807   -610.538
       500          0    48460.2    26.3925   -64.1186          0    5603.51    28182.7    33786.2     254.25   -610.926
       400          0    48460.2    26.4172   -58.7789          0    5672.75      28439    34111.7     256.31   -611.259
       300          0    48460.2     26.442   -52.8593          0    5727.14    28690.3    34417.4    251.285   -611.532
       200          0    48460.2    26.4668   -46.0561          0     5783.8    28941.1    34724.9    250.826   -611.743
       100          0    48460.2    26.4916   -37.7227          0    5820.45    29196.1    35016.5    254.964   -611.883
         0     0.0025    48460.2    26.5165    -28.248          2    5838.27    29470.1    35308.4    274.041   -611.941