     20000          0          0    179.437    360.884          0    72.1462    14.2831    86.4292    14.2831    11.5902
     19900          0          0    179.437    359.969          0    137.737    29.7361    167.473    15.4531    11.4636
     19800          0          0    179.437    359.341          0    208.376    46.3592    254.735    16.6231    11.3374
     19700          0          0    179.437    359.089          0    271.967    60.5222    332.489    14.1631    11.2274
     19600          0          0    179.437    359.125          0    317.022    72.5053    389.527    11.9831    11.1491
     19500          0          0    179.437    357.423          0    373.679    82.0183    455.697    9.51306    11.0795
     19400          0          0    179.437    354.692          0    439.527    94.1014    533.629    12.0831    10.9319
     19300          0          0    179.437    352.174          0    503.653    106.214    609.868    12.1131    10.6825
     19200          0          0    179.437    349.661          0    559.193    118.358     677.55    12.1431    10.3492
     19100          0          0    179.437    348.803          0     613.19    130.011      743.2    11.6531     9.9636
     19000          0          0    179.437     348.94          0     666.55    142.474    809.023    12.4631    9.60804
     18900          0          0    179.437    347.329          0     718.82    155.747    874.567    13.2731    9.28112
     18800          0          0    179.437    344.749          0    782.311     166.28    948.591    10.5331    8.89336
     18700          0          0    179.437    342.964          0    857.327    178.113    1035.44    11.8331    8.43186
     18600   0.128752   0.128752    179.437    341.566          0    945.571    192.576    1138.15     14.463    7.90775
     18500          0    12.8752    179.664    339.894          0    1041.62    201.032    1242.65    8.45589    4.53182
     18400          0    12.8752    179.935    338.354          0    1104.61    208.767    1313.38    7.73488    4.65461
     18300          0    12.8752    180.066    335.236          0    1155.11    216.721    1371.83    7.95438    4.56528
     18200          0    12.8752    180.131    331.112          0     1234.3     224.61    1458.91     7.8889    4.23516
     18100          0    12.8752    180.162    327.618          0    1337.44    231.941    1569.38    7.33125    3.68345
     18000          0    12.8752    180.173    324.372          0    1435.93    239.822    1675.75    7.88041    2.97395
     17900          0    12.8752    180.171    323.439          0    1527.03     249.12    1776.15    9.29859    2.17412
     17800          0    12.8752    180.162    323.935          0    1616.23    259.288    1875.52    10.1677    1.40949
     17700          0    12.8752    180.149    322.113          0    1704.91    268.859    1973.77    9.57143   0.689007
     17600          0    12.8752    180.132    319.027          0    1782.56    282.452    2065.02    13.5927  -0.101541
     17500          0    12.8752    180.115    319.108          0    1844.18    295.722     2139.9    13.2703  -0.940941
     17400          0    12.8752    182.775    350.097          0    1869.59     304.73    2174.32    9.00759   -2.53896
     17300          0    12.8752    183.575    359.822          0    1894.41    313.878    2208.28    9.14786   -2.71565
     17200          0    12.8752    184.014     365.92          0    1911.42    326.948    2238.36    13.0707   -2.48824
     17100   0.205662    13.0809     184.45    369.898          0    1914.16    341.128    2255.29      14.18   -2.13848
     17000          0    33.4414    185.224    372.066          0    1914.84    358.005    2272.84    16.8763   -6.32982
     16900          0    33.4414    186.209    368.571          0     1922.8    375.421    2298.22    17.4164    -5.0417
     16800          0    33.4414    187.188    361.286          0    1930.84    393.423    2324.26    18.0021   -4.31814
     16700          0    33.4414    188.207     352.76          0    1936.81    413.106    2349.92    19.6829   -4.20331
     16600          0    33.4414     189.28    343.089          0    1944.75    436.976    2381.73    23.8703   -4.65186
     16500   0.224582    33.6659    190.407    344.031          0    1947.88    454.923     2402.8    17.9464   -5.50022
     16400   0.247746    56.1473    191.841    351.714          0     1958.9    477.049    2435.95    22.1263   -11.1412
     16300   0.224275    80.8984    193.696     356.01          0    1979.21    495.869    2475.08    18.8199   -15.8111
     16200   0.251531    103.353    195.811    358.596          0    2003.89    519.503    2523.39     23.634   -18.8595
     16100    0.25971    128.514    198.114    349.331          0    2024.08    545.127    2569.21    25.6237   -21.9764
     16000  0.0229617    154.249    200.584    331.974          0    2033.29    568.246    2601.54    23.1193   -25.2817
     15900          0    156.522    202.907    322.828          0    2036.81    589.192       2626    20.9459    -23.636
     15800   0.208769    156.731    204.919    318.807          0    2042.88    606.632    2649.51    17.4406   -22.3677
     15700   0.200089    177.599    206.979    315.841          0    2049.02    623.164    2672.18    16.5314   -26.2457
     15600    0.17619    197.584    209.242    313.763          0    2055.82    636.682    2692.51    13.5183   -29.3782
     15500   0.162187    215.189    211.592    310.925          0    2061.81     648.62    2710.43    11.9379   -31.5774
     15400   0.144544     231.39    213.965    307.713          0    2071.88     658.66    2730.54    10.0396   -33.2907
     15300   0.152583    245.852    216.327    306.131          0    2089.33    669.649    2758.98    10.9895   -34.5257
     15200   0.154631    261.113    218.681    305.672          0    2107.11    679.041    2786.16    9.39203   -35.8388
     15100   0.119762    276.541    221.044    311.474  0.0104769    2133.24     686.77    2820.01    7.72909   -36.9153
     15000  0.0984481    288.496    223.374    321.734   0.206821    2172.92    692.699    2865.62    5.92863   -36.6524
     14900  0.0492111    298.291    225.607    329.795   0.664205    2223.18    695.739    2918.91    3.03956   -35.4362
     14800    1.27131    304.435    227.676      336.8    1.26304    2284.92    697.341    2982.26    1.60289   -33.2292
     14700          0    430.294    229.402    327.095          0    2339.01    697.749    3036.75  -0.407449   -56.7108
     14600          0    430.294    221.411     258.01          0    2351.98    712.178    3064.16    14.4291   -49.2917
     14500          0    430.294    218.829    231.455          0    2355.08    732.697    3087.77    20.5187   -48.0003
     14400          0    430.294    218.822    215.261          0    2365.41    755.228    3120.64    22.5319   -49.1759
     14300          0    430.294    219.738    201.366          0    2378.33    774.641    3152.97    19.4121   -51.2982
     14200          0    430.294    220.918    189.534          0    2397.65    792.275    3189.92    17.6347   -53.7558
     14100          0    430.294    222.129    183.228          0     2417.3    808.479    3225.78     16.204   -56.1813
     14000          0    430.294    223.305    180.386          0    2446.01    822.159    3268.17    13.6802   -58.2728
     13900          0    430.294    224.437    175.556          0    2479.77    838.293    3318.06    16.1332   -60.0123
     13800          0    430.294    225.522    169.836          0    2504.63    851.285    3355.92    12.9925   -61.5947
     13700          0    430.294    226.561    165.668          0    2545.29    866.074    3411.36    14.7886   -63.0856
     13600          0    430.294    227.557    162.372          0    2578.58    879.722    3458.31    13.6484   -64.4603
     13500          0    430.294    228.513    165.602          0    2612.22    887.039    3499.26    7.31715    -65.626
     13400          0    430.294    229.435     172.81          0    2644.51    896.645    3541.15    9.60537   -66.3028
     13300          0    430.294    230.326    169.893          0    2677.35    903.178    3580.53    6.53379   -66.6212
     13200          0    430.294    233.894     190.72          0    2692.98    909.199    3602.18    6.02094    -67.032
     13100          0    430.294    236.152    197.306          0    2702.62    909.486    3612.11   -0.28698   -66.4139
     13000          0    430.294     237.97    203.174          0    2720.32    910.002    3630.33   0.515589   -65.4274
     12900  0.0586204    430.353    239.424    209.434    1.93985     2722.9    910.718    3633.62  -0.716305   -64.2789
     12800  0.0325691    436.189     240.47    215.735    1.54971     2728.5     911.13    3639.63   0.411601   -64.2356
     12700          0    439.413    241.369    217.999          0    2728.77    912.363    3641.14    1.23303   -63.3986
     12600          0    439.413    242.391    217.392          0    2747.18    915.122     3662.3    2.75931   -62.0527
     12500   0.040021    439.453    243.483    217.291          0    2763.02    918.627    3681.64    3.50447   -61.1161
     12400          0    443.415    244.669    217.253          0    2780.99    920.057    3701.05    1.43058   -61.3182
     12300          0    443.415    245.911      215.9          0    2788.02    920.932    3708.96   0.875066   -60.7908
     12200  0.0433912    443.459    247.159     213.58   0.673574    2795.46    923.076    3718.53    2.14354   -60.6174
     12100  0.0768421    447.831    248.446    212.731   0.322209    2811.89    927.072    3738.96    3.99609   -61.6532
     12000  0.0814699     455.52    249.833     212.76    1.52012    2837.13    927.337    3764.46   0.264944   -63.3528
     11900  0.0651992    463.651     251.23    213.716   0.440229    2867.25    930.661    3797.91     3.3239   -64.9204
     11800  0.0446503     470.15    252.649     215.38   0.656263    2903.53    933.052    3836.58    2.39149   -65.8854
     11700   0.165562    474.736    254.127    224.569          0    2952.35    935.507    3887.85    2.45465   -66.1519
     11600   0.169374    491.296    241.978    199.469          0     2982.7    950.892    3933.59    15.3855   -68.8267
     11500          0    508.064    238.202    181.644          0    3004.91    978.457    3983.37    27.5645   -73.2726
     11400          0    508.064    237.904    158.046          0       3016     1008.5     4024.5    30.0477   -75.0922
     11300   0.191215    508.255    238.683    146.878          0    3020.77     1035.3    4056.07    26.7946   -77.9514
     11200          0    527.186    240.143     142.26          0    3021.15    1060.01    4081.16    24.7065   -84.5198
     11100          0    527.186    241.714    134.336          0    3042.01    1083.19     4125.2     23.186    -86.092
     11000          0    527.186    243.036    124.943          0    3071.67    1104.96    4176.62    21.7638   -87.8107
     10900          0    527.186    244.226    119.543          0    3091.99    1128.33    4220.32    23.3743   -89.6212
     10800          0    527.186    245.338     116.41          0    3100.67    1148.54    4249.21    20.2125   -91.3212
     10700          0    527.186    246.392    112.396          0    3110.93    1168.37     4279.3    19.8326   -92.8935
     10600          0    527.186    247.399    107.992          0    3125.36    1187.88    4313.23    19.5009   -94.4331
     10500          0    527.186    248.361    105.313          0       3140    1207.01    4347.01    19.1385   -95.9497
     10400          0    527.186    249.282    103.647          0    3155.25    1223.93    4379.18    16.9177   -97.3778
     10300          0    527.186    250.165    102.567          0    3163.87    1238.67    4402.54     14.735   -98.7032
     10200          0    527.186    251.014    101.408          0    3173.34    1253.35    4426.69    14.6863    -99.928
     10100          0    527.186    251.833    99.2364          0    3198.91    1265.22    4464.13    11.8671   -101.114
     10000          0    527.186    252.627    96.7421          0    3217.88    1276.59    4494.47    11.3732   -102.314
      9900          0    527.186    253.399    94.0772          0    3225.93    1287.49    4513.43    10.9012   -103.545
      9800  0.0697606    527.255    254.151    91.2785          0    3235.03    1297.09    4532.11    9.59251   -104.835
      9700          0    534.162    255.016    88.2432          0    3237.04    1305.26     4542.3    8.17191   -107.509
      9600          0    534.162    255.882    85.1627          0    3238.46    1312.01    4550.47    6.74922   -108.573
      9500          0    534.162    256.647    82.0599          0    3244.21    1317.44    4561.65    5.42754   -109.774
      9400          0    534.162    257.362    79.7217          0    3266.75    1325.27    4592.03    7.83831   -111.072
      9300          0    534.162    258.045    77.8297          0    3288.48    1331.03    4619.51    5.75519   -112.406
      9200          0    534.162    258.701    76.1841          0    3309.13    1336.03    4645.16    4.99866   -113.749
      9100          0    534.162    259.332     74.708          0    3321.68     1338.7    4660.38    2.66763   -115.085
      9000          0    534.162    259.941    73.3673          0    3332.05    1339.34    4671.39  -0.640741   -116.405
      8900          0    534.162    260.531    72.1543          0    3353.07    1339.46    4692.53   0.119345   -117.704
      8800          0    534.162    261.105    71.0421          0    3362.51    1340.04    4702.54  -0.580416   -118.976
      8700          0    534.162    261.668    70.0133          0    3364.38     1341.3    4705.68   -1.26752   -120.219
      8600  0.0545668    534.216    262.219    69.0584    1.79412    3367.77    1342.97    4710.75   -1.66891   -121.442
      8500          0    539.618    262.705    68.0913          0    3370.58    1344.98    4715.56    -2.0046   -123.657
      8400  0.0655676    539.684    263.171    67.6533    1.72395    3371.27    1346.85    4718.11   -1.87148   -124.559
      8300  0.0961637    546.271    263.601    67.4735          2    3382.05    1352.15     4734.2   -5.30072   -126.713
      8200  0.0802662    555.872    263.885    67.4371          2    3388.55    1357.16    4745.71   -5.01031   -129.113
      8100  0.0786971    563.897    264.062    67.5962          2     3398.3    1361.77    4760.07   -4.61236    -130.81
      8000  0.0832053    571.771    264.197    67.9295          2    3400.22    1366.24    4766.47   -4.47205   -132.234
      7900  0.0811749     580.09    264.299    68.4759          2    3411.47    1370.54    4782.01   -4.29892   -133.545
      7800  0.0755118    588.201    264.377     69.201          2    3420.56    1375.22    4795.78   -4.67719   -134.625
      7700  0.0707077    595.748    264.448    70.0997          2    3427.52    1379.27    4806.79   -4.04842   -135.441
      7600   0.075684    602.824    264.524    71.1816          2    3436.72    1383.69    4820.41   -4.42356   -136.051
      7500          0    610.316    264.595    72.4031          0    3451.38    1388.46    4839.84   -4.76963   -136.646
      7400          0    610.316     264.76    72.8098          0    3469.28    1393.67    4862.95   -5.21041   -135.738
      7300   0.074668    610.391    265.044     72.742          2    3488.48    1397.44    4885.92   -3.76856   -135.146
      7200          0    617.783    265.278    72.3051          0    3511.38    1399.72     4911.1   -2.27816   -136.166
      7100  0.0646036    617.848     265.52    71.7317          2    3534.94    1402.94    4937.88   -3.22031   -135.651
      7000          0    624.243    265.751    70.9648          0    3550.87    1411.09    4961.96   -8.15082   -136.558
      6900          0    624.243        266    70.1482          0    3566.79    1418.99    4985.78   -7.90002   -136.147
      6800          0    624.243    266.322    69.2851          0    3580.85    1422.41    5003.26   -3.42157   -135.948
      6700          0    624.243    266.675    68.3707          0    3594.41    1426.99    5021.39   -4.57547   -135.909
      6600          0    624.243    267.042    67.4294          0    3608.63    1434.63    5043.26   -7.64231   -135.992
      6500          0    624.243    267.412    66.4505          0    3619.93    1440.94    5060.87   -6.31201   -136.167
      6400  0.0940189    624.337     267.78    65.7442          2    3630.63    1447.52    5078.15   -6.58026   -136.431
      6300          0    633.645    268.015    65.0671          0    3642.24    1452.59    5094.83   -5.06456   -138.468
      6200          0    633.645     268.22    64.5513          0    3661.88    1457.01    5118.89   -4.42004   -138.347
      6100  0.0760576    633.721    268.502    64.1697          2    3682.36    1460.86    5143.22   -3.85233   -138.369
      6000  0.0613857    641.312    268.711    63.7521          2    3692.02    1464.07    5156.09   -3.21058   -139.893
      5900          0     647.39    268.826    63.3564          0    3703.71     1469.2    5172.91   -5.12615   -140.844
      5800          0     647.39    268.996    63.0842          0    3721.66    1472.69    5194.35   -3.49583   -140.509
      5700  0.0675721    647.457    269.249    62.8846     1.9913    3729.82    1476.04    5205.86   -3.34894   -140.354
      5600  0.0765369    654.223    269.446    62.6308    1.86549    3736.33    1479.34    5215.67   -3.29629   -141.574
      5500  0.0637419    661.864    269.553    62.3478    1.96057    3752.89    1482.49    5235.38   -3.15345   -142.733
      5400          0    668.175    269.622    61.3708          0     3768.9    1485.69    5254.59   -3.19749   -143.447
      5300  0.0677507    668.242    269.757    60.0647    1.96366    3777.36    1488.99    5266.35   -3.30702    -142.95
      5200          0     674.95    269.889    58.4764          0    3798.18    1489.08    5287.26 -0.0890388   -143.971
      5100          0     674.95    270.043    56.7938          0    3805.96    1489.93    5295.89  -0.843018   -143.652
      5000          0     674.95    270.272     55.013          0    3807.41     1491.6    5299.01   -1.67166   -143.591
      4900          0     674.95    270.535    53.1525          0    3807.46    1492.13     5299.6   -0.53478   -143.734
      4800          0     674.95    270.815    51.2092          0    3811.54     1492.2    5303.74 -0.0649902   -144.038
      4700          0     674.95    271.104    49.1985          0    3821.46    1492.59    5314.05   0.395733   -144.476
      4600          0     674.95    271.399    47.1493          0    3822.48    1494.19    5316.68   -1.59858   -145.025
      4500  0.0542537    675.004    271.696    45.0426    1.97575     3823.3    1496.79    5320.09   -2.59573    -145.68
      4400          0    680.375     271.92      43.18          0    3824.72    1497.61    5322.33  -0.820433   -147.405
      4300          0    680.375    272.131    41.5301          0    3825.68    1498.24    5323.92  -0.631314    -147.93
      4200  0.0223385    680.397    272.388    40.0002    1.47311    3829.22    1498.43    5327.64  -0.187642    -148.56
      4100  0.0405522     682.65    272.652    38.5177    1.61737    3836.78    1499.38    5336.16  -0.951718   -149.682
      4000    0.11218    686.776     272.89    37.0393    1.13822    3844.72    1499.79    5344.51   0.410025    -151.11
      3900  0.0409851    697.923    273.134     35.463   0.603906    3855.28    1501.55    5356.83    1.76582   -153.729
      3800  0.0184748    701.999    273.437     33.939    1.40341    3864.23    1501.57    5365.79  0.0130982   -154.642
      3700  0.0264654    703.855    273.743    31.9255    1.55714    3877.28    1501.99    5379.27  -0.417695   -155.178
      3600  0.0317489    706.506    274.004    28.4076    1.66093    3887.93    1502.79    5390.72  -0.803943   -156.052
      3500  0.0244465    709.674    274.225    24.2263   0.813882    3897.82    1503.56    5401.39    0.77496   -157.197
      3400  0.0311551    712.125    274.458    19.8106    1.50332    3903.78    1504.02     5407.8  -0.458376   -158.367
      3300          0     715.21    274.692    15.1496          0    3907.12    1504.36    5411.49  -0.341932   -159.838
      3200          0     715.21    274.918    10.8625          0    3909.15    1504.58    5413.73  -0.217975   -160.879
      3100          0     715.21    275.152    7.90569          0    3912.69    1505.08    5417.78  -0.501768   -162.127
      3000          0     715.21    275.388    5.42335          0    3913.15    1505.87    5419.03  -0.787561   -163.489
      2900          0     715.21    275.623    3.27554          0    3913.18       1506    5419.18  -0.122981   -164.918
      2800          0     715.21    275.857    1.36264          0    3913.63    1506.55    5420.18  -0.557027   -166.383
      2700          0     715.21    276.089  -0.552271          0    3920.13    1509.36    5429.49    2.81073   -167.866
      2600  0.0521563    715.262     276.32   -2.79853    1.92725    3935.76    1511.78    5447.54    -2.4195   -169.386
      2500          0    720.425     276.48   -5.21342          0    3939.05     1513.2    5452.25    1.42015    -171.87
      2400          0    720.425    276.624   -7.62202          0    3940.38    1514.18    5454.56   0.976027   -173.219
      2300          0    720.425    276.807   -10.0303          0    3943.67    1514.52     5458.2   0.342836   -174.659
      2200          0    720.425    277.007   -12.2992          0    3953.48    1514.83    5468.31   -0.30684    -176.17
      2100          0    720.425    277.214   -14.1619          0    3956.13    1515.24    5471.37  -0.413533   -177.717
      2000          0    720.425    277.423   -15.8567          0    3958.88    1515.76    5474.65  -0.523109   -179.273
      1900          0    720.425    277.634   -17.4238          0    3962.43    1515.87     5478.3  -0.100322   -180.826
      1800          0    720.425    277.844   -18.8925          0    3964.95    1516.04    5480.99  -0.177547   -182.364
      1700          0    720.425    278.054   -20.3769          0    3966.13    1516.62    5482.75   0.572433   -183.884
      1600          0    720.425    278.262   -22.0491          0    3970.06    1518.64    5488.71    2.02516   -185.394
      1500          0    720.425    278.466   -23.7738          0    3974.39    1518.72    5493.11  0.0790739   -186.899
      1400          0    720.425    278.664   -25.5375          0    3978.19    1520.43    5498.62   -1.71376   -188.401
      1300          0    720.425    278.856   -27.3246          0    3985.73    1521.55    5507.28   -1.11965     -189.9
      1200          0    720.425    279.042   -28.8441          0    4005.01    1522.08    5527.09  -0.528441   -191.396
      1100          0    720.425    279.222   -29.6182          0     4021.2    1522.09    5543.29 -0.0123671   -192.853
      1000          0    720.425    279.398   -30.0666          0    4035.26    1522.46    5557.72   0.367374   -194.244
       900          0    720.425    279.567   -30.1639          0    4049.73    1522.54    5572.28  0.0826742   -195.557
       800          0    720.425    279.731   -29.9973          0    4065.44    1526.13    5591.58    3.58883    -196.78
       700          0    720.425    279.889   -29.5168          0    4078.94    1530.31    5609.25    4.17741   -197.908
       600          0    720.425    280.042   -28.5712          0    4102.31    1531.44    5633.75    1.13309   -198.926
       500          0    720.425    280.189   -27.3439          0    4126.16     1531.9    5658.06   0.453228   -199.821
       400          0    720.425    280.331   -25.8097          0    4162.43    1534.29    5696.72     2.3961   -200.588
       300          0    720.425    280.468   -24.0248          0    4187.98    1537.03    5725.02   -2.74173   -201.223
       200          0    720.425      280.6    -21.766          0    4220.35    1540.34     5760.7   -3.30793   -201.721
       100          0    720.425    280.728   -18.6137          0    4237.89    1541.07    5778.96   0.727532   -202.049
         0          0    720.425     280.85   -14.9764          0    4242.44    1560.78    5803.22    19.7075   -202.182