     20000          0          0    179.437    374.571          0    58.4594    14.2831    72.7424    14.2831     21.651
     19900          0          0    179.437    373.647          0    110.373    29.7361    140.109    15.4531    21.5232
     19800          0          0    179.437    373.013          0     167.34    46.3592    213.699    16.6231    21.3957
     19700          0          0    179.437    372.758          0    217.262    60.5222    277.784    14.1631    21.2846
     19600          0          0    179.437    372.794          0    248.648    72.5053    321.153    11.9831    21.2055
     19500          0          0    179.437    371.075          0    291.652    82.0183    373.671    9.51306    21.1352
     19400          0          0    179.437    368.317          0    343.876    94.1014    437.977    12.0831    20.9862
     19300          0          0    179.437    365.774          0    394.402    106.214    500.616    12.1131    20.7343
     19200          0          0    179.437    363.236          0    436.366    118.358    554.723    12.1431    20.3977
     19100          0          0    179.437    362.369          0    476.796    130.011    606.807    11.6531    20.0082
     19000          0          0    179.437    362.508          0    516.588    142.474    659.062    12.4631    19.6491
     18900          0          0    179.437    360.881          0    555.307    155.747    711.053    13.2731     19.319
     18800          0          0    179.437    358.275          0    605.272     166.28    771.551    10.5331    18.9274
     18700          0          0    179.437    356.473          0    666.779    178.113    844.892    11.8331    18.4613
     18600          0          0    179.437     355.06          0    741.529    192.576    934.104    14.4631    17.9655
     18500          0          0    179.437    353.704          0    823.764    201.259    1025.02    8.68306    17.4537
     18400          0          0    179.437    352.408          0    872.706    209.492     1082.2    8.23306    16.9279
     18300          0          0    179.437    349.386          0     909.05    218.075    1127.13    8.58306    16.3623
     18200          0          0    179.437    345.298          0    974.052    226.658    1200.71    8.58306    15.6757
     18100          0          0    179.437    341.814          0       1063    234.714    1297.71    8.05639    14.8535
     18000          0          0    179.437    338.557          0     1147.3    243.331    1390.63    8.61639    13.9367
     17900          0          0    179.437    337.625          0    1224.22    253.364    1477.58    10.0331    12.9765
     17800          0          0    179.437    338.126          0    1299.23    264.257    1563.49    10.8931    12.0876
     17700          0          0    179.437    336.277          0    1373.75     274.54    1648.29    10.2831    11.2702
     17600          0          0    179.437    333.147          0    1437.28    288.828    1726.11    14.2881    10.4022
     17500          0          0    179.437    333.217          0    1484.78    302.776    1787.56    13.9481    9.50021
     17400          0          0    182.115     364.52          0    1495.77    312.444    1808.22    9.66738    7.85112
     17300   0.210952   0.210952    182.934    374.343          0    1506.07    322.233     1828.3    9.78925    7.59132
     17200   0.397827    21.4931    183.628    380.148          0    1508.85    335.689    1844.54    13.4567    2.88719
     17100   0.392297    61.2702    184.851    383.159          0    1524.86    349.468    1874.33    13.7786   -4.86199
     17000   0.409723    100.517    186.649    384.196          0    1536.32    364.919    1901.23    15.4505   -10.8163
     16900          0     141.08    188.878     379.17          0    1538.96    379.666    1918.62    14.7471   -15.9448
     16800          0     141.08    190.973    370.647          0    1540.27    393.883    1934.16    14.2169   -11.4613
     16700          0     141.08    192.681    361.301          0    1542.84    409.092    1951.94    15.2091   -8.43495
     16600   0.454779    141.535    194.196    351.036          0    1542.85    428.045     1970.9    18.9536   -6.73127
     16500   0.478585    187.036    196.136    350.831  0.0840976    1546.52    440.262    1986.78    12.2169   -15.9658
     16400   0.383687      234.8    198.733    357.151          0    1562.98    455.497    2018.48    15.2347   -23.7037
     16300   0.305078     273.09    201.659     360.26          0    1587.54    466.353     2053.9    10.8566   -27.5651
     16200   0.368734    303.661    204.672     361.85          0    1615.47    481.126     2096.6     14.773   -28.9315
     16100   0.380812    340.547    207.773    351.743          0    1638.08    497.091    2135.17    15.9645   -31.5666
     16000    0.32436    378.572    211.026    333.615          0    1648.93    509.768     2158.7    12.6772   -34.6804
     15900     0.3676    411.051    214.337    323.421   0.273847    1653.04    519.283    2172.32    9.51503   -36.9346
     15800   0.137529    447.581    217.604    318.078   0.486984    1658.38    524.039    2182.42    4.75569    -40.166
     15700  0.0900371    461.286    220.584    314.271   0.952382    1662.95    526.965    2189.92    2.92641     -38.28
     15600   0.148954    470.349    223.135     311.89          2    1667.88     527.34    2195.22  -0.375242   -36.0923
     15500   0.171445    485.267    225.225    309.009          2    1671.95    529.036    2200.98   -1.69533   -35.8332
     15400   0.190984    502.431    226.894    305.899          2    1680.21    531.925    2212.13   -2.88929   -36.3242
     15300   0.161731      521.5    228.261    304.494    1.89219    1696.02     532.87    2228.89  -0.944443   -37.2998
     15200   0.148448     537.66    229.455    304.337          2    1712.47    534.251    2246.72   -1.38171   -37.5386
     15100   0.157694    552.514    230.554     310.53          2    1737.65    536.032    2273.68   -1.78055   -37.3917
     15000   0.168661    568.294    231.569    321.229          2    1776.83    538.299    2315.13   -2.26676   -37.0566
     14900    0.20278    585.194    232.509    329.725          2    1827.01    542.161    2369.17   -3.86217   -36.4468
     14800   0.202972    605.472    233.358    337.032          2    1888.98     546.24    2435.22   -4.07936   -36.1772
     14700          0    625.567     234.06    329.064          0    1945.04    551.306    2496.35   -5.06588   -35.6755
     14600          0    625.567    225.035    261.894          0     1961.9    562.111    2524.01     10.805    -32.229
     14500          0    625.567    221.918     236.14          0    1963.49    579.541    2543.03    17.4299   -33.9068
     14400   0.204501    625.771    221.597    220.492          0     1968.6    599.298    2567.89    19.7574   -37.3182
     14300          0    646.017    222.675      206.5          0    1976.38    615.773    2592.15    16.4745   -45.2668
     14200          0    646.017    224.131    194.566          0    1990.67    630.195    2620.86    14.4218   -47.9727
     14100          0    646.017    225.421    188.267          0    2005.28    643.107    2648.38    12.9121   -50.6104
     14000          0    646.017    226.603    185.451          0    2028.93    653.489    2682.42    10.3822   -52.8766
     13900          0    646.017    227.708    180.638          0     2057.6    666.351    2723.95    12.8619   -54.7589
     13800          0    646.017    228.766    174.921          0    2077.38      676.1    2753.48    9.74944   -56.4592
     13700          0    646.017    229.785    170.759          0    2112.94    687.665    2800.61    11.5647   -58.0475
     13600          0    646.017    230.769    167.469          0    2141.14    698.101    2839.25    10.4359   -59.5013
     13500          0    646.017    231.717    170.725          0    2169.66    702.214    2871.87    4.11303   -60.7307
     13400          0    646.017    232.631    177.973          0    2196.78    708.623     2905.4    6.40911    -61.457
     13300          0    646.017    233.515    175.053          0    2224.46    711.968    2936.43    3.34529   -61.8142
     13200          0    646.017    237.092    196.012          0     2234.8    714.791    2949.59    2.82301   -62.2557
     13100   0.194903    646.212    239.358    202.625          2    2239.13    718.284    2957.41    -3.4926   -61.7064
     13000          0    665.507    241.016    208.319          0    2251.68    720.814     2972.5   -2.53035   -64.7582
     12900   0.180164    665.687     242.24    214.474          2    2254.14    724.347    2978.49   -3.53277   -62.8097
     12800   0.177999    683.702    243.033    220.635    1.96286    2264.64    726.498    2991.13   -2.15147   -64.6552
     12700   0.111005    701.434    243.553    222.664    1.89971    2269.58    727.449    2997.02  -0.950058    -65.815
     12600          0    712.424    244.143    221.816          0    2283.55    728.456    3012.01    1.00716   -65.3526
     12500          0    712.424    244.891    221.612          0    2295.07    730.552    3025.62    2.09657   -62.8605
     12400          0    712.424    245.802    221.613          0    2308.69     730.85    3039.54   0.297909   -61.0385
     12300          0    712.424    246.822    220.322          0     2311.3    730.886    3042.18 -0.0362567    -59.777
     12200    0.52495    712.949    247.922    218.056    1.15937    2323.21    732.267    3055.47    1.38039    -59.157
     12100    0.13652    765.055    249.096    216.717   0.414222    2343.62    735.613    3079.24    3.34624   -69.6772
     12000   0.113951    778.685    250.435    216.318    1.92971    2372.42     735.95    3108.37  -0.337039   -70.2057
     11900   0.114355     790.08    251.768    217.065   0.526745    2405.89    738.736    3144.63    2.78605   -70.3633
     11800    873.003     1674.4    253.003    218.501          2    2445.29    740.773    3186.06    2.03702   -236.465
     11700   0.332475      88102    82.7299     160.75   0.280993    2460.29    914.625    3374.91    173.852   -951.278
     11600     1.6485    88136.6    25.6411    179.241          0    2470.42    1146.35    3616.76    231.723   -936.539
     11500    1.93312    88301.7    15.9364    207.925          0    2518.91    1396.18    3915.08     249.83    -924.68
     11400          0    88493.1    12.6628    235.619          0    2607.57    1651.47    4259.04    255.289   -913.554
     11300          0    88493.1    11.3583    263.115          0    2728.58    1905.59    4634.17    254.119   -901.991
     11200          0    88493.1    10.7386    299.003          0    2884.94     2159.7    5044.64    254.111   -890.057
     11100          0    88493.1    10.4656     338.95          0     3068.7    2414.13    5482.83    254.434   -877.774
     11000          0    88493.1    10.3733    370.252          0    3284.35    2668.56    5952.91    254.427   -865.267
     10900          0    88493.1    10.3752     393.38          0    3537.86    2925.78    6463.64    257.225   -852.719
     10800    2.12662    88495.2    10.4255    415.558          0    3828.33    3180.91    7009.24    255.124   -840.347
     10700    2.04401    88707.8    10.7341    436.436          0    4142.11     3436.4    7578.51    255.491   -829.772
     10600    1.91283    88912.1    11.2933     447.49          0    4467.18    3692.01    8159.19    255.607   -819.719
     10500     3.8501    89105.3    11.8647    448.796          0    4796.02    3947.64    8743.67    255.635   -810.217
     10400    3.31578    89489.8    12.6898    444.024          0    5121.15    4201.15     9322.3     253.51   -803.201
     10300    1.81882    89819.8    13.6759    429.866          0    5439.82    4452.38     9892.2    251.224   -796.266
     10200    1.74877    90001.7    14.3256    410.007          0    5738.96    4703.75    10442.7    251.374   -788.413
     10100    3.13509    90177.9    14.6989    388.313          0    6002.46    4952.75    10955.2    249.001   -781.333
     10000    1.57082    90489.9    15.2742    364.293          0    6251.05    5201.48    11452.5    248.726   -776.737
      9900     1.5394    90646.9    15.7318    337.559          0    6486.47    5450.05    11936.5    248.568   -770.792
      9800    1.47577    90800.8    15.9497    312.038          0    6698.14    5697.84      12396    247.794   -765.628
      9700     1.4402    90948.3     16.131    287.975          0    6895.85     5944.9    12840.7    247.057   -761.151
      9600    1.38453    91092.3    16.3042    265.214          0    7074.49    6191.22    13265.7    246.327    -757.33
      9500    1.31511    91230.7    16.4725    243.601          0    7230.28    6436.83    13667.1    245.602   -754.058
      9400    1.19157    91362.1    16.6306    223.969          0    7351.98    6685.39    14037.4    248.569   -751.242
      9300    1.13752    91481.2     16.765    206.686          0    7459.11    6932.43    14391.5    247.035   -748.738
      9200    1.08886    91594.9     16.883    191.563          0    7553.84    7179.25    14733.1    246.817   -746.607
      9100    1.08185    91703.8    16.9965    178.286          0    7644.87    7424.25    15069.1    245.004   -744.801
      9000    1.04648    91811.9    17.1157     166.55          0    7727.68    7666.43    15394.1    242.184   -743.334
      8900   0.929631    91916.4    17.2398    156.096          0     7790.6    7909.84    15700.4     243.41   -742.101
      8800   0.964228    92009.4    17.3458    146.832          0    7856.96    8153.02      16010    243.179   -740.935
      8700   0.974199    92105.9    17.4535    138.647          0    7923.72    8395.97    16319.7    242.946   -740.075
      8600   0.971244    92203.3    17.5796    131.235          0    7989.29    8638.94    16628.2     242.97   -739.425
      8500   0.892922    92300.3    17.7168    124.392          0    8042.78    8881.92    16924.7    242.983   -738.923
      8400   0.889121    92389.6    17.8445    118.589          0     8094.4    9125.38    17219.8    243.456   -738.418
      8300   0.756874    92478.4    17.9665     113.96          0     8130.1    9365.71    17495.8    240.333   -738.034
      8200    2.23527    92555.6    18.0657    110.426          0    8166.59    9606.52    17773.1    240.809   -737.561
      8100   0.650943    92777.5    18.4803    106.429          0    8195.67    9847.49    18043.2     240.97   -739.645
      8000   0.707278    92842.7    18.7628    101.513          0    8227.33    10088.5    18315.8    240.962   -738.668
      7900   0.559207    92913.2    18.8076      98.37          0    8245.98    10329.6    18575.6    241.192   -738.002
      7800    0.58321    92969.2    18.8199    96.8639          0    8264.56    10570.5    18835.1     240.88   -737.247
      7700   0.616557    93027.5    18.8328    96.7814          0    8284.27    10812.1    19096.4    241.567    -736.71
      7600   0.699068    93089.3    18.8748    97.7394          0    8301.63    11053.3      19355    241.225   -736.354
      7500     2.7222    93161.2    18.9568    99.3207          0    8313.89    11294.2    19608.1    240.868   -736.256
      7400   0.154239    93430.9    19.5237     97.659   0.676039    8320.84    11534.2    19855.1    240.026   -739.527
      7300          0    93446.1    19.7946    92.8426          0    8321.74    11775.7    20097.4     241.48   -737.783
      7200          0    93446.1    19.6176    89.6681          0    8327.28    12019.1    20346.4    243.382   -736.136
      7100    2.79746    93448.9    19.4224     87.918          0    8334.66      12262    20596.6    242.878   -734.901
      7000    2.19207    93728.1    19.9034    83.9257          0    8337.63    12499.7    20837.3    237.697   -738.689
      6900          0    93945.1    20.7074    74.4645          0    8349.23      12737    21086.3    237.393   -740.568
      6800          0    93945.1    20.8665    64.6434          0    8367.93    12979.1      21347    242.033   -738.412
      6700          0    93945.1    20.6363    57.8441          0    8392.02    13220.5    21612.6    241.464   -736.721
      6600          0    93945.1     20.417    53.2131          0    8420.45    13459.5      21880    238.983   -735.415
      6500          0    93945.1    20.2432    50.0296          0    8448.17    13700.4    22148.6    240.857   -734.413
      6400    2.30929    93947.4    20.1095    48.2001          0    8476.42    13941.5    22417.9     241.09    -733.69
      6300          0      94176    20.5419    44.8603          0    8508.24    14183.9    22692.1    242.408   -737.057
      6200          0      94176    20.8098    39.7004          0    8552.73    14426.9    22979.6     242.99   -735.765
      6100          0      94176    20.6973     36.448          0    8600.93    14670.8    23271.8    243.953    -734.75
      6000          0      94176    20.5724    34.7003          0    8639.64    14915.7    23555.4    244.928   -733.962
      5900          0      94176    20.4725    33.9952          0    8680.69      15159    23839.7    243.228   -733.354
      5800    2.26211    94178.3    20.3963    34.0061          0    8727.72    15404.1    24131.8    245.104    -732.93
      5700          0    94402.2     20.865    32.0347          0    8766.73    15649.1    24415.8    245.035   -736.467
      5600          0    94402.2    21.1647    27.9279          0    8807.95    15894.1      24702    244.985   -735.357
      5500          0    94402.2    21.0807    25.3837          0    8861.47    16139.4    25000.9    245.319   -734.482
      5400          0    94402.2    20.9778    23.1134          0    8915.74    16384.9    25300.6    245.447   -733.803
      5300          0    94402.2    20.8947    20.7003          0    8963.56    16630.4      25594    245.555   -733.285
      5200          0    94402.2    20.8313    18.0577          0    9024.79    16879.4    25904.2    248.969   -732.894
      5100          0    94402.2    20.7842    15.1699          0    9074.21    17127.8      26202    248.416   -732.607
      5000          0    94402.2    20.7501    11.9966          0    9118.67    17375.7    26494.3     247.85   -732.402
      4900          0    94402.2    20.7261    8.56398          0     9163.2    17624.9    26788.1    249.274   -732.267
      4800      0.005    94402.2      20.71    4.87544        1.1    9213.61      17875    27088.6     250.04   -732.189
      4700          0    94402.7    20.7006   0.953094          0    9271.78    18125.8    27397.5    250.799   -732.169
      4600          0    94402.7    20.6957    -3.1451          0    9323.09    18374.9      27698    249.104   -732.181
      4500          0    94402.7    20.6942   -7.41183          0    9374.73    18623.3      27998    248.406   -732.231
      4400      0.005    94402.7    20.6954   -11.3298        1.1    9427.82    18873.7    28301.5    250.405   -732.313
      4300          0    94403.2    20.6992   -14.8657          0    9485.18    19124.5    28609.7    250.801   -732.432
      4200          0    94403.2    20.7045   -18.0867          0    9539.73      19376    28915.7    251.496   -732.561
      4100          0    94403.2    20.7107   -21.0283          0    9591.71      19627    29218.7    250.989   -732.709
      4000          0    94403.2    20.7178   -23.7451          0    9644.56    19879.6    29524.1    252.582   -732.871
      3900          0    94403.2    20.7257   -26.2797          0    9695.74    20133.7    29829.5    254.174   -733.044
      3800          0    94403.2    20.7341   -28.6666          0     9749.4    20386.4    30135.8    252.716   -733.227
      3700          0    94403.2     20.743   -31.6734          0    9799.94      20639      30439    252.582   -733.419
      3600          0    94403.2    20.7522   -37.0512          0    9854.75    20891.5    30746.2    252.448   -733.625
      3500          0    94403.2    20.7616   -44.3188          0    9913.41    21145.7    31059.1    254.238   -733.855
      3400          0    94403.2    20.7713   -52.8106          0    9980.07    21398.9      31379    253.229   -734.119
      3300          0    94403.2    20.7811   -62.2491          0    10060.8    21652.5    31713.3    253.569   -734.422
      3200          0    94403.2     20.791    -71.744          0    10145.4    21906.4    32051.9    253.909   -734.765
      3100          0    94403.2     20.801   -79.4545          0    10236.4    22160.3    32396.6    253.849   -735.144
      3000          0    94403.2     20.811   -85.7706          0      10328    22414.1    32742.1    253.789   -735.548
      2900          0    94403.2    20.8211    -90.909          0    10422.2    22668.7    33090.9    254.679   -735.967
      2800          0    94403.2    20.8313   -95.0671          0    10518.2    22923.2    33441.4    254.469   -736.395
      2700          0    94403.2    20.8415   -98.6361          0    10622.7    23181.3      33804    258.059   -736.827
      2600          0    94403.2    20.8517   -102.272          0    10737.8    23434.3    34172.2    253.048    -737.26
      2500          0    94403.2     20.862   -105.938          0    10841.9    23691.3    34533.2    257.038   -737.697
      2400          0    94403.2    20.8722   -109.575          0    10945.1    23948.1    34893.2    256.728   -738.138
      2300          0    94403.2    20.8825   -113.177          0    11051.6    24204.3    35255.9    256.267   -738.584
      2200          0    94403.2    20.8928   -116.544          0    11165.6    24460.2    35625.8    255.807   -739.035
      2100          0    94403.2    20.9031   -119.203          0    11273.3      24716    35989.4    255.897   -739.489
      2000          0    94403.2    20.9135   -121.299          0    11381.5      24972    36353.6    255.987   -739.943
      1900          0    94403.2    20.9238   -122.921          0    11490.6    25228.6    36719.2     256.61   -740.395
      1800          0    94403.2    20.9342   -124.147          0    11598.3    25485.4    37083.7    256.732   -740.842
      1700          0    94403.2    20.9446    -125.17          0    11704.3    25743.1    37447.4    257.682   -741.283
      1600          0    94403.2    20.9549   -126.329          0    11812.5    26002.4    37814.9    259.333   -741.718
      1500          0    94403.2    20.9653   -127.586          0    11920.7      26260    38180.6     257.58   -742.148
      1400          0    94403.2    20.9757   -128.935          0    12027.9    26515.9    38543.8    255.974   -742.574
      1300          0    94403.2    20.9861   -130.361          0    12138.4    26772.7    38911.1     256.75   -742.998
      1200          0    94403.2    20.9966   -131.483          0    12260.4    27030.2    39290.6    257.517   -743.419
      1100          0    94403.2     21.007   -131.443          0    12378.4    27288.4    39666.8    258.203   -743.834
      1000          0    94403.2    21.0175   -130.485          0    12492.8    27547.2      40040    258.748   -744.239
       900          0    94403.2    21.0279   -128.619          0    12605.8    27805.8    40411.6    258.622   -744.628
       800          0    94403.2    21.0384   -125.971          0    12717.5    28068.1    40785.5    262.282   -744.997
       700          0    94403.2    21.0489   -122.531          0      12824    28331.1    41155.1    263.018   -745.343
       600          0    94403.2    21.0594   -118.082          0    12936.9    28591.2      41528    260.116   -745.662
       500          0    94403.2    21.0699   -112.811          0    13046.2    28850.8    41896.9    259.573    -745.95
       400          0    94403.2    21.0804   -106.757          0    13163.4    29112.4    42275.8    261.647   -746.205
       300          0    94403.2    21.0909   -100.031          0    13264.9    29369.1      42634    256.636   -746.423
       200          0    94403.2    21.1014   -92.3994          0    13367.9    29625.2    42993.2    256.191   -746.603
       100          0    94403.2     21.112   -83.1667          0      13450    29885.6    43335.6    260.343    -746.74
         0          0    94403.2    21.1225   -72.6456          0    13512.3      30165    43677.3    279.435   -746.828