     20000          0          0    179.437     354.04          0    78.9895    14.2831    93.2726    14.2831     6.5598
     19900   0.198999   0.198999    179.437     353.13          0     151.42    29.7361    181.156     15.453    6.38252
     19800          0    19.8999    179.788     351.99          0     229.41     46.008    275.418    16.2719    1.83408
     19700   0.177977    20.0779    180.207    351.334          0    300.755    59.4008    360.156    13.3928    2.66818
     19600          0    37.6976    180.723    350.705          0     354.23    70.0973    424.327    10.6965  -0.620297
     19500          0    37.6976      181.2    348.529          0     419.78     77.847    497.627    7.74969   0.727139
     19400          0    37.6976    181.429    345.564          0    494.756    87.9383    582.695    10.0913    1.62912
     19300          0    37.6976    181.535    342.914          0    568.142    97.9531    666.095    10.0148    2.16647
     19200          0    37.6976    181.574     340.34          0    633.002    107.959     740.96    10.0057    2.42814
     19100          0    37.6976    181.573    339.454          0    696.347    117.475    813.823    9.51665    2.49582
     19000          0    37.6976    181.548    339.587          0     759.06    127.828    886.888    10.3524    2.48775
     18900          0    37.6976    181.507    338.008          0    820.652    139.031    959.683    11.2034    2.42902
     18800          0    37.6976    181.456    335.478          0    893.414    147.545    1040.96    8.51354    2.24985
     18700          0    37.6976    181.401    333.746          0    977.648    157.413    1135.06    9.86852    1.95164
     18600          0    37.6976    181.345      332.4          0    1075.06    169.969    1245.03    12.5554    1.58928
     18500          0    37.6976    181.288    331.112          0    1179.89    176.801    1356.69    6.83226    1.18418
     18400          0    37.6976    181.232    329.882          0    1251.35    183.239    1434.59    6.43783   0.744663
     18300          0    37.6976    181.179    326.955          0    1310.13     190.08    1500.21    6.84132   0.249697
     18200          0    37.6976    181.128    322.978          0    1397.45    196.972    1594.42    6.89231  -0.377091
     18100          0    37.6976    181.079    319.592          0    1508.62    203.386       1712     6.4139   -1.14722
     18000          0    37.6976    181.034    316.427          0    1615.05    210.406    1825.46    7.01936   -2.01838
     17900          0    37.6976    180.991    315.543          0    1714.05    218.884    1932.93    8.47872   -2.93842
     17800          0    37.6976    180.951    316.065          0    1811.12    228.263    2039.39    9.37872   -3.79323
     17700          0    37.6976    180.914    314.275          0    1907.64    237.069    2144.71    8.80617   -4.58177
     17600          0    37.6976    180.879    311.223          0     1993.1    249.915    2243.01    12.8462   -5.42341
     17500          0    37.6976    180.846    311.313          0     2062.5    262.454    2324.96     12.539   -6.30121
     17400          0    37.6976    183.502     342.12          0    2095.89    270.735    2366.63    8.28085   -7.92056
     17300          0    37.6976    184.295    351.781          0    2128.75    279.163    2407.92    8.42814   -8.12252
     17200          0    37.6976    184.727    357.834          0    2153.85    291.521    2445.37    12.3581   -7.91878
     17100     0.4692    38.1668    185.156     361.78  0.0224343    2159.22    304.995    2464.21    13.4735   -7.65762
     17000          0    84.6176    186.214    363.496          0    2168.46    320.881    2489.34    15.8861   -17.6977
     16900          0    84.6176    187.587    359.616          0    2185.38    336.919    2522.29    16.0379    -15.297
     16800          0    84.6176    188.796    352.139          0    2202.57    353.313    2555.88    16.3936   -13.7229
     16700          0    84.6176     189.96    343.498          0     2217.8    371.242    2589.04    17.9297   -12.9504
     16600          0    84.6176    191.127    333.773          0    2235.06    393.265    2628.32    22.0226   -12.8865
     16500          0    84.6176    192.318    334.612          0     2247.6    409.301    2656.91    16.0358   -13.2753
     16400   0.381047    84.9987    193.539    342.532          0    2249.45     429.73    2679.18     20.429   -13.5748
     16300   0.340119    123.062    195.228    346.879          0    2260.63    447.018    2707.64    17.2881   -21.9571
     16200   0.472922    157.207    197.497    349.227          0    2275.93    468.966     2744.9    21.9479   -27.5381
     16100          0    204.026    200.246    339.516          0    2286.31    492.457    2778.76    23.4914   -34.8117
     16000          0    204.026    202.883    322.288          0    2286.78    513.277    2800.06    20.8203   -31.1347
     15900          0    204.026    205.059    313.365          0    2292.72    532.071     2824.8    18.7937   -29.0938
     15800          0    204.026    206.978    309.448          0    2296.02    547.453    2843.47    15.3821   -27.9389
     15700          0    204.026    208.742    306.876          0    2298.84    562.221    2861.06    14.7682   -27.3017
     15600          0    204.026    210.407    305.455          0    2300.35    574.574    2874.92    12.3529   -27.0015
     15500          0    204.026    212.008    303.392          0    2301.89    586.096    2887.99     11.522   -26.9222
     15400   0.246884    204.273    213.567    301.012          0    2305.27    596.535     2901.8    10.4385   -27.1058
     15300   0.260801    228.976    215.387    299.892          0    2316.48    608.464    2924.94    11.9294   -32.8266
     15200   0.236188    255.031    217.605    299.541          0    2328.13    618.933    2947.06    10.4686   -37.7446
     15100   0.206861    278.621    220.049    305.264          0    2348.04    627.657     2975.7    8.72475   -41.0899
     15000    0.16964     299.27    222.585    315.299   0.134221    2381.29    634.375    3015.67    6.71776   -42.7636
     14900  0.0895317    316.153    225.096    323.066   0.599636    2424.82    637.926    3062.74    3.55055   -42.7813
     14800          0    325.017    227.423    329.783          0    2479.54    639.781    3119.32     1.8557   -40.6314
     14700          0    325.017    229.431    321.524          0    2528.06    640.218    3168.28  -0.436606   -36.7991
     14600          0    325.017    221.818    254.425          0    2537.45     654.24    3191.69    14.0223   -35.1238
     14500          0    325.017    219.404    228.306          0    2543.69    674.184    3217.88    19.9439    -38.076
     14400          0    325.017     219.48    212.261          0    2557.03    696.058    3253.09    21.8742   -42.3647
     14300          0    325.017    220.437    198.385          0    2572.93    714.771     3287.7    18.7128   -46.7799
     14200          0    325.017    221.636    186.508          0    2595.27    731.687    3326.96    16.9162   -50.9356
     14100          0    325.017    222.853    180.113          0    2618.04    747.168     3365.2    15.4807   -54.6252
     14000          0    325.017    224.024     177.17          0    2649.97    760.129     3410.1    12.9607   -57.6641
     13900          0    325.017    225.149    172.259          0    2687.02    775.549    3462.57    15.4205   -60.1189
     13800          0    325.017     226.23    166.475          0    2715.25    787.834    3503.08    12.2847   -62.2449
     13700          0    325.017    227.267     162.25          0    2759.32    801.917    3561.24    14.0833   -64.1507
     13600          0    325.017    228.262    158.904          0    2796.08    814.861    3610.94    12.9434   -65.8435
     13500          0    325.017    229.219    162.063          0    2833.26    821.472    3654.73    6.61101   -67.2546
     13400          0    325.017    230.143     169.19          0    2869.17    830.369    3699.53    8.89699   -68.1225
     13300          0    325.017    231.037    166.256          0    2905.64    836.192    3741.84    5.82297   -68.5908
     13200          0    325.017    234.614    186.954          0    2925.04    841.493    3766.53    5.30127   -69.1102
     13100    0.13946    325.157    236.877    193.484    1.98396    2938.51    842.505    3781.01   -1.01206   -68.6185
     13000          0    338.963     238.58    199.165          0    2960.22    842.599    3802.82 -0.0944017   -70.5962
     12900          0    338.963    239.867     205.29          0    2966.94    843.759     3810.7   -1.15978   -68.8936
     12800  0.0665872     339.03    240.851    211.583     1.6876    2968.38    843.791    3812.18   0.031307   -67.2245
     12700          0    345.622    241.716    213.823          0    2972.29    844.677    3816.96   0.886481   -67.0424
     12600          0    345.622     242.69    213.202          0    2994.88    847.137    3842.02    2.46017   -65.5158
     12500          0    345.622    243.747      213.1          0    3014.91    850.378    3865.29    3.24093   -64.4333
     12400          0    345.622    244.858    213.118          0    3037.02     851.62    3888.64    1.24233     -63.69
     12300          0    345.622    246.009    211.825          0    3048.13    852.397    3900.53   0.776731   -63.2505
     12200  0.0697948    345.692    247.195    209.548   0.670042    3051.53    854.505    3906.04    2.10768     -63.15
     12100   0.123169    352.724    248.448    208.696   0.318673    3063.93    858.499    3922.43    3.99384   -64.8015
     12000  0.0768632    364.995    249.857    208.658    1.78987    3085.06    858.739     3943.8   0.240717   -67.3934
     11900   0.134184    372.739    251.273    209.567   0.613634    3111.04     862.02    3973.06    3.28081    -68.628
     11800  0.0674889     386.09    252.712    211.122   0.680932    3143.06    864.349     4007.4    2.32828   -70.8605
     11700   0.234568    393.006    254.233    220.159          0    3187.46    866.697    4054.16    2.34857   -71.1963
     11600   0.267481    416.496    242.236    194.927          0    3213.28    881.826     4095.1    15.1284   -74.7958
     11500          0    442.977    238.788    176.861          0     3230.7    908.804    4139.51    26.9783   -80.5088
     11400   0.184259    443.161    238.762    153.198          0    3236.95    937.994    4174.94    29.1899   -81.4317
     11300          0    461.403    240.002    141.641          0    3237.41    963.469    4200.88    25.4751    -87.203
     11200          0    461.403    241.562    137.132          0    3242.92    986.757    4229.67     23.288   -88.6022
     11100          0    461.403    242.946    129.394          0    3268.72    1008.71    4277.43    21.9544   -90.0464
     11000          0    461.403    244.205      120.1          0    3303.22    1029.31    4332.53     20.595   -91.6516
     10900          0    461.403    245.369    114.759          0    3328.33    1051.54    4379.87    22.2314   -93.3656
     10800          0    461.403    246.455    111.666          0    3341.75    1070.63    4412.38     19.095   -94.9857
     10700          0    461.403    247.484    107.693          0    3356.71    1089.37    4446.09    18.7414    -96.493
     10600          0    461.403    248.467    103.326          0    3375.81    1107.81    4483.61    18.4332   -97.9801
     10500          0    461.403     249.41    100.667          0    3395.09     1125.9    4520.99    18.0899   -99.4551
     10400          0    461.403    250.316    99.0141          0    3414.97    1141.78    4556.76     15.884   -100.851
     10300          0    461.403    251.188    97.9402          0    3428.23    1155.49    4583.72    13.7123   -102.152
     10200          0    461.403    252.027    96.7861          0    3442.32    1169.17    4611.48    13.6727   -103.358
     10100          0    461.403    252.837     94.625          0     3472.5    1180.03    4652.53    10.8635    -104.53
     10000          0    461.403    253.618    92.1426          0    3496.07    1190.41    4686.48    10.3824   -105.717
      9900          0    461.403    254.373    89.4911          0    3508.71    1200.34    4709.05    9.92729    -106.94
      9800          0    461.403    255.104    86.7072          0    3522.37    1208.98    4731.35     8.6398   -108.207
      9700  0.0816098    461.484    255.813    83.8162          0    3528.82    1216.35    4745.17    7.37406   -109.542
      9600          0    469.564    256.659    80.6889          0    3534.71    1222.33    4757.03    5.97248   -112.483
      9500          0    469.564    257.515     77.535          0    3544.98    1226.89    4771.87    4.55985   -113.545
      9400          0    469.564    258.259    75.1853          0    3572.06    1233.83    4805.89    6.94114   -114.742
      9300          0    469.564    258.942    73.2893          0    3598.33    1238.69    4837.01    4.85843   -116.002
      9200          0    469.564    259.585    71.6439          0    3623.52     1242.8    4866.32    4.11517    -117.29
      9100          0    469.564      260.2    70.1696          0    3640.61     1244.6    4885.21    1.79976   -118.585
      9000          0    469.564    260.795     68.831          0    3655.52     1246.1    4901.61   -1.49495   -119.876
      8900          0    469.564    261.373    67.6197          0    3681.07    1246.82    4927.89   -0.72329   -121.152
      8800          0    469.564    261.938    66.5087          0    3695.04    1248.23    4943.27   -1.41318   -122.408
      8700          0    469.564    262.492    65.4805          0    3701.44    1250.32    4951.77   -2.09178   -123.638
      8600          0    469.564    263.036    64.5256          0    3702.58    1252.81    4955.39   -2.48568    -124.84
      8500   0.103844    469.668    263.568    63.6357    1.97417    3709.85    1255.68    4965.52   -2.86778   -126.034
      8400          0    479.948    263.945     63.093          0    3713.72    1258.32    4972.05   -2.64469   -129.128
      8300          0    479.948    264.278    62.9455          0    3729.04     1264.3    4993.34   -5.97826   -129.724
      8200          0    479.948    264.682    63.0746          0     3739.9    1270.11    5010.01   -5.80665   -130.377
      8100          0    479.948    265.109    63.4075          0    3753.84    1275.77     5029.6   -5.65885   -131.045
      8000          0    479.948    265.541    63.9032          0    3759.79    1281.58    5041.37   -5.81562   -131.697
      7900   0.131156    480.079    265.968    64.6067          2     3774.9    1287.55    5062.45   -5.96795   -132.339
      7800          0    493.064    266.204    65.2998          0    3787.89    1294.05    5081.94   -6.50374   -135.358
      7700   0.133674    493.197    266.393    66.2426          2    3798.71    1300.05    5098.76   -5.99343   -135.288
      7600          0    506.431    266.499    67.2398          0    3811.85    1306.44     5118.3   -6.39883   -137.774
      7500   0.126361    506.557    266.609    68.4848          2    3830.43    1313.23    5143.66   -6.78421   -137.229
      7400          0    519.067    266.675    68.7257          0    3852.41    1320.35    5172.77   -7.12487   -139.194
      7300          0    519.067    266.764    68.5549          0     3875.8    1325.84    5201.64    -5.4892   -138.408
      7200   0.106444    519.174    266.988    68.1854          2    3902.82    1329.83    5232.65    -3.9882   -137.934
      7100          0    529.712    267.125    67.4998          0    3930.62    1334.66    5265.28   -4.82488   -139.639
      7000     0.1487     529.86    267.261    66.7562          2    3950.76    1344.32    5295.08   -9.66113   -139.084
      6900          0    544.582    267.295    65.7717          0    3971.05    1353.51    5324.56   -9.19516   -141.517
      6800          0    544.582    267.336    64.8269          0    3989.56    1357.95    5347.51   -4.43643   -140.719
      6700          0    544.582    267.528    63.9111          0    4007.58    1363.38    5370.96   -5.42791   -140.249
      6600          0    544.582    267.788    62.9852          0    4026.25    1371.76    5398.01   -8.38775    -140.02
      6500          0    544.582     268.08    62.0284          0    4041.97    1378.74    5420.71   -6.98031   -139.971
      6400          0    544.582     268.39    61.3441          0    4057.08    1385.93    5443.01   -7.18964    -140.05
      6300          0    544.582    268.708    60.8134          0    4072.94    1391.69    5464.64   -5.75825   -140.212
      6200          0    544.582    269.032    60.3714          0    4096.76    1396.93    5493.69   -5.23238   -140.427
      6100          0    544.582     269.36    60.0081          0     4121.4    1401.64    5523.03    -4.7103   -140.676
      6000          0    544.582    269.691     59.696          0    4135.12    1405.83    5540.94   -4.19117   -140.944
      5900          0    544.582    270.024    59.4239          0    4150.74    1412.15    5562.89   -6.32427   -141.224
      5800          0    544.582    270.357    59.1843          0    4172.58    1417.01    5589.59   -4.85729   -141.507
      5700          0    544.582    270.689    58.9725          0    4184.66     1421.8    5606.46   -4.78865   -141.789
      5600          0    544.582    271.018    58.7856          0    4195.02    1426.66    5621.68   -4.86771   -142.067
      5500          0    544.582    271.344    58.6209          0     4215.3    1431.61    5646.91   -4.94427   -142.338
      5400          0    544.582    271.668    57.7604          0    4234.92    1436.85    5671.78   -5.24329   -142.614
      5300          0    544.582     271.99    56.4769          0    4246.97    1442.39    5689.36   -5.53977   -142.931
      5200  0.0872264    544.669    272.308    54.9583    1.94917     4271.3     1444.9     5716.2   -2.50763   -143.321
      5100   0.105047    553.409    272.504    53.1691    1.96882    4282.72     1448.2    5730.92    -3.3042   -145.397
      5000   0.105931    563.915    272.528    51.1663          2    4288.01    1452.13    5740.14    -3.9276   -147.466
      4900          0    574.402    272.436    49.0618          0    4292.04    1454.57    5746.61   -2.43602   -149.221
      4800          0    574.402    272.427    47.0211          0     4300.3    1456.24    5756.55   -1.67699   -148.815
      4700          0    574.402    272.559    44.9924          0    4314.43     1457.3    5771.74   -1.05889   -148.744
      4600          0    574.402    272.755    42.9503          0    4319.66    1460.26    5779.91     -2.955   -148.928
      4500    0.10947    574.511    272.982    40.8633          2    4323.02    1464.14    5787.16   -3.88232    -149.33
      4400          0    585.349    273.071    38.9508          0    4325.83    1466.11    5791.94   -1.97071   -151.874
      4300          0    585.349    273.135    37.2909          0    4331.03    1467.75    5798.78   -1.63504   -152.014
      4200          0    585.349    273.297    35.7796          0    4331.72    1468.84    5800.56   -1.09704   -152.359
      4100  0.0692015    585.418    273.503    34.3525    1.87232    4335.12    1470.65    5805.76   -1.80254   -152.867
      4000  0.0360318    592.305    273.645    32.8788     1.4805    4338.89    1470.99    5809.89  -0.344696   -154.749
      3900   0.052481    595.925    273.759    31.4309    0.70776    4345.42    1472.13    5817.55    1.14114   -155.798
      3800  0.0439891    601.164    273.963    29.9789     1.5771    4350.41    1472.64    5823.05  -0.512654   -157.134
      3700  0.0508609     605.57    274.179     27.964    1.66178     4359.5     1473.5       5833  -0.853816   -158.242
      3600  0.0558067    610.661    274.337    24.4285    1.72463    4366.18    1474.63    5840.81   -1.13677   -159.528
      3500  0.0337272     616.22    274.448    20.2237   0.857011    4372.06    1475.19    5847.25   0.552282    -160.98
      3400          0    619.559    274.598    15.7996          0    4374.01    1475.78    5849.79  -0.597514   -162.113
      3300          0    619.559    274.798    11.1953          0    4381.31    1476.23    5857.54   -0.44767   -162.834
      3200          0    619.559    275.009    6.95059          0    4387.24    1476.54    5863.79  -0.308692   -163.879
      3100          0    619.559    275.225    4.01391          0    4394.68    1477.12     5871.8  -0.575343   -165.129
      3000          0    619.559    275.445    1.54512          0    4399.02    1477.96    5876.98  -0.844997   -166.492
      2900          0    619.559    275.666  -0.593719          0    4402.86    1478.13    5880.99  -0.166185   -167.921
      2800          0    619.559    275.888   -2.50089          0    4406.28    1478.72       5885  -0.587998   -169.387
      2700          0    619.559     276.11   -4.41155          0    4416.64    1481.51    5898.15    2.79017   -170.871
      2600   0.086141    619.645    276.331   -6.65303    1.90445    4436.13    1483.94    5920.06   -2.43126   -172.399
      2500          0    628.173    276.443   -9.10779          0    4443.31    1485.39    5928.71    1.45665   -175.492
      2400          0    628.173    276.532   -11.5338          0    4448.55    1486.46    5935.01    1.06802   -176.696
      2300          0    628.173    276.686   -13.9419          0    4455.76    1486.93    5942.69   0.464463   -178.033
      2200          0    628.173    276.868   -16.2073          0    4469.47    1487.09    5956.57  -0.167677   -179.469
      2100          0    628.173    277.063   -18.0667          0    4476.03    1487.36    5963.38  -0.263085   -180.961
      2000          0    628.173    277.265   -19.7585          0    4482.68    1487.72    5970.41  -0.365015   -182.477
      1900          0    628.173     277.47   -21.3232          0    4490.13    1487.78    5977.92  0.0630543   -183.999
      1800          0    628.173    277.677   -22.7902          0    4496.55     1487.8    5984.34 -0.0104589   -185.516
      1700          0    628.173    277.883   -24.2731          0    4501.63    1488.54    5990.16   0.743567   -187.021
      1600          0    628.173    278.086   -25.9429          0    4509.45    1490.74    6000.19    2.20185   -188.519
      1500          0    628.173    278.284   -27.6653          0    4517.67       1491    6008.68   0.261288   -190.015
      1400          0    628.173    278.477    -29.427          0    4525.36    1492.53    6017.89   -1.52698   -191.511
      1300          0    628.173    278.665   -31.2123          0    4536.78    1493.46    6030.24  -0.929407   -193.006
      1200          0    628.173    278.849   -32.7316          0    4559.95    1493.79    6053.75  -0.335671   -194.499
      1100          0    628.173    279.028   -33.5092          0    4580.03    1493.98    6074.01    0.18219   -195.954
      1000          0    628.173    279.202   -33.9627          0    4597.99    1494.54    6092.53   0.563263   -197.344
       900          0    628.173     279.37   -34.0668          0    4616.37    1494.82    6111.19   0.279637   -198.656
       800          0    628.173    279.534   -33.9086          0    4635.99    1498.61    6134.59    3.78589    -199.88
       700          0    628.173    279.694   -33.4379          0    4653.41    1502.98    6156.38    4.37301   -201.009
       600  0.0322402    628.205    279.849   -32.5046   0.282291    4680.71     1504.3    6185.02    1.32617   -202.035
       500          0    631.397    280.047   -31.3415          0    4708.56     1504.9    6213.46   0.595453   -203.496
       400          0    631.397     280.25   -29.8559          0    4748.87    1507.38    6256.25    2.47719   -204.137
       300          0    631.397    280.419   -28.1006          0     4778.5    1510.07    6288.57   -2.69237   -204.681
       200          0    631.397    280.569   -25.8675          0    4814.97    1513.35    6328.32   -3.27645   -205.114
       100          0    631.397    280.707   -22.7416          0    4836.64    1514.09    6350.74    0.74811   -205.396
         0          0    631.397    280.837   -19.1308          0    4845.35    1533.81    6379.16    19.7208   -205.498