       20000            0            0      179.437       354.04            0      78.9895      14.2831      93.2726      14.2831       6.5598
       19900      4.97497      4.97497      179.438      353.128            0      151.421      29.7348      181.156      15.4518      5.15299
       19800            0      497.497      188.292       339.63            0      241.771      37.5029      279.274      7.76805     -94.8167
       19700            0      497.497       199.16      329.659            0      334.792      43.0626      377.855      -5.5597     -74.3037
       19600            0      497.497      204.704      324.918            0      414.054       56.347      470.401     -13.2844     -58.6586
       19500            0      497.497      207.686      320.339            0      507.795      75.0828      582.878     -18.7358     -46.7179
       19400            0      497.497      209.246      315.975            0       612.36      92.8086      705.169     -17.7258     -37.6797
       19300            0      497.497      209.947      312.625            0      716.035      111.206      827.241     -18.3972     -30.8874
       19200            0      497.497      210.111      309.828            0      811.407      129.737      941.144     -18.5308     -25.8067
       19100            0      497.497      209.936      308.945            0      905.262      148.583      1053.84     -18.8461     -22.0155
       19000            0      497.497      209.554      309.247            0      998.315      166.237      1164.55      -17.654     -19.1355
       18900            0      497.497      209.051      308.037            0      1089.88      182.578      1272.46     -16.3411     -16.9433
       18800            0      497.497      208.484      305.963            0      1192.16      201.092      1393.25     -18.5143     -15.3577
       18700            0      497.497       207.89      304.682            0      1305.45      217.712      1523.17     -16.6196     -14.2634
       18600      6.69859      504.196      207.289      303.795            2      1431.47        231.1      1662.57     -13.3885     -15.1805
       18500            0      1167.36      198.595      292.682            0      1574.73      241.575       1816.3     -10.4749     -139.311
       18400            0      1167.36      188.467      286.404            0      1689.67      242.372      1932.05    -0.797426     -111.794
       18300            0      1167.36       183.29      282.729            0      1792.67      247.102      2039.78      4.72965     -91.2635
       18200            0      1167.36      180.479      279.117            0      1923.86      254.643       2178.5       7.5413     -76.3082
       18100            0      1167.36      178.919      276.639            0      2077.98      263.218       2341.2      8.57444     -65.4866
       18000            0      1167.36      178.076      274.621            0      2226.22      273.195      2499.41      9.97708     -57.6736
       17900            0      1167.36      177.667      274.936            0      2365.82      284.997      2650.82      11.8026     -52.0407
       17800            0      1167.36       177.53       276.61            0      2502.35      297.798      2800.15      12.8004     -47.9163
       17700            0      1167.36      177.561      275.898            0      2637.24      309.956       2947.2      12.1585      -44.892
       17600            0      1167.36        177.7      273.836            0      2760.09      325.982      3086.07      16.0255     -42.7891
       17500            0      1167.36      177.902        274.8            0      2866.01      341.465      3207.47      15.4831     -41.3749
       17400            0      1167.36      180.902      306.094            0      2935.42      352.345      3287.77      10.8805     -41.2248
       17300            0      1167.36      182.034      316.415            0      3003.65      363.034      3366.68       10.689     -39.9657
       17200            0      1167.36      182.784      323.019            0      3063.56      377.336       3440.9      14.3011     -38.5711
       17100            0      1167.36      183.507      327.438            0      3103.27      392.458      3495.73      15.1229      -37.216
       17000            0      1167.36      184.312      330.334            0      3145.68      410.246      3555.92      17.7876     -35.9739
       16900      4.97236      1172.33      185.226      327.553            0      3194.66      428.645       3623.3      18.3994     -36.1358
       16800            0      1664.59      191.817      313.091            0      3250.89      442.018      3692.91      13.3725     -130.144
       16700            0      1664.59      200.541      298.001            0      3311.62      449.366      3760.99      7.34852     -113.176
       16600            0      1664.59      206.322      284.854            0       3377.8      456.195      3833.99      6.82808     -100.259
       16500            0      1664.59      210.532      283.016            0      3441.94      458.374      3900.32     -2.17914     -90.4412
       16400            0      1664.59      213.813      288.806            0      3493.83      458.528      3952.36     0.154393     -82.5695
       16300            0      1664.59      216.503      292.286            0      3537.24      462.515      3999.76     -3.98743     -76.0055
       16200            0      1664.59      218.804      294.679            0      3576.48      463.157      4039.64     0.641153     -70.5766
       16100            0      1664.59      220.844      286.267            0      3619.36       466.05      4085.41      2.89378     -66.2365
       16000            0      1664.59       222.71      270.427            0      3671.69      467.043      4138.73     0.992899     -63.3382
       15900            0      1664.59      224.464      262.342            0      3728.66      467.655      4196.31    -0.611767     -61.7667
       15800            0      1664.59      226.147      259.088            0      3782.31      471.442      4253.75     -3.78669      -60.877
       15700            0      1664.59      227.784      257.042            0      3834.97      475.716      4310.68     -4.27434     -60.3671
       15600            0      1664.59      229.394      256.014            0      3885.91       482.35      4368.26      -6.6343     -60.1036
       15500            0      1664.59      230.988      254.301            0      3936.55      489.808      4426.36     -7.45761     -60.0039
       15400            0      1664.59      232.572      252.215            0      3981.98      498.375      4480.35     -8.56696     -60.0695
       15300            0      1664.59      234.153      251.665            0      4018.99      505.211       4524.2      -6.8363     -60.2495
       15200            0      1664.59      235.732      252.189            0      4054.69       512.87      4567.56     -7.65867     -60.4332
       15100      5.38239      1669.97      237.307      258.736            2      4081.31      521.404      4602.71      -8.5336     -61.7151
       15000            0      2202.83       234.49      264.236            0      4099.12      526.591      4625.71     -5.18769     -159.126
       14900            0      2202.83      230.085      269.525            0      4109.14       528.03      4637.17     -1.43858     -138.591
       14800            0      2202.83      227.973      276.121            0       4110.2      529.336      4639.53      1.30598     -121.658
       14700            0      2202.83      227.057       268.46            0      4114.74      531.274      4646.02      1.93778      -108.25
       14600            0      2202.83      217.652      202.998            0      4156.78      549.461      4706.24      18.1877     -98.7121
       14500            0      2202.83      214.499      178.441            0      4212.89       574.31       4787.2       24.849     -95.7212
       14400            0      2202.83      214.132      163.809            0      4274.68      601.533      4876.21      27.2223     -95.4764
       14300            0      2202.83      214.783      151.163            0       4337.8        625.9       4963.7      24.3673     -96.4487
       14200            0      2202.83      215.784      140.327            0      4406.33      648.668      5054.99      22.7686     -97.9954
       14100            0      2202.83      216.901      134.768            0      4474.43        670.1      5144.53      21.4321     -99.7106
       14000            0      2202.83       218.05      132.466            0      4551.07      689.036       5240.1      18.9354     -101.257
       13900            0      2202.83      219.205       128.06            0      4632.32      710.401      5342.72      21.3653     -102.581
       13800            0      2202.83      220.369      122.687            0      4704.33      728.547      5432.88      18.1461     -103.844
       13700            0      2202.83      221.539      118.782            0      4791.87      748.358      5540.23      19.8106     -105.086
       13600            0      2202.83      222.712      115.677            0      4871.87       766.85      5638.72      18.4926     -106.265
       13500            0      2202.83      223.885      118.989            0      4952.12      778.796      5730.91      11.9453     -107.278
       13400            0      2202.83      225.052      126.161            0      5031.05      792.784      5823.83       13.988     -107.842
       13300            0      2202.83      226.213      123.244            0      5110.54      803.431      5913.97      10.6474     -108.077
       13200            0      2202.83      229.799      143.889            0         5173      813.548      5986.55      10.1164     -108.311
       13100            0      2202.83      232.138      150.441            0      5229.51      817.274      6046.79      3.72656     -107.546
       13000            0      2202.83      234.071      156.233            0      5294.15       821.69      6115.84      4.41539     -106.444
       12900            0      2202.83      235.665        162.4            0      5343.77      824.732       6168.5      3.04267     -105.189
       12800            0      2202.83      236.924      168.655            0      5385.25       828.69      6213.94      3.95796     -103.842
       12700            0      2202.83      238.081      170.925            0      5432.05      833.212      6265.27      4.52165     -102.519
       12600            0      2202.83      239.344      170.333            0      5497.52      839.018      6336.53      5.80601     -101.454
       12500            0      2202.83      240.662      170.235            0      5560.41      845.344      6405.76      6.32597      -100.71
       12400            0      2202.83      242.017      170.248            0      5625.39      849.427      6474.82       4.0833     -100.209
       12300            0      2202.83      243.403      168.958            0      5679.37       852.81      6532.18      3.38301     -99.9393
       12200            0      2202.83      244.817      166.696            0      5718.81      857.296      6576.11      4.48541     -99.9339
       12100            0      2202.83      246.256      165.942            0      5749.17      863.481      6612.65      6.18562     -100.158
       12000            0      2202.83      247.719      166.138            0      5770.56       865.86      6636.42      2.37855     -100.485
       11900            0      2202.83      249.204        167.3            0      5786.85       871.21      6658.06      5.35006     -100.843
       11800            0      2202.83      250.711      169.164            0      5796.79      875.539      6672.33       4.3289     -101.166
       11700            0      2202.83      252.241       178.44            0      5799.48       879.88      6679.36      4.34148     -101.289
       11600            0      2202.83      240.506      154.038            0      5814.56      896.738       6711.3      16.8582     -101.582
       11500            0      2202.83      236.643      136.912            0      5837.08      925.862      6762.94      29.1232     -104.105
       11400            0      2202.83       236.26      113.887            0      5870.15      957.554       6827.7      31.6921     -107.778
       11300            0      2202.83      237.132      103.018            0      5909.24      985.899      6895.13      28.3457     -111.925
       11200            0      2202.83      238.402      98.9172            0      5952.96      1012.35      6965.31      26.4482     -115.651
       11100            0      2202.83      239.768      91.3804            0      6016.77      1037.48      7054.25      25.1317     -118.803
       11000            0      2202.83      241.134      82.2352            0      6089.14      1061.15      7150.28       23.666     -121.668
       10900            0      2202.83      242.472      76.9951            0      6152.01      1086.27      7238.29      25.1282     -124.313
       10800            0      2202.83      243.774      73.9599            0      6203.14      1108.05      7311.19      21.7759      -126.62
       10700            0      2202.83      245.041       70.034            0      6255.76      1129.23      7384.99      21.1843     -128.632
       10600      13780.7      15983.5      243.793      64.6021            2      6313.58      1152.34      7465.92      23.1069     -799.867
       10500  6.85993e+11  6.85995e+11  3.72522e+08      -1000.2            0      7433.73  3.72523e+08  3.72531e+08 -3.72522e+08        -1000
       10400          0.1  6.85993e+13  1.76128e+12     -1000.59          1.1      8553.21  1.76165e+12  1.76165e+12 -1.76128e+12     -999.999
       10300          0.1  6.85993e+13  4.68192e+12     -1001.03          1.1      9665.44  6.44358e+12  6.44358e+12 -4.68192e+12      -999.99
       10200            0  6.85993e+13  7.06116e+12     -1001.46            0      10777.8  1.35047e+13  1.35047e+13 -7.06116e+12     -999.968
       10100            0  6.85993e+13  9.06176e+12     -1001.84            0      11904.4  2.25665e+13  2.25665e+13 -9.06176e+12     -999.926
       10000          0.1  6.85993e+13  1.07744e+13     -1002.18          1.1      13022.3  3.33409e+13  3.33409e+13 -1.07744e+13     -999.858
        9900          0.1  6.85993e+13  1.22552e+13     -1002.47          1.1      14126.9  4.55961e+13  4.55961e+13 -1.22552e+13     -999.758
        9800       219711  6.85993e+13  1.35431e+13     -1002.74            2        15230  5.91392e+13  5.91392e+13 -1.35431e+13     -999.618
        9700       578714  6.85994e+13  1.46672e+13     -1002.97            2      16323.3  7.38064e+13  7.38064e+13 -1.46672e+13     -999.433
        9600          0.1  6.85994e+13  1.56511e+13     -1003.18          1.1        17413  8.94575e+13  8.94575e+13 -1.56511e+13     -999.199
        9500          0.1  6.85994e+13  1.65138e+13     -1003.37          1.1      18504.2  1.05971e+14  1.05971e+14 -1.65138e+13     -998.911
        9400            0  6.85994e+13  1.72715e+13     -1003.54            0        19610  1.23243e+14  1.23243e+14 -1.72715e+13     -998.572
        9300  1.01868e+06  6.85994e+13  1.79377e+13     -1003.69            2      20713.3   1.4118e+14   1.4118e+14 -1.79377e+13     -998.183
        9200  1.41821e+06  6.85995e+13  1.85242e+13     -1003.83            2      21813.9  1.59705e+14  1.59705e+14 -1.85242e+13     -997.749
        9100            0  6.85997e+13  1.90409e+13     -1003.96            0      22905.1  1.78745e+14  1.78745e+14 -1.90409e+13     -997.279
        9000            0  6.85997e+13  1.94963e+13     -1004.07            0        23993  1.98242e+14  1.98242e+14 -1.94963e+13      -996.78
        8900            0  6.85997e+13   1.9898e+13     -1004.18            0      25090.3   2.1814e+14   2.1814e+14  -1.9898e+13     -996.261
        8800            0  6.85997e+13  2.02525e+13     -1004.27            0        26175  2.38392e+14  2.38392e+14 -2.02525e+13     -995.733
        8700          0.1  6.85997e+13  2.05653e+13     -1004.35          1.1      27251.3  2.58958e+14  2.58958e+14 -2.05653e+13     -995.203
        8600  1.56226e+06  6.85997e+13  2.08415e+13     -1004.43            2      28321.4  2.79799e+14  2.79799e+14 -2.08415e+13      -994.68
        8500            0  6.85998e+13  2.10853e+13      -1004.5            0      29396.8  3.00884e+14  3.00884e+14 -2.10853e+13     -994.169
        8400          0.1  6.85998e+13  2.13005e+13     -1004.57          1.1      30468.3  3.22185e+14  3.22185e+14 -2.13005e+13     -993.675
        8300            0  6.85998e+13  2.14906e+13     -1004.62            0      31551.2  3.43676e+14  3.43676e+14 -2.14906e+13     -993.202
        8200          0.1  6.85998e+13  2.16583e+13     -1004.68          1.1      32629.8  3.65334e+14  3.65334e+14 -2.16583e+13     -992.753
        8100  1.35552e+06  6.85998e+13  2.18064e+13     -1004.73            2      33711.9   3.8714e+14   3.8714e+14 -2.18064e+13     -992.331
        8000          0.1     6.86e+13  2.19372e+13     -1004.77          1.1      34786.5  4.09077e+14  4.09077e+14 -2.19372e+13     -991.935
        7900            0     6.86e+13  2.20525e+13     -1004.81            0        35871   4.3113e+14   4.3113e+14 -2.20525e+13     -991.566
        7800            0     6.86e+13  2.21543e+13     -1004.84            0      36954.2  4.53284e+14  4.53284e+14 -2.21543e+13     -991.225
        7700  1.88432e+06     6.86e+13  2.22441e+13     -1004.88            2      38036.1  4.75528e+14  4.75528e+14 -2.22441e+13     -990.909
        7600          0.1  6.86001e+13  2.23234e+13     -1004.91          1.1      39121.4  4.97852e+14  4.97852e+14 -2.23234e+13      -990.62
        7500          0.1  6.86001e+13  2.23932e+13     -1004.93          1.1      40213.4  5.20245e+14  5.20245e+14 -2.23932e+13     -990.354
        7400  2.26349e+06  6.86002e+13  2.24549e+13     -1004.96            2      41309.1    5.427e+14    5.427e+14 -2.24549e+13     -990.112
        7300          0.1  6.86004e+13  2.25092e+13     -1004.98          1.1        42406  5.65209e+14  5.65209e+14 -2.25092e+13     -989.892
        7200  2.07643e+06  6.86004e+13  2.25571e+13        -1005            2      43506.2  5.87766e+14  5.87766e+14 -2.25571e+13     -989.691
        7100  2.24095e+06  6.86006e+13  2.25994e+13     -1005.02            2      44606.5  6.10366e+14  6.10366e+14 -2.25994e+13      -989.51
        7000            0  6.86008e+13  2.26366e+13     -1005.03            0      45698.4  6.33002e+14  6.33002e+14 -2.26366e+13     -989.347
        6900          0.1  6.86008e+13  2.26694e+13     -1005.05          1.1      46789.6  6.55672e+14  6.55672e+14 -2.26694e+13     -989.198
        6800          0.1  6.86008e+13  2.26983e+13     -1005.06          1.1        47878   6.7837e+14   6.7837e+14 -2.26983e+13     -989.064
        6700  2.72095e+11  6.88729e+13   2.1882e+13     -1005.01            2      48964.9  7.00252e+14  7.00252e+14  -2.1882e+13     -990.208
        6600          nan          nan         -nan         -nan          nan          nan          nan          nan         -nan         -nan
        6500          nan          nan         -nan         -nan          nan          nan          nan          nan         -nan         -nan
        6400          nan          nan         -nan         -nan          nan          nan          nan          nan         -nan         -nan
        6300          nan          nan         -nan         -nan          nan          nan          nan          nan         -nan         -nan
        6200          nan          nan         -nan         -nan          nan          nan          nan          nan         -nan         -nan
        6100          nan          nan         -nan         -nan          nan          nan          nan          nan         -nan         -nan
        6000          nan          nan         -nan         -nan          nan          nan          nan          nan         -nan         -nan
        5900          nan          nan         -nan         -nan          nan          nan          nan          nan         -nan         -nan
        5800          nan          nan         -nan         -nan          nan          nan          nan          nan         -nan         -nan
        5700          nan          nan         -nan         -nan          nan          nan          nan          nan         -nan         -nan
        5600          nan          nan         -nan         -nan          nan          nan          nan          nan         -nan         -nan
        5500          nan          nan         -nan         -nan          nan          nan          nan          nan         -nan         -nan
        5400          nan          nan         -nan         -nan          nan          nan          nan          nan         -nan         -nan
        5300          nan          nan         -nan         -nan          nan          nan          nan          nan         -nan         -nan
        5200          nan          nan         -nan         -nan          nan          nan          nan          nan         -nan         -nan
        5100          nan          nan         -nan         -nan          nan          nan          nan          nan         -nan         -nan
        5000          nan          nan         -nan         -nan          nan          nan          nan          nan         -nan         -nan
        4900          nan          nan         -nan         -nan          nan          nan          nan          nan         -nan         -nan
        4800          nan          nan         -nan         -nan          nan          nan          nan          nan         -nan         -nan
        4700          nan          nan         -nan         -nan          nan          nan          nan          nan         -nan         -nan
        4600          nan          nan         -nan         -nan          nan          nan          nan          nan         -nan         -nan
        4500          nan          nan         -nan         -nan          nan          nan          nan          nan         -nan         -nan
        4400          nan          nan         -nan         -nan          nan          nan          nan          nan         -nan         -nan
        4300          nan          nan         -nan         -nan          nan          nan          nan          nan         -nan         -nan
        4200          nan          nan         -nan         -nan          nan          nan          nan          nan         -nan         -nan
        4100          nan          nan         -nan         -nan          nan          nan          nan          nan         -nan         -nan
        4000          nan          nan         -nan         -nan          nan          nan          nan          nan         -nan         -nan
        3900          nan          nan         -nan         -nan          nan          nan          nan          nan         -nan         -nan
        3800          nan          nan         -nan         -nan          nan          nan          nan          nan         -nan         -nan
        3700          nan          nan         -nan         -nan          nan          nan          nan          nan         -nan         -nan
        3600          nan          nan         -nan         -nan          nan          nan          nan          nan         -nan         -nan
        3500          nan          nan         -nan         -nan          nan          nan          nan          nan         -nan         -nan
        3400          nan          nan         -nan         -nan          nan          nan          nan          nan         -nan         -nan
        3300          nan          nan         -nan         -nan          nan          nan          nan          nan         -nan         -nan
        3200          nan          nan         -nan         -nan          nan          nan          nan          nan         -nan         -nan
        3100          nan          nan         -nan         -nan          nan          nan          nan          nan         -nan         -nan
        3000          nan          nan         -nan         -nan          nan          nan          nan          nan         -nan         -nan
        2900          nan          nan         -nan         -nan          nan          nan          nan          nan         -nan         -nan
        2800          nan          nan         -nan         -nan          nan          nan          nan          nan         -nan         -nan
        2700          nan          nan         -nan         -nan          nan          nan          nan          nan         -nan         -nan
        2600          nan          nan         -nan         -nan          nan          nan          nan          nan         -nan         -nan
        2500          nan          nan         -nan         -nan          nan          nan          nan          nan         -nan         -nan
        2400          nan          nan         -nan         -nan          nan          nan          nan          nan         -nan         -nan
        2300          nan          nan         -nan         -nan          nan          nan          nan          nan         -nan         -nan
        2200          nan          nan         -nan         -nan          nan          nan          nan          nan         -nan         -nan
        2100          nan          nan         -nan         -nan          nan          nan          nan          nan         -nan         -nan
        2000          nan          nan         -nan         -nan          nan          nan          nan          nan         -nan         -nan
        1900          nan          nan         -nan         -nan          nan          nan          nan          nan         -nan         -nan
        1800          nan          nan         -nan         -nan          nan          nan          nan          nan         -nan         -nan
        1700          nan          nan         -nan         -nan          nan          nan          nan          nan         -nan         -nan
        1600          nan          nan         -nan         -nan          nan          nan          nan          nan         -nan         -nan
        1500          nan          nan         -nan         -nan          nan          nan          nan          nan         -nan         -nan
        1400          nan          nan         -nan         -nan          nan          nan          nan          nan         -nan         -nan
        1300          nan          nan         -nan         -nan          nan          nan          nan          nan         -nan         -nan
        1200          nan          nan         -nan         -nan          nan          nan          nan          nan         -nan         -nan
        1100          nan          nan         -nan         -nan          nan          nan          nan          nan         -nan         -nan
        1000          nan          nan         -nan         -nan          nan          nan          nan          nan         -nan         -nan
         900          nan          nan         -nan         -nan          nan          nan          nan          nan         -nan         -nan
         800          nan          nan         -nan         -nan          nan          nan          nan          nan         -nan         -nan
         700          nan          nan         -nan         -nan          nan          nan          nan          nan         -nan         -nan
         600          nan          nan         -nan         -nan          nan          nan          nan          nan         -nan         -nan
         500          nan          nan         -nan         -nan          nan          nan          nan          nan         -nan         -nan
         400          nan          nan         -nan         -nan          nan          nan          nan          nan         -nan         -nan
         300          nan          nan         -nan         -nan          nan          nan          nan          nan         -nan         -nan
         200          nan          nan         -nan         -nan          nan          nan          nan          nan         -nan         -nan
         100          nan          nan         -nan         -nan          nan          nan          nan          nan         -nan         -nan
           0          nan          nan         -nan         -nan          nan          nan          nan          nan         -nan         -nan