     20000          0          0    179.437     354.04          0    78.9895    14.2831    93.2726    14.2831     6.5598
     19900    1.49249    1.49249    179.437     353.13          0     151.42    29.7357    181.156    15.4527    6.04923
     19800          0    149.249    182.077    348.638          0    232.762    43.7189    276.481    13.9831   -26.3102
     19700          0    149.249    185.251    345.386          0    310.056    52.0674    362.123    8.34855   -19.3693
     19600          0    149.249    186.806     343.92          0    370.316    56.6819    426.998    4.61447   -14.2271
     19500          0    149.249    187.602    341.313          0    443.083    58.0297    501.113    1.34786   -10.3887
     19400          0    149.249    187.993    338.073          0     525.55     61.557    587.107    3.52721   -7.58803
     19300          0    149.249    188.145    335.303          0    606.547    64.9622    671.509    3.40519   -5.59882
     19200          0    149.249    188.151    332.713          0    679.034    68.3915    747.425    3.42933   -4.22245
     19100          0    149.249    188.067    331.859          0    749.975    71.4146    821.389    3.02315   -3.29539
     19000          0    149.249     187.93    332.059          0    820.215     75.385      895.6     3.9704   -2.63806
     18900          0    149.249    187.763     330.59          0    889.225    80.3325    969.557    4.94746   -2.17869
     18800          0    149.249    187.581    328.188          0    969.277    82.7217       1052    2.38918   -1.95157
     18700          0    149.249    187.394     326.58          0    1060.68    86.5976    1147.27    3.87597   -1.92877
     18600   0.818139    150.067    187.208    325.358          0    1165.13    93.2892    1258.42    6.69159   -2.24356
     18500          0    231.063    188.496    322.139          0    1278.93    93.6652    1372.59  -0.376001   -20.1309
     18400          0    231.063    190.102    319.443          0    1360.84    96.0972    1456.93   -2.43195   -16.4858
     18300          0    231.063    190.815     315.87          0     1430.7    98.8926    1529.59   -2.79538   -13.9631
     18200          0    231.063    191.111    311.552          0    1529.44    101.983    1631.43   -3.09073   -12.3315
     18100          0    231.063    191.186    308.007          0     1652.2    105.676    1757.87   -3.69241   -11.3971
     18000          0    231.063    191.136    304.812          0    1770.25    108.758       1879   -3.08221   -10.9722
     17900          0    231.063    191.012    303.941          0    1880.84      110.3    1991.14   -1.54201   -10.8999
     17800          0    231.063    190.846    304.511          0    1989.47    110.816    2100.29  -0.516028     -10.99
     17700          0    231.063    190.657    302.843          0    2097.42    111.753    2209.17   -0.93683   -11.1854
     17600          0    231.063    190.457    299.941          0    2194.16    115.021    2309.18    3.26829    -11.564
     17500          0    231.063    190.254    300.135          0    2274.74    118.152     2392.9    3.13111   -12.0787
     17400          0    231.063    192.758    330.763          0    2319.49    119.127    2438.62  -0.975255   -13.4817
     17300          0    231.063    193.389    340.331          0     2363.8    119.794    2483.59  -0.666125   -13.5338
     17200   0.665057    231.728    193.668    346.324          0    2400.41    123.211    2523.62    3.41706   -13.3821
     17100          0    297.569    194.724    349.163          0    2418.39    127.116    2545.51    3.90561   -27.5118
     17000          0    297.569     196.19    350.629          0     2440.5    133.026    2573.53    5.90996   -24.1737
     16900          0    297.569    197.384    346.956          0    2470.08    139.267    2609.35    6.24111   -21.5972
     16800          0    297.569    198.486    339.602          0    2499.81    145.971    2645.78    6.70394   -19.8673
     16700          0    297.569    199.574     331.11          0    2527.43    154.287    2681.71    8.31607   -18.9612
     16600          0    297.569    200.682    321.566          0    2556.89    166.756    2723.65    12.4685   -18.7823
     16500          0    297.569    201.824    322.417          0    2581.63    173.285    2754.92    6.52953   -19.0722
     16400          0    297.569    203.006    330.282          0    2592.04    184.246    2776.29    10.9611   -19.1922
     16300    1.67993    299.249     204.23    335.229          0    2592.51    192.532    2785.04    8.28554   -19.3712
     16200          0    465.562    207.452    336.012          0    2594.61    204.524    2799.13    11.9925   -54.8096
     16100          0    465.562    211.458     325.61          0    2598.14    216.804    2814.94    12.2796   -47.6388
     16000          0    465.562    214.451    308.457          0    2612.44    226.057     2838.5    9.25277   -42.7035
     15900          0    465.562    216.893    299.419          0    2632.33    233.016    2865.35    6.95922   -39.6612
     15800          0    465.562    219.009    295.426          0    2649.64    236.367    2886.01     3.3506    -37.714
     15700          0    465.562    220.919    292.803          0    2666.54    238.958     2905.5    2.59145   -36.4485
     15600          0    465.562    222.691    291.336          0    2682.16    239.027    2921.19  0.0688103   -35.6489
     15500          0    465.562    224.372    289.264          0    2697.84    239.869    2937.71  -0.841749   -35.1721
     15400          0    465.562     225.99    286.889          0    2708.59    241.853    2950.44   -1.98464   -34.9772
     15300          0    465.562    227.565    286.129          0    2711.14    242.101    2953.24  -0.248179   -34.9812
     15200   0.878523     466.44    229.111    286.501          2    2712.53    243.139    2955.67    -1.0375   -35.2639
     15100   0.715772     554.13    229.913    292.102    1.88571    2719.28    244.278    2963.56   -1.13926   -53.9409
     15000   0.512477    625.503    229.913    301.658    1.65452    2738.89    244.889    2983.78  -0.610766   -64.3494
     14900   0.690509    676.929    229.845    309.123    1.85778    2768.47    246.088    3014.56   -1.19863   -67.7786
     14800    8.90186    754.191    229.687    315.332    1.22063    2808.75    246.496    3055.24  -0.408625   -75.4042
     14700          0    1635.48    229.475    296.655          0     2832.4    246.977    3079.37  -0.480673   -215.048
     14600          0    1635.48    220.038    217.715          0    2859.72    262.779    3122.49    15.8019   -178.825
     14500          0    1635.48    216.742    189.454          0    2904.81    285.384     3190.2    22.6052   -154.633
     14400          0    1635.48    216.278    173.125          0    2957.28    310.459    3267.74    25.0756   -138.104
     14300          0    1635.48    216.876      159.9          0    3011.67    332.734     3344.4    22.2742   -126.643
     14200          0    1635.48    217.838    149.076          0    3071.45    353.448    3424.89    20.7144   -118.695
     14100          0    1635.48    218.914    143.807          0    3130.51    372.868    3503.38    19.4197   -113.151
     14000          0    1635.48    220.026    141.911          0     3197.7    389.827    3587.53    16.9592   -109.137
     13900          0    1635.48    221.149    137.939          0    3269.08    409.248    3678.33    19.4206   -106.191
     13800          0    1635.48    222.269    132.969          0    3330.81    425.493     3756.3    16.2457   -104.169
     13700          0    1635.48    223.387    129.411          0    3407.72    443.456    3851.17    17.9629   -102.881
     13600          0    1635.48    224.509    126.594          0    3476.79    460.152    3936.95    16.6956   -102.108
     13500          0    1635.48     225.63    130.134          0     3545.9    470.352    4016.25    10.2004   -101.614
     13400          0    1635.48    226.741    137.497          0     3613.5    482.652    4096.15    12.2992   -101.013
     13300          0    1635.48    227.837    134.744          0    3681.49    491.675    4173.16    9.02301   -100.345
     13200          0    1635.48    231.426    155.481          0    3732.36    500.164    4232.52    8.48924   -100.014
     13100          0    1635.48    233.752    162.085          0    3777.22    502.277     4279.5    2.11321   -98.8017
     13000          0    1635.48    235.661    167.919          0    3830.18    505.102    4335.28    2.82464   -97.3453
     12900          0    1635.48    237.226    174.117          0    3868.08    506.584    4374.66    1.48186   -95.8083
     12800          0    1635.48     238.45    180.396          0    3897.82    509.015    4406.84    2.43187   -94.2354
     12700          0    1635.48    239.572    182.683          0    3932.86    512.046    4444.91    3.03075   -92.7324
     12600          0    1635.48    240.801    182.096          0    3986.56    516.395    4502.96     4.3489   -91.5243
     12500          0    1635.48    242.084    181.995          0     4037.7    521.298       4559    4.90302   -90.6676
     12400          0    1635.48    243.404    182.001          0    4090.93    523.994    4614.92    2.69552   -90.0797
     12300          0    1635.48    244.754      180.7          0    4133.16    526.025    4659.18    2.03166   -89.7426
     12200   0.426278     1635.9     246.13    178.422          0    4160.88    529.197    4690.08    3.17202   -89.7834
     12100          0     1678.1    248.047    177.093          0    4180.09    533.592    4713.68    4.39482   -98.3387
     12000          0     1678.1    250.192    176.764          0    4190.85    533.687    4724.53 -0.0946888    -96.999
     11900          0     1678.1    252.093    177.614          0    4196.82    536.147    4732.97    2.46057    -96.097
     11800   0.386899    1678.49    253.868    179.243    1.56931    4196.96    537.319    4734.28    1.17163   -95.5445
     11700          0    1716.79    255.416    187.923          0    4209.13    538.485    4747.62    1.16637   -102.453
     11600          0    1716.79    243.202    162.881          0    4215.37    552.647    4768.02    14.1615   -100.257
     11500          0    1716.79    239.059    145.685          0    4229.12    579.354    4808.47    26.7075   -100.933
     11400          0    1716.79    238.527    122.665          0    4253.41     608.78    4862.19    29.4255   -103.244
     11300          0    1716.79     239.31    111.811          0     4283.7    634.948    4918.65    26.1678   -106.384
     11200          0    1716.79    240.512    107.746          0     4318.6    659.285    4977.88    24.3377   -109.362
     11100          0    1716.79    241.814    100.257          0    4373.53    682.371    5055.91    23.0857   -111.958
     11000          0    1716.79     243.11    91.1501          0    4436.98    704.061    5141.05    21.6899    -114.41
     10900          0    1716.79    244.371    85.9347          0    4490.92     727.29    5218.21    23.2295   -116.748
     10800          0    1716.79    245.592    82.9189          0    4533.09    747.248    5280.33    19.9578    -118.83
     10700          0    1716.79    246.781    79.0057          0    4576.74    766.692    5343.43    19.4439   -120.678
     10600          0    1716.79    247.944    74.6935          0    4624.46    785.648    5410.11    18.9559   -122.412
     10500          0    1716.79    249.082    72.0755          0    4672.34    804.066    5476.41    18.4184   -124.062
     10400          0    1716.79    250.193    70.4488          0    4720.79    820.073    5540.86    16.0067   -125.581
     10300          0    1716.79    251.279    69.3918          0    4762.59    833.694    5596.28    13.6206   -126.964
     10200          0    1716.79    252.341    68.2499          0    4805.22    847.053    5652.27    13.3592   -128.222
     10100          0    1716.79    253.378    66.1077          0    4863.92    857.375    5721.29    10.3217   -129.421
     10000          0    1716.79    254.394    63.6483          0    4915.97    866.981    5782.96    9.60582   -130.618
      9900          0    1716.79    255.393    61.0227          0    4957.09    875.887    5832.97    8.90681   -131.834
      9800          0    1716.79    256.377     58.268          0    4999.19    883.254    5882.44     7.3669    -133.08
      9700          0    1716.79    257.337    55.4113          0    5034.04    889.105    5923.14    5.85054   -134.364
      9600          0    1716.79    258.271    52.4733          0    5068.14    893.465    5961.61    4.35981    -135.69
      9500          0    1716.79    259.186    49.4651          0    5106.49    896.354    6002.84    2.88915    -137.06
      9400   0.509474     1717.3    260.084    47.1965          0    5161.56     901.47    6063.03    5.11591    -138.57
      9300          0    1767.74    261.935    44.4679          0    5216.65    903.335    6119.98    1.86483   -149.145
      9200          0    1767.74    263.943    42.2587          0    5271.22    903.578     6174.8  -0.243272   -148.438
      9100          0    1767.74    265.336    40.5723          0    5317.91    906.913    6224.82   -3.33565   -148.266
      9000          0    1767.74    266.444    39.1296          0    5362.52    914.058    6276.58   -7.14436   -148.453
      8900          0    1767.74    267.405    37.8781          0    5417.81    920.813    6338.62   -6.75495   -148.888
      8800          0    1767.74    268.285    36.7632          0    5461.53    928.573     6390.1   -7.75992   -149.492
      8700          0    1767.74    269.117     35.751          0    5497.66     937.29    6434.95   -8.71689   -150.211
      8600          0    1767.74    269.917    34.8223          0     5528.5    946.656    6475.16   -9.36688   -151.006
      8500    1.14529    1768.89    270.693    33.9621          2    5565.44     956.65    6522.09   -9.99327   -152.087
      8400          0    1882.27    269.874    32.1078          0    5600.31    965.223    6565.53   -8.57367   -172.941
      8300          0    1882.27    268.742    31.3605          0     5647.2    975.665    6622.87   -10.4416   -169.055
      8200    1.10689    1883.38    268.544    31.4399          2     5689.7    985.334    6675.04    -9.6686   -166.634
      8100          0    1992.96    267.233    30.4414          0     5736.6    993.116    6729.72   -7.78271   -183.677
      8000          0    1992.96    265.824    30.4035          0    5776.05    999.215    6775.27   -6.09856   -178.136
      7900          0    1992.96    265.425    31.1774          0     5824.6    1004.64    6829.24    -5.4246   -174.179
      7800          0    1992.96    265.476    32.2432          0    5870.64    1010.42    6881.06   -5.77579    -171.36
      7700          0    1992.96    265.752    33.5021          0    5914.21    1015.77    6929.97   -5.35241   -169.338
      7600          0    1992.96    266.157    34.9176          0    5959.67    1021.82    6981.49   -6.05729   -167.869
      7500          0    1992.96    266.643    36.4391          0    6010.29    1028.64    7038.93     -6.818   -166.781
      7400          0    1992.96    267.183    37.0195          0    6063.98    1036.28    7100.26   -7.63295   -165.968
      7300          0    1992.96     267.76    37.0492          0    6118.87    1042.76    7161.63   -6.48503   -165.397
      7200          0    1992.96    268.362    36.7777          0     6177.3    1048.12    7225.42   -5.36193    -165.02
      7100          0    1992.96    268.978    36.2955          0     6236.3     1054.8     7291.1   -6.67768   -164.799
      7000          0    1992.96    269.597    35.6553          0    6287.54     1066.8    7354.34    -11.997   -164.702
      6900          0    1992.96    270.216    34.9036          0     6338.7    1078.91    7417.61   -12.1157   -164.706
      6800          0    1992.96    270.833    34.0635          0    6387.98    1086.85    7474.83   -7.93297   -164.791
      6700          0    1992.96    271.448    33.1625          0    6436.75    1096.19    7532.94    -9.3484   -164.944
      6600          0    1992.96    272.063    32.2306          0    6486.17    1108.86    7595.03   -12.6632   -165.151
      6500          0    1992.96     272.68    31.2602          0    6532.66    1120.44     7653.1   -11.5797   -165.404
      6400          0    1992.96    273.298    30.5575          0    6578.55    1132.54    7711.09    -12.098   -165.689
      6300          0    1992.96    273.911      30.01          0    6625.22     1143.5    7768.72   -10.9615   -165.987
      6200          0    1992.96    274.512    29.5562          0    6679.85    1154.21    7834.06   -10.7119   -166.286
      6100          0    1992.96    275.098    29.1867          0    6735.31    1164.66    7899.97   -10.4476    -166.58
      6000          0    1992.96    275.671    28.8741          0    6779.85    1174.83    7954.68   -10.1715   -166.866
      5900          0    1992.96    276.236    28.6067          0    6826.29    1187.36    8013.66   -12.5357   -167.141
      5800          0    1992.96    276.792    28.3758          0    6878.95    1198.66     8077.6   -11.2922   -167.405
      5700          0    1992.96    277.342    28.1758          0    6921.82     1210.1    8131.92    -11.442   -167.657
      5600          0    1992.96    277.886    28.0032          0    6962.96    1221.83    8184.79   -11.7362   -167.896
      5500          0    1992.96    278.425    27.8551          0    7014.01    1233.86    8247.87   -12.0247   -168.121
      5400          0    1992.96    278.952    27.0259          0    7064.37    1246.39    8310.75   -12.5273   -168.347
      5300          0    1992.96    279.466     25.785          0     7107.1     1259.4     8366.5   -13.0155   -168.609
      5200          0    1992.96    279.964    24.3187          0    7162.08    1269.57    8431.64   -10.1645   -168.922
      5100          0    1992.96     280.45    22.7074          0    7203.95    1280.82    8484.77   -11.2499    -169.29
      5000          0    1992.96     280.92    20.9674          0    7239.44    1293.14    8532.58   -12.3203   -169.714
      4900          0    1992.96    281.374    19.1488          0    7273.39    1304.51     8577.9    -11.374   -170.195
      4800          0    1992.96    281.811    17.2547          0    7311.42    1315.57    8626.99    -11.061    -170.73
      4700          0    1992.96    282.234     15.302          0    7355.24    1326.31    8681.54   -10.7342   -171.321
      4600          0    1992.96    282.647    13.3194          0    7390.09    1339.15    8729.24   -12.8469   -171.965
      4500          0    1992.96    283.051    11.2879          0    7423.03     1353.1    8776.13   -13.9512    -172.66
      4400          0    1992.96    283.449    9.57113          0    7455.22    1365.45    8820.67   -12.3486   -173.399
      4300          0    1992.96     283.84    8.02904          0    7489.68    1377.79    8867.48   -12.3402   -174.163
      4200          0    1992.96    284.227    6.57825          0    7519.57    1389.82    8909.39   -12.0267   -174.942
      4100          0    1992.96    284.609    5.20088          0    7545.32    1402.73    8948.05   -12.9089   -175.734
      4000          0    1992.96    284.987    3.86688          0    7570.55    1414.42    8984.97   -11.6874   -176.536
      3900          0    1992.96    285.363    2.56161          0     7592.9    1424.88    9017.77   -10.4634   -177.345
      3800          0    1992.96    285.738    1.27503          0    7616.61    1437.17    9053.78   -12.2882   -178.162
      3700          0    1992.96    286.111   -0.55763          0    7636.04    1449.95    9085.99   -12.7864   -178.991
      3600          0    1992.96     286.48   -3.88175          0    7657.68    1463.23    9120.91   -13.2799   -179.898
      3500     1.0953    1994.05    286.842    -7.8512          2    7679.87    1475.07    9154.94   -11.8417    -181.16
      3400          0    2102.49    285.629   -13.4219          0    7707.14     1486.7    9193.85   -11.6295    -200.97
      3300          0    2102.49    284.083   -18.4938          0    7744.13    1496.44    9240.57   -9.73322   -197.872
      3200          0    2102.49    283.473   -22.6817          0     7779.7    1505.21    9284.91   -8.77333   -196.118
      3100          0    2102.49    283.281   -25.4647          0    7816.62    1513.84    9330.46   -8.63059   -195.313
      3000          0    2102.49    283.289   -27.7361          0    7850.24    1522.53    9372.77   -8.68925    -195.15
      2900          0    2102.49    283.408   -29.6679          0    7883.15    1530.44    9413.59   -7.90779   -195.431
      2800          0    2102.49    283.593   -31.3755          0    7915.45    1538.73    9454.18   -8.29319   -196.021
      2700          0    2102.49    283.822   -33.0984          0    7954.49    1543.65    9498.15   -4.92164   -196.828
      2600          0    2102.49    284.079   -35.1624          0    8002.49    1553.83    9556.32    -10.179   -197.807
      2500          0    2102.49    284.357   -37.3403          0    8037.91    1560.29     9598.2   -6.45726   -198.928
      2400          0    2102.49    284.651   -39.5608          0    8071.17    1567.34    9638.51   -7.05101   -200.162
      2300          0    2102.49    284.956   -41.8201          0    8106.26    1575.15    9681.41   -7.80631   -201.485
      2200          0    2102.49     285.27   -43.9597          0    8147.73    1583.72    9731.44    -8.5699    -202.88
      2100          0    2102.49    285.589   -45.7128          0    8181.92    1592.51    9774.43   -8.78905   -204.312
      2000    1.01681    2103.51    285.911   -47.3105          2    8216.13    1601.52    9817.65   -9.01128   -205.958
      1900          0    2204.17    284.783   -50.0177          0    8252.28    1608.77    9861.04   -7.25007   -224.159
      1800   0.842651    2205.01    283.354     -51.98          2    8287.88    1614.45    9902.34   -5.68693   -221.773
      1700          0    2288.43    281.613   -54.4555          0    8323.14    1617.44    9940.58   -2.98603   -233.805
      1600          0    2288.43    280.025   -56.4791          0    8361.51     1617.7    9979.21   0.262354   -229.942
      1500          0    2288.43    279.355   -58.0875          0    8400.15    1618.51    10018.7  -0.810447    -227.49
      1400    0.56797       2289    279.122    -59.627    1.86385    8438.03    1620.69    10058.7   -2.17221   -226.169
      1300          0    2345.23    278.454   -61.8369          0    8480.08     1621.4    10101.5  -0.717554   -234.559
      1200          0    2345.23    277.782   -63.4351          0    8533.96    1622.13    10156.1   0.731341   -232.273
      1100   0.275907    2345.51    277.602   -64.0333   0.138148    8584.56    1623.74    10208.3    1.60755    -230.97
      1000          0    2372.82    278.138   -64.6894          0    8633.25    1625.37    10258.6    1.62725   -234.681
       900          0    2372.82      278.9   -64.8638          0    8682.42    1626.12    10308.5   0.750189   -233.414
       800          0    2372.82    279.451   -64.6273          0    8732.76    1629.99    10362.7    3.86938   -232.705
       700   0.468958    2373.29    279.923   -64.0564          0    8780.79    1634.13    10414.9    4.14396   -232.457
       600   0.464199    2420.18    281.281   -63.7515    1.80038    8839.35    1634.24    10473.6   -0.10598   -239.952
       500   0.547143    2466.69     282.32   -63.5167    1.84608    8899.37    1635.92    10535.3   -1.67797   -245.706
       400          0    2520.85    282.071    -63.073          0     8972.9    1636.57    10609.5   0.656664   -251.366
       300          0    2520.85    281.746   -61.7433          0    9036.17    1640.59    10676.8   -4.01906   -247.331
       200          0    2520.85    281.821   -59.5841          0    9106.36    1645.12    10751.5   -4.52833   -244.364
       100          0    2520.85    282.073   -56.4446          0    9161.73    1645.74    10807.5  -0.618125   -242.113
         0          0    2520.85     282.41   -52.7889          0    9204.09    1663.89      10868    18.1483   -240.312