    20000         0         0   179.437    354.04         0   78.9895   14.2831   93.2726   14.2831    6.5598
    19900   1.98999   1.98999   179.437   353.129         0    151.42   29.7356   181.156   15.4525    5.9211
    19800         0   198.999    182.96    347.35         0    234.05   42.8356   276.886      13.1  -36.7209
    19700         0   198.999   187.209   343.114         0   313.617   49.2262   362.843   6.39059  -27.6092
    19600         0   198.999   189.302    341.16         0   376.637   51.3439   427.981   2.11777  -20.8285
    19500         0   198.999   190.382   338.258         0   452.459   52.7762   505.235  -1.43226  -15.7479
    19400         0   198.999   190.918    334.85         0   538.149   53.3787   591.528  0.602484  -12.0037
    19300         0   198.999   191.133   331.993         0   622.456   53.7957   676.252  0.416984  -9.29538
    19200         0   198.999   191.153   329.372         0   698.285   54.2226   752.507  0.426975  -7.36811
    19100         0   198.999   191.053   328.514         0   772.571   54.2599   826.831 0.0373131  -6.01644
    19000         0   198.999    190.88   328.729         0   846.141   55.2802   901.422   1.02024  -5.02971
    18900         0   198.999   190.665     327.3         0   918.442   57.3249   975.767   2.04468  -4.31333
    18800         0   198.999    190.43   324.947         0   1001.73   57.7845   1059.52 -0.459646  -3.88445
    18700         0   198.999   190.186   323.389         0   1096.33   58.8687   1155.19    1.0842  -3.70221
    18600         0   198.999   189.942   322.218         0   1203.92   62.8267   1266.74   3.95798   -3.6823
    18500         0   198.999   189.704     321.1         0   1318.76   64.4102   1383.17  -1.58354  -3.78182
    18400         0   198.999   189.474   320.033         0   1400.07   66.2142   1466.29  -1.80398  -3.97612
    18300         0   198.999   189.256   317.286         0   1468.52   67.4498   1535.97  -1.23562  -4.27333
    18200         0   198.999   189.049   313.488         0   1565.33   68.4793   1633.81  -1.02949  -4.73944
    18100         0   198.999   188.856   310.261         0   1685.83   69.8416   1755.67  -1.36231  -5.37793
    18000         0   198.999   188.674   307.247         0   1801.44   70.4618   1871.91 -0.620185  -6.14045
    17900         0   198.999   188.502   306.472         0   1909.51   71.4295   1980.94   0.96771  -6.97024
    17800         0   198.999   188.341   307.082         0   2015.57   73.4185   2088.99   1.98899  -7.74975
    17700         0   198.999   188.189   305.402         0   2120.96   74.9498   2195.91   1.53127  -8.47534
    17600         0   198.999   188.044    302.46         0   2215.18   80.6303   2295.81   5.68051  -9.26414
    17500         0   198.999   187.907   302.612         0   2293.29   86.1079   2379.39   5.47759  -10.0974
    17400         0   198.999   190.495   333.237         0   2335.56    87.395   2422.95   1.28714  -11.7059
    17300         0   198.999   191.208   342.789         0   2377.41   88.9108   2466.32   1.51576  -11.9185
    17200         0   198.999   191.559   348.758         0   2411.58   94.4368   2506.02   5.52603  -11.7285
    17100         0   198.999   191.914   352.644         0   2426.09   101.153   2527.24     6.716  -11.3625
    17000         0   198.999   192.384   355.093         0   2443.74   110.869    2554.6   9.71568   -10.936
    16900         0   198.999   192.994   351.963         0    2468.3   121.499    2589.8   10.6307  -10.5883
    16800         0   198.999   193.738   344.969         0   2492.66   132.951   2625.62   11.4516  -10.5844
    16700         0   198.999   194.602   336.706         0   2514.69   146.239   2660.93   13.2877  -11.0261
    16600         0   198.999    195.57   327.286         0   2538.43   163.818   2702.25   17.5799  -11.9067
    16500         0   198.999   196.627   328.282         0   2557.31   175.545   2732.86   11.7262  -13.0339
    16400   3.33782   202.337   197.761   336.278         0   2561.72   191.751   2753.47   16.2067  -14.6621
    16300         0    532.78   202.813   335.961         0   2561.98   201.454   2763.44   9.70315  -84.2243
    16200         0    532.78   209.379   334.476         0   2562.54    211.52   2774.06   10.0658  -71.3806
    16100   1.09323   533.874   213.933   323.676         0      2568   221.325   2789.33   9.80449  -61.6411
    16000         0   642.104   218.687   304.254         0   2586.51   226.341   2812.85   5.01645  -76.4257
    15900   1.30758   643.411   223.299    293.26         2   2612.56   226.895   2839.45  0.553356  -67.7767
    15800         0   772.861   225.738   286.695         0   2638.61   230.273   2868.88  -3.37813  -86.9653
    15700         0   772.861   227.081   282.341         0   2665.96   233.844   2899.81   -3.5711  -76.8171
    15600         0   772.861    228.55   280.008         0   2692.92   239.634   2932.55  -5.78983  -68.9832
    15500         0   772.861   230.046    277.45         0   2720.41    246.15   2966.56  -6.51629  -63.0189
    15400         0   772.861   231.544   274.834         0   2743.21   253.688    2996.9  -7.53858  -58.5526
    15300         0   772.861   233.036   273.977         0   2757.92   259.408   3017.32   -5.7192  -55.2236
    15200    2.1475   775.009   234.523   274.345         2   2771.46   265.857   3037.32  -6.44973  -53.1838
    15100   2.37225   989.984   234.235   278.659   1.97576   2778.15   271.319   3049.47  -5.46156  -94.0465
    15000   0.52124   1225.36   231.405   285.796  0.815307    2781.9   273.421   3055.32  -2.10237  -126.793
    14900   7.17238   1284.13   228.998   291.974   1.18072   2794.33   273.772    3068.1 -0.350948  -119.872
    14800  0.727645   1994.93   228.322   290.289  0.691946   2809.56   274.729   3084.29   0.95667  -217.525
    14700         0   2066.96   228.751   275.059         0   2811.61   274.973   3086.59  0.243912  -195.973
    14600         0   2066.96   220.535   203.012         0   2853.64   290.278   3143.92   15.3047  -166.635
    14500         0   2066.96   217.756   176.688         0    2911.5   311.869   3223.37   21.5915  -147.967
    14400         0   2066.96   217.526   161.513         0   2975.58   335.697   3311.28   23.8276   -135.48
    14300         0   2066.96   218.241   148.965         0    3040.9   356.606   3397.51    20.909   -126.95
    14200         0   2066.96   219.271   138.522         0   3111.23   375.887   3487.12   19.2815   -121.14
    14100         0   2066.96   220.398   133.438         0   3180.67   393.823   3574.49   17.9353  -117.165
    14000         0   2066.96   221.552    131.61         0   3258.16   409.256   3667.42   15.4332   -114.31
    13900         0   2066.96   222.711   127.658         0   3339.82   427.115   3766.93   17.8594  -112.227
    13800         0   2066.96   223.878    122.68         0   3411.84   441.753   3853.59   14.6374  -110.848
    13700         0   2066.96   225.045   119.099         0   3499.06   458.058   3957.12   16.3051  -110.039
    13600         0   2066.96   226.204   116.257         0   3578.47   473.059   4051.53   15.0009  -109.624
    13500         0   2066.96   227.355   119.742         0   3657.97   481.534    4139.5   8.47533  -109.398
    13400         0   2066.96   228.506   127.029         0   3736.04   492.067    4228.1   10.5336  -109.001
    13300         0   2066.96   229.661   124.245         0   3814.53   499.267   4313.79   7.19931  -108.487
    13200         0   2066.96   233.281   144.895         0   3875.98   505.901   4381.88   6.63418  -108.242
    13100  0.935393    2067.9   235.649   151.446    1.9328   3931.48   506.117    4437.6  0.215779    -107.3
    13000         0    2160.5   236.899   156.336         0   3996.02   507.704   4503.73   1.58698  -123.228
    12900         0    2160.5   237.529    161.89         0   4046.15   508.883   4555.03   1.17888  -118.173
    12800         0    2160.5   238.181   167.935         0   4088.35   511.583   4599.94   2.70063  -113.866
    12700         0    2160.5   238.933   170.127         0   4135.95   515.252    4651.2   3.66923   -110.27
    12600         0    2160.5   239.917   169.534         0   4202.21   520.485    4722.7   5.23251  -107.464
    12500         0    2160.5   241.038   169.472         0   4265.87   526.434   4792.31   5.94928  -105.383
    12400  0.754636   2161.26   242.252   169.544         0   4331.56   530.282   4861.84   3.84773  -104.014
    12300         0   2235.97   244.441   167.352         0   4387.14   532.626   4919.76   2.34453  -117.138
    12200         0   2235.97   247.039    164.28         0      4429    534.89   4963.89    2.2636  -113.764
    12100         0   2235.97   249.209   163.087         0   4462.21   538.123   5000.34   3.23325  -111.405
    12000         0   2235.97   251.155   162.975         0   4486.76   539.181   5025.94  -1.05754  -109.736
    11900         0   2235.97   252.976   163.913         0   4506.44   540.759    5047.2   1.57837  -108.542
    11800         0   2235.97   254.723   165.616         0   4519.93   541.076      5061  0.316888  -107.651
    11700         0   2235.97   256.429   174.727         0   4520.95   541.229   5062.18  0.152832  -106.823
    11600         0   2235.97   244.658    150.27         0    4539.8   553.935   5093.73    12.706  -106.245
    11500         0   2235.97   240.759   133.264         0   4565.97   578.942   5144.91   25.0075  -108.062
    11400         0   2235.97   240.381   110.409         0   4602.51   606.513   5209.03   27.5708  -111.171
    11300         0   2235.97   241.282   99.6368         0   4644.98   630.708   5275.69    24.195  -114.872
    11200         0   2235.97   242.597    95.602         0   4692.02   652.961   5344.98    22.253  -118.251
    11100   2.41298   2238.38   244.015   88.1462         0   4759.07   673.847   5432.91   20.8854  -121.647
    11000  0.964985   2478.23   249.879   74.6886         0   4838.98   688.768   5527.75   14.9211  -166.551
    10900         0   2573.76   258.194   64.7993         0   4914.05   698.174   5612.22   9.40632  -175.776
    10800         0   2573.76   264.014   59.4551         0   4979.68    699.71   5679.39   1.53618  -167.701
    10700    1.1686   2574.93   267.568   54.5082         2   5047.83   701.054   5748.88  -1.34339  -162.168
    10600         0   2690.62   268.548   48.2097         0   5122.04   702.702   5824.74  -1.64814  -177.577
    10500         0   2690.62   268.747   44.6557         0   5197.34   703.949   5901.29  -1.24722  -170.382
    10400         0   2690.62   269.621   42.8727         0   5273.36    707.37   5980.73  -3.42115  -165.256
    10300         0   2690.62   270.721   41.8735         0   5342.68   713.191   6055.87  -5.82097  -161.647
    10200         0   2690.62   271.878   40.9027         0   5412.65   719.369   6132.02  -6.17752  -159.133
    10100         0   2690.62   273.029   38.9944         0   5498.47   728.697   6227.17  -9.32862  -157.465
    10000         0   2690.62   274.153   36.7833         0   5577.39    738.85   6316.24  -10.1525  -156.467
     9900   1.67434    2692.3   275.241   34.4008         2   5645.12   749.791   6394.92  -10.9413  -156.331
     9800         0   2858.06       274   29.7689         0   5715.73   760.047   6475.77  -10.2558  -184.174
     9700         0   2858.06   272.299   26.1343         0   5779.85   769.158   6549.01    -9.111   -177.93
     9600         0   2858.06   271.953   23.2829         0   5843.15    778.48   6621.63  -9.32221   -173.69
     9500   1.43617   2859.49   272.182   20.5407         2   5910.42   788.587      6699  -10.1069  -171.226
     9400         0   3001.67   270.733   16.8167         0   5995.87    794.12   6789.99  -5.53304  -192.918
     9300         0   3001.67   269.067   14.4512         0   6080.97   799.388   6880.36  -5.26743  -186.608
     9200         0   3001.67   268.672   13.0482         0   6164.76    804.36   6969.12  -4.97227  -182.268
     9100         0   3001.67   268.847   11.9383         0   6240.08   811.207   7051.28  -6.84669  -179.373
     9000         0   3001.67   269.301   10.9927         0   6312.83   821.208   7134.03  -10.0015  -177.518
     8900         0   3001.67   269.912   10.1554         0   6395.84    830.47   7226.31  -9.26194  -176.412
     8800         0   3001.67   270.617   9.37822         0   6466.94   840.562    7307.5  -10.0918  -175.846
     8700         0   3001.67    271.38   8.63712         0   6530.19   851.542   7381.73  -10.9799  -175.673
     8600         0   3001.67    272.18   7.92302         0   6587.93   863.172    7451.1  -11.6304  -175.784
     8500         0   3001.67   273.008   7.23075         0    6651.6    875.48   7527.08  -12.3077    -176.1
     8400         0   3001.67   273.855   6.97628         0   6711.59   888.035   7599.63  -12.5549  -176.554
     8300         0   3001.67    274.71   7.00017         0   6782.85   904.445    7687.3  -16.4105   -177.08
     8200         0   3001.67   275.567   7.20874         0   6849.59   921.137   7770.72  -16.6918  -177.635
     8100         0   3001.67   276.419   7.57992         0   6919.35   938.106   7857.45  -16.9687  -178.191
     8000         0   3001.67   277.259   8.08588         0   6981.11    955.64   7936.75  -17.5343  -178.727
     7900         0   3001.67   278.086   8.77778         0   7052.06   973.726   8025.78   -18.086  -179.226
     7800         0   3001.67     278.9   9.61981         0   7120.73   992.926   8113.65  -19.2003  -179.675
     7700         0   3001.67   279.707   10.6007         0   7187.19   1012.23   8199.42  -19.3067  -180.064
     7600         0   3001.67   280.509   11.7309         0   7255.84   1032.64   8288.48  -20.4086  -180.384
     7500         0   3001.67   281.301    12.985         0   7329.92   1054.12   8384.03  -21.4758  -180.629
     7400         0   3001.67   282.075   13.3524         0   7407.27   1076.64   8483.92  -22.5253  -180.814
     7300         0   3001.67   282.834   13.2139         0      7486    1098.2    8584.2   -21.559  -180.988
     7200         0   3001.67   283.581   12.8158         0   7568.39   1118.78   8687.17   -20.581   -181.17
     7100         0   3001.67   284.319   12.2418         0   7651.45    1140.8   8792.25  -22.0193  -181.368
     7000         0   3001.67   285.051   11.5378         0    7726.8   1168.25   8895.06   -27.451  -181.586
     6900         0   3001.67   285.777   10.7446         0   7802.12   1195.93   8998.05  -27.6772  -181.824
     6800         0   3001.67   286.494   9.88201         0   7875.58   1219.52   9095.11  -23.5938  -182.083
     6700         0   3001.67   287.195   8.97443         0   7948.54   1244.62   9193.16  -25.0954  -182.364
     6600         0   3001.67   287.884   8.04867         0   8022.14    1273.1   9295.24  -28.4838  -182.663
     6500         0   3001.67   288.558   7.09592         0   8092.79   1300.56   9393.35  -27.4576   -182.98
     6400         0   3001.67   289.211   6.41386         0   8162.83   1328.57    9491.4  -28.0107  -183.309
     6300         0   3001.67   289.843   5.89087         0   8233.62   1355.46   9589.08  -26.8929  -183.633
     6200         0   3001.67   290.459   5.46191         0   8312.35   1382.12   9694.47  -26.6587  -183.948
     6100         0   3001.67   291.062   5.11676         0   8391.87   1408.53   9800.41  -26.4117  -184.249
     6000         0   3001.67   291.654   4.82777         0   8460.46   1434.69   9895.15  -26.1543  -184.537
     5900         0   3001.67   292.238    4.5832         0   8530.92   1463.23   9994.15  -28.5381   -184.81
     5800         0   3001.67   292.815   4.37445         0   8607.58   1490.54   10098.1  -27.3147  -185.067
     5700         0   3001.67   293.385   4.19592         0   8674.43   1518.03   10192.5   -27.485   -185.31
     5600         0   3001.67   293.948   4.04448         0   8739.53   1545.83   10285.4  -27.7981  -185.538
     5500         0   3001.67   294.499   3.91812         0   8814.52   1573.92   10388.4  -28.0986  -185.752
     5400         0   3001.67   295.034   3.12893         0   8888.77   1602.53   10491.3  -28.6087  -185.964
     5300         0   3001.67   295.553   1.93639         0   8955.36   1631.64     10587  -29.1033  -186.211
     5200         0   3001.67   296.057  0.525736         0   9034.12   1657.89     10692  -26.2568  -186.507
     5100         0   3001.67   296.543  -1.02416         0   9099.73   1685.24     10785  -27.3428  -186.855
     5000         0   3001.67   297.011  -2.69839         0   9158.89   1713.65   10872.5  -28.4105  -187.258
     4900         0   3001.67   297.462  -4.44902         0   9216.43   1741.11   10957.5  -27.4615  -187.716
     4800         0   3001.67   297.899  -6.27372         0   9277.99   1768.26   11046.2  -27.1493  -188.229
     4700         0   3001.67   298.327   -8.1564         0   9345.27   1795.08   11140.4  -26.8268  -188.796
     4600         0   3001.67   298.746  -10.0688         0   9403.51   1824.03   11227.5  -28.9461  -189.415
     4500         0   3001.67   299.159  -12.0297         0   9459.76   1854.09   11313.9  -30.0586  -190.085
     4400         0   3001.67   299.565  -13.6849         0   9515.21   1882.55   11397.8  -28.4653  -190.798
     4300         0   3001.67   299.967  -15.1695         0   9572.87   1911.02   11483.9   -28.467  -191.535
     4200         0   3001.67   300.364  -16.5668         0    9625.9   1939.19   11565.1  -28.1644  -192.288
     4100         0   3001.67   300.759   -17.894         0   9674.75   1968.24     11643  -29.0588  -193.053
     4000         0   3001.67   301.152  -19.1806         0   9723.03    1996.1   11719.1  -27.8518  -193.828
     3900         0   3001.67   301.544  -20.4404         0   9768.38   2022.74   11791.1  -26.6441   -194.61
     3800         0   3001.67   301.934  -21.6827         0   9815.05   2051.22   11866.3  -28.4843    -195.4
     3700         0   3001.67   302.319  -23.4548         0   9857.37   2080.22   11937.6  -28.9943  -196.202
     3600         0   3001.67   302.698  -26.6876         0   9901.82   2109.72   12011.5  -29.4976  -197.081
     3500         0   3001.67   303.069  -30.5479         0    9946.7   2137.79   12084.5  -28.0693   -198.09
     3400         0   3001.67   303.434  -34.6332         0   9995.19   2167.22   12162.4  -29.4342  -199.244
     3300         0   3001.67    303.79  -38.9406         0   10052.6   2196.66   12249.3  -29.4401  -200.538
     3200         0   3001.67   304.134  -42.9341         0   10108.4   2226.09   12334.5   -29.434  -201.968
     3100         0   3001.67   304.464  -45.6732         0   10165.6   2255.91   12421.5  -29.8141  -203.466
     3000         0   3001.67    304.78  -47.9699         0   10219.4   2286.09   12505.5  -30.1805   -204.98
     2900         0   3001.67   305.084  -49.9559         0   10272.6   2315.67   12588.3  -29.5843  -206.489
     2800         0   3001.67   305.377  -51.7232         0   10325.3   2345.75     12671  -30.0772  -207.982
     2700         0   3001.67   305.661  -53.4937         0   10384.7   2372.51   12757.2  -26.7608  -209.456
     2600         0   3001.67   305.936  -55.5833         0   10453.1   2404.55   12857.7  -32.0362  -210.927
     2500         0   3001.67   306.205  -57.7677         0     10509   2432.85   12941.8  -28.3046   -212.41
     2400         0   3001.67   306.467  -59.9782         0   10562.7   2461.72   13024.4  -28.8667  -213.909
     2300         0   3001.67   306.723  -62.2128         0   10618.1   2491.29   13109.4  -29.5733  -215.425
     2200         0   3001.67   306.975  -64.3214         0     10680   2521.57   13201.5  -30.2751  -216.957
     2100         0   3001.67   307.223  -66.0436         0   10734.5   2551.99   13286.5  -30.4228  -218.486
     2000         0   3001.67   307.467  -67.6084         0     10789   2582.56   13371.6   -30.567  -219.998
     1900         0   3001.67   307.708  -69.0538         0   10844.2   2612.73   13456.9  -30.1747  -221.487
     1800         0   3001.67   307.946  -70.4072         0   10898.2   2643.01   13541.2  -30.2796  -222.948
     1700         0   3001.67   308.182  -71.7756         0   10950.8   2672.57   13623.4  -29.5552  -224.382
     1600         0   3001.67   308.415  -73.3247         0     11006   2700.69   13706.7  -28.1275  -225.798
     1500         0   3001.67   308.646   -74.924         0   11061.5   2730.79   13792.3  -30.1008  -227.204
     1400         0   3001.67   308.874  -76.5602         0   11116.3   2762.72     13879  -31.9245  -228.604
     1300         0   3001.67   309.101  -78.2187         0   11174.7   2794.08   13968.8  -31.3651  -229.999
     1200         0   3001.67   309.326  -79.6263         0   11244.8    2824.9   14069.7  -30.8125  -231.388
     1100         0   3001.67   309.549  -80.3222         0   11311.7   2855.23   14166.9  -30.3386  -232.739
     1000         0   3001.67   309.769  -80.7118         0   11376.4   2885.24   14261.6  -30.0044  -234.026
      900         0   3001.67   309.987   -80.773         0   11441.5   2915.58   14357.1  -30.3369  -235.237
      800         0   3001.67     310.2  -80.5871         0   11507.8   2942.46   14450.2    -26.88  -236.362
      700         0   3001.67   310.408  -80.1079         0   11571.9    2968.8   14540.7  -26.3415  -237.396
      600         0   3001.67   310.612  -79.1886         0   11645.9   2998.23   14644.1  -29.4367  -238.325
      500         0   3001.67   310.811  -78.0053         0   11720.4    3028.4   14748.8  -30.1683  -239.137
      400         0   3001.67   311.006  -76.5344         0   11807.4   3056.68     14864  -28.2783  -239.828
      300         0   3001.67   311.197  -74.8281         0   11883.7   3090.15   14973.9    -33.47  -240.393
      200         0   3001.67   311.383  -72.6771         0     11967   3124.24   15091.2  -34.0906  -240.828
      100         0   3001.67   311.565  -69.6759         0   12035.6   3154.35     15190  -30.1098  -241.101
        0         0   3001.67   311.742  -66.2181         0   12091.4   3165.53   15256.9   -11.184  -241.188