     20000          0          0    179.437     354.04          0    78.9895    14.2831    93.2726    14.2831     6.5598
     19900    2.98498    2.98498    179.438    353.129          0     151.42    29.7353    181.156    15.4523    5.66493
     19800          0    298.498    184.731    344.774          0    236.626    41.0642    277.691    11.3289   -56.8923
     19700          0    298.498    191.154    338.594          0    320.712    43.5098    364.222    2.44561   -43.6836
     19600          0    298.498    194.356    335.686          0    389.206    46.4459    435.652   -2.93601   -33.7714
     19500          0    298.498    196.033    332.207          0    471.079    53.5288    524.608   -7.08292   -26.2955
     19400          0    298.498    196.881    328.469          0     563.15      58.89     622.04   -5.36127   -20.7178
     19300          0    298.498    197.238    325.443          0    654.007    64.5776    718.585   -5.68757   -16.6031
     19200          0    298.498     197.29    322.762          0    736.445    70.2879    806.733    -5.7103   -13.5941
     19100          0    298.498    197.155    321.898          0    817.348    76.3528      893.7    -6.0649   -11.4073
     19000          0    298.498    196.905    322.146          0    897.502    81.3583     978.86   -5.00547   -9.77329
     18900          0    298.498     196.59    320.794          0    976.308    85.2387    1061.55   -3.88037   -8.55322
     18800          0    298.498    196.241     318.54          0    1066.01    91.5097    1157.52   -6.27106   -7.73128
     18700          0    298.498    195.878     317.08          0    1166.91    96.1178    1263.03   -4.60813   -7.24048
     18600          0    298.498    195.515     316.01          0    1280.71    97.7328    1378.44   -1.61495   -6.97668
     18500          0    298.498     195.16    314.992          0    1401.66    104.773    1506.43   -7.03972   -6.88141
     18400          0    298.498    194.817     314.02          0    1488.99     111.92     1600.9   -7.14708   -6.91828
     18300          0    298.498    194.489     311.38          0    1563.33    118.389    1681.72   -6.46931   -7.08695
     18200          0    298.498    194.177    307.691          0    1665.94    124.546    1790.49   -6.15722   -7.44736
     18100          0    298.498    193.881    304.563          0    1792.14    130.933    1923.07   -6.38736   -7.99832
     18000          0    298.498    193.599    301.642          0    1913.36    136.479    2049.84   -5.54574   -8.68786
     17900          0    298.498    193.332    300.936          0    2026.96    140.341     2167.3   -3.86154   -9.45653
     17800          0    298.498    193.077    301.603          0     2138.5    143.088    2281.59    -2.7474   -10.1848
     17700          0    298.498    192.836    299.995          0     2249.3    146.204     2395.5   -3.11586   -10.8675
     17600          0    298.498    192.606    297.124          0    2348.85    147.323    2496.17    1.11897   -11.6204
     17500          0    298.498    192.387    297.318          0    2432.25    148.321    2580.57   0.997973   -12.4235
     17400          0    298.498    194.918    327.828          0    2479.93    151.456    2631.39   -3.13527   -14.0232
     17300          0    298.498    195.565    337.317          0    2527.26    154.298    2681.56    -2.8415   -14.2407
     17200          0    298.498    195.853    343.238          0    2566.95     155.53    2722.48    1.23192   -14.0586
     17100          0    298.498    196.151    347.091          0    2587.01    158.009    2745.02    2.47893   -13.7029
     17000          0    298.498    196.573     349.52          0    2610.23    163.536    2773.76    5.52731   -13.2883
     16900          0    298.498    197.142    346.411          0    2640.35    170.018    2810.37    6.48253   -12.9531
     16800    1.83172     300.33    197.854    339.458          0    2670.22    177.354    2847.57    7.33576   -13.4232
     16700          0     481.67    200.811    328.355          0    2700.59    184.433    2885.03    7.07916   -53.0356
     16600          0     481.67    204.678    316.371          0    2735.25    192.905    2928.16    8.47153    -46.434
     16500          0     481.67    207.496    315.757          0    2766.66    193.762    2960.42   0.856958    -41.803
     16400          0     481.67    209.758    322.476          0    2784.87    197.971    2982.84    4.20923   -38.1341
     16300          0     481.67    211.701    326.586          0    2793.98    198.786    2992.77   0.814836   -34.9634
     16200          0     481.67    213.451    329.407          0     2798.5     204.78    3003.28    5.99399   -32.2782
     16100          0     481.67    215.082     321.11          0    2806.53    213.436    3019.96    8.65586   -30.1664
     16000          0     481.67     216.64    305.158          0    2824.13    220.499    3044.63    7.06338   -29.0961
     15900          0     481.67    218.156    296.977          0    2846.46    226.195    3072.66    5.69617   -29.0316
     15800          0     481.67     219.65    293.615          0    2865.59    228.906    3094.49    2.71029   -29.3828
     15700          0     481.67    221.131    291.452          0    2883.84    231.285    3115.12    2.37898   -29.8985
     15600          0     481.67    222.607    290.317          0    2900.48    231.438    3131.92   0.153142   -30.4871
     15500          0     481.67    224.081    288.481          0    2916.94    231.988    3148.93  -0.550752   -31.0977
     15400     1.9733    483.644    225.553    286.272          2    2928.31    233.537    3161.84   -1.54845   -32.2442
     15300          0        679    225.421    283.547          0    2933.44    235.433    3168.87    1.89563    -73.703
     15200    2.18615    681.186    224.679    282.689   0.266185    2938.64    238.827    3177.47    3.39406   -66.2965
     15100    1.29932    898.915    226.793    285.859    1.83206    2939.15    240.807    3179.96    1.98051   -102.837
     15000    1.33037    1028.88    229.325    292.528    1.85962    2949.63     240.83    3190.46 -0.0229045   -114.028
     14900    1.33507    1161.92     229.87    297.393    1.87184    2967.48    242.054    3209.53   -1.22373   -122.886
     14800   0.934385    1295.03     229.21    301.335   0.756369    2993.75    242.122    3235.88  0.0687007   -129.412
     14700          0    1387.53    229.016    290.689          0    3011.44    242.144    3253.58 -0.0211713   -127.466
     14600          0    1387.53    220.274    221.814          0    3034.66    257.709    3292.37    15.5656   -109.792
     14500          0    1387.53    217.342     196.13          0    3073.08    279.715    3352.79    22.0053   -100.498
     14400    2.78467    1390.31     217.09    180.924          0    3117.75    303.979    3421.73     24.264   -96.0218
     14300          0       1666    222.753    162.383          0    3169.65    320.375    3490.03    16.3969   -141.845
     14200          0       1666    229.363    147.548          0    3230.96    329.565    3560.52    9.18932   -130.438
     14100          0       1666    232.919    140.394          0    3293.44    334.979    3628.42    5.41464   -122.334
     14000          0       1666    235.248    137.261          0    3365.28    336.717       3702    1.73728   -116.401
     13900          0       1666    237.057    132.534          0    3442.06     340.23    3782.29    3.51337   -112.007
     13800          0       1666    238.616    127.097          0    3509.66    340.331       3850  -0.101376    -108.88
     13700          0       1666    240.035     123.23          0    3592.75    341.647     3934.4    1.31533   -106.744
     13600          0       1666    241.359    120.225          0     3668.2      341.8       4010  -0.153798   -105.316
     13500          0       1666    242.608    123.508          0    3743.93    348.578    4092.51    -6.7776   -104.315
     13400    2.05708    1668.05    243.791    130.613          2    3818.41    353.329    4171.74   -4.75053   -103.763
     13300          0     1871.7    242.283    125.096          0    3896.05    358.751     4254.8   -5.42251   -139.387
     13200          0     1871.7    243.999    144.905          0     3957.5    362.836    4320.33   -4.08442   -131.499
     13100          0     1871.7    245.095    151.024          0    4013.42    372.065    4385.49   -9.22969   -124.421
     13000          0     1871.7    246.148    156.633          0    4077.67    379.728    4457.39   -7.66239   -118.479
     12900          0     1871.7    247.094    162.741          0    4126.94    388.114    4515.05    -8.3866   -113.513
     12800          0     1871.7    247.855    169.019          0    4168.06    395.087    4563.15   -6.97322   -109.312
     12700          0     1871.7     248.63    171.412          0    4214.37    401.115    4615.49   -6.02723   -105.785
     12600          0     1871.7    249.603    170.981          0    4279.19    405.567    4684.75   -4.45263    -103.01
     12500          0     1871.7    250.694    171.032          0    4341.29    409.274    4750.56   -3.70675   -100.933
     12400          0     1871.7    251.867    171.195          0    4405.32    415.041    4820.36   -5.76675   -99.3901
     12300          0     1871.7      253.1    170.059          0    4458.19    421.355    4879.55   -6.31414   -98.3005
     12200          0     1871.7    254.384    167.946          0    4496.39    426.436    4922.83   -5.08146   -97.6495
     12100          0     1871.7    255.711    167.303          0    4525.39    429.706    4955.09   -3.26925   -97.3638
     12000          0     1871.7    257.077    167.593          0    4545.32    436.685       4982   -6.97921   -97.2891
     11900          0     1871.7    258.476    168.822          0    4560.09    440.607    5000.69   -3.92209   -97.3305
     11800    2.44741    1874.15    259.906    170.735          2    4568.46    445.473    5013.93   -4.86614   -97.9431
     11700          0    2116.45    259.265    177.653          0    4570.36    448.156    5018.52   -2.68292   -142.822
     11600          0    2116.45    242.981     151.14          0    4588.33    462.539    5050.87    14.3832   -132.335
     11500          0    2116.45    237.057    134.143          0    4613.63    491.249    5104.88    28.7095   -126.835
     11400          0    2116.45    235.629    111.544          0    4649.04    523.572    5172.61    32.3232   -124.617
     11300          0    2116.45    235.892    101.149          0    4689.99    553.158    5243.15    29.5858   -124.435
     11200          0    2116.45    236.762    97.5087          0    4735.13    581.246    5316.37    28.0878   -124.965
     11100          0    2116.45    237.841    90.3915          0    4799.93    608.304    5408.23    27.0585   -125.747
     11000          0    2116.45    238.996    81.6018          0    4872.93    634.108    5507.04    25.8042   -126.849
     10900          0    2116.45     240.18    76.6499          0    4936.15    661.528    5597.67    27.4197    -128.18
     10800          0    2116.45    241.374    73.8377          0    4987.39    685.704     5673.1    24.1759   -129.507
     10700          0    2116.45    242.566    70.0775          0    5039.97    709.363    5749.33    23.6592   -130.787
     10600          0    2116.45    243.751    65.8826          0    5096.51    732.512    5829.02    23.1492   -132.094
     10500          0    2116.45    244.929    63.3548          0    5153.11    755.083    5908.19    22.5705   -133.423
     10400          0    2116.45    246.102    61.7902          0    5210.21    775.181     5985.4    20.0981   -134.699
     10300          0    2116.45    247.265     60.774          0    5260.64    792.815    6053.45    17.6346   -135.897
     10200          0    2116.45    248.417    59.6537          0    5311.86    810.099    6121.96    17.2833   -137.013
     10100          0    2116.45    249.552    57.5209          0    5379.15    824.247    6203.39    14.1482   -138.103
     10000          0    2116.45     250.67     55.062          0    5439.79    837.577    6277.37      13.33   -139.214
      9900    1.51964    2117.97    251.776    52.4302          0    5489.49    850.101    6339.59    12.5241   -140.678
      9800          0    2268.41    255.713    46.9955          0    5542.87    858.132       6401    8.03123   -168.261
      9700    7493.46    9761.87     258.49    41.6105          2    5591.52    862.829    6454.35    4.69702   -697.782
      9600  0.0613289     751614    19.0237     42.569    1.09975    5635.53    1106.44    6741.97    243.608   -994.346
      9500        nan        nan        nan        nan        nan        nan        nan        nan        nan        nan
      9400       -nan        nan        nan        nan       -nan        nan        nan        nan        nan        nan
      9300       -nan        nan        nan        nan       -nan        nan        nan        nan        nan        nan
      9200       -nan        nan        nan        nan       -nan        nan        nan        nan        nan        nan
      9100       -nan        nan        nan        nan       -nan        nan        nan        nan        nan        nan
      9000       -nan        nan        nan        nan       -nan        nan        nan        nan        nan        nan
      8900       -nan        nan        nan        nan       -nan        nan        nan        nan        nan        nan
      8800       -nan        nan        nan        nan       -nan        nan        nan        nan        nan        nan
      8700       -nan        nan        nan        nan       -nan        nan        nan        nan        nan        nan
      8600       -nan        nan        nan        nan       -nan        nan        nan        nan        nan        nan
      8500       -nan        nan        nan        nan       -nan        nan        nan        nan        nan        nan
      8400       -nan        nan        nan        nan       -nan        nan        nan        nan        nan        nan
      8300       -nan        nan        nan        nan       -nan        nan        nan        nan        nan        nan
      8200       -nan        nan        nan        nan       -nan        nan        nan        nan        nan        nan
      8100       -nan        nan        nan        nan       -nan        nan        nan        nan        nan        nan
      8000       -nan        nan        nan        nan       -nan        nan        nan        nan        nan        nan
      7900       -nan        nan        nan        nan       -nan        nan        nan        nan        nan        nan
      7800       -nan        nan        nan        nan       -nan        nan        nan        nan        nan        nan
      7700       -nan        nan        nan        nan       -nan        nan        nan        nan        nan        nan
      7600       -nan        nan        nan        nan       -nan        nan        nan        nan        nan        nan
      7500       -nan        nan        nan        nan       -nan        nan        nan        nan        nan        nan
      7400       -nan        nan        nan        nan       -nan        nan        nan        nan        nan        nan
      7300       -nan        nan        nan        nan       -nan        nan        nan        nan        nan        nan
      7200       -nan        nan        nan        nan       -nan        nan        nan        nan        nan        nan
      7100       -nan        nan        nan        nan       -nan        nan        nan        nan        nan        nan
      7000       -nan        nan        nan        nan       -nan        nan        nan        nan        nan        nan
      6900       -nan        nan        nan        nan       -nan        nan        nan        nan        nan        nan
      6800       -nan        nan        nan        nan       -nan        nan        nan        nan        nan        nan
      6700       -nan        nan        nan        nan       -nan        nan        nan        nan        nan        nan
      6600       -nan        nan        nan        nan       -nan        nan        nan        nan        nan        nan
      6500       -nan        nan        nan        nan       -nan        nan        nan        nan        nan        nan
      6400       -nan        nan        nan        nan       -nan        nan        nan        nan        nan        nan
      6300       -nan        nan        nan        nan       -nan        nan        nan        nan        nan        nan
      6200       -nan        nan        nan        nan       -nan        nan        nan        nan        nan        nan
      6100       -nan        nan        nan        nan       -nan        nan        nan        nan        nan        nan
      6000       -nan        nan        nan        nan       -nan        nan        nan        nan        nan        nan
      5900       -nan        nan        nan        nan       -nan        nan        nan        nan        nan        nan
      5800       -nan        nan        nan        nan       -nan        nan        nan        nan        nan        nan
      5700       -nan        nan        nan        nan       -nan        nan        nan        nan        nan        nan
      5600       -nan        nan        nan        nan       -nan        nan        nan        nan        nan        nan
      5500       -nan        nan        nan        nan       -nan        nan        nan        nan        nan        nan
      5400       -nan        nan        nan        nan       -nan        nan        nan        nan        nan        nan
      5300       -nan        nan        nan        nan       -nan        nan        nan        nan        nan        nan
      5200       -nan        nan        nan        nan       -nan        nan        nan        nan        nan        nan
      5100       -nan        nan        nan        nan       -nan        nan        nan        nan        nan        nan
      5000       -nan        nan        nan        nan       -nan        nan        nan        nan        nan        nan
      4900       -nan        nan        nan        nan       -nan        nan        nan        nan        nan        nan
      4800       -nan        nan        nan        nan       -nan        nan        nan        nan        nan        nan
      4700       -nan        nan        nan        nan       -nan        nan        nan        nan        nan        nan
      4600       -nan        nan        nan        nan       -nan        nan        nan        nan        nan        nan
      4500       -nan        nan        nan        nan       -nan        nan        nan        nan        nan        nan
      4400       -nan        nan        nan        nan       -nan        nan        nan        nan        nan        nan
      4300       -nan        nan        nan        nan       -nan        nan        nan        nan        nan        nan
      4200       -nan        nan        nan        nan       -nan        nan        nan        nan        nan        nan
      4100       -nan        nan        nan        nan       -nan        nan        nan        nan        nan        nan
      4000       -nan        nan        nan        nan       -nan        nan        nan        nan        nan        nan
      3900       -nan        nan        nan        nan       -nan        nan        nan        nan        nan        nan
      3800       -nan        nan        nan        nan       -nan        nan        nan        nan        nan        nan
      3700       -nan        nan        nan        nan       -nan        nan        nan        nan        nan        nan
      3600       -nan        nan        nan        nan       -nan        nan        nan        nan        nan        nan
      3500       -nan        nan        nan        nan       -nan        nan        nan        nan        nan        nan
      3400       -nan        nan        nan        nan       -nan        nan        nan        nan        nan        nan
      3300       -nan        nan        nan        nan       -nan        nan        nan        nan        nan        nan
      3200       -nan        nan        nan        nan       -nan        nan        nan        nan        nan        nan
      3100       -nan        nan        nan        nan       -nan        nan        nan        nan        nan        nan
      3000       -nan        nan        nan        nan       -nan        nan        nan        nan        nan        nan
      2900       -nan        nan        nan        nan       -nan        nan        nan        nan        nan        nan
      2800       -nan        nan        nan        nan       -nan        nan        nan        nan        nan        nan
      2700       -nan        nan        nan        nan       -nan        nan        nan        nan        nan        nan
      2600       -nan        nan        nan        nan       -nan        nan        nan        nan        nan        nan
      2500       -nan        nan        nan        nan       -nan        nan        nan        nan        nan        nan
      2400       -nan        nan        nan        nan       -nan        nan        nan        nan        nan        nan
      2300       -nan        nan        nan        nan       -nan        nan        nan        nan        nan        nan
      2200       -nan        nan        nan        nan       -nan        nan        nan        nan        nan        nan
      2100       -nan        nan        nan        nan       -nan        nan        nan        nan        nan        nan
      2000       -nan        nan        nan        nan       -nan        nan        nan        nan        nan        nan
      1900       -nan        nan        nan        nan       -nan        nan        nan        nan        nan        nan
      1800       -nan        nan        nan        nan       -nan        nan        nan        nan        nan        nan
      1700       -nan        nan        nan        nan       -nan        nan        nan        nan        nan        nan
      1600       -nan        nan        nan        nan       -nan        nan        nan        nan        nan        nan
      1500       -nan        nan        nan        nan       -nan        nan        nan        nan        nan        nan
      1400       -nan        nan        nan        nan       -nan        nan        nan        nan        nan        nan
      1300       -nan        nan        nan        nan       -nan        nan        nan        nan        nan        nan
      1200       -nan        nan        nan        nan       -nan        nan        nan        nan        nan        nan
      1100       -nan        nan        nan        nan       -nan        nan        nan        nan        nan        nan
      1000       -nan        nan        nan        nan       -nan        nan        nan        nan        nan        nan
       900       -nan        nan        nan        nan       -nan        nan        nan        nan        nan        nan
       800       -nan        nan        nan        nan       -nan        nan        nan        nan        nan        nan
       700       -nan        nan        nan        nan       -nan        nan        nan        nan        nan        nan
       600       -nan        nan        nan        nan       -nan        nan        nan        nan        nan        nan
       500       -nan        nan        nan        nan       -nan        nan        nan        nan        nan        nan
       400       -nan        nan        nan        nan       -nan        nan        nan        nan        nan        nan
       300       -nan        nan        nan        nan       -nan        nan        nan        nan        nan        nan
       200       -nan        nan        nan        nan       -nan        nan        nan        nan        nan        nan
       100       -nan        nan        nan        nan       -nan        nan        nan        nan        nan        nan
         0       -nan        nan        nan        nan       -nan        nan        nan        nan        nan        nan