     20000          0          0    179.437     354.04          0    78.9895    14.2831    93.2726    14.2831     6.5598
     19900    3.97998    3.97998    179.438    353.129          0    151.421    29.7351    181.156     15.452     5.4089
     19800          0    397.998    186.508    342.201          0      239.2    39.2866    278.487    9.55156   -76.2412
     19700          0    397.998    195.138    334.109          0    327.771    40.8246    368.595   -1.53793   -59.2403
     19600    4.44257     402.44    199.489    330.272          2    401.679     48.894    450.573    -8.0694   -47.4065
     19500          0    842.255    196.437    319.304          0    496.455    56.3806    552.835   -7.48664   -120.167
     19400          0    842.255    191.187    311.538          0    605.457    56.7132     662.17   0.332613   -95.0161
     19300          0    842.255    188.504    307.535          0    714.222     59.759    773.981    3.04576   -76.0601
     19200          0    842.255    186.963    304.742          0    814.679    64.3759    879.055    4.61695   -61.9965
     19100          0    842.255    186.003    304.238          0    913.241    69.4625    982.704    5.08654   -51.5645
     19000          0    842.255    185.376    305.073          0    1010.47    75.9863    1086.45    6.52377   -43.7496
     18900          0    842.255    184.956    304.371          0     1105.7    83.7407    1189.44    7.75442   -37.8669
     18800          0    842.255    184.671    302.775          0    1211.16    89.0394     1300.2    5.29868   -33.5032
     18700          0    842.255    184.481    301.954          0    1327.19    95.8283    1423.02    6.78894   -30.3037
     18600          0    842.255    184.357    301.468          0    1455.53    105.371     1560.9    9.54254   -27.9532
     18500          0    842.255    184.281    300.971          0     1590.5     109.21    1699.71    3.83877   -26.2377
     18400          0    842.255    184.239     300.46          0    1691.39    112.641    1804.03    3.43131    -25.006
     18300          0    842.255     184.22      298.2          0    1778.92    116.441    1895.36    3.79975   -24.1722
     18200          0    842.255    184.219    294.834          0    1894.39    120.241    2014.63    3.80079   -23.7324
     18100          0    842.255    184.231    291.991          0    2033.15    123.504    2156.66    3.26238   -23.6384
     18000          0    842.255    184.252    289.311          0     2166.7    127.305    2294.01    3.80109   -23.8036
     17900          0    842.255    184.281    288.833          0    2292.41    132.494     2424.9    5.18922   -24.1422
     17800          0    842.255    184.315    289.696          0    2415.85    138.509    2554.36    6.01516   -24.5157
     17700          0    842.255    184.353    288.224          0    2538.42    143.876     2682.3    5.36714   -24.9021
     17600          0    842.255    184.393    285.463          0    2649.64    153.208    2802.85    9.33177    -25.404
     17500          0    842.255    184.435    285.779          0    2744.58    162.159    2906.74    8.95036   -25.9929
     17400          0    842.255    187.153    316.537          0    2803.55    166.788    2970.34    4.62915    -27.341
     17300          0    842.255    188.014    326.263          0    2861.93    171.497    3033.43    4.70968   -27.3189
     17200          0    842.255    188.511    332.367          0    2912.49    180.071    3092.56    8.57401   -26.9272
     17100          0    842.255    189.004    336.361          0    2943.28    189.697    3132.98    9.62602   -26.3882
     17000          0    842.255    189.603    338.898          0    2977.12    202.195    3179.32    12.4974   -25.8128
     16900          0    842.255    190.331    335.837          0    3017.81    215.488     3233.3    13.2937   -25.3353
     16800          0    842.255    191.185    328.911          0    3058.23    229.494    3287.73    14.0051   -25.2161
     16700          0    842.255    192.149    320.716          0    3096.25    245.234    3341.48    15.7409   -25.5525
     16600          0    842.255    193.209    311.365          0    3135.91    265.176    3401.09    19.9415   -26.3359
     16500          0    842.255    194.349    312.432          0    3170.64     279.18    3449.82    14.0045    -27.375
     16400          0    842.255    195.558    320.474          0    3190.86     297.59    3488.45    18.4098   -28.0821
     16300          0    842.255    196.825    325.522          0    3201.03    313.281    3514.32     15.691   -28.3007
     16200          0    842.255    198.142    329.054          0     3205.9    334.584    3540.48    21.3029   -28.2548
     16100          0    842.255    199.501    321.038          0       3214     358.82    3572.82    24.2363   -28.2088
     16000          0    842.255    200.895    305.139          0    3231.62    381.629    3613.25    22.8082   -28.7671
     15900          0    842.255    202.317    297.093          0    3253.84    403.164       3657    21.5353   -29.9952
     15800          0    842.255    203.762    293.813          0    3272.77    421.762    3694.53     18.598   -31.3763
     15700          0    842.255    205.226    291.703          0    3290.76    440.046    3730.81    18.2843    -32.714
     15600          0    842.255    206.705    290.616          0    3307.11    456.101    3763.21    16.0549   -33.9591
     15500          0    842.255    208.197    288.788          0    3323.26    471.434    3794.69    15.3326   -35.0955
     15400          0    842.255    209.699    286.574          0    3334.33     485.74    3820.07    14.3061   -36.1786
     15300          0    842.255    211.206    285.948          0    3337.06     501.85    3838.91    16.1104   -37.1998
     15200    6.87478     849.13    212.718     286.42          0    3338.53    517.206    3855.74    15.3556   -39.7519
     15100    4.18495    1533.92     222.28    282.821          2    3341.06    523.699    3864.76    6.49306   -168.763
     15000    4.40644    1952.64    231.576    280.163          2    3342.95    525.972    3868.92   -2.27338   -212.269
     14900          0    2388.87    231.863    276.563          0    3345.92    529.188    3875.11   -3.21598   -244.921
     14800          0    2388.87    230.252    276.535          0     3347.4    530.161    3877.56  -0.973116   -209.631
     14700          0    2388.87    229.903    265.217          0    3355.19    531.069    3886.26  -0.908119   -180.484
     14600          0    2388.87    220.372    195.981          0    3404.24    546.538    3950.78    15.4682   -156.349
     14500          0    2388.87    217.192    170.512          0    3468.28    568.693    4036.97    22.1553   -141.726
     14400          0    2388.87    216.965    155.706          0    3538.17    593.082    4131.25    24.3894   -132.283
     14300          0    2388.87    217.809    143.261          0    3609.19    614.423    4223.61    21.3405   -126.033
     14200          0    2388.87    218.997    132.786          0    3685.26    633.978    4319.24    19.5555   -121.926
     14100          0    2388.87    220.274    127.609          0    3760.53    652.037    4412.56    18.0589   -119.226
     14000          0    2388.87    221.573    125.661          0    3843.96     667.45    4511.41    15.4124   -117.325
     13900          0    2388.87    222.868    121.587          0    3931.69    685.152    4616.84    17.7023   -115.955
     13800          0    2388.87    224.149    116.503          0    4009.89    699.518    4709.41    14.3664   -115.108
     13700          0    2388.87    225.413    112.834          0    4103.37    715.456    4818.83    15.9371   -114.695
     13600          0    2388.87    226.663    109.921          0    4189.12    729.997    4919.12    14.5417   -114.573
     13500    1.96977    2390.84    227.897    113.344          0    4275.02     737.93    5012.95    7.93304   -114.973
     13400          0    2585.85    232.671    116.773          0    4363.34    744.299    5107.64    6.36893   -149.061
     13300          0    2585.85    237.909     111.33          0    4454.75    745.348    5200.09   -1.04873   -141.223
     13200          0    2585.85    242.781    131.482          0    4529.61    748.214    5277.83   -2.86561   -136.296
     13100          0    2585.85    246.153    137.263          0     4599.3    758.502     5357.8   -10.2884   -131.514
     13000          0    2585.85    248.876    142.479          0     4677.7    768.892    5446.59   -10.3896   -127.268
     12900          0    2585.85    251.055    148.186          0    4741.53    781.239    5522.76    -12.347   -123.536
     12800          0    2585.85    252.734    154.077          0    4797.59    793.091    5590.68    -11.852   -120.225
     12700          0    2585.85    254.191    156.145          0    4859.17    804.679    5663.85   -11.5884   -117.338
     12600          0    2585.85    255.673    155.445          0    4939.52    815.202    5754.72   -10.5235   -115.017
     12500          0    2585.85    257.154    155.262          0    5017.39    825.369    5842.75   -10.1661   -113.259
     12400          0    2585.85     258.63    155.229          0    5097.39    837.898    5935.28   -12.5299   -111.936
     12300          0    2585.85    260.106    153.944          0    5166.37    851.219    6017.59   -13.3201   -110.994
     12200          0    2585.85    261.587    151.717          0     5220.8    863.503     6084.3    -12.284   -110.436
     12100          0    2585.85    263.075    150.969          0    5266.13    874.136    6140.27   -10.6331   -110.203
     12000          0    2585.85    264.575    151.169          0    5302.49    888.613     6191.1   -14.4774   -110.152
     11900          0    2585.85    266.089    152.315          0    5333.76    900.148    6233.91   -11.5348   -110.196
     11800          0    2585.85    267.621     154.15          0    5358.72    912.729    6271.45    -12.581   -110.258
     11700          0    2585.85    269.176    163.218          0    5371.25    925.323    6296.57   -12.5945   -110.166
     11600          0    2585.85    256.729     138.99          0    5401.37    925.959    6327.33   0.635231    -110.18
     11500          0    2585.85    252.374    122.365          0    5438.44    939.351    6377.79    13.3922   -112.414
     11400          0    2585.85    251.734    99.9527          0    5485.45    955.568    6441.01    16.2176   -115.823
     11300          0    2585.85    252.486    89.4265          0    5538.12     968.56    6506.68    12.9918   -119.737
     11200          0    2585.85    253.705    85.5779          0    5595.19    979.705    6574.89    11.1451   -123.266
     11100          0    2585.85    255.049    78.3549          0    5672.03    989.556    6661.58    9.85111   -126.256
     11000          0    2585.85    256.397    69.5062          0    5757.12    997.959    6755.08    8.40291   -128.985
     10900          0    2585.85    257.709    64.4573          0    5832.53    1007.85    6840.38    9.89118   -131.515
     10800          0    2585.85    258.975    61.5715          0    5896.05    1014.43    6910.47    6.57483   -133.728
     10700          0    2585.85    260.199    57.8022          0     5960.9    1020.45    6981.35     6.0264   -135.663
     10600          0    2585.85    261.384    53.6316          0    6029.69    1025.97    7055.65    5.51567   -137.453
     10500          0    2585.85    262.538    51.1158          0    6098.53    1030.93    7129.46    4.96236   -139.135
     10400          0    2585.85    263.663    49.5733          0    6167.85    1033.47    7201.31    2.53682   -140.667
     10300          0    2585.85    264.765    48.5831          0    6230.46     1033.6    7264.06   0.134983   -142.052
     10200          0    2585.85    265.846     47.507          0    6293.83    1033.75    7327.58  -0.146116   -143.302
     10100          0    2585.85    266.904    45.4439          0    6373.19    1036.95    7410.15    -3.2035   -144.486
     10000          0    2585.85    267.931    43.0709          0    6445.83    1040.88    7486.71    -3.9312   -145.659
      9900          0    2585.85     268.93    40.5378          0    6507.43    1045.51    7552.94   -4.62992   -146.845
      9800          0    2585.85    269.905    37.8802          0    6569.92    1051.67    7621.59   -6.16167   -148.058
      9700          0    2585.85    270.861    35.1216          0    6625.05    1059.35     7684.4   -7.67388   -149.307
      9600          0    2585.85      271.8    32.2816          0    6679.35    1068.52    7747.87    -9.1691   -150.596
      9500          0    2585.85    272.722    29.3721          0    6737.79    1079.16    7816.95   -10.6474   -151.929
      9400          0    2585.85    273.621    27.1865          0    6812.87    1087.59    7900.45   -8.42077   -153.292
      9300          0    2585.85    274.494    25.4251          0       6887    1098.28    7985.28   -10.6936   -154.647
      9200          0    2585.85    275.347    23.8925          0    6959.94    1109.93    8069.87   -11.6467   -155.978
      9100          0    2585.85    276.178    22.5174          0    7024.68     1124.1    8148.79   -14.1782   -157.279
      9000          0    2585.85    276.983    21.2694          0    7087.15    1141.79    8228.94   -17.6831   -158.546
      8900          0    2585.85    277.765    20.1422          0    7160.18     1158.9    8319.08    -17.115   -159.778
      8800          0    2585.85     278.53    19.1102          0    7221.55    1176.91    8398.46   -18.0051   -160.975
      8700          0    2585.85    279.282    18.1568          0    7275.28    1195.79    8471.07   -18.8824   -162.135
      8600          0    2585.85    280.025     17.273          0    7323.67    1215.26    8538.94   -19.4745   -163.258
      8500          0    2585.85    280.759    16.4503          0    7378.12    1235.32    8613.44   -20.0585   -164.346
      8400          0    2585.85    281.484    16.0975          0    7428.99    1255.51     8684.5    -20.184    -165.39
      8300          0    2585.85    282.195    16.0523          0     7491.2     1279.4     8770.6   -23.8949   -166.368
      8200          0    2585.85     282.89    16.2154          0    7548.93    1303.42    8852.34   -24.0146   -167.272
      8100    4.31178    2590.16    283.569    16.5591          2    7609.71    1327.53    8937.24   -24.1188   -168.965
      8000          0    3017.03    278.248    11.7757          0    7667.79    1346.06    9013.84   -18.5233   -237.978
      7900          0    3017.03    271.859    10.0013          0    7737.51    1357.92    9095.42   -11.8585   -223.063
      7800          0    3017.03    269.085    10.6046          0    7805.19     1367.3    9172.49   -9.38549    -212.08
      7700          0    3017.03    267.904    11.8564          0     7870.4    1374.81    9245.21   -7.50361   -204.057
      7600    2.49816    3019.53    267.473    13.4854          2    7937.29    1382.18    9319.47   -7.37323   -198.613
      7500          0    3266.84    264.157     12.333          0    8012.02    1386.51    9398.53   -4.33243   -232.463
      7400          0    3266.84    260.533    11.8096          0    8090.92    1387.49    9478.42  -0.982642   -220.562
      7300          0    3266.84    259.103    12.0055          0    8170.86    1389.67    9560.52    2.17236   -211.716
      7200          0    3266.84    258.663     12.148          0    8253.91       1394    9647.92    4.33685   -205.193
      7100          0    3266.84    258.714    12.1599          0    8337.05    1397.59    9734.64    3.58624   -200.383
      7000          0    3266.84    259.041    12.0058          0    8411.94    1399.03    9810.97   -1.44112   -196.839
      6900          0    3266.84    259.538    11.6904          0    8486.31    1400.47    9886.78   -1.43792   -194.241
      6800          0    3266.84    260.149    11.2198          0    8558.44    1403.22    9961.66    2.75106   -192.353
      6700          0    3266.84    260.844    10.6185          0    8629.75    1404.48    10034.2    1.25579   -191.005
      6600          0    3266.84    261.604    9.92135          0    8701.48    1406.68    10108.2   -2.20354   -190.064
      6500          0    3266.84     262.41    9.12934          0     8770.1    1407.99    10178.1   -1.30981   -189.436
      6400    1.95371     3268.8    263.253    8.55874    1.93001    8837.99    1410.04      10248    -2.0532   -189.417
      6300          0    3462.22    261.746    5.71145          0    8908.96    1411.25    10320.2    1.20449   -220.259
      6200          0    3462.22    259.865    4.18006          0    8988.97    1415.18    10404.1     3.9353   -212.949
      6100          0    3462.22     259.46    3.71193          0     9069.9    1420.37    10490.3    5.19002    -207.63
      6000          0    3462.22    259.691    3.50456          0    9139.81    1426.18      10566     5.8086   -203.787
      5900          0    3462.22    260.218    3.42608          0    9211.43    1429.66    10641.1    3.48164   -201.002
      5800    1.16486    3463.38    260.897    3.40322          0    9289.06    1434.26    10723.3    4.60297   -199.198
      5700          0     3578.7    263.856    1.45763          0    9358.65    1436.31      10795     2.0438   -216.299
      5600    1.94759    3580.65    267.249  0.0967803    1.98677    9427.69    1437.41    10865.1   -1.09911   -211.523
      5500          0    3773.46    266.748   -2.80098          0     9509.4    1437.76    10947.2  -0.348105    -237.54
      5400          0    3773.46    265.251   -4.93443          0    9591.72    1438.93    11030.6    1.17433   -227.963
      5300          0    3773.46     265.08   -6.38043          0    9666.62     1440.3    11106.9    1.36961   -220.903
      5200          0    3773.46    265.464   -7.77624          0    9753.69    1444.64    11198.3    4.33606   -215.758
      5100          0    3773.46    266.092   -9.19522          0    9827.46    1447.74    11275.2    3.10795   -212.033
      5000          0    3773.46    266.838   -10.7053          0    9894.63    1449.51    11344.1    1.76166   -209.367
      4900          0    3773.46    267.649   -12.3006          0    9960.03    1451.86    11411.9    2.35057   -207.499
      4800          0    3773.46    268.499    -13.999          0    10029.3    1454.11    11483.4    2.25088   -206.237
      4700          0    3773.46    269.371   -15.7895          0    10104.2    1456.24    11560.5    2.12922   -205.445
      4600          0    3773.46    270.257   -17.6437          0      10170    1456.69    11626.7  -0.456591   -205.016
      4500    1.68351    3775.14    271.153   -19.5776          2    10233.8    1458.75    11692.6   -2.05312   -205.191
      4400          0    3941.81    269.783   -23.2176          0    10298.8    1460.06    11758.9    1.31679   -231.636
      4300          0    3941.81    268.024     -25.64          0      10367    1463.54    11830.5    3.47604   -225.716
      4200          0    3941.81    267.661   -27.1499          0    10430.6    1468.08    11898.6    4.53917   -221.559
      4100          0    3941.81    267.898   -28.4147          0    10489.9    1471.88    11961.8    3.80231   -218.708
      4000          0    3941.81    268.412   -29.5653          0    10548.6    1476.77    12025.4    4.88761   -216.797
      3900          0    3941.81    269.069   -30.6697          0    10604.2     1482.6    12086.8    5.83104   -215.567
      3800          0    3941.81    269.804    -31.765          0    10660.9    1486.24    12147.2    3.64635   -214.833
      3700          0    3941.81    270.585   -33.4376          0    10713.2    1488.99    12202.2     2.7402   -214.473
      3600          0    3941.81    271.398   -36.6275          0    10767.6    1490.79    12258.4    1.80227   -214.458
      3500          0    3941.81    272.235   -40.4853          0    10822.4    1493.55      12316    2.76516   -214.774
      3400          0    3941.81    273.089   -44.5928          0    10880.9    1494.46    12375.4   0.910588   -215.384
      3300          0    3941.81    273.949   -48.9447          0    10948.3    1494.86    12443.2   0.400687   -216.248
      3200          0    3941.81    274.808   -52.9743          0    11014.2    1494.97    12509.2    -0.1076    -217.33
      3100          0    3941.81    275.663   -55.7324          0    11081.4    1495.98    12577.4   -1.01287   -218.544
      3000          0    3941.81    276.512   -58.0424          0    11145.3     1497.9    12643.2   -1.91215   -219.821
      2900          0    3941.81    277.348   -60.0352          0    11208.6    1499.74    12708.3   -1.84776    -221.13
      2800          0    3941.81    278.168   -61.8048          0    11271.3    1502.61    12773.9   -2.86769   -222.451
      2700          0    3941.81    278.977   -63.5812          0    11340.8    1502.69    12843.5 -0.0767836   -223.772
      2600          0    3941.81    279.779   -65.6825          0    11419.4    1508.57    12927.9   -5.87926   -225.106
      2500          0    3941.81    280.569   -67.8794          0    11485.3    1511.24    12996.5   -2.66942   -226.463
      2400          0    3941.81    281.341   -70.1003          0    11549.1    1514.98    13064.1   -3.74055   -227.844
      2300          0    3941.81    282.096   -72.3436          0    11614.7    1519.92    13134.7   -4.94601   -229.246
      2200          0    3941.81     282.84   -74.4537          0    11686.7    1526.06    13212.8    -6.1401    -230.67
      2100          0    3941.81    283.576    -76.169          0    11751.3    1532.84    13284.2   -6.77571   -232.094
      2000          0    3941.81    284.305   -77.7222          0      11816    1540.24    13356.2   -7.40478   -233.503
      1900          0    3941.81    285.029   -79.1524          0    11881.2    1547.74      13429   -7.49539    -234.89
      1800          0    3941.81    285.743   -80.4867          0    11945.4    1555.82    13501.2    -8.0767   -236.253
      1700          0    3941.81    286.443    -81.835          0      12008    1563.63    13571.6    -7.8166   -237.588
      1600          0    3941.81     287.13   -83.3643          0    12073.2    1570.48    13643.7   -6.84222   -238.907
      1500          0    3941.81    287.801   -84.9418          0    12138.7    1579.73    13718.5   -9.25585   -240.215
      1400          0    3941.81    288.451   -86.5533          0    12203.5    1591.23    13794.8   -11.5007   -241.517
      1300          0    3941.81     289.08    -88.184          0    12271.9    1602.58    13874.5    -11.344   -242.813
      1200          0    3941.81    289.693   -89.5533          0    12351.9    1613.76    13965.7   -11.1799   -244.103
      1100          0    3941.81    290.294   -90.1992          0    12428.7    1624.84    14053.5   -11.0838   -245.354
      1000          0    3941.81    290.884   -90.5331          0    12503.2    1635.96    14139.2   -11.1191   -246.541
       900          0    3941.81    291.466   -90.5323          0    12578.1    1647.77    14225.8   -11.8159   -247.652
       800          0    3941.81     292.04   -90.2817          0    12654.1    1656.49    14310.6   -8.72043   -248.678
       700          0    3941.81    292.609   -89.7334          0    12727.8    1665.04    14392.8   -8.54214   -249.613
       600          0    3941.81     293.17   -88.7407          0    12811.3    1677.03    14488.4   -11.9948   -250.443
       500          0    3941.81    293.718   -87.4813          0    12895.3    1690.11    14585.4   -13.0755   -251.158
       400          0    3941.81    294.251   -85.9308          0    12991.7    1701.63    14693.3   -11.5232   -251.751
       300          0    3941.81    294.768   -84.1429          0    13077.4    1718.67      14796   -17.0413   -252.219
       200          0    3941.81    295.269    -81.903          0    13169.9    1736.65    14906.5   -17.9765   -252.556
       100          0    3941.81    295.752   -78.8045          0    13247.6    1750.95    14998.6   -14.2971   -252.731
         0          0    3941.81    296.218   -75.2453          0    13312.4    1755.29    15067.7    4.34032   -252.721