     20000          0          0    179.437     354.04          0    78.9895    14.2831    93.2726    14.2831     6.5598
     19900   0.124374   0.124374    179.437     353.13          0     151.42    29.7361    181.156     15.453    6.40176
     19800   0.115558     12.553    179.656    352.183          0    229.216    46.1397    275.356    16.4036    3.47762
     19700          0    23.9933    180.122     351.38          0    300.516    59.6174    360.134    13.4777    1.42616
     19600          0    23.9933    180.492    351.053          0    353.643    70.5455    424.188    10.9281    2.37432
     19500          0    23.9933    180.672    349.166          0    418.557    78.8234     497.38    8.27787    3.06235
     19400          0    23.9933     180.76    346.333          0    492.764    89.5834    582.347      10.76    3.48147
     19300          0    23.9933    180.797    343.765          0    565.299    100.337    665.635    10.7533    3.65973
     19200          0    23.9933    180.803    341.237          0    629.261    111.114    740.375    10.7769    3.65178
     19100          0    23.9933    180.791    340.377          0    691.684    121.413    813.097    10.2993    3.51523
     19000          0    23.9933    180.767     340.52          0    753.464    132.546     886.01    11.1331    3.35122
     18900          0    23.9933    180.736    338.939          0    814.125     144.52    958.645    11.9737    3.17245
     18800          0    23.9933    180.702    336.399          0    885.967    153.788    1039.75     9.2678    2.90043
     18700          0    23.9933    180.667    334.652          0    969.294    164.391    1133.69    10.6034    2.53008
     18600          0    23.9933    180.631    333.291          0    1065.81     177.66    1243.47    13.2692    2.11141
     18500          0    23.9933    180.596    331.985          0    1169.77    185.184    1354.95    7.52424    1.66215
     18400          0    23.9933    180.562    330.738          0    1240.38    192.292    1432.67    7.10803    1.18785
     18300          0    23.9933     180.53    327.792          0    1298.32    199.783     1498.1    7.49023   0.665347
     18200          0    23.9933    180.499    323.796          0    1384.82    207.303    1592.13    7.52071  0.0166579
     18100          0    23.9933    180.471    320.391          0    1495.19    214.326    1709.52    7.02272   -0.77097
     18000          0    23.9933    180.444    317.209          0    1600.84    221.936    1822.78    7.60962   -1.65617
     17900          0    23.9933    180.419    316.311          0    1699.07    230.987    1930.06    9.05147   -2.58752
     17800          0    23.9933    180.395    316.822          0    1795.39    240.922    2036.31    9.93501   -3.45142
     17700          0    23.9933    180.373     315.02          0    1891.16    250.269    2141.43    9.34699   -4.24727
     17600   0.124076    24.1173    180.353    311.955          0    1975.88    263.642    2239.53    13.3725   -5.12636
     17500          0    36.4008    180.553    311.726          0    2044.88    276.474    2321.35    12.8324   -8.73456
     17400          0    36.4008    183.377    342.423          0    2077.97     284.88    2362.85    8.40596   -9.82438
     17300          0    36.4008    184.277     351.98          0    2110.62    293.326    2403.95    8.44618   -9.62171
     17200          0    36.4008    184.779    357.956          0     2135.6    305.632    2441.23    12.3061   -9.10618
     17100   0.115505    36.5163    185.254    361.843          0    2140.91    319.008    2459.91    13.3758   -8.51289
     17000          0    47.9514    185.951    364.099          0    2149.55    335.157     2484.7    16.1488   -10.4805
     16900   0.148229    48.0996    186.814     360.73          0    2165.35    351.967    2517.32    16.8106    -9.4992
     16800          0    62.7742    187.891    353.305          0    2181.37    369.267    2550.64    17.2993   -12.3042
     16700          0    62.7742    189.093    344.649          0    2195.45    388.064    2583.52    18.7968   -11.6891
     16600          0    62.7742    190.272    334.939          0    2211.55    410.942    2622.49    22.8781   -11.7546
     16500          0    62.7742    191.465    335.798          0    2222.91     427.83    2650.74    16.8883   -12.2482
     16400   0.255569    63.0298    192.687    343.739          0    2225.96    449.111    2675.07     21.281   -12.6008
     16300   0.221328    88.5525    194.232      348.3          0    2238.56    467.394    2705.95    18.2836   -18.2598
     16200   0.249572    110.714    196.169    351.039          0    2255.67     490.67    2746.34    23.2756   -21.8119
     16100          0    135.421    198.356    341.954          0    2268.49    516.052    2784.54    25.3819   -25.2618
     16000          0    135.421    200.449     325.19          0    2270.92    539.306    2810.23    23.2543   -23.2198
     15900          0    135.421    202.285    316.569          0    2273.66    560.874    2834.53    21.5676   -22.4488
     15800          0    135.421     203.98    312.869          0    2273.79    579.254    2853.04      18.38   -22.2838
     15700          0    135.421    205.592    310.452          0    2274.54    597.172    2871.71    17.9181   -22.4198
     15600  0.0119568    135.433    207.152    309.144          0    2276.73     612.78    2889.51    15.6078   -22.7294
     15500          0    136.617    208.694    307.137          0    2278.92    627.616    2906.54     14.836   -23.3933
     15400   0.200799    136.818     210.22    304.787          0    2286.07      641.4    2927.47    13.7846   -23.8942
     15300   0.191309    156.888     211.96    303.763          0    2301.15    656.757    2957.91    15.3564    -28.887
     15200    0.18006    176.008    213.997    303.599          0    2316.86    670.833     2987.7    14.0765   -32.7276
     15100   0.167294    194.001    216.192     309.59          0     2341.1    683.415    3024.52    12.5817   -35.4994
     15000   0.151846    210.715    218.466    319.916          0    2378.97    694.252    3073.22    10.8366   -37.0524
     14900   0.122593     225.87    220.767    327.921          0    2427.35    702.131    3129.48    7.87958    -37.423
     14800   0.103971    238.111    223.043    334.755   0.158005    2487.04    708.367    3195.41     6.2358   -36.6383
     14700          0    248.404    225.185    326.306          0    2540.35    712.177    3252.52    3.80983   -35.3979
     14600          0    248.404     217.98    258.772          0    2554.08    730.037    3284.12    17.8604   -33.5578
     14500          0    248.404    215.774    232.406          0    2556.23    753.611    3309.84    23.5736   -36.4273
     14400          0    248.404    215.942    216.163          0    2565.66    779.023    3344.68    25.4118   -40.6751
     14300          0    248.404    216.939    202.118          0    2577.82    801.234    3379.06    22.2112   -45.0725
     14200          0    248.404    218.166    190.102          0    2596.58     821.62     3418.2    20.3863   -49.2238
     14100          0    248.404    219.416    183.612          0    2615.84    840.538    3456.38    18.9177   -52.9172
     14000          0    248.404    220.622      180.6          0    2644.34    856.901    3501.24    16.3628   -55.9631
     13900          0    248.404     221.77    175.624          0    2678.03    875.701    3553.73    18.8003   -58.4243
     13800          0    248.404    222.857    169.786          0    2702.94    891.359     3594.3    15.6577    -60.555
     13700          0    248.404     223.89    165.525          0    2743.74    908.819    3652.56      17.46    -62.464
     13600          0    248.404    224.874    162.152          0    2777.26    925.149    3702.41    16.3306   -64.1586
     13500          0    248.404    225.817    165.325          0    2811.17    935.162    3746.33    10.0129     -65.57
     13400          0    248.404    226.724    172.488          0    2843.78    947.478    3791.26    12.3163   -66.4365
     13300          0    248.404    227.599    169.536          0    2876.98    956.739    3833.72    9.26074    -66.902
     13200          0    248.404     231.15    190.301          0    2893.03    965.505    3858.53    8.76536   -67.4076
     13100          0    248.404    233.388    196.872          0    2903.11    967.982    3871.09    2.47749   -66.8649
     13000          0    248.404    235.187     202.73          0    2921.25    971.281    3892.53    3.29871   -65.9389
     12900  0.0469426    248.451    236.625    208.984   0.647194    2924.28    973.364    3897.65    2.08297   -64.8367
     12800  0.0697079    253.168     237.73    215.284   0.415005    2929.43    976.516    3905.94    3.15196   -64.6062
     12700          0    260.069    238.787    217.482          0    2929.67    980.331       3910    3.81576   -64.6457
     12600          0    260.069    239.955    216.813          0    2948.65    985.527    3934.18    5.19527   -63.2227
     12500          0    260.069    241.136    216.673          0    2965.11    991.378    3956.49    5.85128   -62.2191
     12400          0    260.069    242.328    216.655          0    2983.68     995.15    3978.83    3.77189   -61.5334
     12300          0    260.069    243.532    215.328          0    2991.28    998.404    3989.69    3.25414   -61.1355
     12200  0.0860633    260.155    244.752    213.019   0.232957    2998.16    1002.95    4001.11    4.55053   -61.0686
     12100   0.105723    268.781    246.078    212.117  0.0249247    3013.98    1009.32    4023.29    6.36438   -63.0903
     12000  0.0455342    279.293    247.589    212.049   0.649994     3038.5    1011.83    4050.33    2.50885   -65.2717
     11900   0.144101    283.945    249.158    212.962   0.516592    3067.87    1017.22     4085.1    5.39647   -65.9011
     11800  0.0763562    298.288    250.771    214.489   0.324442    3103.25    1021.49    4124.75    4.26941   -68.5343
     11700   0.223952    306.071    252.452    223.498 0.00901257       3151    1025.62    4176.63    4.13013   -69.1502
     11600   0.174215    328.416    240.639    198.183          0    3180.07    1042.35    4222.42    16.7252    -72.567
     11500          0    345.664    237.098    180.216          0    3200.85    1071.02    4271.87     28.669   -76.5042
     11400          0    345.664    236.922    156.572          0    3210.47    1102.05    4312.52    31.0302   -77.8521
     11300          0    345.664    237.764    145.362          0    3213.73    1129.76    4343.49    27.7131   -80.3082
     11200          0    345.664     238.91    141.082          0    3215.28     1155.7    4370.98    25.9395    -82.793
     11100          0    345.664    240.104      133.4          0    3237.08     1180.5    4417.58    24.7964   -85.0302
     11000          0    345.664    241.261    124.107          0    3267.57    1204.04    4471.61    23.5388   -87.2235
     10900          0    345.664    242.363    118.759          0    3288.68    1229.27    4517.96     25.237    -89.379
     10800          0    345.664    243.416    115.649          0    3298.12    1251.41    4549.53    22.1343   -91.3327
     10700          0    345.664    244.428    111.646          0    3309.13     1273.2    4582.33    21.7968    -93.093
     10600          0    345.664    245.401    107.248          0     3324.3     1294.7       4619    21.4993   -94.7731
     10500          0    345.664    246.333    104.568          0    3339.69    1315.87    4655.56    21.1669   -96.3956
     10400  0.0905086    345.754    247.227    102.899          0    3355.68    1334.84    4690.53    18.9728   -97.9252
     10300          0    354.715    248.257    101.644          0    3365.23    1351.49    4716.72    16.6434   -101.086
     10200          0    354.715    249.283    100.363          0    3375.75     1367.9    4743.65    16.4168   -101.955
     10100          0    354.715    250.178    98.1427          0    3402.41    1381.43    4783.84     13.522   -102.885
     10000          0    354.715    251.006    95.6212          0     3422.5    1394.42    4816.92     12.994   -103.897
      9900          0    354.715    251.793    92.9425          0    3431.69    1406.93    4838.62    12.5072    -104.99
      9800          0    354.715    252.548    90.1386          0    3441.92    1418.12    4860.04    11.1961   -106.159
      9700          0    354.715    253.275    87.2317          0    3444.95    1428.04    4872.98    9.91234   -107.403
      9600          0    354.715    253.979    84.2409          0    3447.29    1436.69    4883.98    8.65241   -108.715
      9500          0    354.715    254.662    81.1767          0    3453.92     1444.1    4898.02    7.41263   -110.095
      9400          0    354.715    255.328    78.8607          0    3477.33    1453.97     4931.3    9.87166   -111.522
      9300          0    354.715    255.975    76.9813          0     3499.9     1461.8     4961.7    7.82466   -112.951
      9200          0    354.715    256.601    75.3431          0    3521.39     1468.9    4990.29    7.09872   -114.364
      9100          0    354.715    257.206    73.8714          0    3534.78    1473.69    5008.47    4.79366   -115.754
      9000          0    354.715    257.793    72.5329          0    3545.99     1475.2    5021.18    1.50658   -117.115
      8900          0    354.715    258.365    71.3211          0    3567.84    1477.48    5045.32     2.2845   -118.445
      8800          0    354.715    258.925    70.2093          0    3578.11    1479.08    5057.19    1.60006   -119.741
      8700          0    354.715    259.474    69.1807          0    3580.81    1480.01    5060.82   0.926358   -121.002
      8600  0.0275107    354.742    260.013    68.2257    1.15969    3583.37    1480.54    5063.92   0.536835   -122.234
      8500          0    357.466    260.545    67.2926          0    3586.98     1480.7    5067.68   0.155065    -123.95
      8400          0    357.466    261.067    66.8681          0    3587.08    1480.93    5068.01   0.233393   -124.971
      8300  0.0650136    357.531    261.573     66.781          2    3598.56    1484.21    5082.77   -3.27341   -125.974
      8200    0.06847    364.035    261.975    66.8301    1.95422    3605.67     1487.3    5092.98   -3.09982    -128.16
      8100          0    370.814    262.256    67.0275          0    3615.98    1490.11    5106.09   -2.80597   -130.032
      8000          0    370.814    262.562    67.4704          0    3618.37    1492.95    5111.32   -2.83735   -130.308
      7900          0    370.814    262.935    68.1671          0    3629.92    1495.88     5125.8    -2.9352   -130.651
      7800  0.0727273    370.887    263.332    69.0437          2    3639.17    1499.51    5138.68   -3.63155   -131.029
      7700   0.066611    378.153    263.632    69.9815     1.9825    3646.25    1502.75       5149   -3.23195   -132.765
      7600          0    384.748    263.819     71.048          0    3655.58    1506.47    5162.05   -3.71924   -134.001
      7500          0    384.748    264.045    72.3387          0     3670.3    1510.69    5180.99   -4.21955   -133.718
      7400          0    384.748    264.346    72.7565          0    3688.26    1515.48    5203.74    -4.7955   -133.538
      7300  0.0730044    384.821    264.677    72.6612     1.9591    3707.54    1518.88    5226.42   -3.40175   -133.482
      7200          0    392.048    264.924    72.1938          0    3730.55    1520.81    5251.35   -1.92363   -134.878
      7100          0    392.048    265.157    71.5907          0    3754.26    1523.66    5277.92   -2.85653   -134.646
      7000          0    392.048     265.45     70.885          0    3770.27    1531.51    5301.78   -7.84961    -134.57
      6900          0    392.048    265.768    70.0874          0    3786.24    1539.18    5325.42   -7.66832   -134.614
      6800  0.0756404    392.124    266.098    69.2127    1.88518    3800.37    1542.38    5342.75    -3.1984   -134.767
      6700          0    399.612    266.343    68.1787          0    3814.12    1546.62    5360.74   -4.24288   -136.401
      6600  0.0739147    399.686    266.572    67.1728          2     3828.6    1553.79    5382.39    -7.1722   -136.345
      6500          0    407.004    266.755    66.0728          0    3840.28    1559.45    5399.73   -5.65507   -137.802
      6400          0    407.004    266.943    65.3107          0    3851.42    1565.19    5416.61   -5.74262   -137.639
      6300          0    407.004    267.205    64.7512          0    3863.35    1569.45    5432.79   -4.25476   -137.628
      6200  0.0713078    407.075    267.499    64.2963          2    3883.24    1573.15    5456.38   -3.69891   -137.737
      6100          0    414.135    267.707    63.8333          0    3904.05     1576.2    5480.25   -3.05687   -139.237
      6000          0    414.135    267.901    63.4799          0    3913.99     1578.6    5492.59   -2.40082   -139.121
      5900          0    414.135    268.158    63.2094          0    3925.82    1583.06    5508.88   -4.45762    -139.12
      5800  0.0589613    414.193    268.442    62.9818          2    3943.87       1586    5529.87   -2.94167   -139.212
      5700          0    420.031    268.656    62.7067          0    3952.21    1588.76    5540.97   -2.75559    -140.45
      5600          0    420.031    268.859    62.5013          0    3958.85    1591.47    5550.32   -2.70922   -140.351
      5500   0.057686    420.088    269.116      62.35    1.95788    3975.41    1594.18     5569.6   -2.71616   -140.359
      5400          0    425.799     269.32    61.4275          0    3991.36    1597.08    5588.44   -2.89493   -141.513
      5300  0.0621822    425.861    269.519    60.1244    1.97995    3999.76    1600.15    5599.91   -3.06903   -141.434
      5200          0    432.017    269.684     58.532          0    4020.52    1600.26    5620.79   0.116197   -142.669
      5100          0    432.017    269.853    56.8365          0    4028.27    1600.92    5629.18  -0.653088   -142.599
      5000          0    432.017    270.083     55.039          0    4029.69     1602.4    5632.09   -1.48281   -142.724
      4900          0    432.017    270.338    53.1624          0    4029.75    1602.74    5632.49  -0.338067   -143.005
      4800          0    432.017    270.603    51.2055          0    4033.83    1602.88    5636.71   0.146861   -143.415
      4700          0    432.017     270.87    49.1841          0    4043.77    1603.51    5647.28   0.630188   -143.932
      4600          0    432.017    271.134    47.1277          0    4044.81    1604.85    5649.66   -1.33362   -144.541
      4500          0    432.017    271.393     45.017          0     4045.6    1607.14    5652.74   -2.29264    -145.23
      4400          0    432.017    271.647    43.2248          0    4047.06    1607.69    5654.75  -0.546619   -145.984
      4300          0    432.017    271.896    41.6081          0    4047.95    1608.08    5656.03  -0.395877   -146.779
      4200  0.0410271    432.058    272.141    40.0836    1.22611    4051.57    1608.14    5659.71   0.059164   -147.611
      4100  0.0300528     436.15    272.377    38.5721    1.61719    4059.19    1608.82    5668.01  -0.677228   -149.226
      4000   0.111857    439.237    272.586    37.0892    1.09124    4067.18    1609.53    5676.71   0.714097   -150.489
      3900  0.0457743    450.357    272.802    35.5111   0.541884    4077.78    1611.63    5689.42    2.09793   -153.183
      3800    0.12075    455.009    273.081    33.9737    1.15019    4086.77       1612    5698.77   0.369346   -154.262
      3700    0.01837    466.982    273.367    31.7975     1.4021    4099.69    1612.04    5711.74  -0.042123   -156.702
      3600  0.0255243    468.826    273.615    28.2022    1.54055    4110.14    1612.46     5722.6  -0.415037   -157.001
      3500   0.032456    471.385    273.829    24.0104   0.709349    4119.81    1613.63    5733.44    1.17091   -157.764
      3400  0.0183698    474.617    274.061    19.5793    1.40711    4125.54    1613.69    5739.23 -0.0606536   -158.912
      3300          0    476.436    274.297    14.9302          0     4129.1    1613.74    5742.85   0.053294   -159.992
      3200          0    476.436    274.518    10.6531          0    4131.34    1613.93    5745.26   0.181685   -160.973
      3100          0    476.436    274.738    7.69762          0    4135.09    1614.01     5749.1 -0.0879705   -162.175
      3000          0    476.436    274.956    5.21485          0    4135.76    1614.37    5750.13  -0.355712   -163.504
      2900          0    476.436    275.172    3.06539          0    4135.94     1614.7    5750.64   0.328418   -164.909
      2800          0    476.436    275.386    1.14995          0    4136.17    1614.78    5750.96 -0.0856084   -166.357
      2700          0    476.436    275.597  -0.767508          0    4142.89    1618.09    5760.97    3.30271   -167.829
      2600          0    476.436    275.804   -3.01496          0    4158.74    1619.99    5778.73   -1.90441    -169.33
      2500  0.0267636    476.462    276.006   -5.36233   0.202311    4162.18    1621.88    5784.06    1.89446   -170.874
      2400          0    479.112    276.244   -7.78204          0    4163.67    1623.24    5786.91    1.35633   -172.934
      2300          0    479.112    276.485   -10.2136          0    4167.15    1623.91    5791.05   0.665084   -174.426
      2200          0    479.112    276.694   -12.4948          0    4177.15    1623.91    5801.06 0.00558653   -175.977
      2100          0    479.112    276.887   -14.3682          0       4180       1624       5804 -0.0868803   -177.553
      2000          0    479.112    277.068   -16.0716          0    4182.97    1624.17    5807.14  -0.168271   -179.133
      1900          0    479.112    277.241   -17.6451          0    4186.74    1624.46     5811.2   0.292567   -180.704
      1800          0    479.112    277.406    -19.118          0    4189.49    1624.72    5814.21   0.261074   -182.257
      1700          0    479.112    277.564   -20.6046          0    4190.89    1625.78    5816.68    1.06291    -183.79
      1600          0    479.112    277.716   -22.2769          0    4195.05    1628.35    5823.41    2.57176   -185.309
      1500          0    479.112    277.862   -24.0008          0    4199.61    1629.04    5828.65    0.68321   -186.823
      1400          0    479.112    278.002   -25.7633          0    4203.63    1630.09    5833.72   -1.05213   -188.333
      1300          0    479.112    278.137   -27.5488          0     4211.4    1630.49    5841.89  -0.400989    -189.84
      1200          0    479.112    278.267   -29.0675          0     4230.9    1630.74    5861.64   0.246725   -191.342
      1100          0    479.112    278.391   -29.8429          0    4247.31    1631.56    5878.87   0.818754   -192.805
      1000          0    479.112    278.511    -30.293          0     4261.6    1632.81    5894.42    1.25369   -194.202
       900          0    479.112    278.627   -30.3928          0     4276.3    1633.83    5910.14    1.02267   -195.521
       800          0    479.112     278.74   -30.2293          0    4292.25    1638.41    5930.66    4.58018    -196.75
       700          0    479.112    278.849   -29.7525          0    4305.98    1643.63    5949.61    5.21746   -197.885
       600          0    479.112    278.956   -28.8119          0    4329.59    1645.85    5975.44    2.21918    -198.91
       500          0    479.112     279.06   -27.5902          0    4353.69    1647.43    6001.12    1.58255   -199.813
       400          0    479.112    279.162   -26.0623          0     4390.2       1651     6041.2    3.56569    -200.59
       300          0    479.112    279.262   -24.2844          0    4416.02    1652.53    6068.56   -1.53492   -201.234
       200  0.0452615    479.157    279.359   -22.0335     1.8742    4448.66     1654.6    6103.26    -2.0669   -201.751
       100          0    483.638      279.4   -18.9493          0    4466.53    1656.66    6123.19    2.05517   -202.881
         0          0    483.638    279.427   -15.3503          0    4471.46    1677.79    6149.24    21.1307   -202.835