      20000           0           0     179.437      354.04           0     78.9895     14.2831     93.2726     14.2831      6.5598    0.258968    0.460851    0.605054    0.634429     2456.76     1.6e+19     5.73044     4.59858     4.35318     4.39114
      19900           0           0     179.437      353.13           0     151.419     29.7361     181.156     15.4531     6.43382    0.258968    0.460851    0.605054    0.634429     2456.76     1.6e+19     5.73044     4.59858     4.35318     4.39114
      19800           0           0     179.437     352.506           0     228.894     46.3592     275.253     16.6231     6.30822    0.258968    0.460851    0.605054    0.634429     2456.76     1.6e+19     5.73044     4.59858     4.35318     4.39114
      19700           0           0     179.437     352.255           0     299.319     60.5222     359.841     14.1631     6.19879    0.258968    0.460851    0.605054    0.634429     2456.76     1.6e+19     5.73044     4.59858     4.35318     4.39114
      19600           0           0     179.437      352.29           0     351.209     72.5053     423.714     11.9831     6.12087    0.258968    0.460851    0.605054    0.634429     2456.76     1.6e+19     5.73044     4.59858     4.35318     4.39114
      19500           0           0     179.437     350.597           0     414.692     82.0183      496.71     9.51306     6.05158    0.258968    0.460851    0.605054    0.634429     2456.76     1.6e+19     5.73044     4.59858     4.35318     4.39114
      19400           0           0     179.437     347.879           0     487.353     94.1014     581.454     12.0831     5.90477    0.258968    0.460851    0.605054    0.634429     2456.76     1.6e+19     5.73044     4.59858     4.35318     4.39114
      19300           0           0     179.437     345.374           0     558.279     106.214     664.494     12.1131     5.65656    0.258968    0.460851    0.605054    0.634429     2456.76     1.6e+19     5.73044     4.59858     4.35318     4.39114
      19200           0           0     179.437     342.873           0     620.606     118.358     738.963     12.1431     5.32496    0.258968    0.460851    0.605054    0.634429     2456.76     1.6e+19     5.73044     4.59858     4.35318     4.39114
      19100           0           0     179.437      342.02           0     681.386     130.011     811.397     11.6531     4.94128    0.258968    0.460851    0.605054    0.634429     2456.76     1.6e+19     5.73044     4.59858     4.35318     4.39114
      19000           0           0     179.437     342.156           0      741.53     142.474     884.004     12.4631     4.58749    0.258968    0.460851    0.605054    0.634429     2456.76     1.6e+19     5.73044     4.59858     4.35318     4.39114
      18900           0           0     179.437     340.553           0     800.577     155.747     956.323     13.2731     4.26219    0.258968    0.460851    0.605054    0.634429     2456.76     1.6e+19     5.73044     4.59858     4.35318     4.39114
      18800           0           0     179.437     337.986           0     870.831      166.28     1037.11     10.5331     3.87637    0.258968    0.460851    0.605054    0.634429     2456.76     1.6e+19     5.73044     4.59858     4.35318     4.39114
      18700           0           0     179.437      336.21           0     952.601     178.113     1130.71     11.8331     3.41716    0.258968    0.460851    0.605054    0.634429     2456.76     1.6e+19     5.73044     4.59858     4.35318     4.39114
      18600           0           0     179.437     334.818           0     1047.59     192.576     1240.17     14.4631     2.92873    0.258968    0.460851    0.605054    0.634429     2456.76     1.6e+19     5.73044     4.59858     4.35318     4.39114
      18500           0           0     179.437     333.482           0     1150.05     201.259     1351.31     8.68306     2.42444    0.258968    0.460851    0.605054    0.634429     2456.76     1.6e+19     5.73044     4.59858     4.35318     4.39114
      18400           0           0     179.437     332.205           0     1219.19     209.492     1428.69     8.23306      1.9065    0.258968    0.460851    0.605054    0.634429     2456.76     1.6e+19     5.73044     4.59858     4.35318     4.39114
      18300           0           0     179.437     329.228           0      1275.7     218.075     1493.77     8.58306     1.34924    0.258968    0.460851    0.605054    0.634429     2456.76     1.6e+19     5.73044     4.59858     4.35318     4.39114
      18200           0           0     179.437       325.2           0      1360.8     226.658     1587.45     8.58306    0.672723    0.258968    0.460851    0.605054    0.634429     2456.76     1.6e+19     5.73044     4.59858     4.35318     4.39114
      18100           0           0     179.437     321.768           0     1469.79     234.714      1704.5     8.05639   -0.137283    0.258968    0.460851    0.605054    0.634429     2456.76     1.6e+19     5.73044     4.59858     4.35318     4.39114
      18000           0           0     179.437     318.559           0     1574.09     243.331     1817.42     8.61639    -1.04056    0.258968    0.460851    0.605054    0.634429     2456.76     1.6e+19     5.73044     4.59858     4.35318     4.39114
      17900           0           0     179.437      317.64           0     1670.99     253.364     1924.35     10.0331    -1.98653    0.258968    0.460851    0.605054    0.634429     2456.76     1.6e+19     5.73044     4.59858     4.35318     4.39114
      17800           0           0     179.437     318.134           0        1766     264.257     2030.25     10.8931    -2.86227    0.258968    0.460851    0.605054    0.634429     2456.76     1.6e+19     5.73044     4.59858     4.35318     4.39114
      17700           0           0     179.437     316.312           0     1860.47      274.54     2135.01     10.2831    -3.66765    0.258968    0.460851    0.605054    0.634429     2456.76     1.6e+19     5.73044     4.59858     4.35318     4.39114
      17600           0           0     179.437     313.229           0     1943.92     288.828     2232.75     14.2881    -4.52282    0.258968    0.460851    0.605054    0.634429     2456.76     1.6e+19     5.73044     4.59858     4.35318     4.39114
      17500           0           0     179.437     313.298           0     2011.35     302.776     2314.12     13.9481    -5.41147    0.258968    0.460851    0.605054    0.634429     2456.76     1.6e+19     5.73044     4.59858     4.35318     4.39114
      17400           0           0     182.115     344.137           0     2042.72     312.444     2355.16     9.66738    -7.03503    0.258968    0.459299    0.604915    0.634429     2457.76     1.6e+19      5.7211     4.59193      4.3525     4.39344
      17300           0           0     182.934     353.815           0     2073.54     322.233     2395.78     9.78928    -7.23612    0.258968    0.457387    0.602965    0.634429     2458.73     1.6e+19     5.71793     4.58375     4.34297     4.38361
      17200           0           0      183.39     359.881           0     2096.59     335.928     2432.52      13.695    -7.02974    0.258968    0.455248     0.59985    0.634429     2459.65     1.6e+19     5.72125     4.57463     4.32783     4.36492
      17100           0           0     183.841     363.835           0     2099.91     350.717     2450.63     14.7892    -6.64495    0.258968    0.452619    0.595693    0.634429     2460.55     1.6e+19     5.72871     4.56346     4.30774     4.33998
      17000           0           0     184.395     366.328           0     2106.32     368.422     2474.74     17.7049    -6.19849    0.258968    0.475551    0.587251    0.634429     2461.42     1.6e+19     5.73799     4.54879     4.28324     4.31057
      16900           0           0     185.076     363.157           0     2119.69     386.971     2506.66     18.5487    -5.83044    0.258968    0.484658    0.575138    0.634429     2462.28     1.6e+19     5.74731     4.52873     4.25519     4.27796
      16800           0           0     185.879      356.08           0     2132.94     406.282     2539.22     19.3111    -5.80695    0.258968    0.484658      0.5616    0.634429     2463.11     1.6e+19     5.75543     4.50524     4.22418     4.24311
      16700           0           0     186.789     347.713           0     2143.96     427.383     2571.34     21.1008    -6.22983    0.258968    0.479384    0.548863    0.596992      2463.9     1.6e+19     5.76158     4.47861      4.5905     4.20736
      16600           0           0     187.792     338.163           0     2156.83      452.74     2609.57     25.3575    -7.09448    0.258968    0.472202    0.541008    0.572861     2464.62     1.6e+19     5.76538     4.44944     4.55473     4.57412
      16500           0           0     188.875     339.172           0     2164.82     472.218     2637.03     19.4779    -8.20911    0.258968    0.432691    0.532904    0.572861      2465.3     1.6e+19      5.7667     4.41878      4.5183     4.53859
      16400   0.0792645   0.0792645     190.027      347.24           0     2171.37     496.159     2667.52     23.9409    -9.00041    0.258968    0.412886    0.520135    0.572861     2465.94     1.6e+19     5.76561     4.78854     4.48125     4.50183
      16300    0.138325     8.06478     191.326      352.17           0     2187.84     517.349     2705.18     21.1901    -11.0959    0.258968    0.412886    0.503313    0.572861     2466.56     1.6e+19      5.7623     4.75452     4.44494     4.46874
      16200   0.0910441       21.85     192.863     355.379           0     2209.29     543.931     2753.23     26.5823    -13.8734    0.258968    0.412886    0.487713    0.572861     2467.15     1.6e+19     5.75706     4.71902      4.4117     4.44419
      16100  0.00992483     30.8733     194.549     346.814           0     2226.97     573.119     2800.09      29.188    -15.0289    0.258968    0.408695     0.47799    0.572861     2467.72     1.6e+19      5.7504     4.68312     4.78187     4.42461
      16000           0     31.8559     196.204     330.385           0     2234.59     600.619     2835.21     27.4992    -14.7761    0.258968    0.400872    0.471441    0.519699     2468.25     1.6e+19     5.74282     4.64805     4.75376     4.40391
      15900           0     31.8559     197.771     321.994           0     2237.28       626.7     2863.98     26.0818    -15.1792    0.258968     0.35228    0.464951    0.505823     2468.71     1.6e+19      5.7346     4.61506     4.72618     4.78078
      15800   0.0238696     31.8797     199.286     318.458           0        2243     649.774     2892.77     23.0736    -15.9383    0.258968    0.314801    0.457235    0.505823     2469.12     1.6e+19     5.72589     4.98568     4.69777     4.75313
      15700   0.0361334     34.2789     200.804     316.118           0     2249.41      672.48     2921.89     22.7058    -17.3387    0.258968     0.33798    0.443779    0.505823     2469.52     1.6e+19     5.71673     4.95422      4.6688     4.72449
      15600    0.041101     37.8973      202.36     314.804           0     2257.26      692.88     2950.14     20.4003    -18.9264    0.258968     0.33798    0.430336    0.505823      2469.9     1.6e+19      5.7071     4.92236     4.64016     4.69723
      15500   0.0380103     42.0043     203.954     312.729           0     2265.05     712.456      2977.5     19.5758    -20.4639    0.256015    0.335444    0.417217    0.505823     2470.27     1.6e+19     5.69717     4.89082     4.61251     4.67183
      15400   0.0844304     45.8517     205.574     310.262           0     2277.67     730.887     3008.56     18.4314    -21.8304    0.252626    0.329476    0.408003    0.505823     2470.61     1.6e+19     5.68722     4.86013     4.98543     4.64791
      15300    0.152238     54.3626      207.26     309.329   0.0710255     2298.32     750.944     3049.26     20.0569     -24.148    0.249242    0.313296    0.402108    0.505823     2470.93     1.6e+19     5.67731     4.83053      4.9591     4.62736
      15200     0.20491     69.6391     209.096     309.336    0.413688     2319.76     769.921     3089.69     18.9772    -27.5977    0.245912    0.259346    0.396832    0.487286     2471.29     1.6e+19      5.6676     4.80439     4.93575      4.6141
      15100    0.306619     90.2318     211.066     315.472    0.714055     2349.89     787.629     3137.51     17.7073    -31.4668    0.242744    0.245497    0.392614    0.464884     2472.03     1.6e+19     5.65839     5.18037     4.91721     4.60812
      15000    0.378915     120.966       213.1     325.779    0.846077     2393.62     803.831     3197.45     16.2028    -36.3607    0.239856    0.241411    0.389022    0.447333     2473.56     1.6e+19     5.65002     5.15715      4.9027     4.60344
      14900    0.468864     158.947     215.153     333.507    0.972089     2447.58     817.325     3264.91     13.4941    -41.2478     0.23731    0.267288    0.383514    0.434418     2475.67     1.6e+19     5.64266     5.13446     4.89021     4.99671
      14800    0.434722       205.8     217.181     339.767    0.981778     2512.29     829.423     3341.71     12.0975    -46.5424      0.2351    0.269662    0.377883    0.434418     2478.59     1.6e+19     5.63629     5.11231     4.87751     4.98384
      14700           0     248.837     219.106     330.434           0     2569.72     839.311     3409.03     9.88852    -49.7173    0.233176    0.269662    0.371312    0.434418      2481.3     1.6e+19     5.63075     5.09205     4.86276     4.96505
      14600           0     248.837     211.941     261.788           0     2586.47     863.211     3449.68     23.8994    -44.1698   0.0630091     0.33798    0.409703    0.434418     2479.51     1.6e+19     6.51762     4.85352     4.99307     4.97284
      14500           0     248.837     209.799     235.065           0     2586.99      892.76     3479.75     29.5488    -44.3255  0.00969479    0.412886    0.505823    0.505823     2477.64     1.6e+19      6.7343     4.66333     4.72423      4.6246
      14400           0     248.837     209.993     218.619           0     2593.96     924.121     3518.08     31.3613    -46.5819  0.00136086    0.412886    0.505823    0.505823     2475.79     1.6e+19     6.53176     4.79509     4.78607     4.68413
      14300           0     248.837     210.996      204.45           0      2603.8     952.275     3556.07     28.1542    -49.5129           0    0.484658    0.513959    0.505823     2473.92     1.6e+19       6.501     4.44475     4.40252     4.74089
      14200           0     248.837     212.217     192.367           0     2620.29     978.611      3598.9     26.3355     -52.579           0    0.484658    0.505823    0.505823     2472.01     1.6e+19       6.501     4.44944      4.7992     4.78725
      14100           0     248.837     213.456     185.872           0     2637.29     1003.49     3640.78     24.8773    -55.4649           0    0.484658    0.505823    0.570984     2470.08     1.6e+19       6.501     4.43181     4.79057     4.41841
      14000           0     248.837     214.654     182.881           0     2663.51     1025.82     3689.33     22.3307    -57.9055           0    0.442001    0.505823    0.572861     2468.17     1.6e+19       6.501      4.4079     4.78007     4.43638
      13900           0     248.837     215.803     177.904           0     2694.92     1050.59      3745.5     24.7674    -59.9108           0    0.412886    0.505823    0.572861     2466.14     1.6e+19       6.501     4.79237     4.77211      4.4523
      13800           0     248.837      216.91     172.056           0     2717.56     1072.19     3789.75     21.6048    -61.6964           0    0.412886    0.505823    0.572861     2464.08     1.6e+19       6.501     4.77759     4.76885     4.46761
      13700           0     248.837      217.98     167.787           0      2756.1     1095.56     3851.66       23.37     -63.343           0    0.412886    0.505823    0.572861        2462     1.6e+19       6.501     4.76554     4.77053     4.48351
      13600           0     248.837     219.015     164.401           0     2787.37     1117.75     3905.12     22.1902     -64.837           0    0.412886    0.505823    0.572861      2459.9     1.6e+19       6.501     4.75769     4.77683     4.50078
      13500           0     248.837     220.018     167.611           0     2818.99     1133.56     3952.56     15.8118    -66.0942           0    0.412886    0.505823    0.572861     2457.78     1.6e+19       6.501     4.75451     4.78732     4.51983
      13400           0     248.837     220.994     174.827           0     2849.26     1151.61     4000.87     18.0461    -66.8413           0    0.412886    0.509122    0.572861     2455.65     1.6e+19       6.501     4.75596     4.40143     4.54085
      13300           0     248.837     221.945     171.834           0     2880.16     1166.52     4046.69     14.9152    -67.2131           0    0.412886    0.538865    0.572861     2453.54     1.6e+19       6.501     4.76169     4.41512     4.56343
      13200           0     248.837     225.489     192.698           0     2893.82     1180.95     4074.77     14.4257    -67.6289   0.0125413    0.412886    0.572861    0.572861     2453.53     1.6e+19     6.20126     4.76374     4.43718     4.58427
      13100           0     248.837     227.734     199.327           0     2901.44     1189.08     4090.52     8.13097    -67.0015   0.0537324    0.412886    0.572861    0.572861     2453.66     1.6e+19     6.45305     4.75973     4.45133     4.59542
      13000           0     248.837     229.547     205.228           0     2917.09     1198.02     4115.11     8.93851     -66.002   0.0806243    0.412886    0.572861    0.572861      2453.9     1.6e+19     5.86042      4.7418     4.45178     4.59711
      12900   0.0448177     248.882     231.006     211.532           0     2917.57     1205.72     4123.29     7.70196    -64.8352    0.125837    0.412886    0.572861    0.572861     2454.21     1.6e+19     6.02174     4.71458     4.44277     4.58996
      12800   0.0773725     253.396     232.167     217.879    0.296928     2925.31     1214.44     4139.74      8.7151    -64.5077    0.149485    0.412886    0.555801    0.572861     2454.59     1.6e+19     6.15309     4.68371     4.42946     4.57816
      12700   0.0128277     261.069     233.306     220.079           0     2927.66     1223.73      4151.4     9.29657    -64.6766     0.17048    0.410116    0.531546    0.572861     2455.11     1.6e+19      5.4561     4.65241      4.4159     4.56538
      12600           0     262.339     234.561     219.384           0     2944.07     1234.32      4178.4     10.5889    -63.4605    0.199223    0.367217    0.507017    0.572861      2455.5     1.6e+19     5.53481     4.62221     4.40077     4.54972
      12500           0     262.339     235.822     219.227           0     2957.98     1245.49     4203.46     11.1654    -62.3504    0.221165     0.33798    0.505823    0.572861     2455.89     1.6e+19     5.59644     4.99408     4.78201      4.5295
      12400           0     262.339      237.08     219.198           0     2974.01     1254.51     4228.52     9.01987    -61.5784    0.237884     0.33798    0.505823    0.572861      2456.3     1.6e+19     5.64432     4.96551     4.75997     4.50562
      12300           0     262.339     238.342     217.853           0     2979.08     1262.95     4242.04     8.44442    -61.1085    0.250538     0.33798    0.505823    0.572861     2456.72     1.6e+19      5.6811     4.93722     4.73583     4.47938
      12200   0.0666688     262.406      239.61     215.527    0.059918     2988.47     1272.64     4261.11     9.69286     -60.976    0.258968     0.33798    0.505823    0.572861     2457.16     1.6e+19     5.70888     4.90949     4.71029     4.45173
      12100    0.146459     269.152     240.963     214.647    0.567987     3006.81     1284.12     4290.94     11.4785    -62.5481    0.258968     0.33798    0.496716    0.572861     2457.64     1.6e+19     5.72977     4.88236     4.68455     4.42655
      12000    0.224203     283.876     242.452     214.561     0.93802     3033.85     1291.77     4325.62     7.64584    -65.6694    0.258968    0.335413    0.471746    0.530234     2458.56     1.6e+19     5.74524     4.85595     4.66189     4.40688
      11900    0.265598     306.338     244.008      215.26    0.879962     3065.52     1302.31     4367.83     10.5458    -69.9057    0.258968    0.314564    0.451538    0.505823     2460.17     1.6e+19      5.7563     4.83134     4.64262     4.79046
      11800    0.390826     333.023      245.62     216.499     1.00863     3102.91     1311.73     4414.65     9.41995    -74.2199    0.258968    0.285172    0.433697    0.505823      2461.9     1.6e+19     5.76385     4.80932     4.62454     4.77179
      11700    0.127473     371.842     247.289     225.031    0.208585      3152.2     1321.03     4473.22     9.29253     -80.057    0.258968    0.263581    0.416917    0.505823     2464.54     1.6e+19     5.76856     5.18919      4.6064     4.75037
      11600   0.0670117     384.529     235.503     199.255           0     3182.34     1342.89     4525.22     21.8607    -78.9309    0.118586     0.33798    0.505823    0.505823     2463.23     1.6e+19     5.99524     4.94822     4.73132     4.75742
      11500           0     391.163     231.699     181.385           0     3204.29     1376.96     4581.24     34.0681    -79.3156   0.0570248    0.412886    0.572861    0.570363     2461.64     1.6e+19     6.47455     4.76087     4.46954     4.41824
      11400           0     391.163     231.298     157.743           0     3215.07     1413.61     4628.68     36.6538    -80.1454   0.0296086    0.484658    0.572861    0.572861     2460.13     1.6e+19     6.30022     4.49162      4.5366     4.48381
      11300  0.00110125     391.164     232.054     146.552           0     3219.52     1447.03     4666.55     33.4236    -82.2121   0.0136885    0.484658    0.572861    0.572861     2458.52     1.6e+19     6.20674     4.55184     4.55888     4.54357
      11200           0     391.273      233.18     142.287           0     3219.87      1478.7     4698.58     31.6698    -84.4261   0.0105303    0.484658    0.572861    0.572861     2456.84     1.6e+19      6.7554     4.56739     4.56031     4.59125
      11100           0     391.273     234.388     134.575           0     3240.49     1509.21     4749.71     30.5116    -86.4367  0.00962331    0.484658    0.572861    0.634429     2455.16     1.6e+19      6.7325     4.55823     4.55422     4.22102
      11000           0     391.273     235.578     125.243           0     3269.85     1538.44     4808.29     29.2221    -88.4569  0.00944197    0.484658    0.572861    0.634429      2453.5     1.6e+19     6.72794     4.53827     4.54527     4.23859
      10900           0     391.273     236.719     119.881           0     3289.84     1569.32     4859.16     30.8813     -90.479  0.00972674    0.484658    0.572861    0.634429     2451.81     1.6e+19      6.7351     4.51573     4.53781     4.25305
      10800           0     391.273     237.807     116.764           0     3298.16     1597.06     4895.22     27.7426    -92.3291   0.0103072    0.484658    0.572861    0.634429      2450.1     1.6e+19     6.74975     4.49509     4.53369     4.26603
      10700           0     391.273     238.849     112.746           0     3308.07     1624.44     4932.51     27.3762    -94.0086   0.0110722    0.484658    0.572861    0.634429     2448.37     1.6e+19     6.76916     4.47847     4.53341     4.27886
      10600           0     391.273     239.849     108.332           0     3322.16     1651.49     4973.64      27.051    -95.6248   0.0119498    0.484658    0.572861    0.634429     2446.62     1.6e+19     6.79159     4.46667      4.5369     4.29242
      10500           0     391.273     240.814     105.649           0     3336.46     1678.17     5014.64     26.6862    -97.1962   0.0153434    0.484658    0.572861    0.634429     2444.87     1.6e+19     6.21466     4.45975     4.54388     4.30721
      10400           0     391.273     241.747     103.978           0     3351.38     1702.63     5054.01     24.4526    -98.6635   0.0193719    0.484658    0.572861    0.634429     2443.12     1.6e+19     6.23776     4.45741     4.55398      4.3235
      10300           0     391.273     242.653     102.896           0     3359.68     1724.87     5084.55      22.247    -100.016   0.0232492    0.484658    0.572861    0.634429     2441.36     1.6e+19     6.26125     4.45916     4.56681     4.34136
      10200           0     391.273     243.534     101.732           0     3368.82     1747.04     5115.86     22.1662    -101.259   0.0271223    0.484658    0.572861    0.634429     2439.61     1.6e+19     6.28492     4.46449     4.58202     4.36076
      10100           0     391.273     244.393     99.5526           0     3394.08     1766.35     5160.43     19.3072    -102.456   0.0309681    0.484658    0.572861    0.634429     2437.86     1.6e+19     6.30862     4.47291      4.5993      4.3816
      10000           0     391.273     245.232     97.0475           0     3412.74     1785.11     5197.85     18.7677     -103.66   0.0347727    0.484658    0.601032    0.643936     2436.13     1.6e+19     6.33225     4.48397     4.21514     4.00316
       9900           0     391.273      246.05      94.371           0      3420.5     1803.36     5223.86     18.2501    -104.892   0.0385191    0.484658    0.623435    0.687341     2434.52     1.6e+19     6.35572     4.49713     4.22864     4.01765
       9800           0     391.273     246.841     91.5617           0     3429.31     1820.27     5249.58     16.9023    -106.161   0.0421873    0.484658    0.634429    0.690526     2432.99     1.6e+19     6.37889     4.51185     4.24067     4.02936
       9700           0     391.273     247.606     88.6455           0     3430.92     1835.85     5266.77     15.5813    -107.474   0.0457623    0.484658    0.634429    0.690526     2431.48     1.6e+19     6.40165     4.52775     4.25461     4.04315
       9600           0     391.273     248.348     85.6431           0     3431.86     1850.13     5281.99     14.2828    -108.835   0.0492424    0.484658    0.634429    0.690526     2429.97     1.6e+19     6.42398     4.54465     4.27045     4.05879
       9500           0     391.273     249.073     82.5663           0      3437.1     1863.13     5300.24     13.0022    -110.246   0.0526332    0.484658    0.634429    0.690526     2428.46     1.6e+19     6.44591     4.56245     4.28776       4.076
       9400           0     391.273     249.782     80.2434           0     3459.13     1878.55     5337.68     15.4176    -111.693   0.0559432    0.484658    0.634429    0.690526     2426.96     1.6e+19     6.46747     4.58102     4.30622     4.09453
       9300           0     391.273      250.48     78.3585           0     3480.32     1891.87     5372.19     13.3201    -113.135   0.0591813    0.485387    0.634429    0.690526     2425.46     1.6e+19     6.48872     4.20027     4.32564     4.11415
       9200           0     391.273     251.166     76.7155           0     3500.44      1904.4     5404.85     12.5338    -114.555   0.0623541    0.522192    0.634429    0.690526        2424     1.6e+19     6.50969     4.21489      4.3458     4.13467
       9100           0     391.273     251.836     75.2403           0     3512.46     1914.57     5427.03     10.1637    -115.947   0.0630091    0.545464    0.634429    0.690526     2422.59     1.6e+19     6.53051      4.2254      4.3664      4.1559
       9000           0     391.273     252.488     73.9005           0      3522.3     1921.38     5443.68     6.81232    -117.307   0.0630091    0.551677    0.634429    0.690526     2421.21     1.6e+19     6.55137     4.23553     4.38722     4.17763
       8900           0     391.273     253.124     72.6887           0     3542.78     1928.91     5471.69     7.52613    -118.633   0.0630091    0.551677    0.647747    0.690526     2419.83     1.6e+19     6.57209     4.24831     4.00737      4.1997
       8800           0     391.273     253.748     71.5782           0     3551.68     1935.68     5487.37     6.77673    -119.923   0.0630091    0.551677    0.673701    0.733192     2418.53     1.6e+19     6.59262     4.26309     4.02291     3.81567
       8700           0     391.273     254.357     70.5528           0     3553.02     1941.73     5494.74     6.04261    -121.175    0.066433    0.551677    0.690526    0.741151     2417.34     1.6e+19     5.81164      4.2791     4.03526     3.82675
       8600   0.0176493     391.291     254.948     69.6039           0     3556.95     1947.33     5504.28     5.60222    -122.392   0.0715212    0.551677    0.690526    0.741151     2416.16     1.6e+19     5.82903     4.29577     4.04806     3.83881
       8500           0     393.038     255.554       68.69           0     3559.16     1952.47     5511.64     5.14554    -123.905   0.0763533    0.551677    0.690526    0.741151     2414.99     1.6e+19     5.84565     4.31281      4.0624     3.85294
       8400  0.00708714     393.045     256.153     68.2808           0     3560.48     1957.62      5518.1     5.14701    -124.957   0.0810321    0.551677    0.690526    0.741151     2413.84     1.6e+19     5.86183     4.33013     4.07803     3.86837
       8300           0     393.747     256.733     68.1927           0     3570.54     1959.19     5529.73     1.56722    -126.097    0.085583    0.551677    0.690526    0.741151     2412.69     1.6e+19     5.87766     4.34769     4.09439     3.88447
       8200           0     393.747     257.297      68.333           0     3576.15     1960.77     5536.92     1.57846    -127.008   0.0900246    0.551677    0.690526    0.741151     2411.55     1.6e+19      5.8932     4.36542     4.11127     3.90107
       8100           0     393.747      257.84     68.6723           0     3584.82     1962.38     5547.19     1.61017    -127.856   0.0943586    0.551677    0.690526    0.741151     2410.42     1.6e+19     5.90845     4.38327      4.1284     3.91782
       8000 9.42358e-05     393.747     258.371     69.1717           0      3585.5     1963.73     5549.23     1.35439    -128.634   0.0985875    0.554202    0.690526    0.741151     2409.29     1.6e+19     5.92341      4.0011     4.14563     3.93477
       7900           0     393.756     258.892     69.8793           0     3595.34     1964.84     5560.18      1.1082    -129.337    0.102717    0.582899    0.690526    0.741151      2408.2     1.6e+19     5.93809     4.01439     4.16291     3.95193
       7800           0     393.756       259.4     70.7557           0     3602.88     1965.14     5568.02    0.300355    -129.954    0.106736    0.601281    0.690526    0.741151     2407.16     1.6e+19     5.95245     4.02408     4.18006     3.96925
       7700           0     393.756     259.891     71.7887           0     3608.15     1965.65      5573.8    0.508714    -130.486    0.110633    0.613942    0.690526    0.741151     2406.14     1.6e+19     5.96645     4.03244     4.19697     3.98663
       7600           0     393.756     260.367     72.9873           0     3615.54     1965.92     5581.46   -0.267268    -130.928    0.114403    0.613942    0.707988    0.749647     2405.16     1.6e+19     5.98006      4.0418     3.81167     3.60347
       7500           0     393.756     260.828     74.3227           0     3628.28     1966.92      5595.2    -1.00299    -131.277    0.118047    0.613942    0.723385    0.776494     2404.26     1.6e+19     5.99328     4.05273     3.82314     3.61449
       7400           0     393.756     261.272     74.7373           0     3644.25     1968.64      5612.9    -1.72211    -131.553     0.12156    0.613942    0.734223    0.786217     2403.43     1.6e+19     6.00608     4.06451     3.83241     3.62193
       7300           0     393.756     261.699     74.6286           0     3661.57     1969.06     5630.63   -0.423837    -131.808    0.124939    0.613942    0.741151    0.786217     2402.62     1.6e+19     6.01844     4.07669      3.8408     3.62981
       7200           0     393.756      262.11      74.245           0     3682.53     1969.96     5652.48    0.890386    -132.064    0.128186    0.613942    0.741151    0.786217     2401.83     1.6e+19     6.03037     4.08903     3.84997     3.63836
       7100           0     393.756     262.508     73.6729           0     3704.15     1970.16     5674.32   -0.207886    -132.331    0.131312    0.613942    0.741151    0.786217     2401.04     1.6e+19     6.04191     4.10143     3.85997      3.6476
       7000           0     393.756     262.897     72.9606           0     3718.09     1975.46     5693.55    -5.29655    -132.615    0.134336    0.613942    0.741151    0.786217     2400.25     1.6e+19     6.05311     4.11385     3.87049     3.65745
       6900           0     393.756     263.277     72.1508           0        3732     1980.64     5712.63    -5.17748    -132.917    0.137271    0.613942    0.741151    0.786217     2399.48     1.6e+19     6.06403     4.12625     3.88138     3.66782
       6800           0     393.756     263.652     71.2636           0     3744.08     1981.39     5725.47   -0.751982     -133.24    0.140131    0.613942    0.741151    0.786217     2398.71     1.6e+19     6.07471     4.13862     3.89252      3.6786
       6700           0     393.756     264.021     70.3238           0     3755.68     1983.31     5738.99    -1.92101    -133.583    0.142929    0.613942    0.741151    0.786217     2397.94     1.6e+19     6.08519     4.15094     3.90387      3.6897
       6600           0     393.756     264.385     69.3602           0     3767.97      1988.3     5756.27    -4.98532    -133.946    0.145671    0.613942    0.741151    0.786217     2397.18     1.6e+19      6.0955     4.16319     3.91536     3.70106
       6500           0     393.756     264.746     68.3634           0     3777.36     1991.94      5769.3     -3.6455    -134.327    0.148366    0.613942    0.741151    0.786217     2396.42     1.6e+19     6.10567     4.17538     3.92696     3.71263
       6400           0     393.756     265.102     67.6445           0     3786.17     1995.84     5782.01    -3.90206    -134.722    0.149485    0.613942    0.741151    0.786217     2395.67     1.6e+19     6.11581     4.18749     3.93864     3.72435
       6300           0     393.756     265.456     67.0864           0     3795.76     1998.35     5794.11    -2.50593    -135.114    0.149485    0.613942    0.741151    0.786217     2394.92     1.6e+19     6.12623     4.19956      3.9504     3.73619
       6200           0     393.756     265.808     66.6244           0     3813.33     2000.36     5813.68    -2.00809    -135.497    0.149485    0.629784    0.741151    0.786217     2394.18     1.6e+19     6.13683     3.80933     3.96222     3.74813
       6100           0     393.756     266.156      66.249           0     3831.72     2001.86     5833.59    -1.50647    -135.867    0.149485    0.641041    0.741151    0.786217     2393.46     1.6e+19     6.14748     3.81681     3.97404     3.76014
       6000           0     393.756     266.499     65.9322           0      3839.2     2002.86     5842.07   -0.998904    -136.222    0.149485    0.649723    0.741151    0.786217     2392.76     1.6e+19     6.15811     3.82336     3.98577     3.77218
       5900           0     393.756     266.835     65.6622           0     3848.59        2006     5854.58    -3.13497    -136.562    0.149485    0.656984    0.741151    0.786217     2392.07     1.6e+19     6.16864     3.82957      3.9974     3.78422
       5800           0     393.756     267.165       65.43           0     3864.19     2007.66     5871.85    -1.66499    -136.887    0.149485    0.663329    0.749482    0.786217     2391.39     1.6e+19     6.17905     3.83571     3.60792     3.79615
       5700           0     393.756     267.488     65.2301           0     3870.01     2009.25     5879.26    -1.58803    -137.195    0.149485    0.668947    0.758048    0.799556     2390.75     1.6e+19      6.1893     3.84187     3.61692     3.40627
       5600           0     393.756     267.802     65.0592           0     3874.09      2010.9     5884.99    -1.65245    -137.487    0.149485    0.671454    0.764506    0.813326     2390.16     1.6e+19     6.19936     3.84818     3.62463     3.41277
       5500           0     393.756     268.107     64.9142           0     3888.08     2012.61     5900.69    -1.70693    -137.764    0.152575    0.671454    0.769278    0.823221     2389.61     1.6e+19     5.40818     3.85532     3.63122     3.41745
       5400           0     393.756       268.4      64.072           0     3901.39     2014.59     5915.98    -1.97549    -138.037    0.155634    0.671454    0.772918    0.825184     2389.09     1.6e+19     5.41631     3.86301     3.63711     3.42167
       5300           0     393.756     268.683     62.8073           0      3907.1     2016.82     5923.92    -2.23266    -138.347    0.158504    0.671454    0.775992    0.825184     2388.57     1.6e+19     5.42396     3.87095     3.64283     3.42663
       5200           0     393.756     268.954     61.3073           0     3925.09     2017.66     5942.76    0.845735    -138.708    0.161225    0.671454    0.778747    0.825184     2388.07     1.6e+19     5.43123     3.87898     3.64864     3.43208
       5100           0     393.756     269.217     59.6542           0     3930.02     2017.68      5947.7  -0.0165799    -139.124    0.163821    0.671454     0.78124    0.825184     2387.58     1.6e+19     5.43818     3.88701     3.65459     3.43787
       5000           0     393.756     269.471     57.8642           0     3931.42     2018.55     5949.97   -0.870826    -139.599    0.166312    0.671454    0.783481    0.825184     2387.09     1.6e+19     5.44487     3.89498     3.66066     3.44391
       4900  0.00564877     393.762     269.718     55.9887     1.11794     3934.31     2018.83     5953.15    0.281966    -140.135    0.168712    0.671454    0.785475    0.825184     2386.62     1.6e+19     5.45133     3.90286     3.66684     3.45013
       4800           0     394.321     269.959     54.0223           0     3935.57     2019.62      5955.2    0.790549    -140.834    0.171035    0.671454    0.786217    0.825184     2386.18     1.6e+19      5.4576     3.91064     3.67317     3.45644
       4700           0     394.321     270.196     51.9958           0      3942.7     2020.93     5963.63     1.30434    -141.458    0.173287    0.671454    0.786217    0.825184     2385.72     1.6e+19     5.46369     3.91831     3.67978     3.46288
       4600           0     394.321     270.427     49.9388           0     3944.47     2021.56     5966.02   -0.627241    -142.145    0.175478    0.671454    0.786217    0.825184     2385.26     1.6e+19     5.46963     3.92588     3.68655     3.46953
       4500   0.0107791     394.332     270.655     47.8299           2     3948.07     2023.11     5971.18    -1.55499    -142.893    0.177619    0.671454    0.786217    0.825184      2384.8     1.6e+19     5.47544     3.93336     3.69342     3.47633
       4400   0.0160436     395.415     270.864     46.0277      1.1481     3952.34     2023.35     5975.68    0.235823    -143.894    0.179713    0.671454    0.786217    0.825184     2384.48     1.6e+19     5.48114     3.94074     3.70026      3.4826
       4300  0.00222121     397.006     271.068     44.3863    0.608539     3954.23     2023.78     5978.01    0.432402     -144.97    0.181731    0.671454    0.786217    0.825184     2384.14     1.6e+19     5.48664     3.94801     3.70682     3.48857
       4200   0.0295997     397.255      271.28     42.8516     1.02956     3960.62      2024.7     5985.32    0.920319    -145.753     0.18368    0.671454    0.786217    0.825184     2383.71     1.6e+19     5.49197     3.95514     3.71328     3.49496
       4100   0.0555385     400.241       271.5     41.3591     1.16379     3971.02      2024.9     5995.92    0.199942    -147.091    0.185591    0.671454    0.786217    0.825184     2383.45     1.6e+19      5.4972     3.96214     3.71981     3.50158
       4000   0.0565941     405.796      271.72     39.8511     1.02916     3981.77     2026.48     6008.25     1.58038    -148.816    0.187477    0.671454    0.786217    0.825184      2383.4     1.6e+19     5.50237     3.96904     3.72629     3.50763
       3900    0.072651     411.471     271.946     38.3426    0.956115     3995.21     2029.43     6024.65     2.95417     -150.38    0.189311    0.671454    0.786217    0.825184     2383.32     1.6e+19     5.50741     3.97582      3.7325     3.51335
       3800   0.0604434     418.724     272.196     36.8171     1.07023     4007.04     2030.69     6037.73     1.25379    -152.103    0.191095    0.671454    0.786217    0.825184     2383.31     1.6e+19     5.51232     3.98249      3.7386     3.51943
       3700   0.0772842     424.785     272.451     34.7304     1.11737      4022.9     2031.56     6054.46    0.874121    -153.438    0.192854    0.671454    0.786217    0.825184     2383.27     1.6e+19     5.51717     3.98907     3.74474     3.52544
       3600   0.0573084     432.494     272.693     31.1003     1.13479     4036.24     2032.07     6068.31    0.507469    -155.084    0.194576    0.671454    0.786217    0.825184     2383.36     1.6e+19     5.52193     3.99554     3.75068     3.53075
       3500   0.0492464     438.217     272.922     26.8236    0.954386     4048.73     2034.15     6082.88     2.07774    -156.363    0.196233    0.673652    0.786217    0.825184     2383.33     1.6e+19     5.52652     3.60173     3.75625     3.53552
       3400   0.0235809     443.116     273.158     22.3289     1.01759      4057.2     2034.99     6092.19    0.842161    -157.629    0.197815    0.679349    0.786217    0.825184     2383.21     1.6e+19      5.5309     3.60655     3.76157     3.54068
       3300           0      445.45     273.393      17.642           0     4058.06     2035.95        6094    0.956718     -158.59    0.199356    0.683486    0.786217    0.825184     2382.95     1.6e+19     5.53518      3.6105     3.76696     3.54641
       3200           0      445.45     273.613     13.3488           0     4058.52     2037.03     6095.55     1.08735     -159.39    0.200876    0.686734    0.786217    0.825184     2382.56     1.6e+19     5.53941     3.61403     3.77246     3.55247
       3100           0      445.45     273.818     10.3909           0     4059.58     2037.86     6097.44    0.831564    -160.458    0.202384    0.689428    0.786217    0.825184     2382.17     1.6e+19      5.5436     3.61736     3.77809     3.55879
       3000           0      445.45     274.016      7.9122           0     4061.61     2038.45     6100.05    0.584194    -161.686    0.203888    0.691751    0.786217    0.825184     2381.79     1.6e+19      5.5478     3.62062     3.78382     3.56527
       2900  0.00388414     445.454     274.207     5.77085           0     4064.13     2039.74     6103.87     1.29279    -163.015    0.205388    0.693806    0.786217    0.825184     2381.42     1.6e+19     5.55199     3.62389     3.78963     3.57183
       2800  0.00644397     445.845     274.402     3.85923    0.562038     4067.07     2040.64     6107.71    0.898495    -164.477    0.206884    0.695654    0.786217    0.825184     2381.06     1.6e+19     5.55617      3.6272     3.79553     3.57865
       2700           0     446.483       274.6     1.93825           0     4071.08     2044.94     6116.02      4.3001    -166.005    0.208387    0.697337    0.786982    0.825184     2380.72     1.6e+19     5.56038      3.6306     3.40149     3.58569
       2600           0     446.483     274.791   -0.307206           0     4084.22     2045.83     6130.05   -0.891374    -167.431    0.209898     0.69888    0.789637    0.825184     2380.37     1.6e+19     5.56462     3.63411     3.40699     3.59257
       2500           0     446.483     274.973    -2.64874           0     4084.95     2048.76     6133.71     2.92702    -168.912      0.2114    0.700279    0.791906    0.825184     2380.02     1.6e+19     5.56884     3.63771     3.41224      3.5991
       2400           0     446.483     275.148     -5.0186           0     4086.22     2051.21     6137.43     2.45214    -170.442    0.212882    0.701529     0.79383    0.833013      2379.7     1.6e+19     5.57301     3.64138     3.41721     3.20435
       2300           0     446.483     275.317    -7.41535           0      4086.9     2053.04     6139.95     1.83285    -172.012    0.214336    0.702626    0.795325    0.839555      2379.4     1.6e+19     5.57711     3.64511     3.42164     3.20799
       2200           0     446.483     275.481    -9.67895           0     4094.09     2054.26     6148.35     1.21928    -173.616    0.215756    0.703561    0.796444    0.844604     2379.11     1.6e+19     5.58112     3.64886     3.42553      3.2108
       2100           0     446.483     275.638    -11.5393           0     4094.11     2055.42     6149.54     1.16171     -175.23    0.217138    0.704336    0.797283     0.84879     2378.84     1.6e+19     5.58502      3.6526       3.429     3.21314
       2000           0     446.483      275.79    -13.2323           0     4094.25     2056.53     6150.78     1.11029    -176.836    0.218477    0.704956    0.797918    0.852431     2378.59     1.6e+19     5.58881     3.65633     3.43217     3.21517
       1900           0     446.483     275.935     -14.797           0     4095.17     2058.13      6153.3     1.59825    -178.425    0.219771    0.705434    0.798403    0.855706     2378.34     1.6e+19     5.59248     3.66004     3.43512       3.217
       1800           0     446.483     276.075    -16.2621           0     4095.28     2059.72        6155     1.59205    -179.991     0.22102    0.705784    0.798773    0.857963     2378.11     1.6e+19     5.59602     3.66371     3.43792     3.21871
       1700           0     446.483     276.209    -17.7417           0     4096.73     2062.14     6158.87     2.41806    -181.532    0.222224     0.70602    0.799075    0.857963     2377.88     1.6e+19     5.59944     3.66736     3.44065     3.22073
       1600           0     446.483     276.338    -19.4078           0     4098.02     2066.09     6164.12     3.94992    -183.057    0.223385    0.706157    0.799356    0.857963     2377.65     1.6e+19     5.60274     3.67096     3.44345     3.22311
       1500           0     446.483     276.462    -21.1263           0     4099.71     2068.18     6167.88     2.08279    -184.575    0.224506    0.706214    0.799628    0.857963     2377.43     1.6e+19     5.60594     3.67455     3.44634     3.22574
       1400           0     446.483     276.583     -22.884           0     4100.85     2068.54     6169.39     0.36687    -186.087    0.225591    0.706205    0.799889    0.857963      2377.2     1.6e+19     5.60903     3.67811     3.44931     3.22854
       1300           0     446.483     276.701    -24.6655           0     4105.73     2069.58      6175.3      1.0351    -187.596    0.226645    0.706143     0.80014    0.857963     2376.99     1.6e+19     5.61204     3.68165     3.45235     3.23147
       1200           0     446.483     276.816    -26.1798           0     4122.34     2071.27     6193.62     1.69737    -189.099    0.227672     0.70604    0.800378    0.857963     2376.77     1.6e+19     5.61497     3.68517     3.45544      3.2345
       1100           0     446.483     276.929    -26.9495           0     4135.86     2073.56     6209.42     2.28131    -190.563    0.228674    0.705905    0.800604    0.857963     2376.55     1.6e+19     5.61784     3.68868     3.45857     3.23761
       1000           0     446.483     277.039    -27.3933           0     4147.26     2076.28     6223.54     2.72563     -191.96    0.229656    0.705747    0.800819    0.857963     2376.34     1.6e+19     5.62065     3.69217     3.46173     3.24077
        900           0     446.483     277.148    -27.4859           0     4159.05     2078.78     6237.83     2.50174    -193.279     0.23062    0.705575    0.801023    0.857963     2376.13     1.6e+19     5.62341     3.69564      3.4649     3.24397
        800           0     446.483     277.256    -27.3147           0     4172.08     2084.85     6256.92     6.06446    -194.508    0.231568    0.705393     0.80122    0.857963     2375.92     1.6e+19     5.62613     3.69909     3.46808      3.2472
        700           0     446.483     277.361    -26.8293           0     4182.88     2091.55     6274.44     6.70529    -195.641    0.232501     0.70521     0.80141    0.857963     2375.71     1.6e+19     5.62881     3.70252     3.47126     3.25044
        600           0     446.483     277.466     -25.879           0     4203.56     2095.26     6298.83      3.7091    -196.665    0.233421    0.705029    0.801596    0.857963     2375.51     1.6e+19     5.63146     3.70592     3.47444     3.25369
        500           0     446.483     277.569    -24.6467           0     4224.72     2098.34     6323.05     3.07329    -197.566     0.23433    0.704856    0.801778    0.857963     2375.31     1.6e+19     5.63407     3.70929     3.47762     3.25694
        400           0     446.483     277.671    -23.1074           0     4258.28     2103.39     6361.67      5.0561     -198.34    0.235228    0.704693     0.80196    0.857963      2375.1     1.6e+19     5.63665     3.71263     3.48078     3.26019
        300           0     446.483     277.773    -21.3173           0     4281.13     2103.44     6384.57  -0.0458474    -198.981    0.236116    0.704545    0.802142    0.857963      2374.9     1.6e+19     5.63921     3.71594     3.48393     3.26344
        200           0     446.483     277.873    -19.0528           0     4310.78     2104.02      6414.8   -0.580114    -199.485    0.236994    0.704413    0.802326    0.857963     2374.71     1.6e+19     5.64174     3.71922     3.48707     3.26667
        100           0     446.483     277.972    -15.8948           0     4325.61      2107.5     6433.11     3.48348     -199.82    0.237863      0.7043    0.802512    0.857963     2374.51     1.6e+19     5.64425     3.72247     3.49019     3.26989
          0           0     446.483      278.07     -12.251           0     4327.43     2110.89     6438.32     3.38532     -199.96    0.238723    0.704207    0.802702    0.857963     2374.32     1.6e+19     5.64674     3.72567     3.49328      3.2731