      20000           0           0     179.437     408.788           0     24.2424     14.2831     38.5255     14.2831     46.8031
      19900           0           0     179.437     407.841           0     41.9616     29.7361     71.6978     15.4531     46.6721
      19800           0           0     179.437     407.191           0     64.7502     46.3592     111.109     16.6231     46.5415
      19700           0           0     179.437      406.93           0     80.4998     60.5222     141.022     14.1631     46.4277
      19600    0.295481    0.295481     179.437     406.967           0      83.287     72.5052     155.792      11.983     46.2674
      19500           0     29.5481     179.958     404.411           0      92.956     81.4968     174.453     8.99155     39.3821
      19400           0     29.5481     180.581     400.967           0     112.529     92.4357     204.965     10.9389     40.7512
      19300           0     29.5481     180.881     398.055           0     130.774     103.105     233.879     10.6693     41.6099
      19200           0     29.5481      181.03     395.267           0     140.708     113.655     254.363     10.5498     42.0963
      19100           0     29.5481       181.1     394.266           0     149.242     123.645     272.887      9.9904     42.3216
      19000           0     29.5481     181.122     394.348           0     157.194     134.423     291.617      10.778      42.426
      18900           0     29.5481     181.116     392.663           0     164.132     146.018     310.149     11.5944     42.4473
      18800           0     29.5481     181.091         390           0     182.372     154.896     337.268     8.87869     42.3217
      18700           0     29.5481     181.056     388.174           0     212.178      165.11     377.288     10.2138     42.0565
      18600           0     29.5481     181.015     386.757           0     255.231     177.995     433.226     12.8849     41.7131
      18500           0     29.5481     180.971     385.403           0     305.768     185.144     490.912     7.14897     41.3168
      18400           0     29.5481     180.926     384.113           0     323.005     191.888     514.893     6.74392     40.8785
      18300           0     29.5481     180.882      381.06           0     327.675     199.026     526.701     7.13841     40.3779
      18200           0     29.5481     180.838     376.916           0     361.059     206.208     567.267      7.1816     39.7368
      18100           0     29.5481     180.797     373.387           0     418.432     212.904     631.336      6.6963     38.9442
      18000           0     29.5481     180.758      370.09           0     471.202       220.2     691.402     7.29557     38.0446
      17900           0     29.5481     180.721     369.166           0     516.575     228.949     745.524     8.74929     37.0927
      17800           0     29.5481     180.686     369.707           0     560.009     238.593     798.602     9.64411     36.2077
      17700           0     29.5481     180.653     367.842           0     602.956      247.66     850.616     9.06673     35.3908
      17600           0     29.5481     180.623     364.665           0     634.971     260.762     895.733     13.1023     34.5182
      17500    0.396165     29.9442     180.594     364.757           0     650.934     273.553     924.487     12.7907     33.5027
      17400    0.258846     69.4234     183.702     396.141           0     671.565     281.634     953.199     8.08092     22.5781
      17300     0.24724     95.2965     185.403     405.119  0.00644813     692.044     288.954     980.998     7.31995     18.1523
      17200    0.299241     120.072     186.878     410.192           0     719.306     299.161     1018.47     10.2071     15.1475
      17100    0.292913      149.99     188.489     412.846           0     765.002     309.301      1074.3     10.1405     11.6773
      17000    0.314956     179.304     190.338     413.812           0     806.075     321.063     1127.14     11.7617     9.05216
      16900    0.340374     210.825     192.422     408.811           0     838.356     332.266     1170.62     11.2032     6.31662
      16800    0.282192     244.804     194.749     399.656           0     868.681     342.707     1211.39      10.441     3.14874
      16700    0.282853     273.024     197.222     389.203           0     899.154     353.375     1252.53      10.668     1.29837
      16600    0.322424     301.349      199.77     377.611           0     925.735     366.756     1292.49     13.3805   -0.905436
      16500    0.199724     333.468     202.441     376.741    0.374323     955.316     372.668     1327.98     5.91214    -4.09584
      16400    0.247515     353.488     205.035     383.269           0     997.895       381.6      1379.5      8.9328    -3.99362
      16300    0.179317     378.172     207.565     386.823    0.506467     1049.02     386.551     1435.57     4.95067    -4.74676
      16200    0.256065      396.18     210.008     388.942           0     1104.04     395.988     1500.03     9.43698    -3.78115
      16100    0.282393     421.813     212.457     379.268           0     1154.17     407.268     1561.44     11.2802    -4.82088
      16000    0.231446     450.001     215.093     361.421           0     1192.83     415.879     1608.71     8.61029    -6.94667
      15900    0.173979     473.088     217.816     351.641     0.24571     1225.16     421.915     1647.08     6.03674    -8.43968
      15800     1.20119     491.514     220.448     346.962     1.21694     1259.38     423.828     1683.21     1.91242    -9.16628
      15700   0.0960746     610.527     222.753     342.329     1.77099     1292.01     424.585      1716.6    0.757474     -31.732
      15600    0.159914     620.199     224.687     339.291           2     1324.34     426.512     1750.85    -1.92663    -26.4205
      15500    0.171022     636.201       226.3     336.206           2     1355.61     429.282     1784.89    -2.77034    -23.8308
      15400    0.183375     653.316     227.642     332.999           2     1390.97     432.919     1823.89    -3.63715    -22.3206
      15300    0.135582     671.605     228.789      331.61           2      1433.9     434.392     1868.29    -1.47278    -21.6367
      15200    0.149512     685.177     229.837      331.56           2     1477.57     436.156     1913.72    -1.76378    -20.2299
      15100    0.148424     700.127     230.833      338.01           2     1530.23     438.215     1968.44    -2.05923    -19.3915
      15000    0.157445     714.979     231.781     349.069           2     1597.25     440.693     2037.94    -2.47802    -18.3023
      14900    0.187831     730.754     232.686     357.878           2     1675.58     444.733     2120.32    -4.03956     -17.056
      14800    0.188292     749.537     233.529     365.468           2     1765.99     448.983     2214.97    -4.25037    -16.2109
      14700    0.137174     768.315     234.247     357.423    0.393683     1850.41     454.236     2304.65    -5.25275    -15.2972
      14600    0.431539     782.327     225.486      288.54     0.26732     1893.92     464.589      2358.5     10.3536    -14.7926
      14500    0.455764     825.505     223.207     261.168    0.157273     1920.53     480.729     2401.26     16.1401    -24.9368
      14400     0.27989     870.906     224.367     243.569           0     1938.51     497.716     2436.22     16.9868    -35.2361
      14300    0.228477     898.843     226.714      228.24           0     1952.46     510.152     2462.62     12.4362    -40.8226
      14200           0     921.463     229.249     215.124           0     1958.73     519.456     2478.19     9.30306    -44.9867
      14100    0.162184     921.625     231.347     208.157    0.199584     1964.01     526.442     2490.46     6.98654    -44.3049
      14000           0     937.681     233.183     204.732           0     1968.38     530.244     2498.63     3.80167    -47.3398
      13900           0     937.681     234.811     199.528           0     1978.17     536.003     2514.17     5.75898    -46.6095
      13800           0     937.681     236.156     193.614           0     1979.25     538.362     2517.62     2.35929    -46.3533
      13700           0     937.681     237.357     189.356           0     1996.22     542.355     2538.57     3.99316    -46.4667
      13600           0     937.681     238.469     186.027           0     2005.86     545.091     2550.95     2.73599    -46.8032
      13500           0     937.681     239.515     189.336           0     2015.77     548.776     2564.54    -3.68526     -47.181
      13400           0     937.681     240.508     196.699           0     2024.16     550.244     2574.41    -1.46796      -47.25
      13300    0.216921     937.898     241.455     193.778           2     2033.12     554.839     2587.96    -4.59498     -47.148
      13200    0.201533     959.575     244.942     214.887           2     2041.66     559.866     2601.52    -5.02675    -51.8009
      13100    0.266257     979.793     246.855     221.229           2     2055.94     570.856     2626.79    -10.9898    -54.2181
      13000    0.245142      1006.4     248.104     226.745           2     2061.81     580.474     2642.28    -9.61818    -56.9586
      12900    0.245826     1030.91     248.806     232.617           2     2082.41     590.573     2672.98     -10.099    -58.3384
      12800    0.258879     1055.51     249.036     238.599           2     2110.87     598.727     2709.59    -8.15415    -59.1433
      12700    0.197192     1081.33     249.064     240.485           2     2133.63     605.189     2738.82     -6.4613    -59.8446
      12600    0.160117     1101.02     249.181     239.476           2     2137.31     609.219     2746.53    -4.03065    -59.2191
      12500    0.130801        1117     249.409     239.066           2     2143.24     611.641     2754.88    -2.42165    -58.1756
      12400    0.156902      1130.1     249.759     238.867           2     2146.88       615.3     2762.18    -3.65909    -56.9606
      12300    0.152806     1145.79      250.19     237.349           2      2161.3     618.704        2780    -3.40373    -56.7584
      12200    0.138709     1161.06     250.667     234.836     1.82544     2189.99     620.068     2810.06    -1.36413     -56.818
      12100     380.189     1554.98     251.174     233.874           2     2227.57     621.336      2848.9     1.26783    -136.989
      12000           0     39193.7      120.79     148.028           0     2267.06     750.643     3017.71     129.307    -893.534
      11900           0     39193.7      62.535     144.455           0      2306.2     942.662     3248.86     192.019    -863.202
      11800           0     39193.7     44.8003     151.446           0     2333.86      1152.9     3486.76      210.24    -835.694
      11700    0.174081     39193.9     36.5686     173.719    0.599349     2335.89     1372.92      3708.8     220.013    -811.268
      11600    0.445016     39211.6     28.0867     178.655           0     2345.43     1602.19     3947.62     229.277    -786.641
      11500           0     39255.6     25.4255     181.256           0     2367.25     1842.53     4209.78     240.341    -765.104
      11400    0.505794     39256.1     24.3024      169.16           0     2389.45     2086.18     4475.64      243.65    -743.937
      11300     2.55084     39308.8     23.8444     164.359           0     2411.71     2327.82     4739.52     241.633    -724.091
      11200    0.372102     39561.7      24.296     163.229           0      2432.3     2568.37     5000.67     240.554    -708.358
      11100           0     39598.5     24.8821     154.169           0     2433.32     2808.39     5241.71     240.018    -689.321
      11000           0     39598.5      24.998     141.749           0     2446.17     3048.19     5494.36     239.802    -670.452
      10900           0     39598.5     24.9929     133.834           0     2452.21      3290.8     5743.01     242.607    -652.823
      10800   0.0411479     39598.5      24.991     129.803    0.984029     2456.93     3531.36     5988.28     240.559    -636.602
      10700           0     39602.6     25.0064     125.625           0      2459.9     3772.57     6232.47     241.219     -621.99
      10600           0     39602.6     25.0281     120.986           0     2461.33     4014.45     6475.78     241.872    -608.758
      10500           0     39602.6     25.0495     118.608           0     2462.68      4256.9     6719.58      242.45    -597.038
      10400   0.0208515     39602.6     25.0722     118.163     1.04787     2463.41     4498.03     6961.43     241.128    -586.755
      10300    0.299182       39605     25.0978     119.195    0.158869     2471.41     4737.83     7209.24     239.802    -577.899
      10200    0.282972     39634.9     25.2106     120.205    0.207184     2480.74     4978.32     7459.06     240.489    -571.379
      10100           0     39662.9     25.3755     119.259           0     2486.29     5216.64     7702.93     238.324    -565.699
      10000           0     39662.9     25.4471     117.366           0     2487.95     5455.19     7943.15     238.553    -559.646
       9900    0.309343     39663.2     25.4515     115.122    0.117929     2500.94     5694.04     8194.98     238.848    -554.576
       9800    0.261924     39694.1     25.5497     112.055    0.268508     2512.62     5932.24     8444.86     238.194     -551.76
       9700    0.355587     39720.4     25.6931     107.982           0     2530.35     6169.73     8700.08     237.494    -549.216
       9600    0.320416     39755.9     25.8655      103.04   0.0751401     2546.81      6406.5      8953.3     236.766    -547.589
       9500    0.192191     39787.8     26.0438     97.3188    0.490406     2556.31     6642.53     9198.84     236.031    -546.128
       9400           0     39806.9     26.1423     92.5684           0     2566.01     6881.59      9447.6     239.058    -544.381
       9300           0     39806.9     26.1456     89.0956           0     2576.47     7119.24     9695.71     237.654    -542.113
       9200           0     39806.9     26.1168     86.7505           0     2586.55     7356.82     9943.38     237.583    -540.356
       9100           0     39806.9     26.0952     85.2046           0     2588.61     7592.73     10181.3     235.905    -539.007
       9000  0.00142694     39806.9     26.0833     84.2486     1.05417     2589.12     7825.94     10415.1     233.217    -537.988
       8900           0       39807       26.08     83.7574           0     2598.53     8060.51       10659      234.57    -537.242
       8800    0.143912     39807.2     26.0834     83.6118    0.648284     2601.66     8294.96     10896.6     234.442    -536.708
       8700    0.331884     39821.7     26.1234     83.5777   0.0383546     2613.36     8529.23     11142.6     234.277    -537.081
       8600    0.407148       39855      26.272      83.151           0     2630.84     8763.51     11394.4     234.278    -538.392
       8500    0.311559     39895.6     26.5051     82.0255    0.107742     2641.97     8997.71     11639.7     234.195    -539.872
       8400    0.366548     39926.8     26.7074     81.1792           0     2656.18      9232.3     11888.5     234.593    -540.648
       8300    0.126182     39963.2     26.8963     80.7104    0.702418     2658.63      9463.7     12122.3     231.404    -541.606
       8200    0.262523       39976     26.9833     80.9457    0.241145     2665.63     9695.59     12361.2     231.892    -541.252
       8100    0.219151     40002.2     27.0506     81.9199    0.398681     2670.21     9927.99     12598.2     232.399    -541.725
       8000    0.382954     40024.3     27.1316     83.3229           0     2683.68     10160.6     12844.3     232.593    -541.952
       7900    0.240653     40062.4     27.2828     84.9291    0.326813     2688.89     10393.3     13082.2     232.717    -542.994
       7800    0.309501     40086.6      27.415     86.7375    0.101089     2697.34     10625.6     13322.9     232.285    -543.152
       7700    0.362775     40117.6     27.5361     88.8756           0     2709.15     10858.5     13567.6     232.864    -543.658
       7600    0.344212     40153.8     27.7041     91.0687           0     2719.84     11090.8     13810.7     232.396    -544.346
       7500    0.238554     40188.1     27.8814     93.2752    0.330044     2726.05     11322.8     14048.8     231.944    -544.804
       7400    0.153546     40211.9     27.9924     94.1963    0.611507     2729.54     11554.4     14283.9     231.558    -544.645
       7300    0.107263     40227.2     28.0274     94.4149    0.761858     2732.01     11787.6     14519.6     233.248    -544.112
       7200           0     40237.8     28.0269     94.2057           0     2733.01     12022.6     14755.6     234.973    -543.476
       7100           0     40237.8     28.0033     93.7471           0     2734.56     12256.9     14991.4     234.297    -542.458
       7000     0.19222       40238     27.9765     93.0993     0.48324     2740.77     12486.5     15227.3     229.623    -541.683
       6900     2.76998     40259.8     28.0121     92.0014           0     2746.71     12716.6     15463.3     230.088    -542.205
       6800           0     40534.1     29.0995     85.8348           0      2749.2     12950.4     15699.6     233.801    -555.103
       6700           0     40534.1     29.7547     77.4552           0     2753.67     13182.7     15936.4     232.345    -551.833
       6600           0     40534.1     29.6674     71.7831           0     2763.54     13412.5       16176     229.733    -549.339
       6500           0     40534.1     29.5342     67.5615           0     2773.73       13644     16417.8     231.566    -547.434
       6400           0     40534.1     29.4284     64.7263           0     2785.45     13875.8     16661.2     231.772    -545.986
       6300           0     40534.1     29.3523     62.8552           0     2799.28     14109.4     16908.7     233.598    -544.881
       6200           0     40534.1     29.3006     61.6688           0      2821.8     14343.9     17165.7     234.499    -544.032
       6100           0     40534.1     29.2686     60.9802           0     2845.46     14579.3     17424.7     235.381    -543.375
       6000           0     40534.1     29.2519     60.6285           0     2858.25     14815.5     17673.8     236.248    -542.864
       5900           0     40534.1     29.2471     60.5044           0     2872.79       15050     17922.8     234.453    -542.464
       5800           0     40534.1     29.2514       60.53           0     2893.29     15286.2     18179.5     236.249    -542.148
       5700           0     40534.1     29.2628     60.6513           0     2903.69     15522.9     18426.6     236.637    -541.896
       5600           0     40534.1     29.2794     60.8326           0        2912     15759.7     18671.7     236.871    -541.695
       5500           0     40534.1        29.3     61.0484           0     2929.86     15996.8     18926.7       237.1    -541.531
       5400           0     40534.1     29.3236     60.1559           0     2947.08     16233.9       19181     237.101    -541.399
       5300           0     40534.1     29.3495     58.3792           0     2957.22       16471     19428.3     237.101    -541.304
       5200           0     40534.1      29.377      55.914           0     2980.61     16711.5     19692.1     240.423     -541.25
       5100           0     40534.1     29.4057     52.9329           0     2992.25     16951.2     19943.5     239.794    -541.239
       5000           0     40534.1     29.4354     49.5243           0     2999.19     17190.4     20189.6     239.165    -541.271
       4900           0     40534.1     29.4657     45.8135           0     3006.47     17430.9     20437.4     240.534    -541.346
       4800           0     40534.1     29.4966     41.8538           0      3019.9     17672.2     20692.1     241.253    -541.462
       4700           0     40534.1     29.5279     37.7132           0     3041.31     17914.2     20955.5     241.972    -541.618
       4600           0     40534.1     29.5594     33.4672           0     3056.01     18154.4     21210.4     240.241    -541.811
       4500           0     40534.1     29.5912     29.1239           0     3071.11     18393.9       21465     239.509     -542.04
       4400           0     40534.1     29.6231     25.2862           0     3087.59     18635.4       21723     241.477    -542.301
       4300           0     40534.1     29.6552     21.8405           0     3108.24     18877.2     21985.5     241.845    -542.588
       4200           0     40534.1     29.6874      18.715           0     3125.99     19119.8     22245.8     242.513    -542.893
       4100           0     40534.1     29.7197     15.8655           0     3141.08     19361.7     22502.8      241.98    -543.211
       4000           0     40534.1      29.752     13.2315           0     3156.95     19605.3     22762.2     243.548    -543.541
       3900           0     40534.1     29.7845     10.7695           0     3171.08     19850.4     23021.5     245.116    -543.878
       3800           0     40534.1      29.817     8.44437           0     3187.63       20094     23281.7     243.633    -544.222
       3700           0     40534.1     29.8496      5.2904           0     3201.21     20337.5     23538.7     243.475    -544.572
       3600           0     40534.1     29.8822   -0.247851           0     3219.21     20580.8       23800     243.318    -544.946
       3500           0     40534.1     29.9149    -7.39549           0     3240.95     20825.9     24066.9     245.085    -545.367
       3400           0     40534.1     29.9477    -15.4349           0     3270.24       21070     24340.2     244.052    -545.853
       3300           0     40534.1     29.9806    -24.2056           0     3312.94     21314.3     24627.3     244.369     -546.41
       3200           0     40534.1     30.0135    -32.6429           0     3358.47       21559     24917.5     244.687    -547.041
       3100           0     40534.1     30.0465    -39.1227           0     3409.04     21803.6     25212.7     244.604     -547.73
       3000           0     40534.1     30.0795    -44.3474           0     3459.27     22048.1     25507.4      244.52    -548.453
       2900           0     40534.1     30.1126     -48.545           0     3511.07     22293.5     25804.6     245.387    -549.193
       2800           0     40534.1     30.1458    -51.9241           0     3563.91     22538.7     26102.6     245.154    -549.937
       2700           0     40534.1     30.1791    -54.9313           0     3624.79     22787.4     26412.2     248.721    -550.679
       2600           0     40534.1     30.2124    -58.1544           0     3695.77     23031.1     26726.9     243.688    -551.418
       2500           0     40534.1     30.2458    -61.4575           0     3755.31     23278.7     27034.1     247.654     -552.16
       2400           0     40534.1     30.2793    -64.7616           0     3813.78     23526.1     27339.8     247.321    -552.906
       2300           0     40534.1     30.3128    -68.0683           0     3875.11     23772.9       27648     246.837    -553.659
       2200           0     40534.1     30.3465    -71.1166           0     3943.74     24019.3       27963     246.354    -554.419
       2100           0     40534.1     30.3801    -73.4841           0      4005.7     24265.7     28271.4      246.42    -555.181
       2000 0.000953469     40534.1     30.4139    -75.3934           0        4068     24512.2     28580.2     246.486    -555.939
       1900      0.0045     40534.2     30.4481    -76.9283           0     4131.05     24759.3     28890.3     247.085    -556.693
       1800           0     40534.6     30.4841    -78.1681           0     4192.85     25006.4     29199.3     247.183    -557.452
       1700           0     40534.6     30.5192    -79.3229           0     4252.97     25254.5     29507.5     248.108    -558.169
       1600           0     40534.6      30.553    -80.6856           0     4315.54     25504.3     29819.8     249.734    -558.874
       1500           0     40534.6     30.5869    -82.1608           0     4378.26     25752.2     30130.5     247.958    -559.571
       1400           0     40534.6     30.6209    -83.7374           0     4440.25     25998.6     30438.8     246.329    -560.262
       1300           0     40534.6      30.655    -85.3931           0     4505.86     26245.6     30751.5     247.081    -560.949
       1200           0     40534.6     30.6892     -86.646           0     4582.94     26493.5     31076.4     247.824    -561.631
       1100           0     40534.6     30.7236    -86.7372           0     4656.25       26742     31398.2     248.486    -562.301
       1000           0     40534.6      30.758    -86.0534           0      4726.3       26991     31717.3     249.007    -562.946
        900           0     40534.6     30.7926    -84.5801           0     4795.19     27239.8       32035     248.857    -563.557
        800           0     40534.6     30.8272    -82.4763           0     4863.38     27492.3     32355.7     252.493    -564.127
        700           0     40534.6     30.8619    -79.6842           0     4927.04     27745.5     32672.6     253.205     -564.65
        600 0.000406694     40534.6     30.8967    -76.0135           0     4997.86     27995.8     32993.7     250.278     -565.12
        500           0     40534.7     30.9318    -71.6934           0     5066.06     28245.5     33311.6     249.711    -565.531
        400           0     40534.7     30.9669    -66.7321           0     5143.24     28497.3     33640.5     251.761    -565.875
        300           0     40534.7     31.0019    -61.2516           0     5206.03       28744       33950     246.725    -566.149
        200           0     40534.7     31.0371    -54.9119           0     5271.54     28990.2     34261.8     246.255    -566.351
        100           0     40534.7     31.0723    -47.0965           0     5317.56     29240.6     34558.2     250.383    -566.471
          0           0     40534.7     31.1076     -38.237           0     5345.38     29510.1     34855.5      269.45    -566.496