      20000           0           0     179.437     374.571           0     58.4594     14.2831     72.7424     14.2831      21.651
      19900           0           0     179.437     373.647           0     110.373     29.7361     140.109     15.4531     21.5232
      19800           0           0     179.437     373.013           0      167.34     46.3592     213.699     16.6231     21.3957
      19700           0           0     179.437     372.758           0     217.262     60.5222     277.784     14.1631     21.2846
      19600           0           0     179.437     372.794           0     248.648     72.5053     321.153     11.9831     21.2055
      19500           0           0     179.437     371.075           0     291.652     82.0183     373.671     9.51306     21.1352
      19400           0           0     179.437     368.317           0     343.876     94.1014     437.977     12.0831     20.9862
      19300           0           0     179.437     365.774           0     394.402     106.214     500.616     12.1131     20.7343
      19200           0           0     179.437     363.236           0     436.366     118.358     554.723     12.1431     20.3977
      19100           0           0     179.437     362.369           0     476.796     130.011     606.807     11.6531     20.0082
      19000           0           0     179.437     362.508           0     516.588     142.474     659.062     12.4631     19.6491
      18900           0           0     179.437     360.881           0     555.307     155.747     711.053     13.2731      19.319
      18800           0           0     179.437     358.275           0     605.272      166.28     771.551     10.5331     18.9274
      18700           0           0     179.437     356.473           0     666.779     178.113     844.892     11.8331     18.4613
      18600           0           0     179.437      355.06           0     741.529     192.576     934.104     14.4631     17.9655
      18500           0           0     179.437     353.704           0     823.764     201.259     1025.02     8.68306     17.4537
      18400           0           0     179.437     352.408           0     872.706     209.492      1082.2     8.23306     16.9279
      18300           0           0     179.437     349.386           0      909.05     218.075     1127.13     8.58306     16.3623
      18200           0           0     179.437     345.298           0     974.052     226.658     1200.71     8.58306     15.6757
      18100           0           0     179.437     341.814           0        1063     234.714     1297.71     8.05639     14.8535
      18000           0           0     179.437     338.557           0      1147.3     243.331     1390.63     8.61639     13.9367
      17900           0           0     179.437     337.625           0     1224.22     253.364     1477.58     10.0331     12.9765
      17800           0           0     179.437     338.126           0     1299.23     264.257     1563.49     10.8931     12.0876
      17700           0           0     179.437     336.277           0     1373.75      274.54     1648.29     10.2831     11.2702
      17600           0           0     179.437     333.147           0     1437.28     288.828     1726.11     14.2881     10.4022
      17500           0           0     179.437     333.217           0     1484.78     302.776     1787.56     13.9481     9.50021
      17400           0           0     182.115      364.52           0     1495.77     312.444     1808.22     9.66738     7.85112
      17300    0.189857    0.189857     182.934     374.343           0     1506.07     322.233      1828.3     9.78925     7.59678
      17200    0.358905     19.3446     183.604     380.183           0     1508.82     335.713     1844.53     13.4805     3.38152
      17100    0.355812      55.232     184.751     383.293           0     1524.96     349.592     1874.55     13.8788     -3.5868
      17000    0.373475     90.8308     186.429     384.473           0     1536.69     365.263     1901.95     15.6711    -8.97708
      16900           0     127.805     188.512     379.614           0     1539.78     380.376     1920.15     15.1131     -13.666
      16800           0     127.805     190.487     371.213           0     1541.66      395.08     1936.74     14.7033    -9.58017
      16700           0     127.805      192.12     361.945           0     1544.87      410.85     1955.72     15.7704    -6.86424
      16600    0.417409     128.222     193.586     351.733           0     1545.58     430.413     1975.99     19.5635     -5.3949
      16500    0.321575     169.867     195.451     351.632           0     1550.05     443.316     1993.37     12.9024    -13.9817
      16400    0.361804     202.065     197.824     358.289           0     1567.65      459.46     2027.11     16.1439    -18.6324
      16300    0.297982     238.182     200.478     361.713           0     1593.66     471.498     2065.16     12.0381    -22.9734
      16200    0.605352     268.287     203.293     363.518    0.145923     1623.26      487.65     2110.91     16.1525    -25.0496
      16100    0.599119     328.816     206.446     353.178   0.0865776      1647.3     504.942     2152.24     17.2917     -33.441
      16000    0.339863     388.469     210.069     334.477           0     1659.02     518.576     2177.59     13.6342    -40.6189
      15900           0     422.115     213.773     323.851           0     1663.56     528.655     2192.21     10.0793     -41.799
      15800     0.15308     422.268      216.96     318.782    0.338972      1669.6     534.056     2203.65     5.40019    -36.2527
      15700    0.107554     437.531     219.672     315.239    0.568242     1675.14     537.893     2213.03     3.83776     -35.442
      15600    0.106228     448.285     222.139     312.935     1.85761     1681.11     538.515     2219.63    0.621466    -34.1149
      15500    0.133923     458.935     224.258     310.143           2     1686.32     539.243     2225.56   -0.727857    -33.2552
      15400    0.156304      472.35      226.01     307.131           2     1695.81     541.248     2237.06    -2.00516     -33.383
      15300    0.154554     487.979     227.479     305.816     1.64474     1712.94      541.41     2254.35   -0.162057    -34.1363
      15200    0.120087       503.4     228.802     305.701     1.96813     1730.75     542.139     2272.89    -0.72878    -34.7694
      15100    0.132754     515.421     230.045     311.934           2     1757.34      543.41     2300.75    -1.27135    -34.4744
      15000    0.146078      528.71     231.194     322.674           2     1797.96     545.302     2343.26    -1.89177    -34.0885
      14900     0.17996     543.351     232.256       331.2           2     1849.62     548.911     2398.53    -3.60939    -33.4802
      14800    0.182114     561.349     233.219     338.531           2     1913.09     552.852     2465.94    -3.94056     -33.202
      14700           0     579.379     234.029     330.572           0     1970.66     557.886     2528.55    -5.03434    -32.7291
      14600           0     579.379     225.098     263.364           0     1988.99     568.629     2557.62     10.7424    -29.7545
      14500           0     579.379     222.022     237.549           0     1991.99     585.954     2577.94     17.3253    -31.7906
      14400           0     579.379     221.728     221.841           0     1995.74      605.58     2601.32     19.6263    -35.4245
      14300           0     579.379     222.458     208.231           0      2001.8     622.273     2624.07     16.6924     -39.369
      14200           0     579.379     223.512     196.552           0      2014.1     637.313     2651.41     15.0408    -43.1885
      14100           0     579.379     224.632      190.34           0     2026.63     651.015     2677.65     13.7012    -46.6397
      14000           0     579.379     225.733     187.563           0     2048.17     662.266     2710.44     11.2518    -49.5082
      13900           0     579.379     226.793     182.756           0     2074.73     676.043     2750.77      13.777    -51.8407
      13800           0     579.379     227.819     177.031           0      2092.4     686.739     2779.14     10.6957    -53.8807
      13700           0     579.379     228.816     172.855           0     2125.86     699.273     2825.14     12.5338    -55.7274
      13600    0.132011     579.511     229.783     169.548           0     2151.99     710.695     2862.68     11.4222    -57.4102
      13500           0      592.58     230.959     172.529           0      2178.7     715.566     2894.26     4.87068    -61.4665
      13400           0      592.58     232.138     179.585           0     2204.21     722.467     2926.67     6.90171    -61.7037
      13300           0      592.58     233.136     176.573           0     2230.37     726.192     2956.56     3.72437    -61.7111
      13200           0      592.58      236.75     197.524           0     2239.19     729.356     2968.55     3.16457     -61.933
      13100    0.171026     592.751     239.049     204.109           2     2242.03      732.54     2974.57    -3.18366    -61.2089
      13000    0.156292     609.839     240.753     209.808           2      2253.1     734.807     2987.91    -2.26699    -63.6818
      12900     0.15319     625.465     241.891     215.807           2     2256.89     737.991     2994.88    -3.18368    -64.9485
      12800    0.117214     640.748     242.552     221.893           2     2268.65      739.66     3008.31     -1.6696    -65.5398
      12700   0.0848902     652.437      243.05     223.969     1.77254     2274.89     740.108        3015   -0.447739    -65.0386
      12600           0     660.841     243.689      223.18           0     2287.51     741.569     3029.07     1.46088     -63.995
      12500           0     660.841     244.488     223.005           0     2297.63     744.068      3041.7     2.49959    -61.5799
      12400           0     660.841     245.429     223.021           0     2309.84     744.739     3054.58    0.670695    -59.8161
      12300           0     660.841     246.469     221.738           0     2311.03     745.057     3056.09    0.317468    -58.5965
      12200   0.0613351     660.902     247.581     219.476    0.772362     2324.36     746.779     3071.14     1.72199    -57.8961
      12100    0.131342     667.106     248.778     218.674    0.366411     2346.74     750.443     3097.18     3.66437    -58.9046
      12000     401.192      1081.3     250.091     218.652           2     2377.86      750.45     3128.31  0.00665617    -147.275
      11900           0     40799.3     116.961     134.687           0     2426.77     888.043     3314.81     137.593    -901.355
      11800           0     40799.3     59.7575     134.292           0     2471.58     1083.33      3554.9     195.283    -872.817
      11700           0     40799.3     42.5595     153.585           0     2493.74     1297.35     3791.09     214.022    -846.981
      11600           0     40799.3      29.079     154.909           0     2507.95     1525.63     4033.58     228.285    -822.084
      11500           0     40799.3     24.7569     160.433           0     2508.95     1766.64     4275.59      241.01    -800.477
      11400    0.318358     40799.6     22.8998     153.593     0.17132     2515.59     2011.69     4527.28     245.052    -779.731
      11300    0.531721     40831.6     22.0725      153.32           0      2526.8      2255.1      4781.9     243.405    -759.721
      11200    0.496504     40884.8     21.8398     158.875           0     2543.04     2498.11     5041.15      243.01    -740.403
      11100           0     40933.9     21.9185     158.798           0     2546.64     2741.09     5287.73     242.982    -721.575
      11000     715.881     41649.8     22.0244     152.668           0     2548.57     2983.87     5532.44     242.776    -717.204
      10900    0.721813      112523     766.983    -616.468           2     3304.91     3483.25     6788.16    -499.383    -946.597
      10800    0.665359      112595        1949    -693.201           2      4123.2      5166.7      9289.9    -1683.45    -933.931
      10700     1.29171      112662     2785.78    -705.233           2     4951.08     7686.25     12637.3    -2519.55    -919.285
      10600     1.75204      112792     3505.41    -709.752           2     5783.26     10924.8       16708    -3238.51    -903.522
      10500     4.95032      112970      4148.1    -712.244           2     6615.45     14805.4     21420.8     -3880.6    -887.324
      10400      25.624      113486     4719.36    -714.469           2     7448.82     19258.5     26707.3    -4453.16    -872.421
      10300     242.063      116265     5172.05    -718.467           0     8278.48     24165.7     32444.2    -4907.15    -867.754
      10200     4997.85      145227     6156.68    -738.314           0     9127.67     30056.7     39184.3    -5890.98    -925.281
      10100     62.5557      640077     20293.5    -875.405           2     10127.9     50086.4     60214.3    -20029.8    -992.061
      10000     82.3511      646352     42489.7    -911.732           2     11155.3     92312.1      103467    -42225.7    -990.314
       9900           0      654505     60278.2    -922.194           0     12179.6      152326      164506    -60013.9    -988.364
       9800     25.0776      654530     75100.1    -927.923           2     13207.9      227162      240370    -74836.3    -985.768
       9700     26.6166      657039     87759.7    -931.793           2       14230      314659      328889    -87496.5    -983.108
       9600     27.8682      659702     98606.1    -934.771           2     15251.3      413002      428254    -98343.5     -980.32
       9500     71.5771      662532      107931    -937.196           2     16276.4      520672      536948     -107669    -977.472
       9400     240.739      669859      115850    -939.316           2     17317.9      636256      653574     -115584    -975.395
       9300     460.696      694153      122041    -941.562           2       18359      758033      776392     -121777    -976.313
       9200     29.6474      739792      125856    -944.422           2     19400.3      883625      903025     -125592     -979.07
       9100     30.2767      742757      128297    -947.187           2     20434.8 1.01166e+06 1.03209e+06     -128035    -974.499
       9000     31.5289      745786      130465    -949.321           2     21467.8 1.14187e+06 1.16333e+06     -130205    -970.532
       8900     32.1495      748940      132320    -951.035           2       22512 1.27392e+06 1.29644e+06     -132059    -967.386
       8800     32.6247      752155      133866    -952.451           2     23544.9 1.40753e+06 1.43107e+06     -133605    -964.938
       8700     33.0525      755418      135123    -953.646           2     24570.5 1.54239e+06 1.56696e+06     -134862    -963.059
       8600     33.4109      758724      136116    -954.673           2     25590.8 1.67825e+06 1.70384e+06     -135855    -961.636
       8500      33.641      762065      136870    -955.569           2     26617.3 1.81486e+06 1.84147e+06     -136610    -960.574
       8400     33.8843      765429      137411    -956.358           2     27640.6 1.95201e+06 1.97965e+06     -137150    -959.793
       8300     34.0142      768818      137760    -957.058           2     28675.9 2.08951e+06 2.11818e+06     -137502    -959.232
       8200     34.1223      772219      137939    -957.685           2     29707.6 2.22719e+06  2.2569e+06     -137680    -958.837
       8100     34.2057      775632      137965    -958.251           2     30743.1 2.36489e+06 2.39564e+06     -137706    -958.569
       8000     34.2643      779052      137856    -958.767           2     31771.8 2.50249e+06 2.53426e+06     -137596    -958.397
       7900     34.2482      782479      137627     -959.24           2     32810.7 2.63986e+06 2.67267e+06     -137367    -958.297
       7800     34.2519      785903      137291    -959.676           2     33848.7 2.77689e+06 2.81074e+06     -137031    -958.247
       7700     3.46536      789298      136860    -960.079           2     34885.8 2.91349e+06 2.94837e+06     -136600    -958.221
       7600     1.65613      789643      136425    -960.414           2     35926.6 3.04965e+06 3.08558e+06     -136165    -956.752
       7500     1.65585      789808      136049    -960.665           2     36974.4 3.18544e+06 3.22242e+06     -135790    -955.526
       7400     8.31258      789980      135722    -960.862           2     38025.9 3.32091e+06 3.35893e+06     -135463    -954.586
       7300     1.07289      790804      135416    -961.036           2     39078.9 3.45606e+06 3.49514e+06     -135155    -954.245
       7200     2.85247      790914      135130    -961.189           2     40135.3 3.59093e+06 3.63106e+06     -134867    -953.561
       7100     33.3547      791229      134874    -961.319           2     41191.9 3.72554e+06 3.76673e+06     -134611    -953.166
       7000     34.1548      794566      134559    -961.475           2     42240.3 3.85984e+06 3.90208e+06     -134301    -954.723
       6900     34.0945      797981      134131    -961.675           2       43288 3.99371e+06   4.037e+06     -133873    -955.871
       6800     33.9834      801390      133609    -961.904           2     44333.3 4.12706e+06 4.17139e+06     -133346    -956.691
       6700     33.8662      804789      133010    -962.151           2     45377.4 4.25981e+06 4.30518e+06     -132748    -957.285
       6600     33.7604      808175      132345     -962.41           2     46421.4 4.39189e+06 4.43831e+06     -132086    -957.726
       6500     32.8096      811550      131624    -962.676           2     47461.8 4.52326e+06 4.57072e+06     -131363    -958.062
       6400     33.5542      814832      130857    -962.943           2     48501.2 4.65385e+06 4.70235e+06     -130596    -958.287
       6300     33.4434      818187      130050    -963.208           2     49541.1 4.78364e+06 4.83318e+06     -129787    -958.516
       6200     33.3043      821531      129207    -963.472           2     50588.8 4.91258e+06 4.96317e+06     -128943    -958.709
       6100     33.1756      824862      128332    -963.733           2     51637.2 5.04065e+06 5.09229e+06     -128068    -958.874
       6000     33.0495      828179      127431    -963.992           2     52674.6 5.16782e+06 5.22049e+06     -127166    -959.021
       5900     32.9209      831484      126508    -964.249           2     53713.9 5.29406e+06 5.34777e+06     -126244    -959.156
       5800           0      834743      125565    -964.502           0     54759.4 5.41936e+06 5.47412e+06     -125300    -959.265
       5700     456.746      835200      124689     -964.71           2     55795.2 5.54378e+06 5.59958e+06     -124423    -958.114
       5600     31.5265      880449      122785    -965.437           2     56829.7  5.6663e+06 5.72313e+06     -122519    -971.743
       5500     31.2802      883602      120147    -966.388           2       57875 5.78618e+06 5.84406e+06     -119880    -968.965
       5400     31.0992      886729      117812    -967.068           2     58919.5 5.90373e+06 5.96265e+06     -117545    -966.824
       5300      348.07      890156      115690    -967.599           0     59955.6 6.01915e+06 6.07911e+06     -115423    -965.396
       5200     254.525      924870      114699    -968.215           2     61003.1 6.13358e+06 6.19458e+06     -114429    -971.906
       5100     30.4439      950098      113917    -969.121           2     62036.8 6.24723e+06 6.30926e+06     -113648    -973.953
       5000     233.171      953345      112577    -969.992           2     63063.3 6.35954e+06  6.4226e+06     -112309    -971.635
       4900      29.686      976459      110788    -970.878           2     64087.2 6.47005e+06 6.53414e+06     -110518      -973.4
       4800     341.082      979739      108709    -971.712           0     65114.2 6.57849e+06 6.64361e+06     -108439    -971.289
       4700           0 1.01351e+06      107769    -972.473           0     66145.8 6.68599e+06 6.75214e+06     -107498    -974.851
       4600           0 1.01351e+06      107666    -973.121           0     67167.1 6.79339e+06 6.86055e+06     -107396     -972.37
       4500     113.185 1.01362e+06      107502    -973.564           2     68184.9 6.90062e+06  6.9688e+06     -107233    -970.336
       4400     143.475 1.02497e+06      107041    -974.022           2     69200.7 7.00739e+06 7.07659e+06     -106769    -970.976
       4300           0 1.03917e+06      106040    -974.612           0     70217.8 7.11316e+06 7.18338e+06     -105769    -971.954
       4200      88.588 1.03926e+06      104903     -975.12           2     71229.4 7.21779e+06 7.28902e+06     -104631    -970.028
       4100     69.3605  1.0481e+06      103730    -975.557           2     72235.9 7.32125e+06 7.39348e+06     -103458    -970.343
       4000     103.723 1.05507e+06      102377    -976.008           2       73241 7.42335e+06 7.49659e+06     -102104    -970.241
       3900     109.746 1.06545e+06      100832    -976.483           2     74242.4 7.52391e+06 7.59815e+06     -100557    -970.873
       3800     12.9179 1.07633e+06     99036.8    -977.002           2     75244.4 7.62267e+06 7.69791e+06    -98763.3    -971.442
       3700     5.47399 1.07761e+06     97261.1    -977.435           2     76240.7 7.71966e+06  7.7959e+06    -96987.7    -970.084
       3600     10.8688 1.07816e+06     95714.8     -977.75           2     77236.2  7.8151e+06 7.89234e+06    -95441.6    -968.913
       3500     10.6224 1.07925e+06     94349.6    -978.009           2     78228.5 7.90917e+06  7.9874e+06    -94074.6    -968.164
       3400     13.4759 1.08032e+06     93121.3    -978.243           2     79220.6 8.00202e+06 8.08124e+06    -92847.3    -967.619
       3300     7.38171 1.08166e+06     92001.8    -978.464           2     80217.6 8.09375e+06 8.17397e+06    -91727.4    -967.301
       3200     6.02963 1.08239e+06     90984.9    -978.669           2     81209.2 8.18446e+06 8.26567e+06    -90710.2    -966.938
       3100     8.22342   1.083e+06     90072.5    -978.837           2     82199.4 8.27426e+06 8.35646e+06    -89797.8    -966.653
       3000     8.71444 1.08382e+06     89246.8     -978.98           2     83184.3 8.36323e+06 8.44641e+06    -88972.2    -966.519
       2900     10.4015  1.0847e+06     88490.2    -979.111           2     84166.7 8.45144e+06 8.53561e+06    -88214.7    -966.454
       2800     15.2537 1.08574e+06     87788.8    -979.235           2     85146.8 8.53896e+06  8.6241e+06    -87513.5    -966.475
       2700     3.16695 1.08725e+06     87120.6    -979.362           2     86132.1  8.6258e+06 8.71193e+06    -86841.7    -966.642
       2600     9.18975 1.08758e+06     86502.5    -979.484           2     87124.4 8.71203e+06 8.79915e+06    -86228.6    -966.463
       2500    0.310724 1.08849e+06     85938.5    -979.601           2     88102.1 8.79769e+06 8.88579e+06    -85660.6    -966.515
       2400     13.3345 1.08853e+06     85429.8    -979.709           2     89075.5 8.88284e+06 8.97192e+06    -85152.2    -966.334
       2300      8.4321 1.08986e+06     84954.8    -979.821           2     90048.6 8.96752e+06 9.05757e+06    -84677.7    -966.583
       2200    0.466548 1.09069e+06     84494.5    -979.938           2     91026.1 9.05174e+06 9.14276e+06    -84217.8    -966.652
       2100     3.02208 1.09074e+06     84078.7    -980.036           2     91994.6 9.13554e+06 9.22753e+06    -83801.9    -966.503
       2000     1.72906 1.09104e+06       83711    -980.119           2     92961.6 9.21897e+06 9.31193e+06    -83434.1    -966.483
       1900     27.5379 1.09124e+06     83381.6    -980.194           2     93927.9 9.30208e+06   9.396e+06    -83104.1     -966.46
       1800     27.4566   1.094e+06     83023.8    -980.297           2     94891.8 9.38482e+06 9.47971e+06    -82746.2    -967.187
       1700     27.3389 1.09674e+06       82591    -980.434           2     95853.1 9.46713e+06 9.56299e+06    -82312.4    -967.729
       1600      2.9429 1.09945e+06     82099.8    -980.589           2     96815.6 9.54895e+06 9.64577e+06    -81819.5    -968.136
       1500     2.91544 1.09975e+06     81621.4    -980.721           2     97776.8  9.6303e+06 9.72807e+06    -81342.8    -967.827
       1400     14.1401 1.10005e+06     81202.9    -980.821           2     98735.9 9.71122e+06 9.80996e+06      -80926    -967.625
       1300     2.78836 1.10145e+06     80803.7    -980.922           2     99697.1 9.79175e+06 9.89145e+06      -80526    -967.795
       1200     16.4028 1.10174e+06     80425.1    -981.016           2      100669  9.8719e+06 9.97256e+06    -80146.6    -967.646
       1100     15.8485 1.10338e+06     80054.5    -981.101           2      101636 9.95167e+06 1.00533e+07    -79775.3     -967.92
       1000     2.76199 1.10496e+06     79663.8     -981.19           2      102601 1.00311e+07 1.01337e+07      -79384    -968.123
        900     4.47825 1.10523e+06     79291.5    -981.258           2      103567 1.01101e+07 1.02136e+07    -79011.9    -967.951
        800     26.8731  1.1057e+06     78957.4    -981.304           2      104534 1.01887e+07 1.02933e+07    -78674.1    -967.893
        700     20.7815 1.10838e+06       78595    -981.367           2      105499 1.02671e+07 1.03726e+07      -78311    -968.452
        600     10.1164 1.11045e+06     78178.9    -981.442           2      106476 1.03449e+07 1.04514e+07    -77897.7    -968.716
        500     3.33353 1.11146e+06     77759.3    -981.498           2      107454 1.04224e+07 1.05299e+07    -77478.7    -968.657
        400     1.47757 1.11179e+06     77375.2    -981.523           2      108446 1.04995e+07  1.0608e+07    -77092.4    -968.456
        300     1.48149 1.11194e+06     77037.3    -981.523           2      109429 1.05763e+07 1.06857e+07    -76759.6     -968.27
        200     2.19547 1.11209e+06     76740.8    -981.503           2      110421 1.06527e+07 1.07632e+07    -76463.5    -968.141
        100     2.12153  1.1123e+06     76476.7     -981.46           2      111401 1.07289e+07 1.08403e+07    -76195.3    -968.068
          0     2.02972 1.11252e+06       76239    -981.401           2      112372 1.08049e+07 1.09172e+07    -75938.5    -968.014