       20000            0            0      179.437      429.318            0      3.71223      14.2831      17.9953      14.2831      61.8944
       19900     0.314685     0.314685      179.437      428.357            0      6.50941       29.736      36.2454       15.453      61.6759
       19800            0      31.4685      179.992      426.838            0      9.65169      45.8037      55.4554      16.0676       54.184
       19700     0.306725      31.7752      180.656      425.899            0      12.8703      58.7481      71.6183      12.9444       55.629
       19600     0.238167      62.3792      181.518      424.759    0.0282152      33.4496      68.6501        102.1      9.90204      49.5763
       19500     0.232239        86.19      182.741      421.472     0.498284      40.8413      74.8589        115.7      6.20876      46.4345
       19400            0      109.182      183.872      417.098            0       44.283      82.5074       126.79      7.64847      44.0098
       19300            0      109.182      184.592      413.537            0      47.0456       89.465      136.511      6.95762      47.2034
       19200     0.198724       109.38      184.932      410.426     0.198704      52.2718      96.1133      148.385      6.64834      49.3773
       19100     0.178977      129.233      185.367      408.748     0.288013      58.2194      101.836      160.056      5.72314      46.2903
       19000     0.181117      147.133      185.991      407.924       0.2758      63.8437      107.745      171.589      5.90865      44.2556
       18900     0.182607      165.246      186.665      405.241     0.266116      69.4842       113.79      183.274      6.04479      42.5093
       18800            0      183.324       187.37      401.514            0      76.2102       116.39        192.6      2.59986      40.9506
       18700            0      183.324      187.836       399.06            0      95.1304      119.824      214.954      3.43422      43.6453
       18600            0      183.324      187.997      397.353            0      127.588      125.727      253.315      5.90307       45.513
       18500            0      183.324      188.004      395.873            0      167.654      125.843      293.498     0.116343      46.7823
       18400            0      183.324      187.926      394.563            0      174.441      126.099      300.541    -0.255921      47.6079
       18300     0.038846      183.363      187.801      391.554     0.915939      180.265      126.318      306.584     0.219157      48.0625
       18200            0      187.209      187.667      387.401            0      203.164      126.672      329.836      0.35314      47.2696
       18100            0      187.209      187.524      383.916            0      250.008      126.702       376.71    -0.030498      47.2551
       18000            0      187.209      187.366      380.709            0      292.159      127.389      419.548     0.687295      46.9494
       17900            0      187.209      187.204      379.896            0      326.803      129.655      456.458      2.26594      46.4542
       17800            0      187.209      187.043      380.561            0      359.382      132.942      492.324      3.28675       45.924
       17700            0      187.209      186.886      378.814            0      391.359      135.776      527.134      2.83358      45.3849
       17600            0      187.209      186.735      375.738            0      412.301      142.766      555.066      6.98998      44.7297
       17500     0.202829      187.411       186.59      375.936     0.202356      417.085      149.561      566.646       6.7953      43.9364
       17400     0.116173      207.608      189.351      408.003     0.594683      449.578      151.993       601.57      2.43173      37.5697
       17300     0.127699      219.236       190.38      417.664     0.542842      482.602      154.336      636.938      2.34288      35.6277
       17200      0.23089       232.11       191.05      423.484    0.0758898      523.156       160.37      683.527      6.03484      34.1221
       17100     0.237794      255.205      191.905      426.849     0.041755      582.856      167.095      749.951      6.72469      30.7065
       17000     0.275135      279.022       193.13      428.452            0      638.568      176.065      814.633      8.97003      27.8826
       16900     0.267063      306.528      194.712      423.956            0      685.994      184.978      870.972       8.9131       24.684
       16800     0.255379      333.222      196.596      415.245            0      731.909      193.572      925.481        8.594      21.9155
       16700     0.262292      358.767      198.688      405.142            0      778.321      202.774      981.095      9.20181       19.375
       16600     0.308809      385.043      200.944      393.789            0       821.08       214.98      1036.06      12.2057      16.4949
       16500     0.155537       415.77      203.395      393.209     0.382577      867.129      219.938      1087.07      4.95858      12.6144
       16400     0.236482      431.405      205.799       400.11            0      926.549      228.107      1154.66      8.16881      12.9026
       16300     0.137182      454.954       208.17      403.945     0.464094      994.794      232.453      1227.25      4.34601      11.5597
       16200     0.250294      468.785      210.483      406.314            0      1067.19      241.415       1308.6      8.96208       12.777
       16100     0.278723      493.843       212.83      396.684            0      1134.73      252.322      1387.05      10.9072      11.0997
       16000     0.256931      521.694      215.397      378.717     0.133867      1190.69      260.628      1451.32      8.30587      8.40084
       15900     0.168813      547.299      218.075      368.853     0.279437      1240.23      266.406      1506.64      5.77748      5.82177
       15800    0.0715805      564.083       220.67       364.15      1.57496      1291.64      268.096      1559.74      1.68975      5.19907
       15700     0.104392      571.274      222.955      360.963       1.8103       1342.9       268.65      1611.56     0.554671      6.49432
       15600      0.16591      581.774      224.878      359.033            2      1394.98      270.769      1665.75     -2.11838      6.52619
       15500     0.176613      598.376      226.479      356.423            2      1446.46      273.717      1720.18     -2.94854      4.99718
       15400     0.382191      616.243      227.808      353.476      1.80811       1502.3       277.52      1779.82     -3.80301      3.29506
       15300     0.135863      654.216      228.859      352.003            2      1565.62      279.063      1844.68     -1.54241     -2.68206
       15200     0.140558      667.807      229.782      351.871            2       1629.6      280.771      1910.37     -1.70833     -2.10869
       15100     0.146507      681.868       230.71      358.388            2      1702.64      282.707      1985.35     -1.93649     -1.72971
       15000      0.15537      696.528      231.623      369.575            2      1790.16      285.028      2075.19      -2.3207     -1.15919
       14900     0.186537      712.096      232.509      378.471            2      1889.09      288.891      2177.98     -3.86261    -0.326678
       14800     0.186947       730.75      233.342      386.129            2      2000.16      292.954      2293.12     -4.06306     0.157624
       14700     0.140964      749.399      234.055      377.922     0.381691      2105.08      298.015      2403.09     -5.06079     0.779818
       14600     0.271363      763.626      225.339      307.941            0      2167.99      308.516       2476.5      10.5015     0.941535
       14500     0.292649      790.783      222.977      280.408            0      2213.84      324.886      2538.73      16.3701     -6.20549
       14400     0.289175      820.045      223.836      263.026            0      2251.28      342.404      2593.68      17.5178     -14.3018
       14300     0.298238      848.971      225.937      247.688     0.069607      2284.68      355.617       2640.3      13.2131     -21.7088
       14200     0.199876      878.697      228.463      234.287   0.00645663      2310.11      365.707      2675.82      10.0897     -28.4751
       14100     0.162306      898.647       230.97      226.704     0.207968      2333.94       373.07      2707.01      7.36337     -32.3101
       14000     0.095786      914.811      233.226      222.879     0.579441      2347.72      376.829      2724.55      3.75877     -34.8363
       13900     0.136552       924.43      235.128      217.245     0.341123      2355.65      382.271      2737.92      5.44202       -35.68
       13800       0.3099      938.259      236.844      210.751      1.16659       2371.7      383.941      2755.64       1.6705     -37.5433
       13700            0      968.939      238.353      205.604            0      2372.42      386.939      2759.36      2.99744     -42.7603
       13600     0.246947      969.186      239.615      201.785       1.1255      2378.53      388.528      2767.06      1.58973     -40.8645
       13500     0.150688      993.784      240.761      204.538            2      2383.83      393.459      2777.29     -4.93078     -44.5755
       13400     0.113676      1008.82      241.628      211.443            2      2390.18      396.047      2786.23     -2.58801     -45.3028
       13300      0.22611       1020.3      242.244      208.123            2      2395.57      401.431         2797     -5.38383     -45.0024
       13200     0.209752      1042.89      245.579      229.507            2      2418.72      407.095      2825.82     -5.66356     -47.7373
       13100     0.272249      1063.93      247.374      235.886            2      2447.66      418.604      2866.26     -11.5095     -48.6679
       13000     0.250672      1091.13      248.532      241.458            2      2468.24       428.65      2896.89     -10.0455     -50.2258
       12900     0.250808       1116.2      249.162      247.412            2      2503.64      439.104      2942.74     -10.4543     -50.6939
       12800      0.22457      1141.25      249.336      253.492            2      2546.99      447.557      2994.55     -8.45351     -50.7773
       12700     0.347138      1163.83      249.352      255.472            2      2584.74      454.307      3039.05     -6.74953     -50.1678
       12600     0.161295      1198.36      249.357      254.358            2       2603.3      458.514      3061.81     -4.20672     -52.2058
       12500     0.129547      1214.46      249.416      253.891            2      2624.06      460.942         3085     -2.42849     -50.2601
       12400     0.155022      1227.44      249.662      253.705            2      2642.54      464.504      3107.04     -3.56158     -48.2918
       12300      0.15013      1242.94      250.027      252.201            2      2671.81      467.745      3139.55     -3.24108     -47.4946
       12200      0.10502       1257.9      250.466      249.698      1.93983      2715.36      468.908      3184.27     -1.16351     -47.0736
       12100    0.0688816      1268.37      251.014      248.838     0.735038       2767.9      470.336      3238.24      1.42805     -46.1432
       12000     0.127009      1275.32      251.791      249.047            2      2829.42       472.03      3301.45     -1.69351     -44.9255
       11900    0.0805997      1287.97      252.672      250.243     0.667106      2896.07      473.912      3369.99       1.8818     -45.3273
       11800      2501.96      3797.91      253.344      251.977            2      2968.95      475.607      3444.55      1.69563     -406.578
       11700            0       251492      49.9005      236.708            0       3029.9      682.289      3712.19      206.682      -981.39
       11600            0       251492      12.0666      253.082            0      3113.87      927.586      4041.46      245.297     -975.865
       11500  2.60143e+10  2.60146e+10  1.38561e+07     -1000.13            0      4273.44  1.38568e+07  1.38611e+07 -1.38559e+07        -1000
       11400       0.0045  2.60143e+12  6.67916e+10     -1000.06          1.1      5420.46  6.68054e+10  6.68054e+10 -6.67916e+10     -990.278
       11300      4219.97  2.60143e+12  1.77548e+11      -1000.2            2      6562.76  2.44354e+11  2.44354e+11 -1.77548e+11     -994.531
       11200      10089.8  2.60143e+12  2.67774e+11     -1000.36            2      7705.76  5.12128e+11  5.12128e+11 -2.67774e+11     -995.917
       11100      8519.52  2.60143e+12  3.43641e+11     -1000.56            2      8861.52  8.55769e+11  8.55769e+11 -3.43641e+11     -996.591
       11000       0.0045  2.60143e+12  4.08588e+11     -1000.78          1.1      10016.9  1.26436e+12  1.26436e+12 -4.08588e+11     -996.981
       10900      9977.58  2.60143e+12  4.64744e+11     -1001.04            2      11157.8   1.7291e+12   1.7291e+12 -4.64744e+11      -997.23
       10800      10173.9  2.60144e+12   5.1358e+11     -1001.34            2      12284.2  2.24268e+12  2.24268e+12  -5.1358e+11     -997.397
       10700       0.0045  2.60144e+12  5.56211e+11     -1001.68          1.1      13408.6  2.79889e+12  2.79889e+12 -5.56211e+11     -997.511
       10600       0.0045  2.60144e+12   5.9352e+11     -1002.06          1.1        14533  3.39241e+12  3.39241e+12  -5.9352e+11     -997.588
       10500       0.0045  2.60144e+12  6.26236e+11     -1002.49          1.1      15655.5  4.01865e+12  4.01865e+12 -6.26236e+11     -997.634
       10400  2.30018e+08  2.60167e+12  6.54969e+11     -1002.96            2      16777.3  4.67362e+12  4.67362e+12 -6.54969e+11     -997.652
       10300       0.0045  2.62444e+12  6.79645e+11      -1003.5          1.1        17892  5.35326e+12  5.35326e+12 -6.79645e+11     -997.434
       10200       0.0045  2.62444e+12  7.00907e+11      -1004.1          1.1        19007  6.05417e+12  6.05417e+12 -7.00907e+11     -997.397
       10100            0  2.62444e+12  7.19702e+11     -1004.78            0      20136.6  6.77387e+12  6.77387e+12 -7.19702e+11     -997.331
       10000            0  2.62444e+12  7.36304e+11     -1005.54            0      21257.8  7.51018e+12  7.51018e+12 -7.36304e+11     -997.243
        9900       0.0045  2.62444e+12  7.50964e+11     -1006.39          1.1      22366.4  8.26114e+12  8.26114e+12 -7.50964e+11     -997.133
        9800      87352.8  2.62444e+12  7.63909e+11     -1007.34            2      23474.1  9.02505e+12  9.02505e+12 -7.63909e+11     -996.999
        9700      62435.9  2.62445e+12  7.75341e+11     -1008.41            2      24572.8  9.80039e+12  9.80039e+12 -7.75341e+11     -996.838
        9600      71437.8  2.62445e+12  7.85436e+11     -1009.62            2        25669  1.05858e+13  1.05858e+13 -7.85436e+11      -996.65
        9500       126936  2.62446e+12  7.94352e+11     -1010.98            2      26767.7  1.13802e+13  1.13802e+13 -7.94352e+11      -996.43
        9400       108252  2.62447e+12  8.02224e+11      -1012.5            2      27882.5  1.21824e+13  1.21824e+13 -8.02224e+11     -996.175
        9300            0  2.62448e+12  8.09176e+11     -1014.23            0      28996.3  1.29916e+13  1.29916e+13 -8.09176e+11     -995.883
        9200      99371.6  2.62448e+12  8.15313e+11     -1016.17            2      30109.3  1.38069e+13  1.38069e+13 -8.15313e+11     -995.549
        9100       127844  2.62449e+12  8.20732e+11     -1018.36            2      31214.9  1.46276e+13  1.46276e+13 -8.20732e+11     -995.168
        9000       0.0045  2.62451e+12  8.25514e+11     -1020.85          1.1      32319.5  1.54531e+13  1.54531e+13 -8.25514e+11     -994.735
        8900       0.0045  2.62451e+12  8.29734e+11     -1023.66          1.1      33436.3  1.62829e+13  1.62829e+13 -8.29734e+11     -994.246
        8800        87661  2.62451e+12  8.33459e+11     -1026.84            2      34543.6  1.71163e+13  1.71163e+13 -8.33459e+11     -993.694
        8700       0.0045  2.62452e+12  8.36745e+11     -1030.45          1.1        35646  1.79531e+13  1.79531e+13 -8.36745e+11      -993.07
        8600      40682.1  2.62452e+12  8.39643e+11     -1034.56            2      36746.2  1.87927e+13  1.87927e+13 -8.39643e+11     -992.368
        8500            0  2.62452e+12    8.422e+11     -1039.23            0      37856.3  1.96349e+13  1.96349e+13   -8.422e+11     -991.577
        8400      40445.8  2.62452e+12  8.44454e+11     -1044.57            2      38967.9  2.04794e+13  2.04794e+13 -8.44454e+11      -990.69
        8300       0.0045  2.62452e+12  8.46442e+11     -1050.67          1.1      40096.8  2.13258e+13  2.13258e+13 -8.46442e+11     -989.693
        8200       0.0045  2.62452e+12  8.48195e+11     -1057.66          1.1      41228.4   2.2174e+13   2.2174e+13 -8.48195e+11     -988.576
        8100            0  2.62452e+12   8.4974e+11     -1065.69            0      42371.4  2.30238e+13  2.30238e+13  -8.4974e+11     -987.324
        8000       0.0045  2.62452e+12  8.51102e+11     -1074.96          1.1      43516.3  2.38749e+13  2.38749e+13 -8.51102e+11     -985.922
        7900       0.0045  2.62452e+12  8.52303e+11     -1085.69          1.1      44681.7  2.47272e+13  2.47272e+13 -8.52303e+11     -984.355
        7800       127815  2.62452e+12  8.53361e+11     -1098.16            2      45858.1  2.55805e+13  2.55805e+13 -8.53361e+11     -982.604
        7700      39898.9  2.62454e+12  8.54293e+11     -1112.74            2      47047.9  2.64348e+13  2.64348e+13 -8.54293e+11     -980.648
        7600            0  2.62454e+12  8.55114e+11     -1129.86            0      48258.2  2.72899e+13  2.72899e+13 -8.55114e+11     -978.469
        7500       0.0045  2.62454e+12  8.55837e+11     -1150.12          1.1      49495.3  2.81458e+13  2.81458e+13 -8.55837e+11     -976.045
        7400       0.0045  2.62454e+12  8.56475e+11     -1174.25          1.1      50760.3  2.90022e+13  2.90022e+13 -8.56475e+11     -973.349
        7300            0  2.62454e+12  8.57036e+11     -1203.26            0      52055.5  2.98593e+13  2.98593e+13 -8.57036e+11     -970.358
        7200       0.0045  2.62454e+12  8.57531e+11     -1238.48          1.1      53389.2  3.07168e+13  3.07168e+13 -8.57531e+11     -967.044
        7100            0  2.62454e+12  8.57967e+11     -1281.75            0      54766.2  3.15748e+13  3.15748e+13 -8.57967e+11      -963.38
        7000       121203  2.62454e+12  8.58351e+11     -1335.65            2      56188.8  3.24331e+13  3.24331e+13 -8.58351e+11     -959.337
        6900            0  2.62455e+12  8.58689e+11     -1403.89            0      57678.7  3.32918e+13  3.32918e+13 -8.58689e+11     -954.884
        6800       0.0045  2.62455e+12  8.58986e+11     -1491.99          1.1      59254.1  3.41508e+13  3.41508e+13 -8.58986e+11     -950.003
        6700            0  2.62455e+12  8.59248e+11     -1608.44            0      60944.4    3.501e+13    3.501e+13 -8.59248e+11     -944.665
        6600       0.0045  2.62455e+12  8.59479e+11     -1766.85          1.1      62792.9  3.58695e+13  3.58695e+13 -8.59479e+11     -938.848
        6500      51016.7  2.62455e+12  8.59682e+11     -1990.17            2      64860.9  3.67292e+13  3.67292e+13 -8.59682e+11     -932.536
        6400            0  2.62456e+12  8.59861e+11     -2319.68            0        67257  3.75891e+13  3.75891e+13 -8.59861e+11     -925.714
        6300            0  2.62456e+12  8.60018e+11     -2835.85            0      70169.5  3.84491e+13  3.84491e+13 -8.60018e+11     -918.388
        6200            0  2.62456e+12  8.60157e+11     -3713.34            0      73967.1  3.93092e+13  3.93092e+13 -8.60157e+11     -910.565
        6100            0  2.62456e+12  8.60279e+11     -5393.39            0      79445.1  4.01695e+13  4.01695e+13 -8.60279e+11     -902.267
        6000      64099.2  2.62456e+12  8.60387e+11      -9278.9            2      88797.4  4.10299e+13  4.10299e+13 -8.60387e+11     -893.533
        5900      79700.3  2.62456e+12  8.60481e+11     -22054.7            2       110927  4.18904e+13  4.18904e+13 -8.60481e+11     -884.415
        5800       105455  2.62457e+12  8.60564e+11      -130936            2       241944   4.2751e+13   4.2751e+13 -8.60564e+11     -874.997
        5700       0.0045  2.62458e+12  8.60637e+11      -527014          1.1       769029  4.36116e+13  4.36116e+13 -8.60637e+11      -865.38
        5600            0  2.62458e+12  8.60701e+11     -33068.7            0       802167  4.44723e+13  4.44723e+13 -8.60701e+11     -855.702
        5500      42364.2  2.62458e+12  8.60757e+11     -11287.9            2       813534   4.5333e+13   4.5333e+13 -8.60757e+11     -846.099
        5400       0.0045  2.62459e+12  8.60807e+11     -5944.68          1.1       819556  4.61939e+13  4.61939e+13 -8.60807e+11     -836.738
        5300       0.0045  2.62459e+12   8.6085e+11     -3863.43          1.1       823488  4.70547e+13  4.70547e+13  -8.6085e+11     -827.817
        5200       0.0045  2.62459e+12  8.60888e+11     -2845.58          1.1       826413  4.79156e+13  4.79156e+13 -8.60888e+11     -819.529
        5100       104901  2.62459e+12  8.60922e+11     -2274.75            2       828752  4.87765e+13  4.87765e+13 -8.60922e+11     -812.082
        5000            0   2.6246e+12  8.60952e+11     -1923.89            0       830733  4.96375e+13  4.96375e+13 -8.60952e+11     -805.668
        4900            0   2.6246e+12  8.60977e+11      -1693.6            0       832479  5.04984e+13  5.04984e+13 -8.60977e+11     -800.492
        4800       104906   2.6246e+12     8.61e+11     -1534.85            2       834069  5.13594e+13  5.13594e+13    -8.61e+11     -796.706
        4700      96805.9  2.62461e+12   8.6102e+11     -1421.15            2       835550  5.22205e+13  5.22205e+13  -8.6102e+11     -794.433
        4600      96801.6  2.62462e+12  8.61037e+11     -1337.22            2       836935  5.30815e+13  5.30815e+13 -8.61037e+11     -793.763
        4500      53670.5  2.62463e+12  8.61051e+11     -1273.73            2       838253  5.39426e+13  5.39426e+13 -8.61051e+11     -794.728
        4400      52905.8  2.62463e+12  8.61064e+11     -1224.73            2       839520  5.48036e+13  5.48036e+13 -8.61064e+11     -797.307
        4300            0  2.62464e+12  8.61074e+11     -1186.28            0       840748  5.56647e+13  5.56647e+13 -8.61074e+11     -801.427
        4200       0.0045  2.62464e+12  8.61084e+11     -1155.67          1.1       841940  5.65258e+13  5.65258e+13 -8.61084e+11     -806.963
        4100      85267.7  2.62464e+12  8.61092e+11     -1131.02            2       843102  5.73869e+13  5.73869e+13 -8.61092e+11     -813.756
        4000       0.0045  2.62465e+12  8.61099e+11     -1110.96          1.1       844243   5.8248e+13   5.8248e+13 -8.61099e+11     -821.617
        3900       0.0045  2.62465e+12  8.61106e+11      -1094.5          1.1       845362  5.91091e+13  5.91091e+13 -8.61106e+11     -830.324
        3800       0.0045  2.62465e+12  8.61111e+11      -1080.9          1.1       846468  5.99702e+13  5.99702e+13 -8.61111e+11     -839.662
        3700       105485  2.62465e+12  8.61116e+11     -1069.57            2       847556  6.08313e+13  6.08313e+13 -8.61116e+11     -849.412
        3600            0  2.62466e+12   8.6112e+11      -1060.1            0       848634  6.16924e+13  6.16924e+13  -8.6112e+11     -859.375
        3500      85256.2  2.62466e+12  8.61123e+11     -1052.14            2       849701  6.25535e+13  6.25535e+13 -8.61123e+11     -869.346
        3400            0  2.62466e+12  8.61126e+11     -1045.42            0       850760  6.34147e+13  6.34147e+13 -8.61126e+11     -879.178
        3300       0.0045  2.62466e+12  8.61128e+11     -1039.72          1.1       851818  6.42758e+13  6.42758e+13 -8.61128e+11     -888.719
        3200      53652.6  2.62466e+12   8.6113e+11     -1034.88            2       852866  6.51369e+13  6.51369e+13  -8.6113e+11     -897.869
        3100      52890.4  2.62467e+12  8.61132e+11     -1030.76            2       853908  6.59981e+13  6.59981e+13 -8.61132e+11     -906.548
        3000       0.0045  2.62468e+12  8.61133e+11     -1027.23          1.1       854941  6.68592e+13  6.68592e+13 -8.61133e+11     -914.696
        2900       0.0045  2.62468e+12  8.61134e+11     -1024.22          1.1       855969  6.77203e+13  6.77203e+13 -8.61134e+11     -922.273
        2800       0.0045  2.62468e+12  8.61135e+11     -1021.63          1.1       856991  6.85815e+13  6.85815e+13 -8.61135e+11     -929.269
        2700       0.0045  2.62468e+12  8.61136e+11     -1019.41          1.1       858017  6.94426e+13  6.94426e+13 -8.61136e+11     -935.682
        2600            0  2.62468e+12  8.61136e+11     -1017.49            0       859047  7.03037e+13  7.03037e+13 -8.61136e+11     -941.526
        2500       0.0045  2.62468e+12  8.61137e+11     -1015.85          1.1       860061  7.11649e+13  7.11649e+13 -8.61137e+11      -946.82
        2400      53650.3  2.62468e+12  8.61137e+11     -1014.43            2       861069   7.2026e+13   7.2026e+13 -8.61137e+11     -951.594
        2300            0  2.62468e+12  8.61138e+11      -1013.2            0       862075  7.28871e+13  7.28871e+13 -8.61138e+11     -955.882
        2200            0  2.62468e+12  8.61138e+11     -1012.14            0       863085  7.37483e+13  7.37483e+13 -8.61138e+11     -959.714
        2100            0  2.62468e+12  8.61138e+11     -1011.23            0       864085  7.46094e+13  7.46094e+13 -8.61138e+11     -963.129
        2000       105486  2.62468e+12  8.61138e+11     -1010.44            2       865082  7.54706e+13  7.54706e+13 -8.61138e+11     -966.164
        1900       0.0045  2.62469e+12  8.61138e+11     -1009.75          1.1       866078  7.63317e+13  7.63317e+13 -8.61138e+11     -968.857
        1800            0  2.62469e+12  8.61138e+11     -1009.16            0       867071  7.71928e+13  7.71928e+13 -8.61138e+11     -971.234
        1700            0  2.62469e+12  8.61138e+11     -1008.65            0       868060   7.8054e+13   7.8054e+13 -8.61138e+11     -973.331
        1600       0.0045  2.62469e+12  8.61137e+11     -1008.21          1.1       869050  7.89151e+13  7.89151e+13 -8.61137e+11     -975.177
        1500            0  2.62469e+12  8.61137e+11     -1007.82            0       870039  7.97762e+13  7.97762e+13 -8.61137e+11     -976.801
        1400       105486  2.62469e+12  8.61137e+11     -1007.49            2       871024  8.06374e+13  8.06374e+13 -8.61137e+11     -978.226
        1300      85248.2   2.6247e+12  8.61137e+11      -1007.2            2       872012  8.14985e+13  8.14985e+13 -8.61137e+11     -979.478
        1200      85248.2  2.62471e+12  8.61136e+11     -1006.95            2       873009  8.23597e+13  8.23597e+13 -8.61136e+11     -980.574
        1100            0  2.62472e+12  8.61135e+11     -1006.73            0       874003  8.32208e+13  8.32208e+13 -8.61135e+11     -981.533
        1000            0  2.62472e+12  8.61134e+11     -1006.54            0       874993  8.40819e+13  8.40819e+13 -8.61134e+11      -982.37
         900            0  2.62472e+12  8.61133e+11     -1006.38            0       875984  8.49431e+13  8.49431e+13 -8.61133e+11       -983.1
         800       0.0045  2.62472e+12  8.61132e+11     -1006.23          1.1       876976  8.58042e+13  8.58042e+13 -8.61132e+11     -983.739
         700      85248.5  2.62472e+12  8.61132e+11     -1006.11            2       877966  8.66653e+13  8.66653e+13 -8.61132e+11     -984.295
         600       105486  2.62473e+12  8.61131e+11     -1006.01            2       878967  8.75265e+13  8.75265e+13 -8.61131e+11     -984.782
         500      79491.9  2.62474e+12   8.6113e+11     -1005.91            2       879969  8.83876e+13  8.83876e+13  -8.6113e+11     -985.207
         400       0.0045  2.62475e+12  8.61128e+11     -1005.83          1.1       880985  8.92487e+13  8.92487e+13 -8.61128e+11     -985.577
         300            0  2.62475e+12  8.61127e+11     -1005.76            0       881993  9.01098e+13  9.01098e+13 -8.61127e+11     -985.897
         200       0.0045  2.62475e+12  8.61126e+11      -1005.7          1.1       883009   9.0971e+13   9.0971e+13 -8.61126e+11     -986.177
         100       0.0045  2.62475e+12  8.61125e+11     -1005.65          1.1       884013  9.18321e+13  9.18321e+13 -8.61125e+11      -986.42
           0            0  2.62475e+12  8.61124e+11     -1005.61            0       885009  9.26932e+13  9.26932e+13 -8.61124e+11     -986.632