      20000           0           0     179.437      354.04           0     78.9895     14.2831     93.2726     14.2831      6.5598
      19900    0.223874    0.223874     179.437      353.13           0      151.42     29.7361     181.156      15.453     6.37611
      19800    0.209359     22.5967     179.832     351.925           0     229.474      45.964     275.438     16.2279     1.22417
      19700           0     43.3232     180.674     350.677           0     301.477     58.8903     360.367     12.9264    -2.38939
      19600           0     43.3232     181.343      350.06           0     355.597     68.9673     424.564     10.0769   -0.625871
      19500           0     43.3232      181.67     348.017           0      421.66     76.2469     497.907     7.27965    0.664707
      19400           0     43.3232     181.831     345.092           0     497.108     85.9357     583.044     9.68876      1.5341
      19300           0     43.3232     181.901     342.472           0     570.936     95.5851     666.521     9.64938     2.05167
      19200    0.169888     43.4931     181.916     339.922           0     636.214     105.249     741.463     9.66439     2.25794
      19100           0      60.312     182.198     338.621           0     700.393     114.141     814.534     8.89174    -1.43501
      19000           0      60.312      182.52     338.429           0     764.264     123.521     887.785     9.38027   -0.608163
      18900           0      60.312     182.643     336.695           0     827.168     133.589     960.757     10.0674  -0.0551718
      18800           0      60.312     182.672     334.074           0     901.335     140.887     1042.22     7.29805    0.220798
      18700           0      60.312     182.652     332.289           0     987.026     149.505     1136.53     8.61816    0.264758
      18600           0      60.312     182.604      330.92           0     1085.92     160.801     1246.72     11.2962    0.161935
      18500           0      60.312      182.54     329.626           0     1192.23     166.381     1358.61     5.58015  -0.0446619
      18400           0      60.312     182.467     328.403           0     1265.18     171.584     1436.76      5.2029   -0.331163
      18300           0      60.312      182.39     325.496           0     1325.41     177.214     1502.63     5.62988    -0.70727
      18200           0      60.312     182.312     321.544           0     1414.17     182.922     1597.09     5.70822      -1.241
      18100           0      60.312     182.234     318.185           0     1526.74     188.182     1714.92      5.2595    -1.93768
      18000           0      60.312     182.157     315.048           0     1634.55     194.078     1828.63     5.89598    -2.75042
      17900           0      60.312     182.083     314.188           0     1734.91     201.465     1936.37     7.38695    -3.62386
      17800           0      60.312     182.012     314.731           0     1833.32     209.783      2043.1     8.31849    -4.44147
      17700           0      60.312     181.943     312.967           0     1931.14      217.56      2148.7     7.77684    -5.20025
      17600           0      60.312     181.878     309.941           0     2017.88     229.407     2247.28     11.8468    -6.01803
      17500           0      60.312     181.817     310.049           0     2088.55     240.975     2329.52     11.5682    -6.87666
      17400           0      60.312     184.451     340.839           0     2123.22     248.307     2371.53     7.33175    -8.48522
      17300           0      60.312      185.22     350.494           0     2157.36      255.81     2413.17     7.50286    -8.68108
      17200           0      60.312     185.629     356.546           0     2183.75     267.266     2451.01     11.4559    -8.47327
      17100           0      60.312     186.038     360.492           0     2190.41     279.858     2470.26     12.5924    -8.08987
      17000           0      60.312     186.556     362.982           0     2200.16     295.402     2495.57      15.544    -7.64668
      16900           0      60.312     187.208     359.831           0     2216.86     311.819     2528.68     16.4171    -7.28314
      16800           0      60.312     187.987     352.784           0     2233.41     329.022     2562.43     17.2025    -7.26468
      16700           0      60.312      188.88     344.451           0     2247.69     348.032     2595.72     19.0098    -7.69251
      16600           0      60.312      189.87     334.942           0     2263.78     371.311     2635.09     23.2798    -8.56073
      16500           0      60.312     190.943     335.951           0     2274.99     388.721     2663.71     17.4102    -9.67858
      16400    0.446846     60.7589     192.087     344.002           0      2278.3     410.602      2688.9     21.8807    -10.5677
      16300    0.400605     105.397       193.8     348.329           0     2290.93     429.318     2720.25     18.7162    -20.9106
      16200    0.443731     145.501     196.204     350.538           0     2307.55      452.56      2760.1     23.2412    -27.8772
      16100           0      189.43     199.046     340.739           0     2319.14     477.251      2796.4     24.6911    -34.3231
      16000           0      189.43     201.711     323.454           0     2319.84     499.243     2819.08     21.9925    -30.6328
      15900           0      189.43     203.905     314.487           0     2324.66     519.191     2843.85     19.9476    -28.5901
      15800           0      189.43     205.837     310.535           0     2326.87     535.714     2862.58     16.5231    -27.4409
      15700           0      189.43      207.61     307.935           0     2328.63     551.614     2880.25     15.8998    -26.8129
      15600           0      189.43     209.283     306.492           0      2329.1     565.091     2894.19     13.4772    -26.5236
      15500           0      189.43      210.89      304.41           0     2329.63     577.731     2907.36     12.6401     -26.456
      15400    0.295517     189.726     212.454     302.012           0        2334     589.282     2923.28      11.551    -26.6635
      15300    0.308164      219.29     214.335     300.806           0     2346.13     602.263     2948.39     12.9815    -33.4682
      15200    0.278812     250.077     216.687     300.304           0     2358.54      613.65     2972.19     11.3863    -39.2122
      15100    0.310485      277.99     219.304     305.853    0.148277     2379.04     623.119     3002.16      9.4696    -43.1375
      15000    0.198169     308.926     222.061      315.61   0.0967968      2412.6     630.361     3042.97     7.24182    -46.5678
      14900    0.105434      328.65     224.805     323.111    0.575092     2456.18     634.203     3090.38     3.84149    -46.4172
      14800           0     339.088     227.319     329.622           0     2510.74     636.162      3146.9     1.95951    -43.9056
      14700           0     339.088     229.457     321.217           0     2558.95     636.625     3195.57   -0.462894    -39.4787
      14600           0     339.088     221.938     253.969           0     2567.88     650.527     3218.41     13.9019    -37.2693
      14500           0     339.088     219.569     227.797           0     2574.64     670.306     3244.94      19.779    -39.8114
      14400           0     339.088     219.673     211.726           0     2588.51     691.987     3280.49     21.6812    -43.7863
      14300           0     339.088     220.652     197.839           0     2604.95     710.485     3315.44     18.4976    -47.9616
      14200           0     339.088     221.871     185.959           0     2627.85     727.166     3355.01      16.681     -51.933
      14100           0     339.088     223.102     179.565           0     2651.16     742.397     3393.55     15.2313     -55.481
      14000           0     339.088     224.286     176.622           0     2683.64     755.096     3438.73     12.6993    -58.4108
      13900           0     339.088     225.421     171.715           0     2721.24     770.246     3491.48     15.1494    -60.7815
      13800           0     339.088     226.506     165.935           0        2750     782.255     3532.26     12.0092     -62.842
      13700           0     339.088     227.542     161.714           0     2794.61     796.063     3590.67     13.8076    -64.6969
      13600           0     339.088     228.535     158.373           0      2831.9     808.733     3640.64     12.6705    -66.3498
      13500           0     339.088     229.487     161.533           0     2869.61     815.076     3684.69     6.34294    -67.7297
      13400           0     339.088     230.405     168.659           0     2906.05     823.711     3729.76      8.6352    -68.5732
      13300           0     339.088     231.292     165.729           0     2943.05     829.279     3772.33     5.56775    -69.0226
      13200           0     339.088     234.869      186.42           0     2962.98     834.325     3797.31     5.04642    -69.5299
      13100           0     339.088     237.131     192.946           0     2976.99     835.591     3812.58    -1.26596    -68.9964
      13000           0     339.088     238.949     198.767           0     2999.09     836.054     3835.15   -0.462808    -68.0811
      12900    0.115872     339.204     240.397     204.978           2     3006.13     837.744     3843.87    -1.68952    -67.0064
      12800    0.138258     350.814     241.383     211.176     1.60331     3007.17     838.245     3845.41   -0.500849    -68.2276
      12700           0     364.501      242.15     213.268           0     3011.62     838.697     3850.32    0.452874    -69.3748
      12600           0     364.501     243.044     212.564           0     3034.85     840.803     3875.66     2.10555    -67.4177
      12500   0.0673516     364.569     244.051     212.422           0     3055.56     843.739      3899.3     2.93653     -66.021
      12400           0     371.236      245.21     212.325           0     3078.47     844.629      3923.1    0.889809    -66.4368
      12300           0     371.236     246.454     210.938           0     3090.46     844.962     3935.42    0.332473     -65.531
      12200   0.0630067     371.299     247.695      208.61    0.858555     3092.92     846.569     3939.49     1.60721    -65.0752
      12100    0.123976     377.661     248.969     207.732    0.402477     3104.36     850.042      3954.4     3.47292    -66.3081
      12000    0.101327     390.036     250.369     207.681     1.91689     3124.51     850.313     3974.83   -0.271552     -68.734
      11900     0.10222      400.17     251.743      208.56    0.526265     3149.48     853.124     4002.61     2.81086    -70.3198
      11800   0.0566494     410.346     253.122     210.137    0.793662     3180.51     855.042     4035.56     1.91812    -71.6592
      11700     0.28285     416.237     254.584     219.212           0     3223.98      857.04     4081.02     1.99755    -71.7446
      11600    0.408528     444.648     242.594     193.941           0      3248.8      871.81     4120.61       14.77     -76.363
      11500           0     485.092     239.466     175.556           0     3264.92      898.11     4163.03     26.3004    -84.6469
      11400           0     485.092     239.761     151.712           0     3269.68     926.302     4195.98     28.1913    -84.7479
      11300           0     485.092     240.807     140.451           0     3271.33     950.972     4222.31     24.6706    -86.2848
      11200           0     485.092     242.053     136.159           0     3277.82     973.769     4251.58     22.7968    -88.0875
      11100           0     485.092     243.306     128.516           0     3304.49     995.363     4299.86     21.5939    -89.8152
      11000           0     485.092     244.506     119.279           0     3339.82     1015.66     4355.47     20.2939    -91.6244
      10900           0     485.092      245.64     113.972           0     3365.71     1037.62     4403.33     21.9598     -93.488
      10800           0     485.092     246.711     110.899           0      3379.9     1056.46     4436.35     18.8393    -95.2185
      10700           0     485.092      247.73     106.938           0     3395.62     1074.95     4470.57     18.4952    -96.8081
      10600           0     485.092     248.707     102.578           0     3415.46     1093.14      4508.6     18.1932    -98.3571
      10500           0     485.092     249.645      99.923           0     3435.49        1111     4546.49      17.855    -99.8789
      10400           0     485.092     250.547     98.2712           0     3456.11     1126.65     4582.77     15.6533    -101.311
      10300           0     485.092     251.415     97.1977           0     3470.11     1140.14     4610.25     13.4852    -102.639
      10200           0     485.092     252.253     96.0431           0     3484.94     1153.59     4638.53     13.4474    -103.866
      10100           0     485.092     253.062     93.8815           0     3515.87     1164.22     4680.09     10.6377    -105.054
      10000           0     485.092     253.845     91.3985           0     3540.18     1174.38     4714.56     10.1548    -106.255
       9900           0     485.092     254.603     88.7465           0     3553.57     1184.07     4737.64      9.6972    -107.488
       9800           0     485.092     255.337     85.9622           0     3567.97     1192.48     4760.46     8.40692    -108.763
       9700           0     485.092     256.049      83.071           0     3575.16     1199.62     4774.78     7.13825    -110.085
       9600           0     485.092     256.742     80.0933           0     3581.65     1205.51     4787.16     5.88902    -111.458
       9500           0     485.092     257.419     77.0411           0     3592.42     1210.17     4802.58     4.65626    -112.883
       9400           0     485.092     258.081     74.7323           0     3619.95     1217.28     4837.24     7.11933    -114.344
       9300           0     485.092     258.726     72.8579           0     3646.65     1222.36     4869.01     5.07375      -115.8
       9200   0.0677673      485.16     259.353     71.2228           0     3672.26     1226.71     4898.97      4.3472    -117.249
       9100           0     491.869     260.089     69.6302           0     3689.89     1228.62     4918.51     1.91147    -119.951
       9000           0     491.869      260.83      68.209           0     3705.42     1230.15     4935.57    -1.52992    -121.029
       8900           0     491.869     261.477     66.9626           0     3731.63     1230.97      4962.6   -0.827247    -122.154
       8800           0     491.869     262.078     65.8309           0     3746.28     1232.53     4978.81    -1.55348      -123.3
       8700           0     491.869     262.654     64.7906           0     3753.37     1234.78     4988.15    -2.25392    -124.449
       8600           0     491.869     263.213     63.8287           0     3755.21     1237.44     4992.65    -2.66277    -125.592
       8500           0     491.869     263.759     62.9341           0     3763.17      1240.5     5003.68    -3.05892    -126.718
       8400    0.122505     491.991      264.29     62.5292     1.96298     3767.62     1243.49     5011.11    -2.98966    -127.843
       8300           0     504.119      264.64     62.2772           0      3783.6     1249.83     5033.43    -6.34025    -131.193
       8200           0     504.119     264.943     62.3339           0      3795.2      1255.9     5051.11    -6.06757    -131.613
       8100           0     504.119     265.329     62.6497           0     3809.89     1261.78     5071.67    -5.87855    -132.113
       8000           0     504.119     265.744     63.1381           0     3816.61      1267.8     5084.41    -6.01864    -132.643
       7900           0     504.119     266.166     63.8392           0     3832.49     1273.96     5106.46    -6.16568    -133.169
       7800           0     504.119     266.584     64.7094           0     3846.07     1280.85     5126.92    -6.88413    -133.663
       7700           0     504.119     266.994     65.7337           0      3857.4     1287.44     5144.85    -6.59376    -134.107
       7600           0     504.119     267.393     66.9201           0     3870.86     1294.73      5165.6    -7.29339    -134.489
       7500           0     504.119     267.784     68.2391           0     3889.69     1302.69     5192.38     -7.9595    -134.799
       7400           0     504.119     268.169     68.6439           0     3911.75     1311.31     5223.06    -8.61864    -135.052
       7300           0     504.119     268.547     68.5255           0     3935.17     1318.59     5253.75    -7.27196    -135.296
       7200           0     504.119      268.92     68.1322           0     3962.24     1324.51     5286.74    -5.92028    -135.551
       7100           0     504.119     269.289     67.5504           0     3989.99     1331.49     5321.48    -6.98924    -135.824
       7000           0     504.119     269.654      66.828           0     4010.06     1343.55      5353.6    -12.0544    -136.118
       6900           0     504.119     270.016     66.0079           0     4030.11     1355.47     5385.57    -11.9161    -136.435
       6800           0     504.119     270.375       65.11           0     4048.34     1362.94     5411.28    -7.47497    -136.774
       6700           0     504.119     270.732      64.159           0     4066.11     1371.57     5437.69    -8.63214    -137.136
       6600           0     504.119     271.088     63.1836           0     4084.58     1383.26     5467.84    -11.6876    -137.519
       6500           0     504.119     271.439     62.1753           0     4100.15      1393.6     5493.75    -10.3386    -137.921
       6400           0     504.119     271.784     61.4422           0     4115.16     1404.18     5519.34    -10.5836    -138.338
       6300           0     504.119     272.123     60.8692           0     4130.97     1413.35     5544.33    -9.17268    -138.751
       6200           0     504.119     272.456      60.392           0     4154.77     1422.01     5576.78    -8.65606    -139.156
       6100           0     504.119     272.783      60.001           0     4179.41     1430.14     5609.56    -8.13257    -139.549
       6000           0     504.119     273.101     59.6684           0     4193.16     1437.74     5630.91     -7.6005    -139.926
       5900           0     504.119     273.408     59.3829           0     4208.82     1447.45     5656.28    -9.70827    -140.287
       5800           0     504.119     273.705     59.1359           0     4230.72     1455.66     5686.37     -8.2046    -140.631
       5700           0     504.119     273.989     58.9218           0     4242.85     1463.75     5706.59    -8.08931     -140.96
       5600           0     504.119     274.263     58.7368           0     4253.25     1471.86     5725.11    -8.11343    -141.272
       5500           0     504.119     274.528     58.5775           0     4273.58     1479.99     5753.57    -8.12829    -141.569
       5400           0     504.119     274.785     57.7276           0     4293.23     1488.35     5781.58    -8.36013    -141.865
       5300           0     504.119     275.035     56.4577           0      4305.3     1496.93     5802.23    -8.58497    -142.196
       5200           0     504.119     275.279     54.9545           0     4329.64     1502.41     5832.05    -5.47866    -142.578
       5100           0     504.119     275.517     53.2994           0     4340.92     1508.73     5849.65    -6.31713    -143.017
       5000           0     504.119     275.751     51.5085           0     4345.87     1515.88     5861.75    -7.15127    -143.513
       4900    0.132066     504.252     275.982     49.6324           2     4349.33     1521.86      5871.2    -5.98166    -144.097
       4800           0     517.326     276.021     47.4978           0     4357.12     1527.13     5884.25    -5.27094    -147.165
       4700           0     517.326     276.018     45.3958           0     4370.84     1531.65     5902.49    -4.51828    -147.244
       4600           0     517.326     276.127     43.3318           0     4375.68     1537.98     5913.66    -6.32653     -147.54
       4500           0     517.326     276.283     41.2312           0     4378.68     1545.16     5923.84      -7.183    -148.007
       4400           0     517.326     276.462     39.4551           0     4380.99     1550.52     5931.51     -5.3615    -148.603
       4300           0     517.326     276.651      37.857           0     4385.62     1555.67     5941.29    -5.15075    -149.284
       4200    0.155407     517.481     276.846     36.3508           2     4385.73     1560.32     5946.05    -4.64555    -150.058
       4100    0.119751     532.986     276.822     34.7113           2     4389.49     1565.44     5954.93    -5.12202    -153.735
       4000    0.108388      544.95     276.584     33.0672     1.95298     4393.46     1568.72     5962.18    -3.28364    -156.083
       3900   0.0618888     555.743     276.299      31.476     1.70953     4400.03     1570.12     5970.16    -1.39946    -157.894
       3800    0.118622     561.988     276.092     29.9771      1.7566     4405.02     1572.76     5977.78    -2.64172    -158.694
       3700    0.085175     573.817     275.917     27.8813     1.96395     4414.03     1575.36     5989.39    -2.59178    -160.601
       3600   0.0835387     582.333     275.714     24.2928     1.95137     4420.57     1577.87     5998.44    -2.51445     -161.78
       3500   0.0637686     590.667     275.506      20.071     1.33435      4426.3     1578.38     6004.68   -0.505682    -163.057
       3400           0      596.98     275.389     15.6349           0     4428.08     1579.77     6007.85    -1.38901    -164.119
       3300           0      596.98     275.403     11.0562           0     4435.52     1580.82     6016.34    -1.05314    -164.265
       3200           0      596.98     275.497     6.85268           0     4441.55     1581.62     6023.17   -0.796812    -164.891
       3100           0      596.98     275.633     3.95562           0     4449.05      1582.6     6031.65   -0.983408    -165.833
       3000           0      596.98     275.796     1.52193           0     4453.41     1583.79     6037.21     -1.1955    -166.969
       2900           0      596.98     275.975   -0.587787           0     4457.25     1584.27     6041.52   -0.474544    -168.231
       2800           0      596.98     276.166    -2.47202           0     4460.64     1585.13     6045.77   -0.865687    -169.572
       2700           0      596.98     276.366    -4.36538           0     4470.95     1587.67     6058.62     2.53424    -170.964
       2600    0.101554     597.082     276.572    -6.59442     1.93316     4490.38     1590.34     6080.72    -2.67243    -172.428
       2500           0     607.135     276.651    -9.06039           0     4497.52     1591.59     6089.11     1.24912    -175.745
       2400           0     607.135     276.705    -11.4905           0     4502.71     1592.49      6095.2    0.894995    -176.848
       2300           0     607.135     276.842    -13.8974           0     4509.88     1592.79     6102.67     0.30792    -178.111
       2200           0     607.135     277.017    -16.1623           0     4523.55     1593.11     6116.66   -0.316883    -179.494
       2100           0     607.135      277.21    -18.0222           0     4530.05     1593.52     6123.57   -0.410095    -180.948
       2000           0     607.135     277.413    -19.7155           0     4536.67     1594.03      6130.7   -0.513012    -182.438
       1900           0     607.135     277.621    -21.2829           0     4544.07     1594.12      6138.2    -0.08775    -183.942
       1800           0     607.135      277.83    -22.7532           0     4550.46     1594.29     6144.74   -0.163759    -185.447
       1700           0     607.135     278.038      -24.24           0      4555.5     1594.87     6150.37     0.58823    -186.943
       1600           0     607.135     278.244    -25.9141           0      4563.3     1596.92     6160.21      2.0437    -188.436
       1500           0     607.135     278.446    -27.6415           0     4571.49     1597.02     6168.51   0.0992286    -189.931
       1400           0     607.135     278.644    -29.4086           0     4579.16     1598.71     6177.87    -1.69389    -191.426
       1300           0     607.135     278.838    -31.1995           0     4590.57     1599.81     6190.39     -1.1018    -192.923
       1200           0     607.135     279.027    -32.7247           0     4613.74     1600.33     6214.06   -0.513935    -194.417
       1100           0     607.135     279.212    -33.5087           0     4633.82     1600.33     6234.14 -0.00212523    -195.875
       1000           0     607.135     279.392    -33.9688           0     4651.78      1600.7     6252.48    0.372745    -197.269
        900           0     607.135     279.568    -34.0799           0     4670.17     1600.78     6270.95   0.0824781    -198.585
        800           0     607.135     279.738    -33.9287           0     4689.81     1604.36     6294.18     3.58155    -199.813
        700           0     607.135     279.906    -33.4655           0     4707.26     1608.53     6315.78      4.1609    -200.947
        600           0     607.135     280.069    -32.5399           0      4734.6     1609.63     6344.23     1.10557    -201.971
        500           0     607.135     280.229     -31.334           0     4762.44     1610.05     6372.48    0.413796    -202.873
        400           0     607.135     280.383    -29.8229           0     4802.71     1612.39      6415.1     2.34456    -203.649
        300   0.0961253     607.231     280.532    -28.0622     1.98696     4832.31     1615.19      6447.5    -2.80509    -204.312
        200   0.0979478     616.846     280.539    -25.9497           2     4868.86     1618.44      6487.3    -3.24649    -206.506
        100           0     626.543     280.371    -23.0045           0     4890.79     1619.53     6510.32     1.08384    -208.135
          0           0     626.543     280.253    -19.4601           0     4899.83     1639.83     6539.66     20.3052    -207.582