     20000          0          0    179.437    360.884          0    72.1462    14.2831    86.4292    14.2831    11.5902
     19900          0          0    179.437    359.969          0    137.737    29.7361    167.473    15.4531    11.4636
     19800          0          0    179.437    359.341          0    208.376    46.3592    254.735    16.6231    11.3374
     19700          0          0    179.437    359.089          0    271.967    60.5222    332.489    14.1631    11.2274
     19600          0          0    179.437    359.125          0    317.022    72.5053    389.527    11.9831    11.1491
     19500          0          0    179.437    357.423          0    373.679    82.0183    455.697    9.51306    11.0795
     19400          0          0    179.437    354.692          0    439.527    94.1014    533.629    12.0831    10.9319
     19300          0          0    179.437    352.174          0    503.653    106.214    609.868    12.1131    10.6825
     19200          0          0    179.437    349.661          0    559.193    118.358     677.55    12.1431    10.3492
     19100          0          0    179.437    348.803          0     613.19    130.011      743.2    11.6531     9.9636
     19000          0          0    179.437     348.94          0     666.55    142.474    809.023    12.4631    9.60804
     18900          0          0    179.437    347.329          0     718.82    155.747    874.567    13.2731    9.28112
     18800          0          0    179.437    344.749          0    782.311     166.28    948.591    10.5331    8.89336
     18700          0          0    179.437    342.964          0    857.327    178.113    1035.44    11.8331    8.43186
     18600   0.231753   0.231753    179.437    341.566          0    945.571    192.576    1138.15     14.463    7.88117
     18500          0    23.1753    179.846     339.63          0    1041.88     200.85    1242.73    8.27407    2.22187
     18400          0    23.1753    180.334    337.885          0    1105.35    208.186    1313.53    7.33595    2.85504
     18300          0    23.1753    180.569    334.667          0    1156.41    215.637    1372.05    7.45109    3.14042
     18200          0    23.1753    180.686    330.483          0    1236.23    222.971     1459.2    7.33386    3.08936
     18100          0    23.1753    180.741    326.955          0    1340.03    229.723    1569.75    6.75267     2.7473
     18000          0    23.1753    180.758    323.692          0     1439.2    237.018    1676.22    7.29488    2.19643
     17900          0    23.1753    180.754    322.753          0    1530.99    245.735    1776.72    8.71625     1.5174
     17800          0    23.1753    180.735    323.249          0    1620.88    255.329    1876.21    9.59485   0.845277
     17700          0    23.1753    180.708    321.435          0    1710.23    264.341    1974.57    9.01181   0.196031
     17600          0    23.1753    180.677    318.361          0    1788.55     277.39    2065.94    13.0485   -0.53933
     17500   0.234524    23.4099    180.643    318.452          0    1850.82    290.132    2140.95    12.7424   -1.39567
     17400          0    46.6278    183.553    349.056          0    1877.27    298.362    2175.64    8.22993   -8.23286
     17300          0    46.6278    184.698    358.418          0     1903.5    306.387    2209.88    8.02529   -7.36197
     17200          0    46.6278    185.334    364.295          0    1922.13    318.139    2240.27    11.7513   -6.33624
     17100   0.347604    46.9754    185.885     368.11          0    1923.09    330.884    2253.97    12.7451   -5.40744
     17000          0    81.3882    186.889    369.928          0     1925.9    346.095       2272    15.2115   -12.2647
     16900          0    81.3882    188.133    366.145          0    1936.29    361.587    2297.87    15.4917   -10.0003
     16800          0    81.3882    189.266    358.698          0    1946.92     377.51    2324.43    15.9236   -8.52139
     16700          0    81.3882    190.381    350.068          0    1955.58     395.02     2350.6    17.5091   -7.81679
     16600          0    81.3882    191.514    340.339          0    1966.27    416.656    2382.93    21.6361     -7.802
     16500   0.373251    81.7615     192.68    341.213          0    1972.22    432.329    2404.55    15.6736   -8.32162
     16400   0.412636    119.126    194.309    348.594          0    1980.12    451.988    2432.11    19.6584   -16.9914
     16300   0.358921    160.336    196.602    352.361          0    1996.78    467.902    2464.69     15.914   -24.3845
     16200   0.405528    196.275    199.282    354.317          0    2017.18    488.065    2505.25    20.1633   -28.9716
     16100          0    236.422    202.232    344.408          0    2032.45    509.571    2542.02    21.5059   -33.6609
     16000          0    236.422    204.948     327.04          0    2036.73    528.327    2565.06    18.7558    -29.429
     15900          0    236.422    207.185    318.008          0    2038.03    544.994    2583.03    16.6673   -26.9458
     15800          0    236.422     209.15    314.031          0    2039.32    558.204    2597.53    13.2099    -25.438
     15700   0.308943    236.731    210.948     311.42          0    2041.04    570.766    2611.81    12.5623    -24.594
     15600  0.0309123    267.347        213    309.501          0    2043.58    580.526    2624.11    9.76024   -30.8156
     15500          0    270.407    215.153    306.939          0    2045.58    588.903    2634.48     8.3767   -29.9069
     15400   0.208859    270.616    217.079    304.249  0.0513117    2052.19    595.829    2648.02    6.92616   -28.7972
     15300    0.22911    291.523    219.082    302.971          0    2066.48    604.064    2670.55    8.23467   -32.6633
     15200   0.194063    314.398     221.35    302.571   0.115659    2081.16    610.787    2691.95    6.72352   -36.2727
     15100   0.151452    333.762    223.742     308.33   0.334895    2104.14    615.819    2719.96    5.03122     -38.36
     15000   0.091875    348.848     226.09    318.509   0.644254     2140.6    619.031    2759.63    3.21277   -38.7303
     14900   0.108487    358.052    228.277     326.54     1.8552     2187.6    619.401       2807    0.36941   -37.2195
     14800   0.133839    368.926    230.184    333.482          2    2246.02    620.306    2866.33  -0.905423   -35.9028
     14700          0    382.176    231.723     325.25          0    2298.27    623.035     2921.3   -2.72847   -35.1211
     14600          0    382.176    223.486    258.044          0    2311.28    635.389    2946.67    12.3539   -32.9119
     14500          0    382.176    220.771    232.005          0    2313.82    653.965    2967.79    18.5764   -35.4879
     14400          0    382.176    220.693    216.061          0    2323.36    674.626    2997.98    20.6606   -39.5122
     14300          0    382.176     221.56     202.27          0    2335.37    692.216    3027.59    17.5904   -43.7398
     14200          0    382.176    222.702    190.457          0    2353.77    708.067    3061.83    15.8506   -47.7624
     14100          0    382.176    223.882    184.122          0    2372.52    722.518    3095.04    14.4512   -51.3571
     14000          0    382.176    225.025    181.234          0    2400.39    734.478    3134.86      11.96   -54.3273
     13900          0    382.176    226.118    176.362          0    2433.34     748.93    3182.27     14.452    -56.732
     13800          0    382.176    227.169    170.602          0    2457.44    760.275    3217.71    11.3455   -58.8222
     13700          0    382.176    228.185    166.395          0    2497.36     773.44     3270.8    13.1649   -60.7029
     13600          0    382.176    229.165    163.065          0    2529.97     785.48    3315.45    12.0397   -62.3783
     13500          0    382.176    230.112    166.254          0    2562.95    791.198    3354.15    5.71804    -63.777
     13400          0    382.176    231.028    173.422          0    2594.63     799.21    3393.84    8.01215    -64.635
     13300          0    382.176    231.916     170.49          0    2626.87    804.154    3431.03    4.94428   -65.0954
     13200          0    382.176    235.493    191.277          0    2641.94    808.577    3450.52     4.4225   -65.6115
     13100   0.163204    382.339    237.756    197.835          2    2651.06    810.468    3461.53   -1.89103   -65.1204
     13000   0.119981    398.616    239.437    203.517    1.99528    2668.42    811.419    3479.84  -0.950733   -67.6173
     12900   0.127234    410.622     240.59    209.528          2     2670.9    813.301     3484.2   -1.88246    -68.316
     12800  0.0822852      423.3    241.302    215.633    1.75015     2676.4    813.721    3490.12  -0.419726   -68.6726
     12700          0    431.447    241.897    217.758          0    2676.43    814.426    3490.86    0.70538   -67.7847
     12600          0    431.447    242.685    217.094          0    2695.13    816.891    3512.02    2.46484   -65.4099
     12500          0    431.447    243.616    216.987          0    2711.27    820.263    3531.54    3.37169   -63.6812
     12400          0    431.447     244.64    217.018          0    2729.49    821.723    3551.21    1.46047   -62.4472
     12300          0    431.447    245.731    215.743          0    2736.67    822.778    3559.45    1.05465   -61.6334
     12200  0.0932257     431.54    246.877    213.485   0.586781    2744.01    825.204    3569.22      2.426   -61.2513
     12100   0.146957    440.916    248.123     212.63   0.273097    2760.34    829.523    3589.87    4.31901   -63.1744
     12000  0.0783153    455.543    249.571    212.563    1.72029    2785.38     830.05    3615.43   0.526808   -65.9871
     11900   0.183825     463.48    251.038    213.459   0.666247    2815.25    833.566    3648.81    3.51588   -66.9558
     11800  0.0818771    481.761    252.532    214.957   0.647527     2851.1    836.074    3687.18    2.50815   -69.9731
     11700   0.333685      490.2    254.115    223.969          0    2899.32    838.541    3737.86    2.46726   -70.2337
     11600   0.340256    523.575    242.408    198.341          0    2928.55    853.497    3782.04    14.9558   -75.4226
     11500          0    557.261    239.362     179.89          0       2949    879.902     3828.9    26.4051   -81.8105
     11400          0    557.261     239.61    155.981          0    2958.03    908.244    3866.27    28.3418   -81.8368
     11300          0    557.261    240.649    144.683          0    2960.61    933.073    3893.68     24.829   -83.3168
     11200          0    557.261    241.899    140.385          0    2962.86    956.024    3918.88     22.951   -85.0753
     11100          0    557.261    243.157    132.716          0    2985.34    977.766    3963.11    21.7427   -86.7682
     11000          0    557.261    244.362    123.445          0    3016.49    998.204     4014.7    20.4379   -88.5513
     10900          0    557.261    245.504    118.121          0    3038.24     1020.3    4058.54    22.0964   -90.3961
     10800          0    557.261    246.594    115.037          0    3048.29    1039.26    4087.55    18.9562   -92.1137
     10700          0    557.261     247.64    111.057          0    3059.89    1057.84    4117.73    18.5855   -93.6939
     10600          0    557.261    248.641    106.677          0    3075.63     1076.1    4151.73    18.2591    -95.236
     10500          0    557.261    249.598    104.012          0    3091.58       1094    4185.58    17.9016   -96.7526
     10400          0    557.261    250.515    102.354          0    3108.12    1109.69    4217.81    15.6852   -98.1802
     10300          0    557.261    251.394    101.277          0    3118.04    1123.19    4241.23    13.5058   -99.5049
     10200          0    557.261    252.241    100.119          0    3128.79    1136.65    4265.44     13.459   -100.729
     10100          0    557.261    253.059    97.9492          0    3155.65    1147.29    4302.95    10.6406   -101.916
     10000          0    557.261    253.853    95.4561          0     3175.9    1157.44    4333.34    10.1468   -103.115
      9900          0    557.261    254.625    92.7925          0    3185.24    1167.12    4352.36    9.67492   -104.348
      9800          0    557.261    255.375    89.9959          0    3195.62    1175.48     4371.1     8.3689   -105.622
      9700          0    557.261    256.103     87.092          0    3198.79    1182.57    4381.35    7.08494   -106.945
      9600          0    557.261    256.809    84.1017          0    3201.26    1188.39    4389.65    5.82179   -108.319
      9500          0    557.261    257.498    81.0371          0    3208.04    1192.97    4401.01    4.57732   -109.745
      9400          0    557.261     258.17    78.7197          0    3231.58       1200    4431.58    7.02982   -111.209
      9300          0    557.261    258.828    76.8382          0     3254.3    1204.97    4459.27    4.97175   -112.668
      9200          0    557.261     259.47    75.1967          0    3275.94     1209.2    4485.14    4.23039   -114.105
      9100          0    557.261    260.091     73.721          0    3289.48    1211.11    4500.58    1.90865   -115.514
      9000          0    557.261    260.693    72.3788          0    3300.84     1212.5    4513.34   -1.39299    -116.89
      8900          0    557.261    261.278    71.1633          0    3322.84    1213.13    4535.97  -0.627603   -118.231
      8800          0    557.261    261.848    70.0481          0    3333.28    1214.45    4547.73   -1.32319   -119.537
      8700          0    557.261    262.407    69.0162          0    3336.14    1216.46     4552.6   -2.00706   -120.806
      8600  0.0960353    557.357    262.956     68.058          2    3338.54    1218.87     4557.4   -2.40596    -122.06
      8500          0    566.864    263.364    67.0337          0     3342.4    1221.53    4563.93   -2.66413   -125.074
      8400          0    566.864     263.74    66.5695          0     3342.8    1223.97    4566.77    -2.4399   -125.787
      8300          0    566.864    264.186    66.4785          0    3354.59    1229.86    4584.44   -5.88562   -126.552
      8200   0.183348    567.048    264.651    66.6193          2    3361.91    1235.63    4597.54   -5.77641   -127.368
      8100          0    585.199    264.865    66.7088          0    3372.54    1241.05    4613.58   -5.41495   -131.571
      8000   0.153249    585.352    265.025    67.0923          2     3375.3    1246.35    4621.65   -5.30043   -131.494
      7900          0    600.524    265.124    67.5768          0    3387.44    1251.47    4638.91   -5.12373   -134.421
      7800   0.143619    600.668    265.245     68.362          2    3397.37    1257.02    4654.39   -5.54473   -133.927
      7700   0.140859    615.027    265.324    69.2012          2    3405.24    1261.94    4667.18   -4.92391   -136.338
      7600    0.15401    629.126    265.239    70.1401          2    3415.48    1267.08    4682.55   -5.13918   -138.188
      7500          0    644.373    265.059     71.196          0    3431.34    1272.31    4703.65   -5.23363   -139.863
      7400          0    644.373    265.027    71.5399          0    3450.51    1277.79     4728.3   -5.47666   -138.353
      7300   0.129021    644.502    265.211     71.465          2    3470.98    1281.73    4752.71    -3.9364   -137.338
      7200          0    657.275    265.318     70.964          0    3495.23    1284.04    4779.27   -2.31777   -139.039
      7100   0.120261    657.395     265.44    70.3726    1.95499    3520.15    1287.18    4807.34   -3.14021   -138.068
      7000          0    669.301    265.542    69.5432          0     3537.5    1295.13    4832.63   -7.94243   -139.655
      6900          0    669.301    265.679    68.7097          0    3554.86     1302.7    4857.56     -7.579    -138.75
      6800          0    669.301    265.945    67.8613          0    3570.34    1305.75    4876.09    -3.0448   -138.189
      6700          0    669.301    266.271    66.9668          0     3585.3    1309.92    4895.22   -4.17108   -137.886
      6600          0    669.301    266.628    66.0451          0    3600.91    1317.15    4918.06   -7.22797   -137.774
      6500          0    669.301    267.002    65.0825          0    3613.57    1323.05    4936.62   -5.90152   -137.806
      6400          0    669.301    267.384    64.3886          0    3625.64    1329.23    4954.87   -6.18434   -137.943
      6300          0    669.301     267.77     63.847          0    3638.47    1334.05    4972.52   -4.82039   -138.144
      6200          0    669.301    268.154    63.3943          0    3659.26    1338.41    4997.67   -4.35449   -138.385
      6100   0.143418    669.444    268.534    63.0218    1.98831    3680.89    1342.29    5023.18   -3.88427   -138.682
      6000          0    683.643    268.712    62.5092          0    3691.79    1345.51     5037.3   -3.21204   -141.629
      5900          0    683.643    268.847    62.1437          0    3704.69    1350.65    5055.35   -5.14682   -141.274
      5800          0    683.643    269.098    61.8914          0    3723.83    1354.25    5078.08   -3.59805   -141.095
      5700    0.11731     683.76    269.399    61.6855          2     3733.2    1357.75    5090.95   -3.49874   -141.066
      5600   0.122608    695.496    269.557    61.3559    1.96395    3740.98    1361.16    5102.14   -3.40729     -143.3
      5500          0    707.635     269.53    60.9726          0    3758.92    1364.29    5123.21    -3.1297    -145.13
      5400          0    707.635    269.575    60.0426          0    3776.26    1367.44    5143.69   -3.14968   -144.345
      5300   0.121418    707.756    269.766    58.7682    1.97784    3786.01    1370.75    5156.76   -3.31617   -143.914
      5200          0    719.776    269.859    57.1133          0    3808.19    1370.81       5179 -0.0587704   -145.961
      5100          0    719.776     269.95     55.399          0    3817.37    1371.56    5188.93   -0.74973   -145.434
      5000          0    719.776    270.156    53.6139          0    3820.22    1373.12    5193.33   -1.55586   -145.222
      4900          0    719.776    270.414    51.7546          0    3821.56    1373.53    5195.09  -0.413537   -145.254
      4800          0    719.776    270.696    49.8152          0    3827.03    1373.58    5200.61   0.054022   -145.478
      4700          0    719.776    270.991    47.8091          0    3838.34    1374.09    5212.43   0.508774   -145.856
      4600          0    719.776    271.293    45.7646          0    3840.75    1375.59    5216.33   -1.49338   -146.361
      4500          0    719.776    271.599    43.6623          0    3841.31    1378.09     5219.4   -2.49911   -146.971
      4400          0    719.776    271.906    41.8762          0    3841.42    1378.89    5220.31  -0.806276   -147.665
      4300          0    719.776    272.213    40.2632          0    3843.65    1379.61    5223.26  -0.713359   -148.413
      4200   0.045764    719.822     272.52    38.7402    1.53199    3845.93    1379.92    5225.85  -0.319534   -149.209
      4100   0.065037    724.418    272.797    37.2243    1.73536     3852.2    1381.02    5233.22   -1.09682   -150.883
      4000   0.159598    731.016    273.006    35.6921    1.14685    3858.79    1381.32    5240.11   0.294433   -152.751
      3900  0.0880799    746.904    273.222    34.0203    0.72012    3867.91    1382.99     5250.9    1.67842    -156.12
      3800  0.0395021    755.664    273.548    32.3734    1.47091    3875.29    1383.09    5258.38  -0.097764   -157.608
      3700  0.0520644    759.627    273.883    30.2696    1.60634    3886.69    1383.65    5270.34  -0.557552   -158.124
      3600  0.0601774    764.841    274.139     26.681    1.69607    3895.61    1384.59     5280.2  -0.939446   -159.081
      3500  0.0405662    770.839    274.328     22.434   0.838604    3903.71    1385.26    5288.97   0.671533   -160.349
      3400  0.0257795    774.881    274.546    17.9724          2    3907.83    1385.81    5293.63  -0.546317   -161.397
      3300          0    777.433     274.77    13.3102          0    3913.01    1386.23    5299.24  -0.420479   -162.395
      3200          0    777.433    274.988    9.03633          0    3916.86    1386.52    5303.38  -0.288492   -163.185
      3100          0    777.433    275.227    6.09365          0    3922.22    1387.09    5309.31  -0.577206   -164.244
      3000          0    777.433    275.473    3.62581          0    3924.48    1387.97    5312.45  -0.872841   -165.463
      2900          0    777.433     275.72    1.49156          0    3926.24    1388.19    5314.42  -0.219682   -166.784
      2800          0    777.433    275.965  -0.409335          0    3927.56    1388.85    5316.41  -0.665469   -168.166
      2700          0    777.433    276.209   -2.31382          0    3935.83    1391.54    5327.37    2.69069   -169.585
      2600   0.100613    777.534    276.451   -4.55088    1.91542    3953.21    1394.09     5347.3   -2.55084   -171.065
      2500          0    787.495    276.561   -7.02074          0    3958.31    1395.43    5353.74    1.33878   -174.376
      2400          0    787.495    276.642   -9.45245          0    3961.47    1396.39    5357.86   0.957595   -175.486
      2300          0    787.495    276.799    -11.859          0    3966.59    1396.74    5363.33    0.35075   -176.752
      2200          0    787.495    276.989    -14.121          0    3978.22    1397.03    5375.25  -0.288892   -178.134
      2100          0    787.495    277.193   -15.9748          0    3982.68    1397.42     5380.1  -0.393358   -179.585
      2000          0    787.495    277.405   -17.6603          0    3987.24    1397.93    5385.17  -0.504798   -181.069
      1900          0    787.495     277.62   -19.2186          0    3992.58    1398.01    5390.59 -0.0862399   -182.565
      1800          0    787.495    277.836   -20.6791          0    3996.89    1398.18    5395.07  -0.169185   -184.061
      1700          0    787.495    278.053   -22.1565          0    3999.85    1398.76     5398.6   0.574047   -185.548
      1600          0    787.495    278.269   -23.8224          0    4005.55    1400.77    5406.33    2.01825   -187.032
      1500          0    787.495    278.485   -25.5422          0    4011.65    1400.83    5412.49  0.0596556   -188.516
      1400  0.0769522    787.571    278.701   -27.3024    1.84959    4017.21    1402.58     5419.8   -1.75058   -190.016
      1300          0     795.19    278.824   -29.1862          0    4026.61    1403.67    5430.29   -1.08835   -192.856
      1200          0     795.19    278.928   -30.7527          0     4047.8    1404.09    5451.89  -0.414415   -194.016
      1100          0     795.19    279.083   -31.5349          0    4065.91    1404.21    5470.12   0.126903   -195.228
      1000          0     795.19    279.258   -31.9825          0    4081.89    1404.72    5486.61   0.506869   -196.441
       900          0     795.19    279.439   -32.0752          0    4098.27    1404.93     5503.2   0.210525   -197.621
       800          0     795.19    279.622   -31.9031          0    4115.89    1408.63    5524.52     3.6983   -198.746
       700          0     795.19    279.803   -31.4174          0    4131.28    1412.89    5544.18    4.26413     -199.8
       600          0     795.19    279.981    -30.468          0    4156.55    1414.09    5570.64     1.1941   -200.762
       500          0     795.19    280.156   -29.2384          0     4182.3    1414.57    5596.87   0.486259   -201.615
       400          0     795.19    280.328   -27.7035          0    4220.46    1416.97    5637.43     2.3993   -202.351
       300  0.0924779    795.282    280.496   -25.9194          2    4247.91    1419.74    5667.65   -2.76965    -202.98
       200          0    804.438    280.527   -23.7779          0    4282.29    1422.98    5705.27   -3.23467   -205.062
       100          0    804.438    280.525   -20.6814          0     4301.9    1423.91     5725.8   0.930211    -204.99
         0          0    804.438    280.599   -17.0536          0    4308.52    1443.87    5752.39    19.9585   -204.832