    20000         0         0   179.437   422.474         0   10.5556   14.2831   24.8387   14.2831   56.8639
    19900         0         0   179.437   421.518         0   14.5972   29.7361   44.3333   15.4531   56.7317
    19800         0         0   179.437   420.863         0   23.7142   46.3592   70.0734   16.6231   56.5998
    19700         0         0   179.437   420.599         0   25.7949   60.5222   86.3171   14.1631   56.4849
    19600  0.354847  0.354847   179.437   420.636  0.161024   42.2514   72.5052   114.757    11.983   56.3071
    19500  0.243821   35.7286    179.98   417.923  0.148394    46.094    81.475   127.569   8.96981    47.923
    19400         0   59.8668   181.007   413.713         0   52.9207   91.9878   144.908   10.5128   44.0073
    19300         0   59.8668   181.773   410.247         0    58.974   101.765   160.739   9.77737   46.3521
    19200  0.295366   60.1622   182.149   407.174  0.240275   60.9481   111.196   172.145   9.43126   47.8498
    19100  0.218161   89.6216   182.754   405.249  0.110337   63.3974   119.532    182.93   8.33573    42.041
    19000         0    111.22   183.691   404.094         0   65.1916   127.741   192.933   8.20897   39.2876
    18900         0    111.22   184.377    401.64         0   67.2319   136.074   203.306   8.33303   41.9805
    18800         0    111.22   184.686   398.566         0   76.9057   141.358   218.264    5.2843   43.8368
    18700         0    111.22   184.804   396.507         0   98.3785   147.824   246.203   6.46579   45.0557
    18600         0    111.22   184.817   394.976         0   133.212   156.908    290.12   9.08332   45.8323
    18500         0    111.22   184.767   393.585         0   175.567   160.261   335.827   3.35305   46.2873
    18400         0    111.22    184.68   392.308         0   184.609    163.25   347.859   2.98963   46.5005
    18300         0    111.22   184.573   389.294         0   188.173   166.698    354.87   3.44744   46.5015
    18200         0    111.22   184.454   385.201         0   213.272   170.264   383.536   3.56646   46.2483
    18100         0    111.22    184.33   381.735         0   262.297   173.428   435.724   3.16343   45.7569
    18000         0    111.22   184.206   378.507         0    306.65   177.275   483.925   3.84745   45.0925
    17900         0    111.22   184.084    377.66         0    343.53   182.661   526.191    5.3859   44.3253
    17800         0    111.22   183.966   378.283         0   378.387   189.025   567.412   6.36385   43.5868
    17700         0    111.22   183.853   376.489         0   412.689   194.892    607.58   5.86712   42.8868
    17600         0    111.22   183.745   373.368         0       436   204.872   640.873   9.98028   42.1068
    17500  0.267353   111.487   183.642   373.524         0   443.196   214.615   657.811   9.74315   41.1987
    17400   0.20019   138.155   186.547   405.381  0.219199   473.067   219.851   692.917   5.23525    33.257
    17300  0.196931   158.171   187.884   414.754  0.232968   503.181    224.69   727.871   4.83906   29.6033
    17200  0.268037   177.935   188.942   420.215         0   540.466   232.833   773.299   8.14338   27.0578
    17100  0.267281   204.738   190.175   423.228         0   596.544   241.288   837.832   8.45473   23.5371
    17000  0.350868    231.55   191.725   424.509         0   648.313   251.663   899.976   10.3752   20.7598
    16900  0.309266   266.595   193.631   419.648         0    691.43   261.657   953.087   9.99356   16.5417
    16800  0.265057   297.477   195.835   410.593         0   732.693   271.011    1003.7   9.35462   13.7046
    16700  0.268244   323.986   198.178   400.235         0   774.198   280.724   1054.92   9.71243    11.814
    16600  0.311674   350.854    200.61   388.707         0   811.875   293.264   1105.14   12.5403   9.51921
    16500  0.159101   381.869   203.184   387.962  0.363418   852.677   298.433   1151.11   5.16908   6.16951
    16400  0.237267   397.857   205.678   394.706         0   906.693   306.723   1213.42   8.28974   6.83428
    16300  0.148089   421.495   208.112   398.431  0.511996   969.424   311.127   1280.55   4.40433   5.85746
    16200  0.249742   436.405   210.465    400.71         0   1036.21   320.107   1356.32   8.98038   7.13082
    16100  0.277933   461.408   212.835   391.069         0   1098.14    331.01   1429.15   10.9023   5.76851
    16000  0.226594    489.15   215.414   373.148         0   1148.53   339.299   1487.83   8.28983   3.33871
    15900  0.168055    511.75   218.094   363.346  0.280538   1192.57   345.058   1537.62   5.75867   1.61974
    15800   1.73025   530.118   220.687   358.681   1.28374   1238.51   346.731   1585.24   1.67282  0.610683
    15700 0.0923561   701.505   222.834   353.393   1.74144    1282.2   347.407   1629.61  0.676182  -33.3742
    15600  0.155877   710.804   224.578   349.875         2   1325.12   349.226   1674.34   -1.8184  -25.9254
    15500  0.166124   726.402   226.083   346.584         2   1366.76   351.778   1718.54  -2.55273  -21.6459
    15400  0.249944   743.098   227.361   343.257         2   1412.38   355.134   1767.51  -3.35584  -18.8424
    15300  0.124075   767.967   228.416    341.74   1.98654   1465.44   356.233   1821.67  -1.09907  -18.6673
    15200  0.130179   780.381   229.374   341.644         2   1519.19   357.534   1876.73    -1.301  -16.0396
    15100  0.137404   793.406    230.34   348.177         2   1582.02   359.101   1941.12   -1.5665  -14.0905
    15000   0.14757   807.156    231.29   359.379         2   1659.35   361.088   2020.44  -1.98755  -12.3139
    14900  0.180455   821.946   232.213   368.314         2   1748.12   364.654   2112.78  -3.56605  -10.5555
    14800  0.181599   839.993   233.081    376.02         2   1849.08   368.456   2217.54  -3.80201  -9.36078
    14700  0.168059   858.139   233.828   367.942  0.481145   1944.02   373.289   2317.31  -4.83319  -8.19455
    14600    0.2694   875.046   225.179   298.426         0   1997.41    383.95   2381.36   10.6608  -8.25537
    14500  0.319219   902.036   222.862   271.127         0   2033.99   400.436   2434.42   16.4853  -14.8662
    14400  0.288285   933.927     223.8   253.864         0   2062.26    417.99   2480.24   17.5543  -23.1042
    14300  0.238553   962.706   225.977    238.64         0   2086.61   431.163   2517.77   13.1729  -30.0289
    14200   0.20033   986.523   228.465   225.477         0   2103.23    441.25   2544.48   10.0871  -35.2442
    14100  0.163124   1006.52   230.913   218.054  0.199568   2118.41   448.671   2567.08   7.42082  -39.1235
    14000         0   1022.67    233.16   214.309         0   2123.62   452.495   2576.12   3.82456  -41.6611
    13900         0   1022.67   234.983   208.928         0   2124.01   458.082   2582.09   5.58714  -40.5553
    13800 0.0606113   1022.73   236.428   202.882  0.774405   2132.19    460.17   2592.36   2.08726  -40.0398
    13700         0   1028.73   237.724   198.428         0   2140.08   463.796   2603.88   3.62607  -41.1809
    13600 0.0728866    1028.8   238.918   194.972  0.699675   2140.78   466.083   2606.86   2.28732  -41.1035
    13500  0.198785   1036.22    240.07    198.13   1.97259   2141.89   470.323   2612.21  -4.23965  -42.6895
    13400         0    1055.9   240.917   205.146         0   2141.94     472.2   2614.14  -1.87693  -46.1877
    13300  0.249959   1056.15    241.64   202.015         2   2142.66   476.979   2619.64  -4.77989  -44.7159
    13200  0.411953    1081.3   245.042   223.294   1.96133   2159.61   482.106   2641.71  -5.12666  -49.1871
    13100  0.424529   1122.51   246.711   229.439         2   2182.09   492.952   2675.05  -10.8463  -55.0699
    13000   0.23475   1164.78   247.543    234.69         2   2195.91   502.009   2697.92  -9.05661  -59.4208
    12900  0.232977   1188.25   247.886   240.481         2   2224.37   511.187   2735.56    -9.178  -58.7188
    12800  0.203737   1211.52   247.904   246.504         2   2260.74   518.209   2778.95  -7.02152  -57.8678
    12700  0.179521   1231.87   247.848   248.485         2    2291.5   523.454   2814.95  -5.24508   -56.458
    12600  0.137954   1249.78   247.962   247.558         2   2303.26   526.265   2829.53  -2.81179  -54.9518
    12500  0.103414   1263.54   248.222   247.239   1.92703   2317.37   527.499   2844.87  -1.23409  -53.1354
    12400  0.137565   1273.91   248.639    247.14         2   2329.28   530.039   2859.32  -2.53925  -51.2067
    12300  0.134883   1287.67   249.157     245.7         2   2352.05    532.41   2884.46  -2.37147  -50.6011
    12200 0.0854743   1301.11   249.727   243.246   1.77955   2389.15   532.835   2921.99 -0.424755  -50.3583
    12100 0.0915951   1309.66   250.406   242.421  0.604849   2435.27   534.871   2970.14   2.03602  -49.4767
    12000   0.11825   1318.85   251.318   242.603         2   2490.35   536.092   3026.44  -1.22091  -49.1433
    11900 0.0919113   1330.64   252.317   243.764  0.600998   2550.52   538.329   3088.85   2.23702   -49.597
    11800   1491.74   2831.48   253.221   245.531         2   2616.95   540.148    3157.1   1.81917  -303.097
    11700   1.99569    150515   64.2027   207.922         0   2649.12   732.527   3381.65   192.379  -969.485
    11600         0    150713   17.7453     240.4         0   2720.41   972.146   3692.55   239.619   -960.41
    11500         0    150713    10.186    266.83         0    2827.8   1227.73   4055.53   255.581  -952.927
    11400         0    150713     7.654   309.727         0   2990.57   1488.02    4478.6   260.298  -945.698
    11300         0    150713   6.68531   348.344         0   3196.81   1746.82   4943.63   258.792   -938.27
    11200   18.2901    150731   6.28562   406.166         0   3460.34   2005.38   5465.72   258.564  -930.549
    11100         0    152542   7.04767   522.117         0   3827.26   2263.23   6090.49   257.852   -924.94
    11000         0    152542   8.17765   589.645         0   4262.31   2519.86   6782.16   256.622  -916.787
    10900         0    152542   8.32083    611.13         0   4733.57   2779.14    7512.7   259.279  -908.286
    10800         0    152542   8.27361   630.758         0   5239.24   3036.41   8275.65   257.276  -899.705
    10700         0    152542   8.21517    652.42         0      5769   3294.42   9063.43    258.01   -891.25
    10600         0    152542   8.16879   671.088         0   6317.67   3553.15   9870.82   258.731  -883.073
    10500         0    152542    8.1352   685.963         0   6883.68   3812.52   10696.2   259.365  -875.294
    10400         0    152542   8.11227   701.564         0   7466.35   4070.61     11537   258.088  -868.006
    10300         0    152542   8.09771   717.639         0   8072.79   4327.41   12400.2   256.802  -861.275
    10200         0    152542   8.08948   734.688         0   8696.61   4585.02   13281.6   257.611  -855.134
    10100         0    152542    8.0859   750.457         0   9322.25   4840.63   14162.9   255.614  -849.596
    10000         0    152542   8.08558   763.685         0   9970.23   5096.55   15066.8   255.914  -844.655
     9900         0    152542   8.08748   774.503         0   10642.6   5352.76   15995.4   256.213  -840.288
     9800         0    152542    8.0908     783.2         0   11325.4   5608.41   16933.8   255.653  -836.464
     9700         0    152542   8.09497   789.929         0   12025.1    5863.5   17888.6   255.093  -833.143
     9600         0    152542   8.09957   794.841         0   12733.4   6118.04   18851.4   254.532  -830.281
     9500         0    152542   8.10434   798.083         0   13443.6   6372.01   19815.6   253.971  -827.833
     9400         0    152542   8.10909   799.405         0   14140.8    6629.1   20769.9   257.091  -825.754
     9300         0    152542   8.11372   800.969         0   14842.2   6884.78     21727   255.686  -824.002
     9200         0    152542   8.11814   802.751         0   15548.1   7140.37   22688.5   255.582  -822.535
     9100         0    152542   8.12235   804.701         0   16265.5   7394.24   23659.8   253.878  -821.315
     9000         0    152542   8.12632   806.785         0   16988.6   7645.42     24634   251.174  -820.307
     8900         0    152542   8.13007   808.982         0   17704.4   7897.94   25602.3    252.52  -819.481
     8800         0    152542   8.13361   811.329         0   18435.3   8150.33   26585.6   252.391  -818.811
     8700         0    152542   8.13696   813.812         0   19177.2   8402.59   27579.8   252.263  -818.273
     8600         0    152542   8.14013   816.423         0   19927.9      8655   28582.9    252.41  -817.848
     8500         0    152542   8.14315   819.152         0   20676.2   8907.56   29583.7   252.557  -817.516
     8400         0    152542   8.14603    821.79         0     21431   9160.71   30591.7   253.154  -817.265
     8300         0    152542    8.1488   825.403         0   22178.2   9410.86     31589   250.151  -817.081
     8200         0    152542   8.15147   829.891         0   22934.1   9661.59   32595.7   250.724  -816.951
     8100         0    152542   8.15406   835.201         0     23692   9912.88   33604.8   251.296  -816.865
     8000         0    152542   8.15657   841.273         0   24463.4   10164.5   34627.8   251.568  -816.815
     7900         0    152542   8.15902   848.008         0   25231.7   10416.3     35648   251.841  -816.792
     7800         0    152542   8.16141   855.514         0   26008.9   10667.8   36676.7   251.539  -816.789
     7700         0    152542   8.16376   863.704         0   26795.5   10920.1   37715.6   252.236  -816.802
     7600         0    152542   8.16608   872.572         0   27587.7     11172   38759.7   251.934  -816.825
     7500         0    152542   8.16836    882.09         0   28382.8   11423.7   39806.4   251.657  -816.854
     7400         0    152542   8.17062   892.673         0   29184.7     11675   40859.8   251.379  -816.885
     7300         0    152542   8.17286    901.67         0   29994.4   11928.1   41922.6   253.102  -816.915
     7200         0    152542   8.17507   909.229         0   30808.5     12183   42991.4   254.825  -816.946
     7100         0    152542   8.17728   915.494         0   31628.7   12437.1   44065.7   254.123  -816.977
     7000         0    152542   8.17946    920.59         0   32462.4   12686.5   45148.9   249.421  -817.008
     6900         0    152542   8.18164   924.621         0   33300.9   12936.4   46237.3   249.918  -817.042
     6800         0    152542   8.18381   927.703         0   34145.3   13191.1   47336.4   254.716  -817.077
     6700         0    152542   8.18598   929.908         0   34993.3   13445.1   48438.3   253.914  -817.114
     6600         0    152542   8.18814   931.361         0     35843   13696.3   49539.2   251.212  -817.154
     6500         0    152542   8.19029   932.159         0   36697.4   13949.2   50646.6    252.91  -817.195
     6400         0    152542   8.19244   932.222         0   37553.1   14202.2   51755.3   253.008  -817.239
     6300         0    152542   8.19459   932.373         0   38408.8   14456.9   52865.8   254.755  -817.285
     6200         0    152542   8.19673   932.589         0   39257.2   14712.5   53969.8   255.603  -817.333
     6100         0    152542   8.19887   932.901         0   40105.5     14969   55074.5   256.451  -817.381
     6000         0    152542   8.20101    933.32         0   40965.4   15226.3   56191.7   257.299  -817.429
     5900         0    152542   8.20315   933.835         0   41824.2   15481.8     57306   255.497  -817.476
     5800         0    152542   8.20529   934.442         0   42677.6   15739.1   58416.7   257.295  -817.522
     5700         0    152542   8.20743   935.131         0   43541.7   15996.8   59538.5   257.693  -817.566
     5600         0    152542   8.20957   935.897         0   44408.4   16254.7   60663.2    257.94  -817.609
     5500         0    152542   8.21171   936.732         0   45266.3   16512.9   61779.2   258.188   -817.65
     5400         0    152542   8.21385   937.946         0   46126.8   16771.1   62897.9   258.211  -817.688
     5300         0    152542     8.216   937.746         0   46996.1   17029.4   64025.4   258.234  -817.724
     5200   3.88748    152546   8.21816   936.248         0     47853   17290.9   65143.9   261.582  -817.797
     5100   3.19907    152934   8.65671   936.639         0   48725.1   17551.5   66276.5   260.543  -821.067
     5000   3.16851    153254   9.37174   923.407         0     49592   17810.7   67402.7   259.228  -823.011
     4900   3.13848    153571   10.0087   896.619         0   50435.5   18070.7   68506.2   259.991  -824.387
     4800   3.37297    153885   10.5813   860.821         0   51241.1   18330.9   69571.9   260.169  -825.338
     4700   3.15995    154222    11.137   818.729         0   52000.7   18591.2   70591.9   260.363  -826.182
     4600   3.13204    154538   11.6469   772.023         0   52724.5   18849.4   71573.9   258.153  -826.625
     4500   3.11547    154851   12.0979   723.011         0   53403.3   19106.4   72509.7   257.002  -826.913
     4400   3.11125    155162   12.5164   673.335         0   54034.9     19365   73399.9   258.584  -827.106
     4300   2.02183    155472   12.9141   624.312         0   54616.7   19623.6   74240.3   258.586  -827.237
     4200   1.98956    155675   13.1262   577.662         0   55157.9   19882.6   75040.5   259.074  -826.531
     4100    3.1096    155875   13.2129   535.761         0   55662.7   20141.1   75803.8   258.487  -825.983
     4000   3.10056    156186   13.4833   496.942         0   56130.6   20400.9   76531.5   259.817  -826.424
     3900   3.09561    156496   13.8914   458.395         0     56564   20661.9     77226   261.009  -826.783
     3800   3.08021    156805   14.3022   420.199         0   56959.3   20921.1   77880.3   259.148  -827.066
     3700   1.73511    157112   14.7011   382.336         0   57322.7   21179.7   78502.4   258.624  -827.271
     3600   1.68062    157285   14.8645   344.511         0   57649.5     21438   79087.5   258.336  -826.456
     3500   1.63036    157453   14.8698   308.978         0   57944.1   21698.2   79642.3    260.13  -825.811
     3400   1.56957    157616   14.8812   275.628         0   58205.9   21957.3   80163.2   259.119  -825.326
     3300   1.49217    157773   14.9109   244.141         0   58431.5   22216.7   80648.3   259.439  -824.965
     3200    1.4489    157922   14.9521   214.579         0   58633.2   22476.5   81109.7   259.748  -824.692
     3100   1.39502    158067   15.0045   188.676         0   58810.5   22736.1   81546.6   259.645  -824.512
     3000   1.35853    158207    15.067   166.102         0   58970.7   22995.7   81966.3   259.533  -824.397
     2900   1.31428    158342   15.1384   146.355         0   59113.8     23256   82369.8   260.362  -824.343
     2800   1.26988    158474   15.2166   129.002         0   59241.9   23516.1     82758   260.083  -824.328
     2700    3.1011    158603   15.2985   113.548         0   59349.5   23779.7   83129.2   263.602  -824.358
     2600   1.03848    158911   15.6918   97.6279         0   59434.3   24037.9   83472.2   258.208  -825.807
     2500   1.04545    159015    15.956   80.3118         0   59516.5   24299.9   83816.3   261.944  -825.444
     2400  0.994682    159119   15.9747    64.764         0   59587.5   24561.5     84149   261.625  -825.215
     2300   0.91659    159218   15.9813   50.9571         0   59645.2   24822.7   84467.9   261.169  -825.065
     2200  0.791359    159310     15.99   38.7215         0   59686.5   25083.4   84769.8    260.71  -824.959
     2100  0.803949    159389   15.9897   28.4285         0   59726.4   25344.2   85070.6    260.81  -824.852
     2000  0.746064    159469   15.9964   19.8522         0   59759.3   25605.1   85364.4   260.904  -824.846
     1900  0.681258    159544    16.013   12.6464         0   59785.9   25866.6   85652.5    261.52  -824.863
     1800  0.645082    159612   16.0287   6.60753         0   59808.9   26128.2   85937.1   261.638   -824.89
     1700  0.616451    159677    16.045   1.48451         0   59829.5   26390.8   86220.4   262.582  -824.945
     1600  0.509951    159738   16.0655  -3.22234         0   59844.4     26655   86499.5   264.222  -825.027
     1500  0.444607    159789    16.077  -7.58131         0   59856.3   26917.5   86773.8   262.468  -825.069
     1400  0.407257    159833   16.0764  -11.5555         0   59866.5   27178.4   87044.9   260.874  -825.111
     1300  0.186319    159874    16.073  -15.1693  0.557728   59871.1     27440   87311.1   261.663  -825.175
     1200         0    159892   16.0312  -18.0753         0   59879.6   27702.5   87582.1   262.482  -825.113
     1100         0    159892   15.9487  -19.0452         0   59885.2   27965.8     87851   263.261  -824.981
     1000 0.0402208    159892   15.8655  -18.1882   0.99416   59887.4   28229.7   88117.1     263.9  -824.933
      900   0.30982    159897   15.8017  -15.7588  0.196843   59887.5   28493.5     88381   263.848  -824.981
      800  0.423247    159928   15.7959  -12.1741         0   59889.6   28761.1   88650.6   267.524  -825.275
      700  0.588465    159970   15.8533  -7.98102         0   59897.6   29029.3   88926.9   268.213  -825.638
      600  0.440862    160029   15.9585  -3.23234         0   59899.6   29294.5   89194.1   265.217  -826.083
      500  0.541548    160073   16.0567   1.88108         0     59905   29559.1     89464   264.586  -826.348
      400  0.287568    160127   16.1484   7.52963  0.260543   59907.9   29825.7   89733.5   266.579  -826.654
      300  0.692047    160156    16.198   13.7849         0   59920.1   30087.2   90007.3   261.529  -826.721
      200  0.675953    160225   16.2826   20.9374         0   59930.5   30348.2   90278.7    261.01  -827.097
      100  0.907877    160293   16.4142   29.2861         0   59960.8   30613.2   90574.1   265.041  -827.388
        0  0.999962    160384   16.5795   38.5339         0   60009.8   30897.2     90907   283.978  -827.789