     20000          0          0    179.437    415.631          0     17.399    14.2831    31.6821    14.2831    51.8335
     19900          0          0    179.437     414.68          0    28.2794    29.7361    58.0155    15.4531    51.7019
     19800          0          0    179.437    414.027          0    44.2322    46.3592    90.5914    16.6231    51.5706
     19700          0          0    179.437    413.765          0    53.1473    60.5222     113.67    14.1631    51.4563
     19600     0.2757     0.2757    179.437    413.802          0    62.7692    72.5052    135.274     11.983    51.3006
     19500          0      27.57    179.924    411.287          0    65.5624    81.5317    147.094    9.02648    44.8377
     19400          0      27.57    180.504    407.868          0    78.2349    92.5473    170.782    11.0156     46.112
     19300          0      27.57    180.784    404.962          0    89.5727    103.313    192.886    10.7661    46.9003
     19200          0      27.57    180.923    402.173          0    92.5999     113.97     206.57    10.6568    47.3337
     19100          0      27.57    180.988    401.175          0    94.2248    124.072    218.297    10.1021    47.5184
     19000  0.0976799    27.6677    181.009    401.261          0    95.2636    134.964    230.227    10.8913    47.5655
     18900          0     37.338    181.176    399.308          0    95.5551    146.498    242.053    11.5345    45.3017
     18800          0     37.338     181.36     396.43          0    107.365    155.109    262.474     8.6105    45.6638
     18700          0     37.338    181.426    394.493          0    130.852    164.952    295.804    9.84384    45.7545
     18600          0     37.338    181.437    393.005          0    167.657    177.415    345.072     12.463    45.6745
     18500          0     37.338    181.418    391.606          0     211.99    184.117    396.107    6.70169     45.475
     18400          0     37.338    181.383    390.289          0    223.051    190.404    413.455    6.28694    45.1846
     18300          0     37.338    181.339    387.214          0    224.535    197.085    421.621    6.68141    44.7956
     18200          0     37.338    181.289    383.051          0    251.784    203.816      455.6    6.73058    44.2387
     18100          0     37.338    181.238    379.512          0    303.032    210.071    513.103    6.25495    43.5093
     18000          0     37.338    181.187    376.208          0    349.685    216.937    566.622    6.86602    42.6572
     17900          0     37.338    181.137    375.289          0    388.936     225.27    614.205    8.33264    41.7412
     17800          0     37.338    181.089    375.841          0    426.235     234.51    660.745    9.24078    40.8834
     17700          0     37.338    181.043    373.979          0    463.045    243.187    706.232    8.67668    40.0874
     17600          0     37.338        181    370.799          0    488.927    255.912    744.839    12.7252    39.2302
     17500   0.315486    37.6534    180.959      370.9          0    498.747    268.338    767.085    12.4261    38.2469
     17400   0.256622    69.1432    183.965    402.568          0    525.805    276.156    801.961     7.8178    29.1467
     17300   0.246814    94.7955    185.529    411.724  0.0121401    552.889     283.35     836.24    7.19425    24.3821
     17200   0.300138     119.53    186.915    416.908          0    586.867     293.52    880.387      10.17    21.0865
     17100   0.294474    149.538    188.469    419.638          0    639.355    303.682    943.037    10.1614    17.3581
     17000   0.316848    179.008    190.281    420.654          0    687.269    315.501    1002.77    11.8191      14.52
     16900   0.302745    210.679    192.343    415.658          0    726.397    326.783    1053.18    11.2824    11.6178
     16800   0.286357    240.937    194.613    406.543          0     763.61     337.36    1100.97    10.5771    9.18831
     16700   0.287506    269.574    197.022    396.104          0    800.985    348.229    1149.21    10.8683    6.99991
     16600   0.326797    298.364    199.538    384.485          0     834.44     361.84    1196.28    13.6116    4.51791
     16500   0.184362    330.901    202.199    383.626   0.242739    870.905    367.995     1238.9    6.15453    1.11226
     16400   0.309385    349.462    204.799    390.214   0.150195    920.429    377.163    1297.59    9.16853    1.47468
     16300    0.15727    380.249    207.368    393.712     0.3643    978.441    382.311    1360.75    5.14778  -0.763604
     16200   0.280133    396.099    209.862    395.801          0    1040.32    391.894    1432.22    9.58338   0.865423
     16100   0.283185    424.115    212.376    386.023          0    1097.21    403.256    1500.46    11.3618  -0.675717
     16000   0.231372    452.382    215.075    368.035          0    1142.48    411.885    1554.36    8.62823   -2.69855
     15900   0.172957    475.461    217.839    358.171   0.253663    1181.34    417.898    1599.24    6.01319   -4.09631
     15800  0.0639872    492.647    220.497    353.444    1.52499    1222.05    419.761    1641.81    1.86332    -4.4457
     15700   0.100573    499.083    222.829    350.243    1.78928    1262.59    420.442    1683.03   0.680573   -2.68672
     15600   0.216329    509.256    224.788    348.306    1.99195    1303.93    422.469     1726.4   -2.02784   -2.37027
     15500   0.172737    530.845    226.371    345.644          2    1344.64    425.311    1769.95   -2.84114    -4.8346
     15400   0.184495     548.13     227.66    342.679          2    1389.68    428.966    1818.64   -3.65527   -6.01964
     15300   0.135622    566.531    228.774    341.437          2    1442.44    430.423    1872.86   -1.45716   -7.38472
     15200   0.141696    580.099    229.799    341.465          2    1496.01    432.149    1928.16   -1.72574   -7.49819
     15100   0.148285    594.275    230.786    347.987          2    1558.65    434.161    1992.81   -2.01222    -7.6713
     15000   0.157319    609.113    231.731    359.111          2    1635.71    436.589     2072.3   -2.42827   -7.53072
     14900    0.30312    624.991    232.633    367.948    1.94596    1724.12    440.576    2164.69   -3.98659    -7.0547
     14800   0.184899    655.184    233.394    375.416          2    1824.47    444.691    2269.16   -4.11521   -9.29452
     14700   0.144257    673.634    234.001    367.203    0.36017    1918.67    449.698    2368.37   -5.00651   -8.23737
     14600   0.287107    688.202    225.153    297.778          0    1971.42    460.384     2431.8    10.6867    -7.7996
     14500    0.29382     716.92    222.757    270.433          0     2007.3    476.975    2484.27    16.5907   -14.9519
     14400   0.290355    746.298    223.614    253.167          0    2034.87    494.715    2529.59    17.7395    -22.737
     14300   0.241544    775.285    225.714    237.945          0    2058.53    508.151    2566.68    13.4363   -29.8916
     14200   0.204099    799.402    228.168    224.766          0    2074.44    518.535    2592.98    10.3843   -35.2957
     14100   0.167858    819.776    230.604    217.312   0.171941    2088.88    526.264    2615.14    7.72915   -39.3339
     14000          0    836.393    232.851    213.529          0    2093.31    530.398     2623.7    4.13353   -42.0096
     13900  0.0993271    836.493    234.658    208.135          0    2094.49     536.31     2630.8    5.91239   -40.9239
     13800  0.0603598    846.387    236.255    201.886   0.775208    2101.67     538.57    2640.24    2.25988   -42.4319
     13700          0    852.362    237.729    197.291          0     2110.7    542.191    2652.89    3.62054   -43.1207
     13600  0.0747031    852.437    238.985    193.781   0.743027    2112.59    544.411       2657     2.2201   -42.7176
     13500    0.14299    859.975    240.146    196.889          2    2114.94    548.727    2663.67   -4.31647   -44.0897
     13400          0    874.131    241.042    203.947          0    2116.09    550.729    2666.82   -2.00193    -46.285
     13300   0.595797    874.727    241.812    200.869     1.8364    2117.95    555.682    2673.64   -4.95246   -45.0143
     13200   0.198394     933.91    245.045    221.685          2    2133.29    560.812     2694.1   -5.13039   -56.5916
     13100   0.261661    953.812    246.614    227.768          2    2154.11    571.561    2725.67   -10.7494   -56.6988
     13000   0.238435    979.955     247.64    233.215          2    2166.45    580.715    2747.16   -9.15392   -57.6293
     12900   0.238073     1003.8    248.194    239.088          2    2193.52    590.202    2783.72   -9.48634   -57.5932
     12800   0.210317    1027.58    248.327    245.114          2    2228.49    597.647    2826.14    -7.4454   -57.2866
     12700   0.249705    1048.65     248.33    247.091          2    2257.86    603.375    2861.23   -5.72799   -56.3334
     12600   0.145304    1073.52    248.411    246.092          2    2268.16    606.636    2874.79   -3.26116   -56.4431
     12500   0.111539    1088.01     248.59    245.712    1.99473    2280.74    608.238    2888.98   -1.60214   -54.6219
     12400   0.342428     1099.4    248.934    245.576    1.63017    2291.08    611.072    2902.16   -2.83383   -52.7501
     12300   0.136237    1133.43    249.346    243.889          2    2312.04    613.632    2925.68   -2.56015   -56.1372
     12200  0.0850702    1147.01    249.803    241.261    1.77811    2347.16    614.133    2961.29  -0.500741   -54.9457
     12100   0.110523    1155.54    250.399     240.36   0.676167    2391.22    616.176     3007.4    2.04339   -53.3104
     12000   0.115381     1166.6    251.252    240.476          2    2444.17    617.331     3061.5   -1.15471   -52.7905
     11900  0.0973331    1178.12     252.21    241.596   0.569329    2502.18    619.676    3121.85    2.34443   -52.6725
     11800  0.0600155    1187.81    253.285    243.465   0.782585    2566.54    621.431    3187.97    1.75513   -52.3197
     11700    0.26458    1194.02     254.54    253.115          0     2643.9    623.473    3267.37    2.04185   -51.2633
     11600   0.300668    1220.51    242.686    227.112          0     2701.9    638.151    3340.05    14.6781   -54.4628
     11500   0.354942    1250.63    239.471     208.49          0    2750.95    664.446     3415.4    26.2955   -60.0698
     11400   0.587792    1286.36    240.247    183.379          0    2787.38    692.151    3479.53    27.7051   -67.3651
     11300   0.301162    1344.85     243.06    170.272          0    2815.54    714.569    3530.11    22.4179   -78.8577
     11200   0.267527    1374.93    246.443     164.39          0    2837.29    732.976    3570.27    18.4069    -82.874
     11100          0    1401.42    249.607    155.248          0    2837.35    748.269    3585.62    15.2926   -85.7703
     11000          0    1401.42    252.129     145.06          0    2846.89     760.94    3607.83    12.6711   -83.5358
     10900          0    1401.42    254.002    139.309          0    2847.45    774.538    3621.99    13.5983    -82.392
     10800   0.192808    1401.61    255.564    136.022          0    2858.39    784.524    3642.91    9.98641   -81.9099
     10700   0.175346    1420.88    257.318    131.541 0.00764327    2867.27    793.432     3660.7    8.90738   -85.5462
     10600   0.161871     1438.4    259.353    126.478   0.162881    2871.33    800.979    3672.31    7.54736   -88.3639
     10500    0.13502    1454.56    261.398    123.143   0.252117    2874.52    807.081     3681.6    6.10232   -90.6574
     10400  0.0719898       1468    263.314    120.883   0.658815     2876.5    809.968    3686.47    2.88635   -92.2234
     10300  0.0702329    1475.19    264.969    119.361    1.73453    2884.67    810.037    3694.71 -0.0689613   -92.5208
     10200   0.074916    1482.22    266.265    117.872    1.78265    2891.67    810.602    3702.27  -0.565097   -92.9766
     10100   0.145632    1489.78    267.278    115.413          2    2901.06     814.18    3715.25   -3.57844   -93.7124
     10000   0.142515    1504.34    268.008    112.573          2     2904.2    818.188    3722.38   -4.00757   -95.9349
      9900   0.122189    1518.58    268.495    109.556          2    2911.62    822.383       3734   -4.19535   -97.9058
      9800   0.132272     1530.8    268.876    106.454          2     2917.7    827.515    3745.22   -5.13186   -99.3995
      9700   0.140617    1544.04    269.184    103.266          2    2930.71    833.512    3764.22    -5.9969   -101.128
      9600   0.147552    1558.11    269.408    99.9951          2    2944.12    840.289    3784.41   -6.77686    -103.02
      9500    0.15346    1572.87    269.547     96.653          2    2952.97    847.761    3800.73   -7.47235   -105.024
      9400          0    1588.06    269.611    94.0726          0    2961.16    852.172    3813.33   -4.41087   -107.061
      9300          0    1588.06    269.827    92.1555          0    2968.56    858.199    3826.76   -6.02651    -106.16
      9200          0    1588.06    270.252    90.5891          0     2974.8     864.75    3839.55   -6.55151   -105.859
      9100   0.167401    1588.23    270.768     89.209          2    2976.75    873.518    3850.27   -8.76795   -106.019
      9000   0.190053    1604.99    271.097    87.7334          2    2980.75    885.315    3866.06   -11.7968   -109.603
      8900   0.150624    1623.96    271.143    86.2377          2    2987.68    895.807    3883.49   -10.4925   -113.043
      8800   0.178289    1639.05    271.085     84.856          2    2992.05    906.367    3898.42     -10.56   -115.254
      8700   0.177685    1656.88    270.972    83.5387          2    3003.71    916.939    3920.65   -10.5718   -117.776
      8600   0.174533    1674.64    270.797    82.2886          2    3020.33    927.186    3947.52   -10.2468   -120.008
      8500   0.171288    1692.09     270.59    81.1174          2    3030.55    937.076    3967.62    -9.8899   -121.973
      8400   0.164046    1709.21    270.368    80.4639          2    3044.04    946.144    3990.19   -9.06804    -123.72
      8300   0.187185    1725.64    270.147    80.1603          2    3045.94    957.991    4003.93   -11.8467   -125.204
      8200   0.180392    1744.35    269.899    80.0632          2    3052.07    969.015    4021.08   -11.0242   -127.009
      8100   0.173425    1762.39    269.627    80.1631          2    3054.89    979.191    4034.08   -10.1767   -128.491
      8000   0.168984    1779.72     269.36    80.4402          2    3065.47    988.826     4054.3   -9.63481   -129.707
      7900   0.164602    1796.62    269.109    80.9433          2     3066.7    997.935    4064.63     -9.109   -130.743
      7800   0.165457    1813.08    268.877    81.6301          2    3070.04    1007.11    4077.15   -9.17671   -131.621
      7700    0.15733    1829.62    268.657    82.4791          2    3075.45    1015.37    4090.82   -8.25749   -132.445
      7600   0.220285    1845.41    268.456    83.5073          2    3078.58    1023.73    4102.31   -8.35619   -133.057
      7500   0.183298     1867.4    268.187    84.5952          2    3081.04    1032.09    4113.13   -8.36229   -134.735
      7400          0    1885.55    267.878    84.7496          0       3087    1040.42    4127.42   -8.32791   -135.399
      7300   0.152161     1885.7    267.837     84.627          2    3094.32    1046.98     4141.3   -6.56241   -132.788
      7200          0    1900.77    267.897     84.138          0    3105.38    1051.88    4157.26   -4.89721   -133.645
      7100          0    1900.77     268.07    83.5787          0    3117.11    1057.65    4174.75   -5.76959   -131.692
      7000          0    1900.77    268.453    82.9509          0    3121.05     1068.5    4189.55   -10.8526   -130.336
      6900          0    1900.77    268.942    82.2219          0    3124.89    1079.34    4204.23   -10.8418   -129.425
      6800          0    1900.77    269.491    81.3986          0    3126.83    1085.93    4212.76   -6.59056   -128.845
      6700          0    1900.77    270.074     80.502          0    3128.26     1093.9    4222.17   -7.97405   -128.513
      6600   0.176574    1900.94    270.675    79.5617          2    3130.35    1105.18    4235.53   -11.2747   -128.406
      6500          0    1918.42    271.039    78.3349          0    3130.94    1115.12    4246.05   -9.93914    -131.62
      6400   0.342141    1918.77     271.36    77.5065          2    3131.99    1125.28    4257.27   -10.1597   -131.031
      6300          0    1952.64    271.359    76.4731          0     3132.2    1133.69    4265.89   -8.40911   -136.833
      6200   0.156029    1952.79    271.336    75.7954          2    3140.59    1141.22    4281.82   -7.53586   -135.204
      6100          0    1968.24    271.418    75.1883          0    3150.05    1147.99    4298.04   -6.76843   -136.892
      6000   0.138834    1968.38    271.603    74.7896          2    3151.43    1154.09    4305.52   -6.10259   -135.512
      5900          0    1982.12    271.796     74.352          0    3152.12    1162.19    4314.31   -8.09552   -137.062
      5800          0    1982.12    272.046    74.0696          0    3159.08    1168.73    4327.81   -6.54557   -135.835
      5700   0.144509    1982.27    272.461    73.8966          2    3161.93     1175.3    4337.22   -6.56116   -135.031
      5600   0.142864    1996.72    272.756    73.5695          2    3166.35     1181.9    4348.26   -6.60604    -137.12
      5500          0    2010.86    272.857    73.1787          0    3172.09    1188.36    4360.44    -6.4566   -138.718
      5400          0    2010.86    273.065    72.2439          0    3177.22       1195    4372.22   -6.64007   -137.454
      5300   0.148285    2011.01    273.462    70.9605          2    3179.66    1202.01    4381.67   -7.01234   -136.666
      5200          0    2025.69    273.741    69.2554          0     3189.7    1205.95    4395.65   -3.94137   -138.872
      5100   0.142288    2025.83    274.023    67.5024          2    3192.62    1210.78     4403.4   -4.82272   -138.062
      5000   0.131464    2040.05    274.253    65.4987          2    3201.66    1216.43    4418.09   -5.65349   -140.204
      4900   0.138345     2053.2     274.33    63.3472          2    3211.91    1220.76    4432.67   -4.32968   -141.832
      4800   0.137247    2067.04    274.331     61.102    1.92196    3217.73    1224.34    4442.07   -3.58133   -143.414
      4700          0    2080.62    274.305    58.7916          0    3218.06    1227.14    4445.21    -2.8049   -144.812
      4600   0.120337    2080.74    274.447    56.6354          2    3226.53    1231.79    4458.32   -4.64655   -143.706
      4500    0.12877    2092.79    274.621    54.3624          2    3236.66    1237.31    4473.98   -5.52119   -145.295
      4400    0.10467    2105.64    274.679    52.3554          2    3247.26    1240.89    4488.15   -3.57886   -146.909
      4300  0.0995935     2116.1    274.707    50.5517          2    3255.32     1244.1    4499.41   -3.20701   -147.959
      4200  0.0899876    2126.05     274.75    48.8649          2    3267.72    1246.65    4514.37   -2.55035   -148.925
      4100   0.130972    2135.09    274.817    47.2761    1.87156    3284.04    1249.77    4533.81   -3.11714   -149.754
      4000  0.0729502    2148.13    274.874     45.686    1.83165    3300.63    1251.34    4551.97   -1.57443   -151.358
      3900  0.0350843    2155.39    274.979    44.1767    1.42729     3319.9    1251.42    4571.32 -0.0787936   -151.797
      3800  0.0798389    2158.94    275.223    42.7667    1.90714    3337.67    1253.19    4590.87   -1.77321    -151.73
      3700   0.117589    2166.96    275.498    40.7476    1.75382    3359.55    1255.37    4614.92   -2.17331   -152.742
      3600  0.0900412    2178.69    275.714    37.0849          2    3378.88    1257.88    4636.76   -2.51355   -154.498
      3500  0.0591631    2187.67    275.881    32.7501    1.69548    3397.29    1258.76    4656.05  -0.880843    -155.74
      3400  0.0835263    2193.61    276.091    28.2206    1.96561    3411.66    1260.85    4672.51   -2.09132   -156.596
      3300  0.0805361    2201.96    276.314    23.4362    1.93768     3416.6    1262.82    4679.41    -1.9641   -158.161
      3200  0.0954235    2210.03    276.505    18.9919    1.76749     3422.7    1264.62    4687.33   -1.80535   -159.811
      3100  0.0812718    2219.55    276.692    15.8712    1.95213    3427.13    1266.66    4693.79   -2.04235   -161.798
      3000  0.0844322    2227.68    276.867    13.2395    1.98984    3434.48    1268.93    4703.41   -2.26691   -163.496
      2900    0.07095    2236.11    277.013    10.9543    1.84176    3442.19    1270.44    4712.63   -1.51253   -165.257
      2800  0.0776803    2243.22    277.169    8.92713    1.91891     3450.2    1272.31    4722.51   -1.86856   -166.766
      2700  0.0395518    2250.95    277.333    6.89837   0.246403    3451.15    1273.88    4725.02    1.56677   -168.418
      2600          0    2254.86    277.644    4.56572          0    3459.41    1277.62    4737.03   -3.74364   -169.409
      2500  0.0440134     2254.9    278.075     2.2024    1.54496    3463.54     1277.8    4741.33  -0.174728   -169.905
      2400  0.0615641    2259.32    278.492  -0.215158    1.74442    3469.62    1278.69     4748.3  -0.891539   -171.472
      2300  0.0807657     2265.5    278.851   -2.70559    1.86512    3473.65    1280.39    4754.03   -1.70135   -173.387
      2200          0     2273.5    279.126   -5.09844          0    3476.25    1282.81    4759.07   -2.42581   -175.579
      2100    0.10507     2273.6    279.427   -6.98839    1.94765    3480.78    1285.44    4766.22   -2.62692    -176.27
      2000   0.090258    2284.09    279.667   -8.79284          2    3485.08    1288.21    4773.29   -2.76714   -179.004
      1900  0.0817295    2293.11    279.787   -10.5016    1.98428    3488.46    1290.46    4778.92   -2.25416   -181.197
      1800   0.124072    2301.32    279.871   -12.0964    1.69118    3492.74    1292.67     4785.4   -2.20442   -183.098
      1700  0.0647697    2313.67    279.946   -13.7594    1.79426    3498.17    1293.99    4792.16   -1.31901   -185.627
      1600  0.0270435    2320.11    280.055   -15.5651    1.14817    3500.72    1294.22    4794.94   0.232008   -186.906
      1500  0.0749059    2322.86    280.279    -17.343    1.91376    3502.83    1295.95    4798.78   -1.73372    -187.63
      1400   0.100219    2330.38     280.51   -19.1878          2    3505.38    1299.51    4804.89   -3.55998   -189.386
      1300   0.101629     2340.4    280.631   -21.1046    1.99124     3506.7    1302.41    4809.11   -2.89478   -191.524
      1200          0    2350.46    280.666   -22.7624          0     3519.9    1304.56    4824.46   -2.15233   -193.523
      1100          0    2350.46    280.799    -23.531          0       3530    1306.15    4836.15   -1.58903    -193.66
      1000          0    2350.46    281.079   -23.9061          0    3537.91    1307.46    4845.37   -1.31432   -194.068
       900  0.0872356    2350.55     281.43    -23.913     1.8387    3546.13    1309.24    4855.37   -1.77971   -194.659
       800          0    2359.19    281.717   -23.7633          0     3555.6    1310.85    4866.45    1.60316   -196.796
       700          0    2359.19    282.003   -23.2437          0    3562.83    1312.91    4875.73    2.06382   -197.137
       600          0    2359.19     282.36   -22.2126          0    3579.84    1314.09    4893.93   -1.18483   -197.559
       500  0.0932749    2359.28    282.749   -20.8944    1.89377    3597.24     1316.2    4913.44   -2.10694   -198.016
       400          0    2368.52    283.039    -19.385          0    3627.08    1316.51    4943.59  -0.311162   -200.004
       300          0    2368.52    283.309   -17.5659          0    3646.18    1322.09    4968.27   -5.58273   -199.979
       200          0    2368.52     283.65   -15.2211          0       3672    1328.45    5000.45   -6.35762   -199.974
       100          0    2368.52    284.019   -11.9581          0    3682.89    1331.02     5013.9   -2.56344   -199.913
         0   0.234403    2368.75    284.397   -8.20324          0    3685.11    1347.18    5032.29    16.1608   -199.785