     20000          0          0    179.437    388.257          0    44.7726    14.2831    59.0557    14.2831    31.7119
     19900   0.251035   0.251035    179.437    387.324          0    83.0084     29.736    112.744     15.453    31.5164
     19800          0    25.1035     179.88    386.017          0    126.971    45.9161    172.887      16.18    25.6756
     19700   0.249671    25.3531    180.409    385.237          0    164.414    59.1073    223.521    13.1912    26.7745
     19600          0    50.0706    181.105    384.348          0    184.246    69.4223    253.668     10.315    21.9889
     19500          0    50.0706    181.761    381.937          0    216.389    76.6117    293.001    7.18939    23.8689
     19400          0    50.0706    182.076    378.806          0    258.123    86.0559    344.179     9.4442    25.1624
     19300          0    50.0706    182.225    376.035          0    298.388    95.3808    393.769    9.32497    25.9892
     19200          0    50.0706    182.283    373.368          0     330.22    104.678    434.898    9.29693    26.4653
     19100          0    50.0706    182.287    372.445          0    360.576    113.481    474.056    8.80294    26.6924
     19000          0    50.0706    182.258    372.577          0    390.299    123.123    513.422     9.6422    26.8046
     18900          0    50.0706    182.208    370.963          0    418.936    133.625     552.56    10.5019    26.8371
     18800          0    50.0706    182.146    368.381          0    458.795    141.449    600.244    7.82373    26.7254
     18700          0    50.0706    182.078    366.617          0    510.159    150.641    660.799    9.19232    26.4764
     18600          0    50.0706    182.006    365.251          0    574.717    162.535    737.252    11.8942      26.15
     18500          0    50.0706    181.933    363.945          0    646.712    168.722    815.434      6.187     25.771
     18400   0.141749    50.2123    181.861    362.699          0    685.363    174.531    859.894     5.8093    25.3127
     18300          0    64.2454    182.041     359.35          0    711.743     180.51    892.253    5.97874     21.623
     18200          0    64.2454    182.274    355.009          0    767.034    186.256    953.291    5.74634    21.7195
     18100          0    64.2454    182.353    351.415          0    846.379    191.396    1037.78    5.13998    21.4724
     18000          0    64.2454    182.364    348.102          0    921.137    197.086    1118.22     5.6896    20.9832
     17900          0    64.2454    182.339    347.156          0     988.52    204.217    1192.74    7.13121    20.3437
     17800          0    64.2454    182.294    347.674          0    1053.99    212.253    1266.24    8.03554    19.6976
     17700          0    64.2454    182.239    345.844          0    1118.93    219.733    1338.67    7.48073    19.0652
     17600          0    64.2454    182.178    342.731          0    1172.88     231.28    1404.16    11.5467    18.3376
     17500          0    64.2454    182.115    342.838          0    1210.76    242.551    1453.31    11.2703    17.5423
     17400   0.277352    64.5228    184.737      374.4          0    1211.87    249.596    1461.47    7.04527    15.8746
     17300   0.272502    92.2531    185.811    383.835 0.00489048    1212.68    256.508    1469.19    6.91241    9.30569
     17200   0.333531    119.564    186.946    389.143          0    1218.89    266.647    1485.54    10.1392     4.5246
     17100   0.327449    152.911    188.396     391.93          0    1243.67    276.881    1520.55    10.2341  -0.505611
     17000    0.37705    185.706    190.199    392.947          0    1263.88    288.782    1552.66    11.9006   -4.35982
     16900   0.332297    223.366    192.344    387.956          0     1275.3    300.063    1575.37    11.2812   -8.64656
     16800          0    256.263    194.745    378.887          0    1284.86    310.508    1595.37    10.4448   -11.4302
     16700   0.145628    256.409    196.928    369.028          0    1295.16     321.47    1616.63    10.9622   -7.00425
     16600   0.413377     271.24    198.893    358.228          0    1302.36    335.728    1638.08    14.2573   -7.40944
     16500    0.23437    312.398    201.196     357.67   0.106347    1312.87    342.885    1655.75    7.15719   -14.1095
     16400   0.332407    335.933    203.727    364.202          0    1336.38    353.125     1689.5    10.2403   -15.5513
     16300   0.201013    369.043    206.374    367.628   0.240894    1368.31    359.267    1727.57     6.1417    -18.604
     16200   0.299125    389.242    209.024    369.588          0    1403.97    369.687    1773.66    10.4206   -18.1394
     16100   0.322435    419.178    211.703    359.869          0     1434.7    381.722    1816.43    12.0345   -20.0378
     16000   0.262985    451.362    214.572     342.06          0       1454    390.853    1844.86    9.13159   -22.7762
     15900   0.195567    477.593    217.521    332.207   0.226124     1466.9    397.185    1864.09    6.33138   -24.5953
     15800   0.069972    497.024    220.357    327.399    1.52893    1481.56    399.188    1880.75    2.00347   -25.1177
     15700   0.113482    504.065    222.826    324.122    1.81941    1495.98    399.872    1895.85   0.683643   -23.2025
     15600   0.182115    515.482    224.865     322.11          2    1511.13    401.977    1913.11   -2.10508   -22.8861
     15500   0.431164    533.943    226.523    319.455    1.72629    1525.65     404.97    1930.62   -2.99334   -24.3566
     15400   0.202986    576.831    227.793    316.208          2    1544.22    408.758    1952.97   -3.78781   -30.9763
     15300   0.147675    597.074    228.812    314.716          2    1570.25    410.253     1980.5   -1.49527   -31.5016
     15200   0.152683    611.847    229.761    314.603          2    1596.96    411.941     2008.9    -1.6877    -30.867
     15100   0.158585    627.121    230.684    320.907          2    1632.52    413.852    2046.37   -1.91096   -30.4494
     15000   0.167483    642.988    231.575    331.756          2    1682.23    416.124    2098.35     -2.272    -29.854
     14900   0.200916     659.77    232.427    340.384          2    1743.07    419.904    2162.97   -3.78039   -29.0109
     14800   0.200399    679.861    233.217    347.811          2    1815.82    423.843    2239.66   -3.93826   -28.5583
     14700          0    699.701    233.881    339.818          0    1882.63    428.729    2311.36    -4.8867   -27.9095
     14600   0.303405    700.004    224.904    272.093          0    1909.69    439.666    2349.36    10.9362    -24.495
     14500          0    730.041    222.361    245.477          0    1920.62    456.652    2377.27    16.9864   -32.4774
     14400          0    730.041    222.649    229.258          0    1924.28    475.357    2399.64    18.7047   -34.4405
     14300          0    730.041    223.607    215.432          0    1925.43    490.899    2416.33    15.5427   -37.1736
     14200          0    730.041    224.758    203.632          0    1930.65    504.694    2435.35    13.7948   -40.1051
     14100          0    730.041    225.925     197.38          0    1936.15    517.103    2453.25    12.4085   -42.8998
     14000          0    730.041    227.053    194.604          0    1950.64    527.035    2477.68    9.93198   -45.2788
     13900   0.164316    730.205    228.139     189.79          0    1970.17    539.465    2509.63    12.4307    -47.283
     13800          0    746.473    229.489    183.711          0    1981.16    548.492    2529.65    9.02649   -52.3877
     13700          0    746.473    230.843    179.294          0    2008.18    558.999    2567.18     10.507   -53.2698
     13600          0    746.473    231.974    175.888          0    2027.97    568.229    2596.19    9.23057   -54.2159
     13500          0    746.473    232.999    179.115          0    2048.09    571.061    2619.15    2.83109   -55.0734
     13400          0    746.473     233.96    186.386          0     2066.8     576.14    2642.94    5.07982   -55.5223
     13300   0.110319    746.583    234.877    183.427    1.90066    2086.11    578.123    2664.23    1.98285   -55.6963
     13200  0.0730234    757.578    238.401    204.437    1.61537    2088.02    579.637    2667.66    1.51378   -58.2948
     13100   0.213864    765.021    240.544    210.932          2       2092    584.316    2676.32   -4.67925   -58.6716
     13000   0.240055    786.433    242.088    216.556          2    2096.32    587.918    2684.24   -3.60205   -61.3902
     12900    0.18886    810.388    243.023    222.456          2    2106.76    592.234       2699   -4.31596   -63.6904
     12800   0.149492    829.234    243.469    228.472          2    2125.09    594.821    2719.92    -2.5867     -64.13
     12700   0.114659    844.149     243.78    230.485    1.92639    2137.85    595.999    2733.85   -1.17779    -63.468
     12600          0      855.5    244.243     229.63          0    2144.02    596.906    2740.93   0.907172   -62.2675
     12500          0      855.5    244.902    229.438          0    2147.71    598.991     2746.7    2.08537    -59.153
     12400          0      855.5    245.754    229.466          0    2153.47    599.337    2752.81   0.345773   -56.8523
     12300   0.118107    855.618    246.736    228.197    1.60382    2158.74    599.388    2758.13  0.0504819   -55.2494
     12200  0.0623637    867.373    247.761    225.817   0.803949    2178.41    600.929    2779.34    1.54179   -56.6779
     12100   0.145625    873.692    248.863    224.949   0.372061    2207.06    604.508    2811.57    3.57882    -56.949
     12000   0.106557    888.216    250.183    224.942    1.86629    2244.48    604.594    2849.07 -0.0855953   -59.0815
     11900     0.1232    898.888    251.528    225.889    0.48456    2286.78     607.62     2894.4     3.0262   -60.1279
     11800    1024.72    1935.81    252.772    227.441          2    2335.11    609.888       2945    2.26826   -251.838
     11700    1.15098     103384    76.5747    175.063          0     2335.8    789.896     3125.7    180.007   -957.623
     11600    2.01349     103500    22.9702     199.37          0    2366.06    1024.29    3390.35    234.394   -944.875
     11500          0     103700    14.0327     230.16          0    2436.78    1276.02     3712.8    251.734    -934.59
     11400          0     103700    10.9471    263.633          0    2553.46    1533.03    4086.49    257.005   -924.618
     11300          0     103700    9.65464    295.925          0    2707.28    1788.85    4496.13    255.823   -914.454
     11200    6.35826     103706    9.09063     339.67          0    2904.31    2044.61    4948.92    255.759   -903.946
     11100          0     104335    9.31007    397.323          0    3146.44     2300.2    5446.64     255.59   -894.697
     11000          0     104335    9.76855    434.347          0    3426.18    2555.23    5981.42    255.031   -883.616
     10900          0     104335    9.84124     454.36          0    3740.67    2812.99    6553.66    257.759   -872.343
     10800          0     104335    9.85769    473.659          0    4089.25    3068.68    7157.93    255.692   -861.118
     10700          0     104335    9.88063     492.46          0    4459.05    3325.03    7784.08    256.344   -850.156
     10600          0     104335    9.91236    507.027          0    4843.66    3582.01    8425.68    256.988    -839.63
     10500          0     104335    9.94884    517.994          0     5241.7    3839.57    9081.27    257.551   -829.685
     10400          0     104335    9.98676    528.848          0    5651.65    4095.78    9747.43    256.213   -820.427
     10300    3.42834     104339     10.024    539.579          0    6080.04    4350.66    10430.7    254.876   -811.957
     10200    3.32279     104682    10.4851    551.285          0    6520.45    4605.87    11126.3    255.215    -807.34
     10100    3.68778     105014    11.3278    551.722          0    6947.36    4858.24    11805.6    252.372   -803.099
     10000    3.31224     105383    12.2397    538.353          0    7370.01       5110      12480     251.76    -799.59
      9900     3.2507     105714    13.0973    513.769          0    7781.64    5361.21    13142.8    251.203   -796.023
      9800    1.86261     106038    13.8482    482.116          0    8163.39     5611.1    13774.5    249.896    -792.76
      9700    1.82051     106224    14.2923    447.669          0     8520.8       5860    14380.8    248.895   -788.429
      9600    3.16729     106407    14.5118    414.793          0    8849.01    6108.12    14957.1    248.119   -784.711
      9500    1.67599     106722    14.9557     382.13          0    9143.33    6355.23    15498.6    247.119   -783.101
      9400    1.57396     106890     15.298    349.671          0    9390.74    6605.14    15995.9    249.902   -780.029
      9300    1.52168     107047    15.4239    321.205          0    9612.39    6853.51    16465.9    248.376   -777.371
      9200    1.47396     107199    15.5247    296.459          0    9812.01    7101.69    16913.7    248.175   -775.141
      9100    1.45286     107347    15.6299    274.805          0    9999.55    7348.06    17347.6     246.37   -773.281
      9000    1.41502     107492    15.7461    255.714          0    10171.5    7591.61    17763.1    243.554   -771.759
      8900    1.33042     107633     15.872    238.757          0    10317.1    7836.39    18153.5    244.778   -770.495
      8800    1.33458     107766    15.9939    223.654          0    10460.3    8080.92    18541.2    244.531   -769.383
      8700    1.32948     107900     16.121    210.162          0    10598.6     8325.2    18923.8    244.279   -768.511
      8600    1.30861     108033    16.2621    197.942          0    10730.8    8569.49    19300.3    244.288   -767.824
      8500    1.24744     108164    16.4114    186.745          0    10846.7    8813.78    19660.5    244.289   -767.266
      8400    1.23109     108288    16.5565    176.934          0    10956.7    9058.52    20015.2    244.743   -766.761
      8300    1.14329     108411    16.6997    168.623          0      11047    9300.12    20347.1      241.6   -766.358
      8200    1.13748     108526    16.8322    161.647          0    11134.7    9542.16    20676.9    242.043   -765.941
      8100     1.0936     108639    16.9608     155.91          0    11213.3    9784.65    20997.9    242.489   -765.621
      8000    1.11642     108749    17.0888    151.219          0    11294.7    10027.3    21321.9    242.636   -765.327
      7900     1.0417     108860    17.2245    147.477          0    11362.4    10270.1    21632.5    242.776   -765.137
      7800    1.03553     108964    17.3563    144.559          0    11428.7    10512.4    21941.1    242.344   -764.898
      7700    1.03358     109068    17.4841    142.421          0      11494    10755.3    22249.4    242.916   -764.709
      7600    1.00449     109171    17.6176    140.955          0    11554.6    10997.8    22552.4    242.482   -764.561
      7500          0     109271    17.7518    140.041          0    11607.6    11239.9    22847.5    242.073   -764.389
      7400   0.925071     109272    17.6833    139.302          0    11656.2    11481.7    23137.9    241.867   -762.903
      7300   0.500025     109364    17.6766    138.753          0      11703    11725.3    23428.3    243.598   -762.984
      7200   0.852737     109414    17.7305    137.261          0    11745.1    11970.6    23715.7    245.269   -762.477
      7100   0.817542     109499    17.8167    135.075          0    11784.8    12215.1    23999.9    244.483   -762.561
      7000    0.85354     109581     17.952    131.777          0    11829.7    12454.7    24284.5    239.648   -762.583
      6900   0.811944     109667    18.0957    127.513          0    11871.2    12694.7    24565.9    240.004   -762.652
      6800          0     109747     18.236    122.446          0    11910.3    12939.4    24849.7    244.664   -762.643
      6700    1.86554     109749    18.2036    117.623          0      11946    13183.3    25129.3    243.896   -761.561
      6600   0.658425     109934    18.4458    112.304          0    11976.6    13424.3    25400.9    240.954   -763.265
      6500    0.62287     110000    18.7078    105.029          0    12003.9    13666.7    25670.5    242.392   -762.967
      6400   0.555428     110062    18.7873    98.3729          0    12025.8    13909.1    25934.9    242.413   -762.695
      6300          0     110117    18.8355     92.604          0    12041.7    14153.2    26194.9    244.115     -762.4
      6200   0.121593     110117    18.7657    88.1786   0.776216    12045.7    14398.2    26443.9    245.034   -761.425
      6100          0     110129    18.6452    85.4935          0    12046.6    14644.2    26690.8    246.005   -760.839
      6000   0.447176     110130    18.5409    84.0873          0    12057.2    14891.2    26948.4    246.959   -760.233
      5900   0.375209     110174    18.5426    83.2485  0.0755338    12065.4    15136.3    27201.8    245.157   -760.393
      5800  0.0472198     110212    18.6067     82.224   0.983127    12066.6    15383.2    27449.9    246.893    -760.42
      5700   0.446986     110217    18.5978    81.4234          0      12077    15630.5    27707.6    247.302   -759.994
      5600   0.466049     110261    18.6313    80.8703          0    12088.7    15878.1    27966.8    247.519   -760.222
      5500          0     110308    18.7343    79.8776          0    12089.7    16125.7    28215.4    247.666   -760.425
      5400          0     110308    18.7475    77.9886          0    12090.3    16373.4    28463.7    247.678   -759.935
      5300   0.279745     110308    18.6935    75.7178   0.339855    12097.5    16621.2    28718.7    247.757    -759.56
      5200          0     110336    18.6907      72.89          0    12103.9    16872.3    28976.2    251.109   -759.667
      5100   0.115275     110336    18.6836    69.4662   0.795504    12108.8    17122.8    29231.6    250.516   -759.379
      5000   0.306511     110347    18.6642     65.743    0.26601    12118.1    17372.7    29490.8    249.936   -759.339
      4900   0.244307     110378    18.6987    61.4973   0.437466    12126.5      17624    29750.5    251.301   -759.603
      4800          0     110402    18.7504    56.5922          0    12127.8      17876    30003.8        252   -759.748
      4700          0     110402    18.7542    51.4351          0    12135.5    18128.8    30264.3    252.746   -759.552
      4600          0     110402    18.7314    46.3743          0    12137.3    18379.8    30517.1    251.069   -759.433
      4500          0     110402    18.7116    41.3658          0    12140.2    18630.2    30770.4    250.388   -759.379
      4400          0     110402    18.6974     36.834          0    12145.1    18882.6    31027.7    252.403   -759.377
      4300          0     110402    18.6879    32.8244          0    12154.7    19135.4    31290.2    252.812   -759.418
      4200          0     110402    18.6823    29.2339          0      12162      19389    31550.9    253.518   -759.491
      4100          0     110402    18.6797    25.9985          0    12166.9      19642    31808.9     253.02    -759.59
      4000          0     110402    18.6795    23.0446          0      12173    19896.6    32069.6    254.621   -759.709
      3900          0     110402    18.6811     20.315          0    12177.6    20152.8    32330.4    256.219   -759.844
      3800          0     110402    18.6841    17.7641          0    12184.8    20407.6    32592.4    254.766   -759.992
      3700          0     110402    18.6882    14.6904          0      12189    20662.2    32851.2    254.637   -760.151
      3600          0     110402    18.6932    9.24524          0    12197.5    20916.7    33114.2    254.507   -760.324
      3500          0     110402    18.6988    1.79482          0      12210      21173    33383.1    256.301    -760.52
      3400          0     110402     18.705   -7.01735          0    12230.9    21428.3    33659.2    255.295   -760.746
      3300          0     110402    18.7115   -16.8703          0    12266.3      21684    33950.2    255.639   -761.006
      3200          0     110402    18.7183   -26.9423          0    12306.1    21939.9      34246    255.982   -761.303
      3100          0     110402    18.7253   -35.2953          0    12352.8    22195.9    34548.7    255.925   -761.632
      3000          0     110402    18.7326   -42.2022          0    12400.9    22451.7    34852.7    255.867   -761.985
      2900          0     110402    18.7399   -47.8758          0    12452.1    22708.5    35160.5     256.76   -762.353
      2800          0     110402    18.7474   -52.5088          0    12505.5      22965    35470.5    256.553   -762.731
      2700          0     110402    18.7549   -56.4698          0    12567.9    23225.2    35793.1    260.145   -763.114
      2600          0     110402    18.7625   -60.4446          0    12641.2    23480.3    36121.5    255.137     -763.5
      2500          0     110402    18.7702   -64.4328          0    12703.7    23739.5    36443.1     259.13   -763.889
      2400          0     110402    18.7779   -68.3816          0    12765.8    23998.3    36764.1    258.822   -764.283
      2300          0     110402    18.7857    -72.281          0    12831.3    24256.6      37088    258.364   -764.682
      2200          0     110402    18.7934   -75.9536          0    12904.8    24514.5    37419.3    257.907   -765.086
      2100          0     110402    18.8012   -78.9027          0    12972.2    24772.5    37744.7    257.999   -765.493
      2000      0.005     110402     18.809   -81.2438        1.1    13040.3    25030.6      38071    258.091   -765.902
      1900          0     110403    18.8173   -83.0697          0    13109.5    25289.4    38398.9    258.716   -766.315
      1800          0     110403    18.8254   -84.4612          0    13177.6    25548.2    38725.8    258.841   -766.717
      1700          0     110403    18.8332   -85.5968          0      13244      25808      39052    259.793   -767.115
      1600          0     110403     18.841   -86.8363          0    13312.7    26069.4    39382.2    261.447   -767.508
      1500      0.005     110403    18.8488   -88.1625        1.1    13381.4    26329.1    39710.6    259.696   -767.897
      1400          0     110403     18.857   -89.5734          0    13449.3    26587.2    40036.5    258.093    -768.29
      1300          0     110403    18.8652   -91.0588          0    13520.5    26846.1    40366.6    258.871   -768.672
      1200          0     110403     18.873   -92.2725          0    13603.3    27105.7      40709     259.64   -769.052
      1100          0     110403    18.8808   -92.3129          0    13682.1    27366.1    41048.2    260.329   -769.429
      1000          0     110403    18.8887   -91.3687          0    13757.5    27626.9    41384.4    260.876   -769.797
       900          0     110403    18.8966   -89.4622          0    13831.3    27887.7      41719    260.753   -770.152
       800          0     110403    18.9045   -86.7038          0    13903.7    28152.1    42055.8    264.416   -770.491
       700          0     110403    18.9124   -83.1015          0    13970.8    28417.3      42388    265.154    -770.81
       600          0     110403    18.9203   -78.4264          0      14044    28679.5    42723.5    262.255   -771.106
       500          0     110403    18.9282   -72.8492          0    14113.4    28941.2    43054.6    261.714   -771.375
       400          0     110403    18.9362     -66.42          0    14190.2      29205    43395.3    263.791   -771.616
       300          0     110403    18.9441   -59.2439          0      14251    29463.8    43714.8    258.783   -771.826
       200          0     110403    18.9521   -51.1275          0    14312.7    29722.1    44034.9     258.34   -772.002
       100          0     110403    18.9601   -41.3396          0      14353    29984.6    44337.6    262.495   -772.142
         0          0     110403    18.9681   -30.1475          0    14372.7    30266.2      44639     281.59   -772.239