     20000          0          0    179.437    415.631          0     17.399    14.2831    31.6821    14.2831    51.8335
     19900          0          0    179.437     414.68          0    28.2794    29.7361    58.0155    15.4531    51.7019
     19800          0          0    179.437    414.027          0    44.2322    46.3592    90.5914    16.6231    51.5706
     19700          0          0    179.437    413.765          0    53.1473    60.5222     113.67    14.1631    51.4563
     19600   0.306333   0.306333    179.437    413.802          0    62.7692    72.5052    135.274     11.983    51.2924
     19500          0    30.6333    179.978    411.204          0    65.6453    81.4776    147.123    8.97239    44.1243
     19400          0    30.6333    180.623     407.72          0    78.4648    92.3745    170.839    10.8969    45.5554
     19300          0    30.6333    180.934    404.783          0    89.9814    102.991    192.972    10.6162     46.459
     19200          0    30.6333    181.089    401.975          0    93.2068    113.482    206.689    10.4911    46.9781
     19100          0    30.6333    181.161    400.965          0    95.0418    123.411    218.453    9.92898    47.2272
     19000          0    30.6333    181.185    401.045          0    96.2969    134.126    230.423    10.7155    47.3494
     18900          0    30.6333    181.178    399.351          0     96.546    145.658    242.204     11.532    47.3841
     18800          0    30.6333    181.153    396.675          0    108.111    154.475    262.586     8.8171    47.2681
     18700          0    30.6333    181.117    394.842          0    131.249    164.629    295.878    10.1534    47.0095
     18600          0    30.6333    181.074    393.419          0     167.64    177.455    345.095    12.8261    46.6706
     18500          0    30.6333    181.028     392.06          0     211.52    184.547    396.067    7.09189    46.2771
     18400          0    30.6333    180.981    390.765          0    222.105    191.235     413.34     6.6886    45.8405
     18300          0    30.6333    180.935    387.699          0    224.074     198.32    422.394    7.08484    45.3405
     18200          0    30.6333     180.89    383.537          0    250.838     205.45    456.288    7.12974    44.6987
     18100          0    30.6333    180.847    379.993          0    301.605    212.096    513.701    6.64609    43.9041
     18000          0    30.6333    180.806    376.681          0    347.784    219.343    567.127    7.24694    43.0016
     17900          0    30.6333    180.768    375.754          0    386.569    228.045    614.615    8.70216    42.0464
     17800          0    30.6333    180.732    376.298          0    423.411    237.644    661.054    9.59838    41.1581
     17700          0    30.6333    180.698    374.426          0    459.775    246.666    706.441    9.02234    40.3381
     17600          0    30.6333    180.666    371.235          0     485.22    259.725    744.945    13.0591    39.4618
     17500   0.356493    30.9898    180.636    371.327          0    494.613    272.474    767.086    12.7487    38.4526
     17400    0.28959    66.5722    183.698    402.929          0    522.031    280.558     802.59    8.08474    28.3831
     17300   0.275652    95.5173    185.372    411.962 0.00643371    549.353     287.91    837.263     7.3511    23.0388
     17200   0.331838    123.139    186.889        417          0    583.423    298.105    881.528    10.1958    19.3668
     17100   0.322421    156.313    188.587    419.563          0    635.836    308.149    943.985    10.0435    15.2664
     17000   0.344801    188.578    190.549    420.402          0    683.498      319.7     1003.2    11.5514    12.2031
     16900   0.340802    223.054    192.761    415.229          0    722.197    330.564    1052.76     10.864    9.10626
     16800    0.30361    257.097    195.195    405.921          0    758.788    340.559    1099.35    9.99511    6.28644
     16700   0.302399    287.456    197.761    395.313          0     795.37    350.689    1146.06    10.1294     4.2349
     16600   0.418718    317.813     200.41    383.556          0    827.896    363.429    1191.33    12.7402    1.88177
     16500   0.163864     359.43    203.276    382.436   0.415375    863.172    368.506    1231.68    5.07697    -3.0952
     16400   0.250847    375.903    206.044    388.838  0.0364674     911.32     376.43    1287.75    7.92383   -1.54346
     16300   0.125872    400.863    208.653    392.325   0.573925    967.945    380.293    1348.24    3.86318   -2.00308
     16200   0.262179    413.586    211.103    394.469          0    1028.49    388.635    1417.13    8.34225   0.432598
     16100   0.293808    439.836    213.536    384.784          0    1084.14    398.837    1482.98    10.2019  -0.755486
     16000   0.232049    469.155    216.186    366.859  0.0794262    1128.24    406.355    1534.59    7.51758   -3.11226
     15900   0.160128    492.288    218.914    357.033   0.396262    1165.96    411.293    1577.25    4.93888   -4.54445
     15800   0.115063    508.256      221.5    352.367    1.80935    1205.59    412.153    1617.74    0.86001   -4.63261
     15700   0.137674    519.784    223.711    349.166    1.95937    1245.05    412.354    1657.41  -0.200518   -4.05611
     15600   0.194226    533.608    225.505    347.197          2    1285.29    415.099    1700.39   -2.74523   -4.34341
     15500   0.202546    553.039    226.963    344.566          2    1324.92    418.533    1743.45   -3.43333   -5.98835
     15400    0.21281    573.304    228.158     341.61          2    1368.89    422.686    1791.57   -4.15298   -7.67246
     15300   0.158522    594.531    229.165    340.348          2    1420.56    424.534    1845.09   -1.84821   -9.39917
     15200   0.178401    610.403    230.082    340.355          2    1473.02    426.543    1899.56   -2.00898   -9.69238
     15100   0.166212    628.231    230.952    346.839          2    1534.51    428.722    1963.23   -2.17894    -10.308
     15000   0.173713     644.86    231.782    357.933          2    1610.39    431.201    2041.59   -2.47957   -10.1155
     14900   0.281574    662.339    232.583    366.754          2    1697.61    435.138    2132.74   -3.93664    -9.5642
     14800   0.201653    690.416    233.268    374.259          2    1796.81    439.127    2235.93   -3.98883   -10.9293
     14700   0.165251    710.545    233.811    366.075   0.336857    1889.88    443.943    2333.82    -4.8161   -10.0317
     14600    0.30271    727.208     224.95    296.655          0     1941.5    454.833    2396.33    10.8905     -9.795
     14500   0.327927    757.504    222.595    269.295          0    1976.24    471.586    2447.83    16.7523   -16.9786
     14400   0.322581    790.291    223.545    251.963          0    2002.61    489.395       2492    17.8094   -25.1736
     14300    0.31436    822.541    225.778    236.643 0.00305378    2024.97    502.767    2527.73    13.3724   -32.6177
     14200   0.289675    853.952    228.458    223.266    0.29226    2039.38    512.862    2552.24    10.0949   -39.0857
     14100     0.1757    882.806    231.108    215.543    0.22483    2052.05    520.087    2572.13    7.22488   -44.1924
     14000          0      900.2    233.469    211.614          0    2054.56    523.603    2578.16    3.51598   -46.1506
     13900          0      900.2    235.333    206.172          0     2057.7     528.84    2586.54    5.23698   -44.3866
     13800    0.04975     900.25    236.788    200.117   0.865498    2063.12    530.567    2593.69    1.72654   -43.3786
     13700          0    905.175    238.069    195.692          0    2073.75    533.848     2607.6    3.28107   -43.9312
     13600  0.0313224    905.207    239.236    192.267      0.245    2077.15    535.817    2612.97    1.96886   -43.6166
     13500    0.16136    908.469    240.355    195.499          2    2080.89    540.342    2621.23   -4.52525   -44.1778
     13400          0    924.443    241.207    202.603          0    2083.38    542.509    2625.89    -2.1667   -46.9918
     13300   0.247751    924.691    241.944    199.548          2    2086.57    547.593    2634.16   -5.08421   -45.7341
     13200   0.229545    949.448     245.36    220.738          2    2100.96    553.037       2654   -5.44458   -50.2758
     13100   0.299061    972.472    247.172    227.054          2    2121.06    564.345    2685.41   -11.3072   -52.5645
     13000   0.274122    1002.35    248.303     232.54          2    2132.73    574.162    2706.89   -9.81711   -55.3136
     12900    0.40926     1029.9    248.877     238.39          2     2159.1    584.331    2743.43   -10.1693   -56.6673
     12800   0.238223    1070.66     248.86     244.22          2    2193.18    592.309    2785.49   -7.97783     -60.13
     12700   0.210169    1094.45    248.635     246.04          2     2221.5    598.341    2819.84    -6.0327   -59.2352
     12600   0.163868    1115.42    248.589    245.016          2    2230.72    601.781     2832.5   -3.43949   -58.0546
     12500   0.124966    1131.77    248.695    244.613          2     2242.2    603.488    2845.69   -1.70726     -56.41
     12400   0.209943    1144.35    248.963    244.447    1.98084    2251.42    606.351    2857.77   -2.86255   -54.5566
     12300   0.185113    1165.32    249.299    242.907    1.99333     2271.4    608.863    2880.26   -2.51263   -55.0463
     12200  0.0846874    1183.73    249.654    240.353    1.70476     2305.6    609.215    2914.82  -0.351402   -55.2211
     12100    0.11685    1192.23     250.16    239.483   0.527192    2348.79    611.497    2960.28    2.28241    -53.665
     12000   0.120285    1203.92    250.981    239.621     1.9705    2400.88    612.381    3013.26  -0.883342   -53.3417
     11900   0.139234    1215.97     251.93    240.752   0.603843    2458.04    615.004    3073.05    2.62363   -53.3612
     11800  0.0812558    1229.83    253.019    242.578   0.707674    2521.52    617.025    3138.54    2.02085   -53.8693
     11700   0.295501    1238.17    254.314    252.166          0    2597.93    619.293    3217.23    2.26798   -53.0886
     11600   0.333798    1267.76    242.602    226.024          0    2654.84    634.055     3288.9    14.7621   -56.6595
     11500   0.392597     1301.2     239.56    207.262          0    2702.67    660.262    3362.93    26.2071   -62.6007
     11400   0.385546    1340.45    240.527    182.008          0    2737.72    687.687    3425.41     27.425   -70.1875
     11300    0.35421    1378.98    243.107    169.229          0    2764.85    710.058     3474.9    22.3705   -77.3509
     11200   0.299784    1414.34    246.232     163.49          0    2785.69    728.675    3514.37    18.6176   -82.9523
     11100          0    1444.02    249.416    154.311          0    2786.58     744.16    3530.74    15.4842   -86.6311
     11000          0    1444.02    251.983    144.109          0    2797.07    756.977    3554.05    12.8172   -84.3927
     10900          0    1444.02    253.872    138.359          0    2798.58    770.705    3569.29     13.728   -83.2474
     10800    0.21577    1444.24     255.44    135.074          0    2808.57    780.815    3589.38    10.1101   -82.7694
     10700     0.1951    1465.79    257.241    130.551  0.0054777    2816.47    789.798    3606.26    8.98354   -86.8414
     10600          0    1485.11    259.369    125.424          0    2819.47    797.329     3616.8    7.53057   -89.8933
     10500   0.157492    1485.26    261.228    122.351   0.209524    2821.87    803.601    3625.47    6.27212   -88.9489
     10400          0    1500.86    262.924    120.231          0     2823.2    806.877    3630.08    3.27587   -91.5175
     10300   0.212118    1501.07    264.451    118.874    1.28619    2830.88    807.326    3638.21   0.448779    -90.802
     10200  0.0667763    1522.14    265.663    117.261    1.64007    2837.27    807.363    3644.63  0.0369034   -94.5069
     10100    0.13794    1528.88    266.671    114.718          2    2847.36    810.334    3657.69   -2.97085   -94.8658
     10000   0.153513    1542.69    267.418    111.872          2    2851.19    813.751    3664.94   -3.41751   -96.8255
      9900   0.148045    1558.04    267.901    108.836          2    2857.89    817.352    3675.25   -3.60053   -98.9604
      9800   0.137883    1572.83    268.229    105.691          2    2863.21    821.837    3685.05   -4.48524   -100.857
      9700   0.147345    1586.63     268.48    102.479          2    2875.43    827.129    3702.56   -5.29208   -102.515
      9600   0.155248    1601.37    268.667    99.1954          2    2888.05    833.165    3721.21   -6.03592   -104.379
      9500   0.259835       1617     268.78    95.8414          2    2896.08     839.87    3735.95    -6.7055   -106.406
      9400   0.135216    1642.86    268.686    93.1167    1.98606    2905.23    843.356    3748.59   -3.48584   -110.296
      9300          0    1656.25    268.547    90.9534          0    2913.83    848.103    3761.93   -4.74686   -111.333
      9200   0.197002    1656.45    268.679    89.2989          2    2921.37    853.082    3774.45   -4.97915   -110.079
      9100   0.102801    1676.05    268.791    87.6535          2    2921.76    859.873    3781.63   -6.79109   -113.133
      9000   0.189933    1686.42    268.828    86.1651          2    2924.19    869.401    3793.59    -9.5282   -114.093
      8900          0    1705.22    268.804      84.73          0    2932.63    877.555    3810.18   -8.15403   -116.741
      8800   0.179928     1705.4    268.922    83.6005          2    2935.75    885.953     3821.7   -8.39742   -115.649
      8700   0.180465     1723.4    269.045    82.4251          2    2946.29    894.598    3840.88    -8.6454   -118.462
      8600   0.277314    1741.54    268.993    81.2248          2    2961.85    903.041    3864.89   -8.44304   -120.939
      8500   0.170946    1769.16    268.728    79.9429          2    2970.89    911.069    3881.96   -8.02751   -124.869
      8400   0.161841    1786.25     268.41    79.2391          2    2983.16    918.179    3901.34   -7.11001   -126.231
      8300   0.190572    1802.46    268.179    78.9363          2    2983.83    928.058    3911.89   -9.87889   -127.402
      8200   0.182604    1821.51    267.952    78.8414          2    2988.74    937.135    3925.87   -9.07723   -129.074
      8100   0.174427    1839.76    267.709     78.945          2    2990.34    945.394    3935.73   -8.25928   -130.438
      8000   0.169377     1857.2    267.478     79.228          2    2999.71    953.148    3952.86   -7.75339   -131.544
      7900    0.16446    1874.13    267.269    79.7378          2    2999.73    960.417    3960.15   -7.26936   -132.488
      7800   0.344337    1890.76    267.084    80.4308    1.86129    3001.87    967.801    3969.67   -7.38446   -133.324
      7700   0.152291       1925    266.753    81.0367          2    3005.84    974.154       3980   -6.35306   -137.268
      7600   0.153649    1940.23    266.421    81.9491          2    3007.41    980.475    3987.89   -6.32075   -136.975
      7500   0.174595    1955.62    266.218    83.1071          2    3011.37    986.869    3998.23   -6.39346   -136.898
      7400          0     1972.9    266.048    83.3132          0    3018.76    993.367    4012.13   -6.49782   -137.281
      7300   0.180513    1973.08    266.111    83.2076          2    3027.49    998.202     4025.7   -4.83581    -134.63
      7200   0.131219    1991.09     266.21    82.6891    1.98561    3040.01    1001.41    4041.42   -3.21001   -135.967
      7100   0.143408    2004.22    266.226     81.942          2    3053.37    1005.34    4058.71   -3.92594   -136.236
      7000          0    2018.42     266.24    81.0434          0    3059.22    1013.98     4073.2    -8.6398   -136.772
      6900          0    2018.42    266.435    80.2205          0    3065.06    1022.31    4087.37   -8.33505   -134.764
      6800   0.161006    2018.58    266.856    79.3993          2    3069.01    1026.27    4095.27   -3.95607   -133.415
      6700    0.16859    2034.69    267.168     78.315          2    3072.62    1031.34    4103.96   -5.06827   -135.423
      6600          0    2051.38    267.272    77.0868          0    3077.18    1039.21    4116.39   -7.87161   -137.178
      6500   0.209841    2051.59    267.505    76.0154          2    3078.92    1045.61    4124.53   -6.40454    -135.68
      6400   0.199765    2072.56    267.675    75.0454          2    3080.32    1052.09    4132.41   -6.47536    -138.46
      6300   0.171157    2092.51    267.627    74.1366          2    3082.87    1056.77    4139.63   -4.67651   -140.512
      6200   0.145616     2109.6    267.525    73.3531          2     3093.7    1060.49    4154.19   -3.72461   -141.695
      6100   0.116108    2124.13    267.456    72.7109    1.97082    3105.64     1063.3    4168.93    -2.8059   -142.283
      6000          0    2135.62    267.468    72.1928          0    3106.86    1065.26    4172.12   -1.96761   -142.327
      5900   0.157763    2135.78    267.697    71.9047          2       3110    1069.26    4179.26   -3.99672   -140.461
      5800          0     2151.4     267.92    71.5279          0     3119.5    1071.68    4191.18   -2.41959   -141.947
      5700  0.0110234    2151.41    268.203    71.3058          2    3119.76    1073.98    4193.74   -2.30319   -140.363
      5600   0.107455    2152.61    268.657    71.1773          2     3121.8    1076.49    4198.29   -2.50743   -139.472
      5500          0    2163.25     269.05    70.9445          0    3129.76    1079.14     4208.9   -2.65027   -140.583
      5400   0.134202    2163.38    269.471    70.0656    1.99937    3137.07    1082.19    4219.26   -3.04556   -139.611
      5300          0    2176.67    269.825    68.6227          0    3137.18    1085.56    4222.74   -3.37466   -141.379
      5200          0    2176.67    270.194    67.0358          0    3149.44    1085.95    4235.39  -0.393799   -140.457
      5100          0    2176.67    270.696    65.3608          0    3150.22    1087.45    4237.67   -1.49556   -139.923
      5000    0.10972    2176.78    271.254    63.5547          2    3157.31     1090.1    4247.42   -2.65384   -139.713
      4900  0.0893525    2187.73    271.686    61.5164    1.89239    3165.73    1091.79    4257.52   -1.68616   -141.708
      4800  0.0793535    2196.66    271.996     59.348    1.80087     3169.8    1093.04    4262.83   -1.24572   -143.045
      4700          0    2204.51    272.303    57.1227          0     3171.8    1093.84    4265.64  -0.802867   -144.084
      4600   0.118597    2204.63    272.707    54.9741          2     3178.6    1096.75    4275.34   -2.90659   -143.711
      4500   0.124621     2216.5     273.05    52.6718          2    3187.05     1100.7    4287.74   -3.94973   -145.803
      4400  0.0945555    2228.93    273.238    50.6331    1.95432    3195.91    1102.83    4298.75   -2.13791   -147.736
      4300  0.0901413    2238.38    273.395    48.8061    1.91424    3202.23    1104.73    4306.96   -1.89489   -148.909
      4200  0.0797551    2247.38    273.579    47.1005    1.81654    3212.87    1106.11    4318.97   -1.37877   -149.971
      4100  0.0946799    2255.37    273.803    45.4957    1.96118    3227.41    1108.21    4335.62   -2.10318   -150.847
      4000   0.063413    2264.81    274.021    43.9319    1.66214    3242.24    1108.93    4351.17  -0.721193   -152.021
      3900   0.576691    2271.66    274.277    42.4353    1.12557    3259.77    1109.55    4369.33     0.6226   -152.712
      3800   0.080402    2328.84     274.69    40.2102    1.83372    3274.99    1110.79    4385.78   -1.23978   -162.411
      3700   0.125569    2336.92    275.112    37.7092    1.70751    3293.83    1112.58    4406.41    -1.7866   -161.404
      3600  0.0959033    2349.45    275.424    33.8861    1.99343    3309.96     1114.8    4424.76   -2.22414    -161.81
      3500   0.060346    2359.01     275.65    29.4801    1.64705     3325.1    1115.45    4440.56  -0.650462   -162.038
      3400  0.0898352    2365.07    275.905    24.9363    1.94281    3336.18    1117.36    4453.54   -1.90451    -162.07
      3300          0    2373.96    276.161    20.1608          0    3337.85    1119.17    4457.02   -1.81119   -163.086
      3200  0.0222078    2373.99    276.484     15.848          2    3340.81    1120.95    4461.76   -1.78409   -162.807
      3100          0    2376.18     276.89      12.91          0    3342.27    1123.19    4465.46   -2.23991   -163.448
      3000   0.105221    2376.29    277.342    10.4746          2    3346.86    1125.94     4472.8   -2.74208   -163.984
      2900  0.0933594     2386.8    277.689    8.25237    1.99022    3351.86    1128.13    4479.99   -2.18904   -166.622
      2800   0.111638    2396.15    277.894    6.21547    1.95078    3357.16    1130.72    4487.88   -2.59407   -168.798
      2700          0    2407.21    278.022    4.14205          0    3358.97     1131.6    4490.57    0.87812   -171.123
      2600          0    2407.21     278.24    1.85538          0    3369.95    1135.94    4505.88   -4.34005    -171.35
      2500          0    2407.21      278.6  -0.466036          0     3371.4    1136.64    4508.04  -0.699899   -171.938
      2400   0.104803    2407.31    279.021   -2.80271    1.70526    3374.89    1138.06    4512.95   -1.42093   -172.816
      2300          0    2417.69    279.374   -5.30165          0    3376.32    1140.28    4516.61   -2.22351   -175.691
      2200          0    2417.69    279.719   -7.59805          0    3381.43     1143.3    4524.73   -3.01917   -176.468
      2100   0.111432     2417.8    280.129   -9.42902          2    3383.52    1146.63    4530.15   -3.32855   -177.482
      2000   0.111295    2428.94    280.409   -11.2221          2    3385.39    1150.14    4535.53   -3.50887   -180.556
      1900   0.106116    2440.06    280.513   -12.9495          2    3386.32    1153.12    4539.44   -2.97945   -183.248
      1800  0.0995421    2450.67    280.536   -14.5796          2    3388.11    1155.99     4544.1   -2.86903   -185.569
      1700   0.106513    2460.63    280.527   -16.2132    1.73861     3391.1    1157.89    4548.99   -1.90026   -187.589
      1600          0    2471.18    280.539   -18.0415          0    3391.17    1158.14    4549.31   -0.25169   -189.599
      1500  0.0987504    2471.27    280.685   -19.7881    1.90842    3391.52    1160.28     4551.8    -2.1404    -189.72
      1400    0.12379    2481.17    280.843   -21.6266          2    3391.63    1164.17    4555.81   -3.89299   -191.878
      1300    0.12207    2493.55    280.866   -23.5614    1.96945    3395.41     1167.3    4562.71   -3.12999   -194.311
      1200   0.109062    2505.75    280.797   -25.2372    1.81675    3411.09    1169.59    4580.67   -2.28412   -196.498
      1100          0    2516.54    280.735   -26.1359          0    3423.79    1171.11     4594.9   -1.52454   -198.264
      1000          0    2516.54    280.824   -26.5584          0    3434.35    1172.17    4606.52   -1.05853   -198.086
       900          0    2516.54     281.07   -26.5527          0    3445.21    1173.59     4618.8   -1.42004   -198.229
       800          0    2516.54    281.394   -26.2666          0    3457.19    1175.52     4632.7    1.92615   -198.572
       700          0    2516.54     281.76   -25.6622          0    3466.83    1177.82    4644.65    2.30712   -199.029
       600          0    2516.54     282.15   -24.5916          0    3486.22     1178.8    4665.02  -0.975309   -199.527
       500          0    2516.54    282.557   -23.2466          0    3505.98    1180.71    4686.69   -1.91488   -200.016
       400          0    2516.54    282.976   -21.6021          0    3538.03    1180.96    4718.99   -0.24822    -200.46
       300          0    2516.54    283.401    -19.715          0    3559.28    1186.64    4745.92   -5.67474   -200.832
       200          0    2516.54    283.831   -17.3549          0    3587.24    1193.17    4780.41   -6.53813   -201.113
       100          0    2516.54     284.26   -14.0909          0    3600.25    1195.98    4796.23   -2.80467   -201.258
         0  0.0471851    2516.59    284.685   -10.3421          0    3600.34    1211.85    4812.19    15.8731   -201.241