     20000          0          0    179.437    395.101          0    37.9292    14.2831    52.2123    14.2831    36.7423
     19900          0          0    179.437    394.163          0    69.3261    29.7361    99.0622    15.4531    36.6125
     19800          0          0    179.437     393.52          0    105.786    46.3592    152.145    16.6231    36.4832
     19700          0          0    179.437    393.261          0    135.205    60.5222    195.727    14.1631    36.3704
     19600          0          0    179.437    393.298          0    146.087    72.5053    218.592    11.9831    36.2902
     19500          0          0    179.437    391.554          0    168.613    82.0183    250.631    9.51306    36.2188
     19400   0.195192   0.195192    179.437    388.755          0    200.398    94.1013      294.5     12.083    36.0158
     19300          0    19.5192    179.781    385.657          0    231.041     105.87    336.911    11.7686    31.2944
     19200          0    19.5192    180.192    382.679          0    253.562    117.258     370.82    11.3876    31.9525
     19100          0    19.5192     180.39    381.598          0    274.765    127.957    402.722    10.6998    32.2898
     19000          0    19.5192    180.489    381.611          0    295.453    139.368    434.822     11.411      32.47
     18900          0    19.5192    180.535    379.889          0    315.164    151.543    466.708    12.1748    32.5436
     18800          0    19.5192     180.55    377.209          0    346.196    160.963    507.158    9.41952    32.4552
     18700          0    19.5192    180.547    375.367          0    388.808    171.686    560.494    10.7231    32.2175
     18600          0    19.5192    180.532    373.937          0    444.682    185.054    629.736    13.3683    31.8946
     18500          0    19.5192    180.509    372.574          0    508.048    192.665    700.713    7.61058    31.5141
     18400          0    19.5192    180.483    371.277          0    538.121    199.851    737.972    7.18679    31.0881
     18300          0    19.5192    180.455    368.237          0    555.614    207.416     763.03    7.56492    30.5979
     18200          0    19.5192    180.426    364.117          0    601.797     215.01    816.807    7.59363    29.9668
     18100          0    19.5192    180.398    360.609          0    671.948    222.105    894.053    7.09538    29.1842
     18000          0    19.5192     180.37    357.332          0    737.476    229.788    967.264    7.68295    28.2948
     17900          0    19.5192    180.344    356.409          0    795.607    238.914    1034.52    9.12602    27.3531
     17800          0    19.5192    180.319    356.937          0     851.81    248.925    1100.74    10.0111    26.4772
     17700          0    19.5192    180.295    355.083          0    907.517     258.35    1165.87     9.4247    25.6686
     17600          0    19.5192    180.273    351.929          0    952.268    271.802    1224.07    13.4519    24.8047
     17500   0.361771     19.881    180.252    352.015          0    980.973    284.935    1265.91    13.1325    23.8082
     17400   0.296204    55.9926    183.325    383.163          0    988.626    293.392    1282.02    8.45704    13.7574
     17300   0.282028    85.5988    185.021    392.052          0    996.038    301.093    1297.13    7.70185    8.36257
     17200   0.336009    113.856    186.568    396.993          0     1010.1    311.611    1321.71    10.5173     4.6476
     17100     0.3262    147.447    188.295    399.493          0    1042.44    321.946    1364.39    10.3348   0.577599
     17000   0.347627    180.088    190.284    400.293          0       1070    333.761    1403.76    11.8158   -2.45767
     16900   0.328646    214.832     192.52    395.165          0    1088.63    344.866     1433.5    11.1048    -5.4998
     16800     0.3071    247.675    194.957    385.989          0    1105.29    355.099    1460.39    10.2326   -7.94745
     16700   0.345789    278.424    197.519    375.528          0    1122.09     365.47    1487.56    10.3711   -10.0584
     16600   0.346567    313.003    200.219    363.861          0    1134.92    378.401    1513.32     12.931   -13.2892
     16500   0.172626    347.486    203.071    362.806   0.370758    1150.57    383.683    1534.25    5.28242   -16.4346
     16400   0.256289    364.832    205.778    369.172  0.0025373    1179.05    391.873    1570.92     8.1891   -15.2498
     16300   0.136804    390.342    208.378     372.62   0.520793    1215.97    396.011    1611.98    4.13847   -15.9044
     16200   0.266033    404.151    210.845    374.722          0    1256.77    404.611    1661.38    8.60007   -13.7791
     16100   0.296466    430.785    213.302    365.154          0    1292.78    415.046    1707.83    10.4353   -15.0178
     16000    0.40854    460.544    215.973    347.463   0.533898    1317.49    422.777    1740.26    7.73025   -17.4123
     15900   0.164732    501.154    218.726    337.532   0.367751    1335.71    427.903    1763.61    5.12618   -22.5774
     15800   0.108906    517.571    221.344    332.735    1.78414     1355.7    428.918    1784.62    1.01557   -21.9546
     15700   0.133223    528.486    223.588    329.486     1.9483    1375.49    428.996    1804.49 -0.0776497   -20.6172
     15600   0.190733    541.866    225.413    327.493          2    1396.02    431.649    1827.67   -2.65311   -20.3428
     15500   0.199497    560.948    226.898    324.869          2    1415.95    435.017    1850.97   -3.36773   -21.5526
     15400   0.210073    580.908    228.114     321.94          2    1440.25    439.126    1879.38   -4.10941    -22.905
     15300   0.156582    601.862     229.14    320.692          2    1472.26     440.95    1913.21   -1.82335    -24.375
     15200   0.160682    617.525    230.073    320.699          2    1505.07    442.949    1948.02   -1.99982   -24.4978
     15100   0.165599    633.598    230.969     327.11          2    1546.83    445.145    1991.98   -2.19598     -24.64
     15000   0.173441    650.165    231.828     338.06          2    1602.84    447.671    2050.51   -2.52525   -24.4488
     14900   0.205474    667.542    232.648    346.762          2    1670.07    451.672    2121.74   -4.00133   -23.8904
     14800   0.204358    688.088    233.408    354.247          2    1749.25    455.801    2205.05    -4.1288    -23.628
     14700   0.158183    708.477    234.044    346.233   0.361952    1822.48     460.85    2283.33   -5.04949   -23.1494
     14600   0.297662    724.435    225.232    277.867          0    1855.31    471.459    2326.77    10.6084   -23.0483
     14500  0.0699978    753.974    222.881    250.927          0    1871.69    487.925    2359.61    16.4664   -30.2008
     14400          0    760.904    223.367    234.416          0    1880.51    505.912    2386.42    17.9874   -33.1185
     14300          0    760.904    224.498    220.397          0    1886.62    520.564    2407.19    14.6515   -35.1703
     14200          0    760.904    225.728    208.498          0    1886.98    533.389    2420.37     12.825   -37.6025
     14100          0    760.904    226.936    202.199          0    1887.65    544.787    2432.44    11.3978   -40.0277
     14000          0    760.904    228.089    199.408          0    1897.35    553.683    2451.03    8.89632   -42.1304
     13900          0    760.904    229.189    194.583          0    1912.08    565.064    2477.14    11.3806   -43.8871
     13800          0    760.904    230.251    188.831          0    1917.95    573.328    2491.27    8.26406   -45.4934
     13700          0    760.904    231.277    184.644          0    1939.62    583.401    2523.02    10.0735    -47.013
     13600          0    760.904    232.268    181.333          0    1953.96    592.338     2546.3    8.93684   -48.4179
     13500          0    760.904    233.226    184.639          0    1968.56    594.942     2563.5    2.60368   -49.6113
     13400          0    760.904    234.151     191.98          0    1981.67    599.831    2581.51    4.88892   -50.3073
     13300   0.115332    761.019    235.045    189.029    1.93357    1995.38    601.646    2597.03    1.81508   -50.6661
     13200  0.0788116    772.516    238.542    210.141    1.65582    1999.17    603.019    2602.19    1.37294   -53.5028
     13100   0.215862    780.534    240.653    216.668          2    2008.89    607.807     2616.7   -4.78827   -54.0726
     13000   0.413987    802.318    242.169    222.321    1.76365    2010.34     611.49    2621.83   -3.68278   -56.9166
     12900   0.188052    843.491    243.037    228.058          2    2026.38    615.819     2642.2   -4.32913   -62.7901
     12800   0.147067    862.255    243.402    233.964          2     2050.2    618.339    2668.54   -2.52011   -62.4843
     12700    0.11032    876.925    243.665    235.934    1.89065    2068.41    619.401    2687.81   -1.06222   -61.2191
     12600          0    887.847    244.104    235.052          0    2069.15    620.448     2689.6    1.04637   -59.5212
     12500   0.111231    887.958    244.752    234.849   0.558884    2070.87    622.683    2693.56    2.23554   -56.1395
     12400          0     898.97    245.667    234.733          0    2071.37    623.116    2694.49   0.433015   -55.9089
     12300  0.0923794    899.062    246.742     233.34    1.75672    2081.78     623.16    2704.94  0.0438555   -53.6707
     12200    1.11437    909.322    247.823    230.923    1.17029    2106.56     624.64     2731.2    1.47973   -54.3291
     12100   0.143177    1019.79    248.945    228.823   0.386247    2139.08    628.137    2767.22    3.49712   -75.5784
     12000   0.108761    1034.07    250.263    227.878    1.89061    2179.43    628.302    2807.74  -0.165083   -73.0729
     11900   0.121099    1044.96    251.598    228.408   0.497171    2224.25    631.258    2855.51    2.95575   -70.6747
     11800   0.071922    1057.02    252.972     229.81     0.7522    2274.96    633.326    2908.28    2.06845   -69.1993
     11700   0.291843    1064.43    254.462     238.99          0     2338.2    635.446    2973.64    2.11969   -67.0898
     11600   0.330175    1093.66     242.78    212.866          0    2381.95     650.03    3031.98    14.5842   -69.5737
     11500    0.38874    1126.73    239.735    194.229          0    2416.74    676.062     3092.8    26.0318   -74.6766
     11400   0.381612     1165.6     240.72     169.23          0    2439.02    703.294    3142.31    27.2317   -81.5987
     11300   0.333563    1203.71    243.318    156.571          0    2453.48    725.453    3178.94    22.1593   -88.2376
     11200          0    1236.73    246.421    150.915          0    2461.76    743.882    3205.64    18.4288   -93.0565
     11100          0    1236.73    249.028    142.443          0    2474.51    759.754    3234.27    15.8723   -90.8988
     11000          0    1236.73    250.955    132.758          0    2496.35    773.598    3269.95    13.8445   -89.8154
     10900          0    1236.73    252.557     127.23          0    2508.99    788.642    3297.63    15.0435   -89.5086
     10800          0    1236.73    253.977    124.063          0    2510.01    800.215    3310.23    11.5731   -89.6001
     10700          0    1236.73    255.279    120.037          0    2512.63    811.161    3323.79    10.9464   -89.9441
     10600          0    1236.73    256.488    115.625          0    2519.43    821.573       3341    10.4118   -90.5423
     10500          0    1236.73     257.62    112.954          0    2526.43    831.454    3357.88    9.88047   -91.3352
     10400          0    1236.73    258.683    111.306          0    2534.02    838.971    3372.99    7.51744    -92.205
     10300          0    1236.73    259.686    110.242          0    2534.97    844.185    3379.16    5.21355    -93.098
     10200          0    1236.73     260.64    109.092          0    2536.76    849.244       3386    5.05956    -93.987
     10100          0    1236.73    261.552    106.913          0    2554.65    851.392    3406.04    2.14775   -94.9125
     10000          0    1236.73    262.428    104.406          0    2565.95    852.964    3418.92    1.57186   -95.9094
      9900          0    1236.73    263.273    101.726          0    2566.36    853.991    3420.35    1.02666   -96.9845
      9800          0    1236.73    264.092    98.9119          0    2567.82    854.339    3422.16  -0.348515   -98.1374
      9700  0.0995255    1236.83    264.889    95.9879    1.94136    2573.55     856.04    3429.59   -1.70118    -99.388
      9600    0.11706     1246.8    265.539    92.8369          2     2579.8    858.948    3438.75   -2.90771   -102.612
      9500          0    1258.39    265.985    89.5232          0    2581.52    862.858    3444.37   -3.90981   -105.748
      9400          0    1258.39    266.454    87.1073          0    2596.67    864.112    3460.79   -1.25447   -106.309
      9300   0.146381    1258.54    267.032    85.2127    1.98599    2611.02    867.345    3478.36   -3.23247   -107.144
      9200   0.149834    1273.18    267.451     83.379          2    2624.47    871.096    3495.57   -3.75122   -110.896
      9100   0.190322     1288.2    267.641    81.6215          2    2630.11    876.737    3506.85   -5.64076   -114.144
      9000          0    1307.05    267.656    79.9309          0    2633.92    885.093    3519.01   -8.35609    -117.66
      8900          0    1307.05    267.801    78.6053          0    2648.48    892.244    3540.73    -7.1514   -117.131
      8800          0    1307.05    268.184    77.5104          0    2651.45    899.903    3551.36   -7.65909   -117.073
      8700   0.180086    1307.23    268.671    76.5302          2     2656.1    908.174    3564.27   -8.27068   -117.382
      8600   0.178413    1325.23    268.956      75.39          2    2665.82     916.58     3582.4   -8.40606   -121.263
      8500   0.175538    1343.07     268.97    74.2035          2    2669.13     924.85    3593.98   -8.27046   -124.446
      8400   0.167319    1360.62    268.859    73.4984          2    2675.66     932.41    3608.07   -7.55935   -127.084
      8300          0    1377.18    268.695    73.1307          0    2680.79    942.805    3623.59    -10.395   -129.162
      8200          0    1377.18    268.735    73.2234          0     2681.5    952.665    3634.17   -9.86028   -127.924
      8100          0    1377.18     269.03    73.6269          0    2685.22    962.245    3647.46   -9.58011   -127.202
      8000   0.193162    1377.38    269.443    74.2127          2    2689.57    971.963    3661.54   -9.71788   -126.869
      7900          0     1396.5    269.648    74.7493          0    2694.54    981.612    3676.15   -9.64841   -130.268
      7800          0     1396.5    269.835    75.5847          0    2697.25    991.747       3689   -10.1353    -129.41
      7700   0.194033    1396.69    270.205    76.6688          2    2697.64    1001.55     3699.2   -9.80451     -128.9
      7600          0     1415.9    270.389    77.6664          0    2700.36    1011.84     3712.2    -10.289   -132.105
      7500          0     1415.9    270.563    78.9368          0    2708.48    1022.58    3731.06   -10.7382   -131.017
      7400          0     1415.9    270.924    79.3743          0    2719.82    1033.95    3753.77   -11.3739    -130.24
      7300   0.187471    1416.09    271.369    79.2926          2    2732.46    1044.05    3776.51   -10.0939   -129.765
      7200          0    1434.65    271.592    78.6824          0    2748.99    1052.64    3801.63   -8.59246   -132.896
      7100          0    1434.65    271.782    78.0142          0    2766.27    1062.12    3828.39   -9.48202   -131.921
      7000          0    1434.65    272.137    77.3012          0    2775.87    1076.66    3852.53   -14.5375   -131.296
      6900          0    1434.65    272.566     76.505          0    2785.42    1091.12    3876.55   -14.4655   -130.934
      6800          0    1434.65    273.025     75.634          0    2793.13    1101.25    3894.38    -10.125   -130.768
      6700          0    1434.65    273.496     74.708          0    2800.36    1112.64       3913   -11.3957    -130.75
      6600          0    1434.65    273.969    73.7534          0    2808.25    1127.21    3935.46   -14.5687   -130.845
      6500          0    1434.65     274.44    72.7602          0    2813.24    1140.55    3953.79   -13.3396   -131.028
      6400          0    1434.65    274.906    72.0427          0    2817.65    1154.26    3971.91    -13.706   -131.275
      6300          0    1434.65    275.367    71.4835          0    2822.85    1166.68    3989.52   -12.4173   -131.556
      6200          0    1434.65    275.825    71.0167          0    2836.02     1178.7    4014.72   -12.0251   -131.857
      6100          0    1434.65    276.281    70.6326          0    2850.03    1190.33    4040.36   -11.6311   -132.166
      6000          0    1434.65    276.735    70.3035          0    2853.14    1201.57    4054.71   -11.2353   -132.476
      5900          0    1434.65    277.184    70.0186          0    2858.17    1215.05    4073.22   -13.4842   -132.781
      5800          0    1434.65    277.624    69.7703          0    2869.43    1227.18     4096.6   -12.1236   -133.079
      5700          0    1434.65    278.051    69.5541          0    2870.92    1239.33    4110.25   -12.1506   -133.366
      5600  0.0603112    1434.71    278.465    69.3666          2    2871.15    1251.64    4122.79   -12.3152   -133.655
      5500          0    1440.68    278.785    69.1235          0    2880.94    1264.03    4144.96   -12.3848   -135.033
      5400          0    1440.68    279.079    68.2206          0     2890.1    1276.68    4166.78   -12.6541   -135.029
      5300          0    1440.68    279.419    66.9232          0    2891.69    1289.65    4181.34   -12.9687   -135.139
      5200          0    1440.68    279.776    65.3973          0    2905.59    1299.62    4205.22   -9.97575   -135.356
      5100   0.195777    1440.88    280.139    63.7215          2    2906.45    1310.56    4217.01    -10.939   -135.711
      5000   0.202342    1460.46    280.226    61.6489          2    2911.64    1322.19    4233.83    -11.626    -139.75
      4900   0.185525    1480.68    279.968    59.3644          2    2917.91    1332.16    4250.06   -9.96846   -143.095
      4800          0    1499.04    279.556    57.0051          0    2919.63    1340.96    4260.59   -8.80633   -145.502
      4700          0    1499.04    279.337    54.8485          0     2923.9     1348.8     4272.7    -7.8366   -144.223
      4600   0.260299     1499.3    279.386    52.7938          2    2928.52    1358.39    4286.91   -9.58645    -143.58
      4500   0.185101    1525.26    279.193    50.3785          2    2934.68    1368.48    4303.16   -10.0926   -148.063
      4400   0.160045    1543.74    278.725    48.2411          2    2941.16     1376.1    4317.26   -7.62507    -150.35
      4300   0.150415    1559.74    278.241    46.3444          2    2945.01    1382.85    4327.85   -6.74059    -151.91
      4200   0.136984    1574.77    277.785    44.5814          2    2953.12    1388.43    4341.56   -5.58529   -153.206
      4100    0.13838    1588.47    277.372    42.9331          2    2965.11     1394.1    4359.21   -5.67224   -154.238
      4000   0.111832    1602.28    276.993     41.349          2    2977.35     1397.8    4375.15   -3.69254   -155.327
      3900  0.0977853    1613.45    276.667    39.8384    1.68102    2992.29    1399.56    4391.85   -1.76727   -155.962
      3800   0.103831    1623.23     276.47    38.3808          2    3005.68    1402.58    4408.26   -3.01998   -156.479
      3700   0.103176    1633.61    276.329    36.3555          2    3023.16    1405.59    4428.75   -3.00416   -157.262
      3600   0.121519    1643.95    276.178     32.781    1.91428    3038.19    1408.57    4446.75   -2.97808   -158.198
      3500  0.0620033    1656.04     276.02    28.5047    1.66028    3052.36    1409.59    4461.94   -1.02038   -159.641
      3400  0.0859692    1662.27    275.959    24.0401     1.8997    3062.54    1411.54    4474.09   -1.95857   -160.156
      3300          0    1670.78    275.964    19.3283          0    3063.37    1413.16    4476.53   -1.61416   -161.453
      3200          0    1670.78    276.072    15.0536          0    3065.54    1414.53    4480.07   -1.37249   -161.437
      3100          0    1670.78    276.311    12.1544          0    3066.24    1416.19    4482.44   -1.66139   -161.903
      3000  0.0908351    1670.87    276.618    9.73121    1.95583    3070.09    1418.21     4488.3   -2.01817   -162.702
      2900  0.0748861    1679.94    276.843    7.51854    1.79914    3074.36    1419.55    4493.92    -1.3431   -165.317
      2800  0.0818651    1687.43    276.988      5.494    1.87119    3078.94    1421.24    4500.18   -1.68778   -167.408
      2700          0    1695.54    277.108     3.4458          0    3081.44    1423.03    4504.47     1.7915   -169.488
      2600          0    1695.54    277.302    1.15597          0    3093.12    1426.43    4519.55   -3.40206   -170.031
      2500          0    1695.54      277.6   -1.18656          0    3093.85    1426.73    4520.59   0.299804   -170.862
      2400  0.0522636    1695.59    277.949   -3.54956    1.57859     3096.6    1427.08    4523.68  -0.348948   -171.921
      2300          0    1700.76    278.287   -6.00976          0    3097.32    1428.22    4525.54   -1.13708   -174.049
      2200  0.0944303    1700.86     278.63    -8.3036    1.89995    3103.13    1430.15    4533.28   -1.92986   -175.181
      2100  0.0768319    1710.28    278.881   -10.2843          2    3104.36    1432.23    4536.59   -2.08116   -178.096
      2000          0    1717.89     279.01   -12.1276          0    3105.33    1434.34    4539.68   -2.10961   -180.369
      1900          0    1717.89     279.19   -13.7415          0    3105.47       1436    4541.47   -1.65705   -181.139
      1800          0    1717.89     279.47   -15.2066          0    3106.64     1437.8    4544.44   -1.80284   -182.101
      1700  0.0722555    1717.96    279.793   -16.6765    1.79146    3109.16    1438.97    4548.12   -1.16603   -183.207
      1600          0    1725.12     280.06   -18.4273          0    3109.47    1439.19    4548.66   0.227763   -185.649
      1500          0    1725.12    280.321   -20.1852          0    3110.21    1440.97    4551.18   -1.77643   -186.609
      1400   0.131165    1725.25    280.636   -21.9475          2    3110.41    1444.66    4555.07   -3.68554   -187.733
      1300   0.118923    1738.35    280.788    -23.892    1.97132    3114.52    1447.71    4562.23   -3.05152   -191.215
      1200  0.0924526    1750.22     280.75   -25.6253    1.90913    3130.58    1449.95    4580.53   -2.23672   -193.996
      1100          0    1759.37     280.68   -26.5739          0    3143.73    1451.42    4595.14   -1.47049   -195.974
      1000          0    1759.37    280.736   -27.0588          0    3154.78    1452.39    4607.17  -0.970984    -196.21
       900          0    1759.37    280.928   -27.1232          0    3166.21    1453.66    4619.88   -1.27835   -196.672
       800          0    1759.37    281.184   -26.9051          0    3178.83     1455.8    4634.63    2.13638   -197.264
       700          0    1759.37     281.47   -26.3657          0    3189.18     1458.4    4647.57    2.59645   -197.919
       600          0    1759.37    281.774   -25.3583          0    3209.34       1459    4668.33  -0.598796   -198.576
       500          0    1759.37    282.087   -24.0727          0    3229.92    1460.44    4690.36   -1.44466   -199.196
       400          0    1759.37    282.406   -22.4844          0    3262.85    1460.76    4723.62   0.321361   -199.749
       300          0    1759.37    282.728   -20.6504          0    3285.04    1465.76     4750.8   -5.00129   -200.215
       200          0    1759.37    283.051   -18.3435          0    3313.98    1471.52    4785.51   -5.75811   -200.577
       100  0.0931257    1759.46    283.373   -15.1375    1.88246    3328.05    1473.44    4801.49   -1.91808   -200.814
         0          0    1768.68    283.582   -11.5657          0    3329.19    1490.42     4819.6    16.9758   -202.442