     20000          0          0    179.437    429.318          0    3.71223    14.2831    17.9953    14.2831    61.8944
     19900    0.34965    0.34965    179.437    428.357          0     6.5094     29.736    36.2454     15.453    61.6664
     19800   0.247059    35.2121    180.054    426.742          0    9.74742    45.7418    55.4893    16.0058     53.297
     19700   0.298527    59.9695    181.228    425.053          0    12.1209    58.1134    70.2343    12.3715    49.2081
     19600   0.242236    89.7659    182.637    423.373   0.115479    31.3142    66.8961    98.2102     8.7827    44.8061
     19500   0.198312    113.946    184.097    419.823    0.53905    37.0573    71.7493    108.807    4.85319    42.5835
     19400          0    133.578    185.288    415.383          0    42.2146    77.9816    120.196    6.23237    41.6901
     19300          0    133.578    186.005    411.802          0    46.7122    83.5262    130.238    5.54453     45.257
     19200   0.194133    133.773    186.337    408.683   0.306288    50.1953    88.7692    138.964    5.24302    47.7209
     19100   0.171511    153.163     186.72    407.032   0.399503    54.4274    93.1391    147.566    4.36995    44.9776
     19000   0.177172     170.32    187.242    406.274   0.374044    58.4014     97.797    156.198    4.65785    43.2737
     18900   0.196995    188.057    187.795    403.674   0.417888     62.475    102.712    165.187     4.9147    41.7015
     18800          0     207.56    188.382    399.997          0    70.7177    104.299    175.017    1.58776    39.8703
     18700          0     207.56     188.76     397.59          0    91.1079    106.809    197.917     2.5097    42.6773
     18600          0     207.56    188.866     395.93          0    124.988    111.843    236.831    5.03369      44.63
     18500          0     207.56    188.835    394.491          0    166.437    112.558    278.995   -0.71499     45.963
     18400          0     207.56     188.73    393.217          0     174.57    113.617    288.187   -1.05961    46.8368
     18300  0.0245683    207.584    188.584    390.242    1.76445    179.082    114.181    293.263   -0.56388    47.3321
     18200          0    210.016    188.397     386.16          0    203.221    114.558     317.78  -0.376976     46.898
     18100          0    210.016    188.197    382.733          0    251.248    115.262     366.51   -0.70354    46.8333
     18000          0    210.016    188.008    379.567          0    294.541    115.308    409.849  0.0458277    46.4923
     17900          0    210.016    187.827    378.782          0    330.299    116.951     447.25     1.6434    45.9719
     17800          0    210.016    187.654    379.467          0    363.972    119.627      483.6    2.67609    45.4236
     17700          0    210.016    187.489    377.738          0    397.024    121.858    518.882    2.23057    44.8715
     17600          0    210.016    187.333    374.677          0    419.027     128.25    547.277    6.39199    44.2072
     17500   0.207932    210.224    187.184    374.884   0.271631    424.863     134.45    559.314    6.20064     43.406
     17400  0.0985031    230.908    189.939    406.928   0.718436    456.281    136.294    592.576    1.84393    36.9273
     17300   0.117443    240.777    190.935    416.609   0.641522     488.25    138.082    626.333    1.78806    35.4213
     17200   0.269418    252.674    191.551     422.47   0.220121     527.79    143.616    671.406    5.53377    34.0804
     17100   0.253361    279.599    192.366    425.813  0.0844568    586.453     149.88    736.334    6.26431     29.684
     17000    0.29626    304.978    193.577    427.372          0    641.085    158.404    799.489    8.52338    26.6152
     16900   0.285869    334.594     195.18    422.821          0    687.376    166.849    854.224    8.44499    23.0949
     16800   0.270887    363.166    197.118    414.043          0    732.088    174.921    907.009    8.07199    20.1156
     16700   0.277396    390.261    199.279    403.869          0    777.228    183.532     960.76    8.61137    17.4709
     16600   0.343478    418.067     201.61    392.448          0    818.646    195.072    1013.72    11.5402    14.5025
     16500   0.140771    452.212    204.163    391.753   0.517755    863.239    199.263     1062.5    4.19055    10.1232
     16400    0.24263    466.391    206.633    398.583  0.0777561    921.132    206.597    1127.73    7.33421    11.0836
     16300   0.128607     490.54    209.014    402.381   0.669706    987.813    210.099    1197.91    3.50172    9.81543
     16200     0.2613    503.533    211.297    404.741          0    1058.63    218.247    1276.88    8.14812    11.4078
     16100   0.294663    529.697    213.617    395.117          0    1124.61    228.367    1352.98    10.1205    9.60106
     16000   0.233509    559.102    216.199    377.139  0.0795741    1178.99    235.872    1414.86    7.50454    6.70078
     15900   0.162082    582.381    218.889    367.298   0.392045    1226.98    240.835    1467.81     4.9632    4.82091
     15800   0.114138    598.542     221.46    362.637    1.79754    1276.87    241.735    1518.61   0.899539    4.36586
     15700     0.1375    609.979    223.672    359.436    1.95104    1326.61    241.896    1568.51  -0.161694    4.70866
     15600   0.194958    623.786    225.477    357.468          2    1377.12    244.614    1621.73   -2.71727    4.20523
     15500   0.294071    643.381    226.949    354.821          2       1427    248.033    1675.03   -3.41936    2.33068
     15400   0.210653    672.705    228.083    351.739          2     1481.1    252.111    1733.21   -4.07807   -1.50744
     15300   0.153751    693.713    229.002    350.404          2    1542.82    253.796    1796.62   -1.68528   -2.88507
     15200   0.157257    709.092    229.876    350.396          2    1605.33    255.599    1860.93    -1.8023   -2.85477
     15100   0.229911     724.89    230.743    356.954    1.84372    1676.93    257.568     1934.5   -1.96954    -2.8977
     15000    0.16923     747.82    231.573    368.078          2    1762.96    259.838     2022.8    -2.2703   -4.08948
     14900   0.358813    764.933    232.369    376.923    1.85521    1860.34    263.561    2123.91   -3.72229   -3.17789
     14800   0.197849    800.653    233.047    384.372          2    1969.66    267.329    2236.99   -3.76832   -6.01421
     14700   0.168999    820.409    233.586    376.027   0.323976    2072.68     271.92     2344.6   -4.59108   -4.54362
     14600   0.304771    837.445    224.804    305.917          0    2133.56    282.956    2416.52    11.0357   -4.01616
     14500   0.329531    867.947    222.515    278.295          0    2177.31    299.789    2477.09    16.8328   -10.9968
     14400   0.323819    900.894    223.509    260.807          0    2212.52    317.634    2530.15     17.845   -19.0584
     14300   0.267254     933.22    225.771    245.359          0    2243.59    331.012     2574.6    13.3786   -26.4005
     14200   0.223024    959.901    228.381    231.981 0.00103546    2266.72    341.183     2607.9    10.1712   -31.8175
     14100   0.179524     982.16    230.951    224.394   0.211256    2288.24    348.566     2636.8    7.38276   -35.7514
     14000   0.102342    1000.03    233.298    220.529   0.599742    2299.66    352.253    2651.92    3.68687    -38.243
     13900   0.192274    1010.36    235.271    214.875   0.548623    2305.23    357.552    2662.78    5.29895   -38.8729
     13800   0.269681    1029.66    237.038    208.286    1.18917    2318.81    359.029    2677.84    1.47677    -41.538
     13700          0    1056.36    238.572    203.167          0    2321.96    361.807    2683.77    2.77837   -45.4298
     13600   0.203916    1056.57    239.848    199.387    1.14572    2325.68    363.164    2688.85    1.35736   -43.3672
     13500   0.315877    1077.07    241.003     202.23    1.83375    2328.67    368.337    2697.01   -5.17277   -46.1069
     13400   0.125787    1108.47     241.75    208.927          2     2332.5    371.047    2703.55   -2.70983   -50.2141
     13300   0.249513    1121.17    242.215     205.48          2    2335.25    376.402    2711.65   -5.35451   -49.4499
     13200   0.230027     1146.1    245.476     226.84          2    2355.74    381.963     2737.7   -5.56145   -52.1241
     13100   0.298899    1169.17     247.19    233.177          2    2381.97    393.288    2775.25    -11.325   -52.9619
     13000   0.273528    1199.04    248.258    238.703          2    2399.79     403.06    2802.85   -9.77191    -54.575
     12900     0.2725    1226.39    248.796    244.616          2    2432.39    413.149    2845.54   -10.0888   -55.0261
     12800     0.2415    1253.61    248.879     250.66          2    2472.91    421.146    2894.06   -7.99743   -55.0827
     12700   0.215397    1277.73    248.812    252.614          2     2507.8    427.355    2935.16   -6.20919   -54.3366
     12600   0.171692    1299.23    248.868    251.635          2    2523.64    431.073    2954.72   -3.71771   -53.3078
     12500   0.136001    1316.36    249.041    251.259          2    2541.77    433.127     2974.9   -2.05387   -51.8263
     12400   0.166372    1329.99    249.348    251.105          2    2557.65    436.375    2994.02   -3.24812   -50.1447
     12300   0.160998    1346.62    249.744    249.613          2    2584.33    439.333    3023.66   -2.95827   -49.6618
     12200   0.108176    1362.67    250.195    247.109    1.87929    2625.29    440.226    3065.52  -0.892349   -49.4702
     12100    858.322     2231.7    250.641    246.175          2    2675.17    442.027     3117.2    1.80127   -212.176
     12000   0.832274    87206.5    83.1312     174.96          0    2687.73    608.993    3296.73    166.966   -948.147
     11900    1.74904    87290.6    37.5282     200.03          0    2704.17    826.019    3530.19    217.026   -933.056
     11800    2.34392    87466.1     25.321    226.823          0    2751.89    1055.74    3807.63    229.719   -920.103
     11700    2.09678    87700.3    19.9251     266.59          0    2842.73    1292.39    4135.13    236.657   -908.807
     11600    2.18214      87910    14.0128     299.04          0    2972.66    1535.75     4508.4    243.351   -896.435
     11500    2.09826    88128.1    12.8057    343.792          0    3157.01    1788.71    4945.72    252.961   -885.002
     11400    2.07297    88337.9    12.5541    369.093          0    3379.15     2044.1    5423.26    255.398   -873.606
     11300    1.96114    88545.1    12.6928    379.989          0    3617.04    2296.89    5913.93    252.785   -862.105
     11200    2.09258    88741.4    13.0136    392.856          0    3867.25    2548.73    6415.98    251.836   -850.513
     11100    3.58537    88952.1    13.4386    400.611          0    4112.67    2800.19    6912.86    251.461   -839.079
     11000    3.45528    89310.5    14.1337    394.439          0    4352.51    3050.85    7403.36    250.666   -828.815
     10900    1.71427    89654.3    15.0475    377.424          0    4590.06    3303.41    7893.47    252.552   -818.878
     10800    3.28608    89827.3    15.6976     357.28          0    4822.26    3553.26    8375.51    249.852   -808.124
     10700    1.54904    90154.2    16.3477    334.697          0     5034.3    3803.14    8837.43    249.877   -799.413
     10600    1.46138      90309    16.8745     308.32          0     5220.2    4053.16    9273.36    250.026   -789.769
     10500    1.39249    90455.1    17.1283    284.534          0    5384.78    4303.53    9688.31    250.372   -780.915
     10400    1.32761    90594.3     17.328    264.571          0    5530.45     4552.4    10082.9    248.872   -772.912
     10300    3.06923    90728.8      17.51    247.925          0    5667.18    4799.79      10467     247.39   -765.779
     10200    1.18261    91033.8    18.0464    231.477          0    5787.78    5047.45    10835.2    247.654   -761.719
     10100    1.02008    91151.9    18.4587    212.786          0    5875.76    5292.69    11168.5    245.241   -755.663
     10000   0.985845    91253.9    18.5478    195.718          0    5955.77    5538.14    11493.9    245.452   -750.213
      9900   0.986492    91352.5    18.5923    180.367          0    6034.01    5783.85    11817.9    245.708   -745.519
      9800   0.910669      91451    18.6528     166.27          0    6099.91    6028.94    12128.8    245.091   -741.558
      9700          0    91541.2    18.7207    153.094          0    6162.74    6273.41    12436.1    244.467   -738.106
      9600    0.86805    91542.1    18.6002    141.674          0    6217.83    6517.44    12735.3    244.031   -733.796
      9500   0.779115    91628.8    18.5568    131.855          0    6261.88    6760.96    13022.8    243.518    -731.66
      9400   0.491022    91706.4    18.6522    122.982          0     6282.6     7007.5    13290.1    246.548   -729.758
      9300   0.429971    91755.4     18.697    115.533          0    6298.57    7252.61    13551.2    245.103    -727.72
      9200   0.389241    91798.4    18.6959    109.682   0.026782    6311.42    7497.61      13809    245.004   -725.964
      9100   0.519893    91837.4    18.6887    105.174          0    6329.33    7740.92    14070.3    243.311   -724.486
      9000   0.526969    91889.4    18.7209    101.586          0    6347.18     7981.5    14328.7    240.579   -723.539
      8900   0.208249    91941.8    18.7896     98.487    0.53372     6352.5    8223.36    14575.9     241.86     -722.8
      8800   0.517649      91963    18.7853    96.1171          0    6368.13     8465.1    14833.2     241.74   -721.665
      8700   0.626076    92014.8    18.8138    94.4671          0    6390.72    8706.69    15097.4    241.586    -721.34
      8600   0.677972    92077.5     18.932    92.7116          0    6417.76    8948.31    15366.1    241.618   -721.305
      8500    0.57767    92145.2    19.0858    90.6013          0    6437.46    9189.92    15627.4    241.614   -721.395
      8400   0.617656      92203    19.2235    88.8223          0    6459.32       9432    15891.3    242.076   -721.316
      8300   0.399829    92264.5    19.3509    87.6338          0    6468.69    9670.95    16139.6    238.949   -721.352
      8200          0    92304.1    19.4321    87.1418          0    6481.89    9910.39    16392.3    239.443   -721.008
      8100   0.485964    92304.6    19.3895    87.9777          0    6492.53    10150.4      16643     240.06   -720.047
      8000   0.638971    92353.4     19.401    89.9343          0    6512.61    10390.8    16903.4    240.324   -720.204
      7900   0.510567    92417.1     19.533    91.9848          0    6524.87    10631.2    17156.1    240.467   -720.625
      7800   0.569892    92468.2    19.6672    93.9992          0    6540.58    10871.3    17411.9    240.033   -720.738
      7700   0.614723    92525.3    19.7922     96.155          0    6559.67    11111.9    17671.6    240.608   -720.945
      7600   0.598849    92586.7    19.9326    98.3704          0    6577.66      11352    17929.7    240.167   -721.196
      7500   0.503698    92646.5    20.0736    100.605          0    6591.21    11591.8      18183    239.751   -721.365
      7400          0    92696.4    20.1865    101.576          0    6602.07    11831.2    18433.2    239.363   -721.313
      7300   0.410908    92696.8    20.1654    101.874          0    6612.01    12072.3    18684.3     241.11   -720.364
      7200   0.301697    92737.8    20.1636    101.846   0.265602    6618.65    12315.1    18933.8    242.836   -720.372
      7100   0.257696    92767.9    20.2001    101.055   0.387372     6624.4    12557.2    19181.6      242.1   -720.187
      7000   0.436995    92793.9    20.2107    99.8403          0    6637.35    12794.6    19431.9    237.389   -719.975
      6900   0.396981    92837.5    20.2726    98.0618          0    6649.35    13032.4    19681.8    237.827    -720.15
      6800          0    92876.8    20.3682    95.4909          0     6661.5      13275    19936.5    242.532   -720.221
      6700   0.369171    92877.2    20.3677    92.7929  0.0756217    6672.36    13516.7    20189.1    241.732   -719.569
      6600   0.290943      92914    20.3877    90.1695   0.295057    6680.88    13755.7    20436.6    239.012   -719.751
      6500   0.325465    92943.2    20.4426     87.179   0.199807    6690.31    13996.4    20686.7    240.657   -719.769
      6400   0.287344    92975.7    20.4968    84.3881   0.305017    6698.25    14237.1    20935.3    240.703   -719.868
      6300   0.198757    93004.3    20.5474    81.8531    0.55444    6703.42    14479.5    21182.9    242.403   -719.894
      6200          0      93024     20.568    79.7179          0    6707.89    14722.7    21430.6    243.232   -719.766
      6100      0.005      93024    20.5432    78.2217        1.1    6714.32    14966.8    21681.1    244.107   -719.317
      6000   0.219768    93024.7    20.5025    77.3988   0.496704     6718.3    15211.8    21930.1    244.998   -718.991
      5900   0.117896    93046.6    20.5064     76.892   0.782798    6720.15      15455    22175.1    243.194   -719.144
      5800          0    93058.2    20.5215    76.4811          0     6724.7      15700    22424.7    244.978   -719.083
      5700   0.283383    93058.5    20.5117    76.3336   0.318402    6729.98    15945.4    22675.3    245.388   -718.832
      5600   0.326795    93086.9     20.548    76.2196   0.195735    6737.06      16191      22928    245.602    -719.17
      5500          0    93119.3    20.6376    75.7233          0    6740.25    16436.7      23177    245.762   -719.515
      5400          0    93119.3    20.6686    74.1681          0    6743.46    16682.5    23425.9    245.756   -719.187
      5300  0.0619074    93119.3    20.6502    71.9473   0.939904    6746.88    16928.3    23675.2      245.8   -718.941
      5200          0    93125.5     20.639    69.1361          0    6757.04    17177.4    23934.5    249.161   -718.878
      5100          0    93125.5    20.6309    65.8327          0     6758.3      17426    24184.3    248.569   -718.736
      5000   0.127625    93125.6    20.6227    62.1297   0.755075    6763.97      17674      24438    247.977   -718.654
      4900  0.0489283    93138.3     20.635    58.0256   0.976393    6768.89    17923.4    24692.2    249.365   -718.856
      4800     76.206    93219.3    20.6506     53.526          0    6770.65    18173.5    24944.1    250.099   -720.526
      4700          0     100764    46.1138   -97.1128          0    6926.88    18398.8    25325.7    225.386   -814.041
      4600          0     100764    61.8502   -240.215          0    7215.27    18606.8    25822.1     207.95   -799.114
      4500          0     100764     57.724   -298.584          0    7558.08    18818.2    26376.2    211.376    -786.28
      4400      0.005     100764    53.0796   -330.903          0    7930.75    19036.2    26966.9     218.02   -775.844
      4300          0     100764    49.4244    -348.15          0    8321.39    19258.3    27579.7    222.076   -767.491
      4200          0     100764    46.6576   -356.017          0    8713.87    19483.8    28197.7    225.542   -760.799
      4100          0     100764    44.5825   -358.128          0    9102.95    19710.9    28813.9    227.118   -755.425
      4000          0     100764    43.0341   -356.882          0    9488.93    19941.2    29430.1    230.266   -751.095
      3900          0     100764    41.8831   -353.838          0    9867.67    20174.2    30041.9    233.017   -747.595
      3800          0     100764    41.0305   -350.001          0    10242.7    20406.6    30649.3     232.42   -744.759
      3700          0     100764    40.4015   -346.983          0    10608.5    20639.5    31248.1    232.923   -742.458
      3600          0     100764    39.9399   -346.461          0    10972.7    20872.8    31845.5     233.26   -740.606
      3500          0     100764    39.6033   -347.709          0    11334.8    21108.2      32443    235.397    -739.14
      3400          0     100764      39.36   -350.105          0    11698.7    21342.8    33041.6     234.64   -738.008
      3300          0     100764    39.1863   -353.583          0    12070.8      21578    33648.8    235.164   -737.161
      3200          0     100764    39.0643   -357.033          0    12440.7    21813.6    34254.4    235.636   -736.561
      3100          0     100764    38.9807   -359.014          0    12811.2    22049.3    34860.5    235.669   -736.161
      3000          0     100764    38.9256   -360.331          0    13177.4      22285    35462.4    235.674   -735.916
      2900          0     100764    38.8915   -361.166          0    13541.8    22521.6    36063.4    236.609   -735.792
      2800          0     100764    38.8729   -361.671          0    13904.4      22758    36662.4    236.427   -735.765
      2700          0     100764    38.8658   -362.246          0    14272.6    22998.1    37270.7    240.034   -735.813
      2600          0     100764    38.8669   -363.359          0    14648.8    23233.1    37881.9    235.033   -735.926
      2500          0     100764    38.8742   -364.776          0    15011.7    23472.1    38483.8    239.026   -736.097
      2400          0     100764    38.8859   -366.371          0    15371.7    23710.8    39082.6    238.714   -736.318
      2300          0     100764    38.9007   -368.114          0    15733.1    23949.1    39682.2    238.249   -736.583
      2200          0     100764    38.9179   -369.704          0    16100.3    24186.9    40287.2    237.782   -736.887
      2100          0     100764    38.9366   -370.749          0    16459.6    24424.7    40884.3    237.863   -737.219
      2000          0     100764    38.9566    -371.49          0      16818    24662.7    41480.6    237.943   -737.572
      1900          0     100764    38.9773   -371.995          0    17176.1    24901.2    42077.3    238.556   -737.937
      1800          0     100764    38.9985   -372.321          0      17532    25139.9    42671.9    238.668   -738.311
      1700          0     100764    39.0202   -372.675          0    17885.5    25379.5      43265    239.606   -738.689
      1600          0     100764    39.0421   -373.307          0    18240.7    25620.7    43861.4    241.245   -739.071
      1500          0     100764    39.0641   -374.085          0    18595.3    25860.2    44455.6    239.481   -739.458
      1400          0     100764    39.0863   -374.985          0    18948.6    26098.1    45046.7    237.864   -739.849
      1300          0     100764    39.1085   -375.976          0    19304.8    26336.7    45641.5    238.628   -740.244
      1200          0     100764    39.1307    -376.55          0    19671.8    26576.1    46247.9    239.383   -740.643
      1100          0     100764     39.153   -376.043          0    20034.4    26816.2    46850.5    240.057   -741.039
      1000          0     100764    39.1752   -374.906          0    20393.3    27056.7      47450     240.59   -741.422
       900          0     100764    39.1974   -373.121          0    20750.7    27297.2    48047.9    240.453   -741.786
       800          0     100764    39.2197   -370.858          0    21107.3    27541.3    48648.6      244.1   -742.125
       700          0     100764    39.2419   -368.044          0    21459.3    27786.1    49245.4    244.825   -742.438
       600          0     100764    39.2642   -364.512          0    21818.6      28028    49846.6    241.911   -742.718
       500          0     100764    39.2864   -360.504          0    22175.6    28269.4      50445    241.356   -742.962
       400          0     100764    39.3086   -356.013          0    22542.1    28512.8    51054.9    243.419   -743.167
       300          0     100764    39.3308   -351.161          0    22894.8    28751.2      51646    238.396   -743.331
       200          0     100764    39.3531   -345.576          0      23251    28989.1    52240.1    237.939   -743.451
       100          0     100764    39.3753   -338.716          0    23588.6    29231.2    52819.8     242.08   -743.521
         0          0     100764    39.3976   -331.058          0    23909.2    29492.4    53401.6     261.16   -743.533