     20000          0          0    179.437    401.944          0    31.0858    14.2831    45.3689    14.2831    41.7727
     19900          0          0    179.437    401.002          0    55.6439    29.7361      85.38    15.4531    41.6423
     19800          0          0    179.437    400.356          0    85.2681    46.3592    131.627    16.6231    41.5123
     19700          0          0    179.437    400.096          0    107.852    60.5222    168.374    14.1631    41.3991
     19600   0.192262   0.192262    179.437    400.133          0      111.9    72.5052    184.405     11.983    41.2671
     19500          0    19.2262    179.776    397.865          0    128.115     81.679    209.794    9.17379    36.7733
     19400          0    19.2262    180.181    394.652          0    154.003     93.018    247.021    11.3389    37.6105
     19300          0    19.2262    180.376     391.86          0    178.442    104.192    282.634    11.1741    38.0787
     19200          0    19.2262    180.473     389.15          0    194.492    115.299    309.791    11.1068     38.275
     19100          0    19.2262    180.519    388.193          0    209.099     125.87    334.969    10.5713    38.2827
     19000          0    19.2262    180.534    388.295          0    223.104    137.236     360.34    11.3662    38.2226
     18900          0    19.2262     180.53    386.624          0     236.08    149.416    385.496    12.1797     38.119
     18800          0    19.2262    180.515    383.971          0    260.349    158.871    419.219    9.45463    37.8981
     18700          0    19.2262    180.493    382.146          0    296.182    169.647     465.83    10.7765    37.5603
     18600          0    19.2262    180.468    380.725          0    345.267    183.079    528.346    13.4323    37.1614
     18500          0    19.2262     180.44    379.365          0    401.842    190.759    592.601    7.67994    36.7224
     18400          0    19.2262    180.412    378.068          0    425.124    198.018    623.141    7.25817    36.2513
     18300          0    19.2262    180.384    375.014          0     435.84    205.654    641.493    7.63612    35.7257
     18200          0    19.2262    180.357    370.874          0    475.266    213.317    688.583    7.66324     35.066
     18100          0    19.2262    180.331    367.348          0    538.678    220.479    759.157    7.16254      34.26
     18000          0    19.2262    180.306    364.052          0    597.486    228.227    825.712    7.74718    33.3509
     17900          0    19.2262    180.283    363.122          0    648.904    237.414    886.318    9.18708    32.3926
     17800          0    19.2262    180.261     363.65          0    698.394    247.483    945.877    10.0689    31.5029
     17700          0    19.2262    180.241    361.784          0      747.4    256.962    1004.36    9.47931    30.6829
     17600          0    19.2262    180.222    358.611          0    785.469    270.465    1055.93    13.5034    29.8087
     17500   0.363221    19.5895    180.204    358.695          0    807.494    283.646    1091.14    13.1811    28.8022
     17400   0.297567    55.8459    183.281    389.991          0    821.975    292.148    1114.12    8.50141    18.6652
     17300   0.304191    85.6092    184.983    398.916  0.0544506    836.251    299.888    1136.14    7.73992    13.2114
     17200   0.336671    116.061    186.545    403.843          0    857.164    310.428    1167.59    10.5401    8.98848
     17100     0.3266    149.718     188.29    406.321          0    896.335    320.768     1217.1    10.3397    4.99464
     17000   0.347911    182.399    190.292    407.105          0      930.7    332.576    1263.28    11.8084     2.0222
     16900   0.328758    217.171    192.536    401.938          0    956.108    343.665    1299.77    11.0886  -0.973357
     16800   0.307063    250.025     194.98    392.706          0    979.485    353.875    1333.36      10.21   -3.38288
     16700   0.305642     280.73    197.546    382.189          0    1002.94    364.219    1367.16     10.344   -5.45278
     16600   0.348534    311.337    200.203    370.527          0    1022.44    377.166    1399.61    12.9472   -7.79061
     16500   0.192218    346.034    202.995    369.521   0.425056     1044.8    382.524    1427.33    5.35819   -11.1512
     16400    0.25944    365.323    205.674    375.923          0    1080.03    390.818    1470.85    8.29372   -10.4905
     16300   0.141836     391.15    208.262    379.384   0.501017    1123.72    395.071    1518.79    4.25355   -11.2099
     16200   0.280321    405.472    210.731    381.489          0    1171.29    403.785    1575.07    8.71365   -9.16889
     16100   0.298257    433.522     213.21    371.845          0    1213.99    414.312     1628.3    10.5275   -10.6895
     16000   0.237034    463.286    215.908    354.041   0.050341    1245.27    422.107    1667.38    7.79486   -13.0027
     15900   0.165966    486.919    218.682    344.267   0.364968    1270.23    427.278    1697.51    5.17042   -14.4223
     15800   0.108752    503.458    221.317    339.604    1.77716    1297.09    428.321    1725.42     1.0433   -14.5318
     15700   0.133614    514.358    223.573    336.408    1.94358     1323.8    428.384    1752.19 -0.0631225   -13.7196
     15600   0.191555    527.777    225.409    334.445          2    1351.29    431.033    1782.32   -2.64852   -13.8646
     15500   0.200401    546.942    226.899    331.829          2    1378.18    434.402    1812.58   -3.36933    -15.415
     15400   0.211018    566.992    228.119    328.893          2    1409.43    438.516    1847.95   -4.11396   -17.0317
     15300   0.157333     588.04    229.145    327.638          2    1448.39    440.345    1888.73   -1.82866    -18.708
     15200   0.161405    603.778    230.078    327.641          2    1488.14    442.349    1930.49   -2.00455   -18.9785
     15100   0.166282    619.923    230.973    334.076          2    1536.86    444.549    1981.41   -2.19934   -19.2355
     15000   0.189664    636.575    231.829    345.073          2    1599.89    447.075    2046.96   -2.52659   -19.1361
     14900   0.205557    655.557    232.634    353.792          2    1674.14    451.063     2125.2   -3.98746   -18.9777
     14800   0.204179    676.112    233.374    361.295          2    1760.37    455.157    2215.53   -4.09486   -18.6854
     14700   0.159724    696.485    233.997    353.232   0.357592     1840.6     460.16    2300.76   -5.00277   -18.1786
     14600   0.333109    712.631    225.176    284.508          0    1880.07    470.825     2350.9    10.6644   -18.1002
     14500   0.322895    745.932    222.886    257.344          0    1902.87    487.287    2390.16    16.4619   -26.0681
     14400  0.0174141    777.915    223.895    240.134          0    1917.41    504.746    2422.15     17.459   -34.0255
     14300          0    779.639      225.6    225.597          0    1928.72    518.295    2447.02      13.55   -35.1493
     14200          0    779.639    227.101    213.451          0    1933.32    529.747    2463.06    11.4511   -36.5636
     14100   0.273099    779.913    228.443     207.02   0.141236    1937.46    539.637     2477.1    9.89064   -38.3021
     14000   0.114138    807.064    230.112    203.599          0    1942.96     546.51    2489.47    6.87306   -45.4384
     13900          0    818.363     231.97    198.111          0    1954.17    555.111    2509.28    8.60028   -47.8262
     13800          0    818.363    233.523    192.018          0    1956.85    560.102    2516.95    4.99156   -47.6724
     13700          0    818.363    234.788    187.672          0     1975.5    566.665    2542.16    6.56239    -47.887
     13600          0    818.363     235.91    184.284          0    1986.88     571.96    2558.84     5.2952   -48.3144
     13500          0    818.363     236.95     187.55          0    1998.57     573.08    2571.65   -1.12043   -48.7709
     13400          0    818.363    237.936    194.879          0    2008.79    574.184    2582.97    1.10365   -48.9071
     13300   0.200969    818.564     238.88    191.936          2    2019.59    576.204    2595.79   -2.01971   -48.8582
     13200   0.180435    838.641    242.366    213.004          2    2026.24    578.654    2604.89   -2.45052   -53.2177
     13100   0.265082    856.769    244.302    219.367          2    2038.66    587.091    2625.75   -8.43714   -55.3051
     13000   0.238825    883.251    245.579    224.892          2    2042.67    594.184    2636.86   -7.09284    -58.198
     12900   0.239961    907.134    246.306    230.771          2    2061.43    601.782    2663.21   -7.59813   -59.5897
     12800   0.206953    931.097    246.564     236.76          2    2088.05    607.464    2695.51   -5.68169   -60.4011
     12700   0.193255    951.779     246.66    238.703          2    2109.03    611.521    2720.55   -4.05749   -60.1839
     12600   0.126439    971.038    246.861    237.737          2    2110.97    613.232     2724.2   -1.71066   -59.7944
     12500   0.077236    983.632    247.177    237.375    1.64465    2115.22    613.421    2728.64  -0.189468   -58.3189
     12400   0.130961     991.41    247.683     237.25          2    2117.24    615.004    2732.24   -1.58277   -56.3537
     12300   0.129253     1004.5    248.295    235.789          2    2130.09    616.513    2746.61   -1.50888   -56.1218
     12200  0.0585354    1017.36    248.928    233.317    1.50556    2157.27    616.888    2774.16    0.37495   -56.1825
     12100   0.127699    1023.28    249.679    232.476   0.468226    2193.44    619.652    2813.09    2.76344   -55.1085
     12000    0.11603    1036.04    250.699     232.57    1.93803    2238.49    620.253    2858.74   -0.60176   -55.9077
     11900   0.119881    1047.65    251.804    233.627    0.50564    2288.53    623.004    2911.53    2.75035   -56.4851
     11800  0.0773252    1059.59    253.006    235.391   0.725596    2344.81    625.038    2969.85    2.03405   -57.1185
     11700   0.293864    1067.54    254.377    244.853          0    2413.92    627.243    3041.16    2.20483   -56.7358
     11600   0.378909    1097.01    242.645    218.873          0    2463.67    641.962    3105.63    14.7191   -60.7155
     11500   0.614699    1135.14    239.664    200.104          0    2504.34    668.064    3172.41    26.1026   -67.9136
     11400    0.37468    1196.37    241.131    174.472          0    2531.86    694.885    3226.74    26.8206    -79.806
     11300   0.324048    1233.79    244.204     161.42          0    2551.17    716.158    3267.33    21.2736   -85.7596
     11200   0.285341    1266.15    247.486    155.611          0    2564.15    733.522    3297.67    17.3637   -90.1188
     11100          0     1294.4    250.701    146.475          0    2572.87    747.721    3320.59    14.1988   -93.1676
     11000          0     1294.4    253.293    136.335          0    2591.13    759.228    3350.36    11.5074   -90.7334
     10900          0     1294.4    255.214    130.608          0    2600.39    771.614    3372.01    12.3859   -89.4333
     10800          0     1294.4    256.801    127.335          0    2602.64    780.364    3383.01    8.74949   -88.7847
     10700          0     1294.4    258.192    123.254          0    2603.24    788.396    3391.64    8.03271    -88.573
     10600          0     1294.4    259.456    118.813          0    2606.85    795.841    3402.69    7.44408   -88.7522
     10500          0     1294.4    260.625    116.129          0    2610.67    802.716    3413.39    6.87508   -89.2283
     10400          0     1294.4    261.719    114.477          0    2615.09    807.197    3422.29    4.48135   -89.8579
     10300  0.0758549    1294.48     262.75    113.411   0.682242    2617.31    809.347    3426.66    2.14988   -90.5853
     10200          0    1301.99    263.789    112.132          0    2618.57    811.258    3429.82    1.91094   -92.7943
     10100          0    1301.99    264.794     109.87          0    2633.51    812.352    3445.86   -1.09399   -93.2766
     10000          0    1301.99    265.724    107.333          0    2641.88    814.076    3455.95   -1.72385   -93.9482
      9900          0    1301.99    266.605    104.636          0    2644.38    816.381    3460.76   -2.30532   -94.7831
      9800   0.153426    1302.14    267.449    101.813          2    2645.82    820.086    3465.91   -3.70493   -95.7913
      9700   0.143614    1317.47    268.045    98.6747          2    2654.24    824.943    3479.18    -4.8572   -99.8429
      9600   0.152484    1331.84     268.37    95.3675          2    2663.03    830.682    3493.71   -5.73886   -103.098
      9500   0.189781    1347.13    268.549    91.9703          2    2667.19    837.156    3504.34   -6.47432   -106.152
      9400   0.134672    1366.05    268.583    89.2803    1.99091    2680.17    840.539    3520.71   -3.38292   -109.578
      9300          0    1379.38    268.574    87.0994          0    2692.63    845.313    3537.94   -4.77374    -111.52
      9200          0    1379.38    268.768    85.3932          0    2704.07    850.381    3554.45   -5.06801   -110.879
      9100   0.140212    1379.52    269.176    83.9624          2    2707.37    857.557    3564.92    -7.1764   -110.798
      9000          0    1393.41    269.487    82.5008          0     2708.6    867.744    3576.35   -10.1869   -113.674
      8900          0    1393.41    269.806    81.2727          0     2720.5      876.9     3597.4   -9.15619   -113.567
      8800          0    1393.41    270.267    80.2181          0    2720.76    886.643    3607.41   -9.74212   -113.806
      8700   0.200291    1393.61    270.792    79.2538          2    2728.13    897.034    3625.17   -10.3918    -114.33
      8600    0.19822    1413.63    271.069    78.0883          2    2740.56    907.553    3648.11   -10.5187   -118.746
      8500   0.194911    1433.45    271.032    76.8572          2    2746.51    917.885     3664.4   -10.3321   -122.319
      8400   0.186722    1452.93     270.85    76.1042          2    2755.65    927.435    3683.08   -9.54982   -125.245
      8300          0    1471.42    270.604    75.6897          0    2758.22    939.739    3697.96   -12.3037   -127.542
      8200   0.208723    1471.63    270.583     75.764          2    2760.04    951.447    3711.49    -11.708    -126.17
      8100   0.226605    1492.52    270.558    75.8852          2     2761.5    962.555    3724.05    -11.108   -129.181
      8000   0.195531    1515.15    270.298    76.0407          2    2767.68    973.128    3740.81   -10.5728   -131.969
      7900          0    1534.51    269.952    76.4267          0    2770.98     983.08    3754.06   -9.95247   -133.658
      7800  0.0448408    1534.55    269.862    77.2644          2       2772    993.242    3765.24   -10.1616   -131.578
      7700   0.190577    1539.18    270.016    78.3325          2    2773.27    1002.86    3776.13   -9.61621    -130.98
      7600   0.191838    1558.24    270.042    79.3683          2    2774.28     1012.8    3787.08   -9.94157   -133.269
      7500          0    1577.23    269.866    80.4457          0    2780.89    1022.84    3803.73   -10.0412   -135.046
      7400          0    1577.23    269.861    80.8238          0    2790.78    1033.15    3823.93   -10.3109   -132.994
      7300          0    1577.23    270.122    80.7824          0    2801.94       1042    3843.94   -8.84735   -131.542
      7200          0    1577.23     270.51    80.4778          0    2816.67    1049.51    3866.17   -7.51016   -130.543
      7100          0    1577.23    270.964    79.9781          0    2831.99    1058.17    3890.16   -8.66435   -129.882
      7000          0    1577.23    271.458    79.3228          0    2839.56    1072.03    3911.59   -13.8578   -129.477
      6900          0    1577.23    271.976    78.5521          0    2847.07    1085.91    3932.97   -13.8764   -129.267
      6800   0.181666    1577.41    272.512    77.6864          2    2852.73    1095.52    3948.24   -9.61154   -129.247
      6700          0     1595.4    272.805    76.5092          0    2858.15    1106.22    3964.37   -10.7052   -132.635
      6600          0     1595.4    273.055    75.4281          0    2864.37    1119.88    3984.25   -13.6551   -131.987
      6500          0     1595.4     273.46    74.4044          0    2867.71    1132.24    3999.95   -12.3595    -131.63
      6400          0     1595.4    273.929    73.6772          0    2870.49    1144.97    4015.45    -12.729   -131.485
      6300          0     1595.4    274.427    73.1172          0    2874.05    1156.44    4030.49   -11.4765    -131.48
      6200          0     1595.4    274.937    72.6528          0    2885.59    1167.58    4053.17   -11.1367   -131.569
      6100          0     1595.4    275.451    72.2716          0    2897.96    1178.38    4076.34   -10.8013    -131.72
      6000          0     1595.4    275.962    71.9452          0    2899.43    1188.84    4088.27    -10.462   -131.912
      5900          0     1595.4    276.464    71.6623          0    2902.81    1201.61    4104.42   -12.7639    -132.13
      5800          0     1595.4    276.955    71.4145          0    2912.43    1213.06    4125.49   -11.4554   -132.362
      5700          0     1595.4    277.438    71.1965          0    2912.57     1224.6    4137.18   -11.5376   -132.601
      5600   0.209325    1595.61    277.913    71.0045          2    2914.44    1236.36     4150.8   -11.7632   -132.886
      5500          0    1616.33    278.088    70.5562          0    2922.79    1248.05    4170.85   -11.6884   -136.963
      5400          0    1616.33    278.196    69.5528          0    2930.62    1259.82    4190.44   -11.7712   -136.286
      5300          0    1616.33    278.476    68.2351          0    2930.91    1271.85    4202.75   -12.0255   -135.906
      5200          0    1616.33    278.828    66.7056          0    2943.49    1280.88    4224.37   -9.02773   -135.767
      5100   0.195488    1616.53    279.211     65.034          2    2943.95    1290.89    4234.84    -10.011    -135.86
      5000   0.216341     1636.1    279.329    62.9693          2    2950.46    1301.62    4252.08   -10.7292   -139.684
      4900   0.177488    1657.69    279.088    60.6745          2    2958.04    1310.71    4268.74   -9.08784   -143.124
      4800   0.165427    1675.43    278.703    58.3236          2    2961.08    1318.66    4279.74   -7.95339   -145.246
      4700          0     1691.8    278.299    55.9558          0    2964.24    1325.46     4289.7   -6.79931   -146.862
      4600   0.171533    1691.98    278.123    53.8012          2    2969.87    1333.78    4303.65   -8.32307   -145.431
      4500   0.175189    1709.13    277.979    51.4903          2    2977.14    1342.66     4319.8   -8.87858   -147.723
      4400   0.149997    1726.63    277.671    49.4256          2     2984.8    1349.23    4334.03   -6.57101   -149.794
      4300   0.141151    1741.62     277.32     47.567          2    2989.87    1355.05    4344.93   -5.82019   -151.188
      4200   0.166756    1755.76    276.986    45.8333          2    2999.24    1359.84    4359.08   -4.78592   -152.373
      4100   0.129519     1772.4    276.631    44.1572          2    3012.45    1364.77    4377.22   -4.93095   -154.001
      4000    0.10168    1785.32    276.291    42.5679          2    3025.92    1367.76    4393.67   -2.99132    -154.85
      3900  0.0647586    1795.45    276.035    41.0717    1.67766    3042.08    1368.89    4410.98   -1.13487   -155.278
      3800  0.0963213    1801.96    275.932    39.6638    1.98368    3056.76    1371.38    4428.13   -2.48247   -155.235
      3700  0.0972218    1811.59    275.892    37.6673    1.99621    3075.55    1373.94     4449.5   -2.56674    -156.04
      3600   0.097854    1821.32    275.827    34.0985          2     3091.9    1376.57    4468.47   -2.62674   -157.008
      3500  0.0562408    1831.06    275.752     29.846    1.60343    3107.41    1377.32    4484.73  -0.751648   -158.159
      3400  0.0835829    1836.71     275.77    25.3906    1.87582    3118.94    1379.09    4498.03   -1.76955   -158.763
      3300          0    1844.99    275.845    20.6716          0    3121.12    1380.59     4501.7   -1.49535    -160.18
      3200  0.0758482    1845.06     276.01    16.3835    1.80444    3124.61     1381.9    4506.51   -1.31006   -160.311
      3100   0.069506    1852.64    276.212    13.3731    1.95791    3126.54    1383.46    4509.99   -1.56229   -162.226
      3000  0.0837923     1859.6    276.367    10.8009    1.88814    3131.45    1385.23    4516.68   -1.76735   -163.999
      2900  0.0715831    1867.97    276.487    8.53766    1.66804    3136.74    1386.21    4522.95   -0.98716   -166.007
      2800  0.0747649    1875.13    276.627    6.50813    1.80149    3142.33    1387.54    4529.87   -1.32658   -167.721
      2700          0    1882.53    276.786    4.47061          0    3143.81    1389.65    4533.46    2.11373    -169.46
      2600          0    1882.53    277.022    2.18946          0    3154.45    1392.78    4547.23   -3.12215   -169.878
      2500          0    1882.53    277.353  -0.146128          0    3156.23    1393.32    4549.55   0.546766   -170.615
      2400  0.0458174    1882.58    277.732   -2.50273    1.51392    3160.02    1393.45    4553.47  -0.131798   -171.599
      2300  0.0487898    1887.17    278.109   -4.94951    1.99783     3161.8    1394.41    4556.22  -0.959247   -173.565
      2200   0.088832    1892.08    278.428   -7.29719    1.86601    3166.61    1396.14    4562.75   -1.72806   -175.533
      2100  0.0848964    1900.96    278.653   -9.29568    1.91763    3168.83       1398    4566.82   -1.85324   -178.127
      2000  0.0849301    1909.45    278.803   -11.1487    1.92047    3170.78     1399.9    4570.68   -1.90305   -180.417
      1900  0.0632039    1917.92    278.911   -12.8741    1.91513    3171.78    1401.28    4573.06   -1.37766    -182.54
      1800  0.0735793    1924.26    279.023   -14.4689    1.80746    3173.68    1402.63    4576.32   -1.35597    -184.16
      1700  0.0523427    1931.59    279.153   -16.0763    1.58964    3176.81    1403.16    4579.96  -0.526127   -185.942
      1600          0    1936.77    279.331   -17.8503          0    3177.07    1404.11    4581.19   0.956241   -187.299
      1500          0    1936.77    279.599   -19.5952          0    3177.22    1405.17    4582.39   -1.05449   -187.811
      1400   0.112337    1936.89    279.937   -21.3411          2    3177.63    1408.16    4585.78   -2.98725   -188.599
      1300   0.117635    1948.13    280.149   -23.2421    1.83468    3181.08    1410.57    4591.65    -2.4127   -191.495
      1200          0    1959.77    280.208   -24.9445          0    3196.47    1412.26    4608.73   -1.69498   -194.119
      1100          0    1959.77    280.343   -25.7569          0    3208.79     1413.4    4622.19   -1.13336   -194.442
      1000          0    1959.77    280.606     -26.17          0    3218.96    1414.24     4633.2  -0.841043   -194.994
       900          0    1959.77    280.927   -26.2133          0    3229.48    1415.51    4644.99   -1.27673    -195.68
       800          0    1959.77    281.275   -25.9871          0    3241.18    1417.56    4658.74    2.04546   -196.429
       700  0.0525356    1959.82    281.636   -25.4459          0    3250.61    1419.99     4670.6    2.43105   -197.204
       600          0    1965.02    282.106   -24.5236          0    3269.93    1420.92    4690.85  -0.931116   -198.838
       500  0.0979693    1965.12    282.602   -23.2973    1.89671    3289.74    1422.88    4712.62   -1.95903   -199.326
       400          0    1974.82    282.914   -21.8568          0    3322.05    1423.07    4745.11  -0.186734   -201.432
       300          0    1974.82    283.174   -20.0949          0    3343.67    1428.52    4772.19   -5.44776   -201.416
       200          0    1974.82    283.496   -17.8016          0    3372.08    1434.72     4806.8   -6.20387   -201.424
       100          0    1974.82    283.845   -14.5913          0    3385.59    1437.11     4822.7   -2.38954   -201.381
         0          0    1974.82    284.201   -10.8879          0    3386.06    1453.47    4839.52    16.3566   -201.226