    20000         0         0   179.437   408.788         0   24.2424   14.2831   38.5255   14.2831   46.8031
    19900         0         0   179.437   407.841         0   41.9616   29.7361   71.6978   15.4531   46.6721
    19800         0         0   179.437   407.191         0   64.7502   46.3592   111.109   16.6231   46.5415
    19700         0         0   179.437    406.93         0   80.4998   60.5222   141.022   14.1631   46.4277
    19600 0.0656624 0.0656624   179.437   406.967         0   83.2871   72.5053   155.792    11.983    46.329
    19500         0   6.56624   179.553   405.029         0   92.3376   81.9025    174.24   9.39722   44.7351
    19400         0   6.56624   179.691   402.066         0   110.812   93.7315   204.544   11.8291   44.9234
    19300         0   6.56624   179.758   399.392         0    127.72   105.524   233.244   11.7925   44.9145
    19200         0   6.56624   179.791   396.749         0   136.172   117.313   253.484   11.7887   44.7546
    19100         0   6.56624   179.808   395.835         0   143.136   128.595   271.731   11.2822   44.4942
    19000         0   6.56624   179.814   395.963         0   149.473   140.681   290.154   12.0857    44.231
    18900         0   6.56624   179.815   394.292         0   154.781   153.576   308.357   12.8953   43.9723
    18800         0   6.56624   179.811   391.622         0     171.4   163.735   335.134   10.1586    43.632
    18700         0   6.56624   179.806   389.779         0   199.601   175.199   374.799   11.4643   43.2013
    18600         0   6.56624   179.799   388.338         0   241.073     189.3   430.373   14.1012   42.7298
    18500         0   6.56624   179.791   386.955         0   290.058   197.629   487.687   8.32878   42.2337
    18400         0   6.56624   179.783   385.635         0   305.773   205.515   511.289   7.88658   41.7172
    18300         0   6.56624   179.776   382.547         0   308.956    213.76   522.716   8.24433   41.1552
    18200         0   6.56624   179.768   378.367         0   340.889   222.012   562.901   8.25184   40.4656
    18100         0   6.56624   179.761   374.806         0   396.843   229.744   626.587   7.73235   39.6343
    18000         0   6.56624   179.754   371.477         0   448.227   238.043    686.27   8.29914   38.7039
    17900         0   6.56624   179.748   370.528         0   492.239   247.765   740.004   9.72218   37.7273
    17800         0   6.56624   179.742   371.047         0   534.332   258.353   792.685   10.5881   36.8225
    17700         0   6.56624   179.736   369.158         0   575.964   268.337   844.301   9.98372   35.9897
    17600         0   6.56624   179.731   365.958         0   606.686   282.331   889.017   13.9939   35.1043
    17500 0.0744791   6.64072   179.726   366.033         0   621.373    295.99   917.363   13.6588   34.1637
    17400 0.0648894    14.079   182.485   397.976         0    643.84   305.287   949.127   9.29712   30.7166
    17300 0.0658846    20.569   183.488   407.808         0   667.008   314.522   981.529   9.23491   29.3137
    17200 0.0787619   27.1703   184.182   413.823         0   697.901   327.425   1025.33   12.9029   28.5219
    17100 0.0808098   35.0485    184.92   417.572         0   748.323   341.135   1089.46   13.7103   27.7842
    17000 0.0929395   43.1417   185.805   419.744         0   795.326    357.43   1152.76   16.2948   27.2499
    16900 0.0885392   52.4312   186.861    415.98         0   834.777   374.193   1208.97   16.7636   26.5104
    16800 0.0888311   61.2854   188.073    408.13         0   873.577   391.311   1264.89   17.1173   25.6953
    16700  0.104622   70.1843    189.41   398.927         0   913.774   409.791   1323.56   18.4799   24.5276
    16600  0.100778   80.6427   190.871   388.471         0   951.214   432.069   1383.28   22.2786   22.6367
    16500 0.0836057   90.7034   192.442   388.913         0   992.967   447.981   1440.95   15.9118   20.7322
    16400 0.0941372   99.0745   194.075   396.679         0   1048.96   467.873   1516.83   19.8922    19.673
    16300 0.0853038   108.479   195.763   401.327         0   1114.58   484.626   1599.21   16.7531    18.887
    16200 0.0983243   117.023   197.498   404.412         0   1185.08   506.573   1691.65   21.9467   18.6317
    16100  0.103381    126.86   199.283   395.424         0   1251.36   531.028   1782.39   24.4545     18.08
    16000 0.0983475   137.193   201.126   378.182         0   1306.78   553.605   1860.39   22.5771   16.8504
    15900  0.093674   147.023   203.013   369.129         0    1356.6   574.444   1931.04   20.8397   15.1173
    15800  0.084512   156.382   204.923   365.063         0   1408.92   591.881    2000.8   17.4366   13.3714
    15700 0.0820635    164.83    206.84   362.249         0   1461.47   608.551   2070.02   16.6696   11.8875
    15600 0.0740067   173.029   208.756   360.532         0   1515.04   622.555    2137.6   14.0044   10.5221
    15500 0.0701775   180.426   210.663   358.081         0   1568.19   635.422   2203.61   12.8671    9.4175
    15400 0.0652477   187.438   212.558   355.261         0   1625.81    646.87   2272.68   11.4475   8.39294
    15300 0.0759949   193.974   214.438   354.126         0   1691.25   659.748      2351   12.8788    7.4772
    15200 0.0658807   201.563   216.318   354.143         0   1757.51   671.504   2429.01    11.755   6.39558
    15100 0.0617635   208.147   218.196   360.683         0   1832.84   682.081   2514.92   10.5771   5.81863
    15000 0.0568055   214.319   220.058   371.824         0   1922.61   691.325   2613.94   9.24479   5.88202
    14900 0.0461893   219.989   221.899   380.618 0.0858813   2023.69   698.074   2721.76   6.74807    6.6493
    14800 0.0406419   224.602   223.704    388.21  0.206317   2136.84   703.648   2840.49   5.57482   8.02645
    14700 0.0553905   228.681   225.403   379.897         0   2243.73    707.24   2950.97   3.59184   9.49986
    14600 0.0744277   234.239   217.825   310.088         0   2308.79   725.255   3034.04   18.0146   8.76405
    14500 0.0794878   241.687   215.641   282.629         0   2356.87   748.962   3105.83   23.7069   3.34739
    14400 0.0849204   249.641   216.023   265.525         0    2396.8   774.293   3171.09    25.331   -3.0384
    14300 0.0833355   258.131   217.338   250.605         0   2433.12   796.104   3229.22   21.8117  -9.24502
    14200 0.0684716    266.45   218.943   237.746         0   2462.01   815.714   3277.72   19.6098  -14.7972
    14100 0.0646403   273.293   220.575   230.638         0   2489.77   833.473   3323.24   17.7585  -19.2964
    14000 0.0583952   279.751   222.149   227.163         0   2507.83   848.309   3356.14   14.8363  -22.9223
    13900  0.062599   285.595   223.647   221.679         0    2520.2   865.232   3385.43   16.9233  -25.7397
    13800 0.0818237   291.874   225.084    215.31  0.209883   2540.81   878.663   3419.47   13.4308  -28.2833
    13700 0.0579387   300.033   226.487   210.545         0   2545.03   893.526   3438.56   14.8633  -30.9533
    13600 0.0624987   305.831   227.844   206.733         0   2556.09   906.888   3462.98   13.3613  -32.7733
    13500 0.0363803   312.055   229.161   209.708  0.195885   2566.56   913.556   3480.12   6.66873  -34.4126
    13400 0.0663971   315.723   230.394   216.872  0.439449   2578.34   922.202   3500.54   8.64553  -34.9421
    13300 0.0240472    322.32   231.554   213.563  0.522987   2589.17   927.508   3516.67   5.30619  -35.7908
    13200 0.0342424   324.735   235.307   235.002  0.538003   2617.82   932.116   3549.93    4.6083  -35.9192
    13100 0.0340179   328.159   237.733   241.642         2   2652.51   933.984   3586.49  -1.86782  -35.2881
    13000 0.0441977   331.571   239.654   247.555   1.77491   2679.19   935.152   3614.34  -1.16782  -34.2922
    12900 0.0327573   335.979   241.124    253.88         2   2721.06   937.569   3658.62   -2.4164   -33.339
    12800 0.0263547   339.249   242.175   260.333         2   2771.25   938.862   3710.11  -1.29338  -31.9835
    12700 0.0217472    341.88   243.075   262.659   1.84071   2816.18   939.334   3755.52 -0.472174   -30.522
    12600  0.233625   344.266   244.064   262.002   1.18466   2842.39    940.42   3782.81   1.08643  -29.3201
    12500 0.0163771   367.411   245.115   261.599  0.712097   2870.86   942.293   3813.15   1.87254  -33.0329
    12400 0.0202848   369.053   246.229   261.378   1.79263   2897.01   942.422   3839.43 -0.128589  -31.4063
    12300 0.0233836   371.085   247.373     259.9    1.9064   2933.98   943.009   3876.99 -0.586995   -30.383
    12200 0.0117833   373.411   248.521   257.434   1.48894   2985.27    943.79   3929.06  0.781334  -29.8975
    12100  0.023426   374.601    249.69   256.572  0.527369   3045.54   946.542   3992.08   2.75249   -29.539
    12000 0.0252619   376.946   250.911   256.715   1.97412   3114.73   947.356   4062.08  -0.81361   -29.698
    11900 0.0199161   379.467   252.156   257.873  0.614683   3189.01   949.754   4138.76   2.39831   -29.995
    11800   140.777   522.215   253.411   259.766         2   3269.67   951.383   4221.05   1.62871  -63.7225
    11700         0   14459.1   174.325   196.667         0   3290.59   1033.64   4324.23   82.2566  -762.816
    11600         0   14459.1   90.2223   135.117         0   3324.59   1200.78   4525.37   167.142  -703.959
    11500         0   14459.1   69.7311   106.947         0   3377.07   1396.82   4773.89   196.036      -654
    11400         0   14459.1   62.7829   75.5717         0   3448.46   1601.99   5050.44   205.169  -610.395
    11300         0   14459.1   59.6614   63.4748         0   3527.09    1807.8   5334.89   205.816  -571.261
    11200         0   14459.1   58.0229   61.7504         0   3607.98   2014.63   5622.61   206.827  -535.717
    11100         0   14459.1   57.1409   56.6989         0   3706.47   2222.39   5928.86   207.759  -503.463
    11000         0   14459.1   56.6929   50.4789         0   3810.59    2430.5   6241.09   208.107  -474.525
    10900         0   14459.1   56.4964   49.9083         0   3900.56    2641.6   6542.16   211.104  -448.891
    10800         0   14459.1   56.4408   52.1434         0    3973.5   2850.71   6824.21   209.109  -426.379
    10700         0   14459.1   56.4604   52.9584         0   4043.19   3060.47   7103.67   209.765  -406.797
    10600         0   14459.1   56.5173   52.9697         0   4112.65   3270.86    7383.5   210.383  -389.974
    10500         0   14459.1   56.5912   54.9704         0   4177.63   3481.76   7659.39   210.909  -375.683
    10400         0   14459.1   56.6717   57.8524         0   4238.67   3691.29   7929.97   209.528  -363.626
    10300         0   14459.1   56.7543    61.219         0   4288.65   3899.44   8188.09   208.146  -353.516
    10200         0   14459.1   56.8378   64.0047         0   4335.52    4108.3   8443.82   208.862  -345.088
    10100         0   14459.1   56.9221   65.0148         0   4395.31   4315.08   8710.39   206.778  -338.125
    10000         0   14459.1   57.0081    64.998         0   4446.02   4522.07   8968.09   206.992  -332.446
     9900         0   14459.1   57.0965   64.2154         0   4483.94   4729.27   9213.21   207.204  -327.873
     9800         0   14459.1   57.1881   62.7807         0   4521.53   4935.83   9457.36   206.556  -324.244
     9700         0   14459.1   57.2833   60.8001         0   4550.99   5141.73   9692.72   205.904  -321.419
     9600         0   14459.1   57.3827   58.3629         0   4579.21   5346.98   9926.19   205.249  -319.273
     9500         0   14459.1   57.4863   55.5411         0   4611.48   5551.57     10163   204.589  -317.701
     9400         0   14459.1   57.5941   53.6316         0   4660.11   5759.18   10419.3   207.606  -316.605
     9300         0   14459.1   57.7061   52.1871         0   4707.48   5965.27   10672.7   206.094  -315.881
     9200         0   14459.1    57.822   51.0459         0   4753.27   6171.15   10924.4   205.878   -315.45
     9100         0   14459.1   57.9416   50.1059         0   4790.42   6375.21   11165.6   204.058  -315.251
     9000         0   14459.1   58.0648   49.3156         0   4824.84   6576.44   11401.3   201.235  -315.234
     8900         0   14459.1   58.1911   48.6655         0   4869.35    6778.9   11648.3   202.459   -315.36
     8800         0   14459.1   58.3204   48.1148         0   4901.71   6981.11   11882.8   202.205  -315.597
     8700         0   14459.1   58.4524   47.6406         0   4925.96   7183.05     12109   201.948   -315.92
     8600         0   14459.1   58.5869   47.2281         0    4944.4   7385.02   12329.4   201.963  -316.307
     8500         0   14459.1   58.7237   46.8646         0   4968.43   7586.99   12555.4   201.976  -316.741
     8400         0   14459.1   58.8625   47.1997         0    4988.2   7789.43   12777.6   202.438  -317.205
     8300         0   14459.1   59.0032   47.9615         0    5018.5   7988.73   13007.2   199.297  -317.672
     8200         0   14459.1   59.1456    49.053         0   5043.39   8188.46   13231.8   199.729  -318.123
     8100         0   14459.1   59.2896   50.4184         0   5070.31   8388.62   13458.9    200.16  -318.547
     8000         0   14459.1   59.4351   51.9984         0   5088.16   8588.91   13677.1    200.29  -318.934
     7900         0   14459.1    59.582   53.8578         0   5114.03   8789.32   13903.4   200.418  -319.276
     7800         0   14459.1   59.7302   55.9251         0   5136.39   8989.29   14125.7    199.97  -319.566
     7700         0   14459.1   59.8796   58.1845         0   5155.27   9189.82   14345.1    200.52  -319.799
     7600         0   14459.1   60.0301   60.6368         0   5175.02   9389.89   14564.9    200.07   -319.97
     7500         0   14459.1   60.1817   63.2399         0   5198.84   9589.53   14788.4   199.643  -320.076
     7400         0   14459.1   60.3344   64.3808         0   5225.16   9788.74   15013.9   199.216  -320.125
     7300         0   14459.1   60.4881   64.6944         0   5252.41   9989.53   15241.9   200.787  -320.155
     7200         0   14459.1   60.6428    64.425         0   5283.19   10191.9   15475.1   202.357  -320.183
     7100         0   14459.1   60.7985   63.7282         0   5314.76   10393.4   15708.2   201.502  -320.222
     7000         0   14459.1   60.9551   62.7077         0   5338.95     10590     15929   196.645  -320.277
     6900         0   14459.1   61.1126   61.4552         0   5363.55     10787   16150.6   196.987   -320.35
     6800         0   14459.1    61.271   60.0238         0   5386.88   10988.7   16375.5   201.629  -320.443
     6700         0   14459.1   61.4303    58.473         0   5410.33   11189.3   16599.7    200.67  -320.554
     6600         0   14459.1   61.5905   56.8564         0   5435.13   11387.1   16822.3   197.809  -320.684
     6500         0   14459.1   61.7516    55.178         0    5457.7   11586.5   17044.2   199.348  -320.831
     6400         0   14459.1   61.9136   53.9196         0   5480.23   11785.8     17266   199.286  -320.991
     6300         0   14459.1   62.0765   52.8967         0   5504.01   11986.6   17490.6   200.874  -321.151
     6200         0   14459.1   62.2402    52.056         0   5536.15   12188.2   17724.3    201.56  -321.304
     6100         0   14459.1   62.4048   51.3736         0   5569.42   12390.4   17959.9   202.245  -321.447
     6000         0   14459.1   62.5703   50.8051         0   5592.03   12593.4   18185.4    202.93  -321.577
     5900         0   14459.1   62.7366   50.3259         0   5616.75   12794.3   18411.1   200.963  -321.692
     5800         0   14459.1   62.9039   49.9165         0   5647.86   12996.9   18644.8   202.596  -321.792
     5700         0   14459.1    63.072   49.5631         0   5669.35   13199.8   18869.1   202.828  -321.876
     5600         0   14459.1    63.241   49.2556         0   5689.23   13402.7   19091.9   202.909  -321.944
     5500         0   14459.1    63.411   48.9857         0   5719.16   13605.7   19324.8   202.989  -321.996
     5400         0   14459.1   63.5818   47.6524         0   5748.88   13808.5   19557.4   202.843  -322.041
     5300         0   14459.1   63.7535   45.7057         0    5771.7   14011.2   19782.9   202.696  -322.106
     5200         0   14459.1   63.9262   43.3399         0   5807.65   14217.1   20024.7   205.874  -322.206
     5100         0   14459.1   64.0997   40.6895         0   5831.54   14422.2   20253.7     205.1  -322.348
     5000         0   14459.1   64.2742   37.8061         0    5850.2   14626.5   20476.7   204.326  -322.535
     4900         0   14459.1   64.4496   34.7846         0   5868.51     14832   20700.6    205.55  -322.769
     4800         0   14459.1    64.626   31.6427         0   5892.15   15038.2   20930.3   206.124  -323.048
     4700         0   14459.1   64.8033    28.425         0   5922.85   15244.9   21167.7   206.697  -323.374
     4600         0   14459.1   64.9815   25.1779         0   5945.84   15449.7   21395.5   204.818  -323.743
     4500         0   14459.1   65.1607   21.8872         0   5968.18   15653.6   21621.8   203.939  -324.154
     4400         0   14459.1   65.3409   19.1228         0   5990.82   15859.4   21850.2   205.759  -324.602
     4300         0   14459.1    65.522    16.649         0   6016.66   16065.4     22082   205.978  -325.072
     4200         0   14459.1   65.7041   14.3885         0   6038.74   16271.9   22310.6   206.496  -325.555
     4100         0   14459.1   65.8872   12.3019         0   6057.39   16477.7   22535.1   205.813  -326.047
     4000         0   14459.1   66.0713   10.3374         0   6076.15   16684.9   22761.1   207.229  -326.543
     3900  0.537509   14459.7   66.2565   8.46318         0   6092.59   16893.5   22986.1   208.644  -327.113
     3800         0   14512.9   66.8902   5.65047         0   6111.93   17100.1     23212    206.56  -333.674
     3700         0   14512.9   67.3825   1.97821         0   6128.82     17306   23434.9   205.942  -332.899
     3600         0   14512.9     67.58  -3.24189         0   6149.82   17511.7   23661.5    205.62  -332.505
     3500         0   14512.9   67.7406  -9.33903         0    6173.5   17718.9   23892.4   207.259  -332.442
     3400         0   14512.9   67.9039  -15.7535         0   6203.11     17925   24128.1   206.096  -332.666
     3300         0   14512.9   68.0745  -22.5101         0   6244.11   18131.3   24375.4   206.276  -333.137
     3200         0   14512.9   68.2518  -28.6328         0   6285.63   18337.7   24623.4   206.448   -333.82
     3100         0   14512.9   68.4348   -32.932         0   6330.01     18544     24874   206.215  -334.647
     3000         0   14512.9   68.6224  -36.3605         0   6372.26   18749.9   25122.2   205.978  -335.553
     2900         0   14512.9   68.8138  -39.1273         0   6414.63   18956.6   25371.3   206.686  -336.502
     2800         0   14512.9   69.0084  -41.4104         0   6456.96   19162.9   25619.9   206.292  -337.471
     2700         0   14512.9   69.2056  -43.6153         0   6506.53   19372.6   25879.1   209.694  -338.445
     2600         0   14512.9   69.4051  -46.1772         0   6565.54   19577.1   26142.6   204.495   -339.43
     2500         0   14512.9   69.6065  -48.8621         0   6612.48   19785.4   26397.9   208.293  -340.432
     2400         0   14512.9   69.8096  -51.5783         0   6657.76   19993.2     26651    207.79  -341.455
     2300         0   14512.9   70.0143  -54.3291         0   6705.36   20200.3   26905.7   207.136  -342.497
     2200         0   14512.9   70.2203  -56.8487         0   6759.71   20406.8   27166.5    206.48  -343.558
     2100         0   14512.9   70.4277  -58.8125         0   6807.01   20613.2   27420.2   206.372  -344.624
     2000         0   14512.9   70.6364  -60.4928         0    6854.4   20819.4   27673.8   206.264  -345.679
     1900         0   14512.9   70.8463   -61.951         0   6902.48   21026.1   27928.6   206.687  -346.717
     1800         0   14512.9   71.0575  -63.2404         0   6949.34   21232.7   28182.1   206.609  -347.733
     1700         0   14512.9   71.2698  -64.5531         0    6994.7   21440.1   28434.8   207.357  -348.726
     1600         0   14512.9   71.4834  -66.1064         0   7042.69   21648.9   28691.6   208.804    -349.7
     1500         0   14512.9   71.6981  -67.7543         0      7091   21855.7   28946.7   206.847  -350.665
     1400         0   14512.9   71.9141  -69.4807         0   7138.74   22060.8   29199.5   205.036  -351.622
     1300         0   14512.9   72.1313  -71.2598         0   7190.21   22266.4   29456.6   205.605  -352.574
     1200         0   14512.9   72.3498   -72.618         0   7253.27   22472.5   29725.8   206.164  -353.522
     1100         0   14512.9   72.5695  -72.9826         0   7312.82   22679.2     29992   206.641   -354.44
     1000         0   14512.9   72.7904  -72.8357         0   7369.66   22886.2   30255.8   206.975  -355.306
      900         0   14512.9   73.0127  -72.1428         0    7426.1   23092.8   30518.9   206.637  -356.108
      800         0   14512.9   73.2362  -71.0573         0   7482.88   23302.9   30785.8   210.084  -356.834
      700         0   14512.9    73.461   -69.492         0   7536.35   23513.5   31049.8   210.606  -357.479
      600         0   14512.9   73.6871  -67.2928         0   7598.44     23721   31319.4   207.488  -358.032
      500         0   14512.9   73.9146  -64.6922         0   7659.64   23927.7   31587.3   206.728  -358.482
      400         0   14512.9   74.1434  -61.6655         0   7731.76   24136.3   31868.1   208.584  -358.823
      300         0   14512.9   74.3736  -58.3165         0   7791.61   24339.6   32131.3   203.353   -359.05
      200         0   14512.9   74.6051  -54.2823         0   7856.49   24542.3   32398.8   202.687  -359.162
      100         0   14512.9    74.838  -49.0853         0   7904.51   24748.9   32653.5   206.617  -359.133
        0         0   14512.9   75.0724  -43.2131         0   7937.29   24974.4   32911.7   225.486  -358.941