     20000          0          0    179.437    374.571          0    58.4594    14.2831    72.7424    14.2831     21.651
     19900          0          0    179.437    373.647          0    110.373    29.7361    140.109    15.4531    21.5232
     19800          0          0    179.437    373.013          0     167.34    46.3592    213.699    16.6231    21.3957
     19700          0          0    179.437    372.758          0    217.262    60.5222    277.784    14.1631    21.2846
     19600          0          0    179.437    372.794          0    248.648    72.5053    321.153    11.9831    21.2055
     19500          0          0    179.437    371.075          0    291.652    82.0183    373.671    9.51306    21.1352
     19400          0          0    179.437    368.317          0    343.876    94.1014    437.977    12.0831    20.9862
     19300          0          0    179.437    365.774          0    394.402    106.214    500.616    12.1131    20.7343
     19200          0          0    179.437    363.236          0    436.366    118.358    554.723    12.1431    20.3977
     19100          0          0    179.437    362.369          0    476.796    130.011    606.807    11.6531    20.0082
     19000          0          0    179.437    362.508          0    516.588    142.474    659.062    12.4631    19.6491
     18900          0          0    179.437    360.881          0    555.307    155.747    711.053    13.2731     19.319
     18800          0          0    179.437    358.275          0    605.272     166.28    771.551    10.5331    18.9274
     18700          0          0    179.437    356.473          0    666.779    178.113    844.892    11.8331    18.4613
     18600          0          0    179.437     355.06          0    741.529    192.576    934.104    14.4631    17.9655
     18500          0          0    179.437    353.704          0    823.764    201.259    1025.02    8.68306    17.4537
     18400          0          0    179.437    352.408          0    872.706    209.492     1082.2    8.23306    16.9279
     18300          0          0    179.437    349.386          0     909.05    218.075    1127.13    8.58306    16.3623
     18200          0          0    179.437    345.298          0    974.052    226.658    1200.71    8.58306    15.6757
     18100          0          0    179.437    341.814          0       1063    234.714    1297.71    8.05639    14.8535
     18000          0          0    179.437    338.557          0     1147.3    243.331    1390.63    8.61639    13.9367
     17900          0          0    179.437    337.625          0    1224.22    253.364    1477.58    10.0331    12.9765
     17800          0          0    179.437    338.126          0    1299.23    264.257    1563.49    10.8931    12.0876
     17700          0          0    179.437    336.277          0    1373.75     274.54    1648.29    10.2831    11.2702
     17600          0          0    179.437    333.147          0    1437.28    288.828    1726.11    14.2881    10.4022
     17500          0          0    179.437    333.217          0    1484.78    302.776    1787.56    13.9481    9.50021
     17400          0          0    182.115     364.52          0    1495.77    312.444    1808.22    9.66738    7.85112
     17300  0.0421905  0.0421905    182.934    374.343          0    1506.07    322.233     1828.3    9.78927    7.63506
     17200   0.081083    4.30013    183.438     380.43          0    1508.57     335.88    1844.45    13.6474    6.85681
     17100   0.083284    12.4106    184.044     384.24          0    1525.66    350.466    1876.13    14.5856    5.55948
     17000  0.0902484     20.746    184.854    386.461          0    1539.38    367.711    1907.09    17.2455    4.59195
     16900          0    29.6806    185.861    382.857          0    1545.71    385.475    1931.18    17.7637    3.66296
     16800          0    29.6806    186.937    375.386          0    1551.76    403.728    1955.49    18.2528    4.66754
     16700          0    29.6806    188.015    366.709          0    1559.74    423.603    1983.34    19.8754    4.99279
     16600   0.108808    29.7894    189.124    356.893          0     1565.6    447.629    2013.23    24.0255    4.67337
     16500  0.0896095     40.651      190.4    357.633          0    1576.08    465.582    2041.66    17.9535    1.49617
     16400  0.0996392     49.622    191.864     365.42          0    1600.81    487.685    2088.49    22.1033  -0.502382
     16300  0.0915393    59.5778    193.453    370.093          0     1635.2    506.749    2141.95    19.0634   -2.01002
     16200   0.103673    68.7439    195.133    373.193          0    1674.47    531.061    2205.53     24.312   -2.85486
     16100   0.108384    79.1159     196.89     364.43          0    1709.76    557.908    2267.67    26.8476   -3.84588
     16000   0.103575    89.9495    198.721    347.567          0    1734.57    582.891    2317.46    24.9823   -5.39957
     15900  0.0991207    100.303    200.605    338.709          0    1753.97    606.138    2360.11    23.2472   -7.38025
     15800  0.0905163    110.206    202.521    334.709          0    1775.94    625.977    2401.92    19.8394   -9.32335
     15700  0.0881534    119.255    204.448    331.927          0    1798.17    645.039     2443.2    19.0618   -10.9786
     15600  0.0806633    128.063     206.38    330.214          0    1821.42     661.42    2482.84    16.3804    -12.483
     15500  0.0770664    136.126    208.307    327.777          0    1844.26    676.642     2520.9    15.2225   -13.7155
     15400  0.0783948    143.834    210.225    324.977          0    1871.59    690.422    2562.02    13.7796    -14.851
     15300  0.0763566    151.671    212.138    323.816          0    1906.73    705.601    2612.33    15.1789   -15.9955
     15200  0.0803822    159.311    214.047    323.792          0    1942.63    719.627    2662.26    14.0267   -16.9786
     15100  0.0689279    167.338    215.956    330.147          0    1987.43    732.445    2719.87    12.8172   -17.8018
     15000  0.0668329    174.228    217.856        341          0    2046.38    743.891    2790.27    11.4466   -17.7904
     14900   0.055146      180.9    219.736    349.553          0    2116.39    752.802    2869.19    8.91032   -17.1501
     14800  0.0883146    186.448    221.589     356.93   0.496005    2198.26    760.492    2958.75       7.69   -15.8838
     14700  0.0597254    195.251     223.35    348.678          0    2273.94    766.136    3040.07    5.64459   -15.3621
     14600  0.0773236    201.241    215.927     280.29          0    2309.19    786.049    3095.24    19.9128   -15.8178
     14500   0.082005    208.978    213.839    253.348          0    2327.99    811.558    3139.55    25.5086   -20.8926
     14400          0    217.096     214.28    236.541          0    2338.93    838.631    3177.57    27.0739   -26.9473
     14300          0    217.096    215.475    222.076          0    2346.73    862.307    3209.03    23.6754   -31.0182
     14200          0    217.096    216.772    209.767          0    2347.64    884.087    3231.72    21.7804   -34.9577
     14100   0.124207    217.221    218.044    203.115   0.169456    2347.88    904.377    3252.25    20.2898   -38.5416
     14000          0    229.517    219.446    199.763          0    2357.21    921.916    3279.13     17.539   -44.0916
     13900          0    229.517    220.808    194.508          0    2372.02    941.678     3313.7    19.7617   -45.8921
     13800          0    229.517    221.989    188.493          0    2378.23    958.203    3336.43    16.5258   -47.5469
     13700          0    229.517    223.068    184.118          0    2400.43    976.486    3376.92    18.2821   -49.1091
     13600          0    229.517    224.078    180.669          0    2415.43    993.612    3409.04    17.1266   -50.5484
     13500          0    229.517    225.038    183.886          0    2430.79     1004.4    3435.19     10.792   -51.7693
     13400          0    229.517    225.957    191.164          0    2444.72    1017.49     3462.2    13.0832   -52.4877
     13300   0.049557    229.567    226.841    188.166          0    2459.28    1027.51    3486.79    10.0185   -52.8484
     13200  0.0519514    234.525    230.459    209.196          0    2462.13    1036.96    3499.09    9.45613   -54.3381
     13100  0.0196693    239.688    232.847    215.743   0.629786    2470.92    1039.98     3510.9    3.01785   -54.6183
     13000  0.0280016    241.663    234.801    221.571   0.419718    2471.62    1043.66    3515.28     3.6847   -53.6773
     12900  0.0203095    244.455    236.369    227.805   0.613787    2487.41       1046    3533.41    2.33839    -52.737
     12800   0.028778    246.495    237.566    234.151   0.400305    2511.42    1049.32    3560.74    3.31631   -51.4898
     12700  0.0320549    249.376    238.643     236.41   0.315902    2530.11    1053.28    3583.38    3.95958    -50.442
     12600  0.0234033    252.573    239.833    235.712          0    2530.19     1058.6    3588.78    5.31686   -49.6865
     12500  0.0413805    254.931    241.083    235.509  0.0746954    2532.57     1064.5    3597.07    5.90414   -49.0352
     12400          0    259.028     242.39    235.391          0    2532.73    1068.21    3600.94    3.70983   -49.0125
     12300  0.0252958    259.053    243.705    233.966   0.478546    2543.76    1071.29    3615.06    3.08117   -48.2722
     12200  0.0327492     261.59    245.014    231.543   0.284828    2569.16    1075.58    3644.74    4.28816   -48.4683
     12100  0.0413784    264.874    246.359    230.638  0.0597792     2603.5    1081.66    3685.16    6.08317   -49.0434
     12000   0.017787    268.988    247.764    230.684   0.666141    2646.66       1084    3730.66    2.33338   -49.8584
     11900  0.0376102    270.786    249.193    231.738   0.151327    2694.81    1089.36    3784.16    5.36067   -50.1336
     11800  0.0322811    274.542    250.648    233.509   0.289053    2749.21    1093.75    3842.96      4.392   -50.8409
     11700   0.063292    277.801    252.142    242.889          0    2816.35    1098.19    3914.54    4.43964   -51.1829
     11600  0.0723486    284.139    239.824    217.802          0    2865.04    1115.73    3980.76    17.5396   -52.1215
     11500  0.0851796    291.387    235.666    200.098          0     2905.7    1145.83    4051.53    30.1005   -55.4124
     11400  0.0862645    299.906    235.235    176.174          0    2934.92    1178.55    4113.46    32.7172    -60.022
     11300  0.0804613    308.527    236.211    164.617          0    2957.43    1207.81    4165.24    29.2662   -64.9808
     11200   0.076873    316.569     237.65    159.996          0    2974.79    1235.01     4209.8       27.2   -69.2674
     11100          0     324.18      239.2    151.868          0    2978.11    1260.71    4238.83    25.7004   -72.8158
     11000          0     324.18    240.606    142.238          0    2990.48    1284.91    4275.38    24.1943   -74.4936
     10900          0     324.18     241.82     136.71          0    2993.64    1310.69    4304.32    25.7803   -76.2876
     10800  0.0691162    324.249    242.932    133.494          0    3002.05     1333.3    4335.35    22.6175   -77.9991
     10700  0.0678635    331.159    244.109    129.262          0    3008.65    1355.42    4364.07    22.1158   -80.9754
     10600          0    337.878    245.379    124.555          0    3010.79    1376.94    4387.73    21.5213   -83.5611
     10500 6.3709e-06    337.878     246.54    121.699    1.05807    3012.53     1397.9    4410.43    20.9596   -84.5499
     10400  0.0285479    337.907    247.549    119.942          0    3013.58    1416.55    4430.13    18.6513    -85.604
     10300  0.0575548    340.791    248.527    118.753          0    3021.14    1432.92    4454.06    16.3725   -87.2325
     10200  0.0568143    346.545    249.571    117.409          0    3027.67    1449.05    4476.73    16.1295   -89.2784
     10100          0     352.17    250.667    114.998          0    3037.48    1462.09    4499.57    13.0327   -91.0849
     10000          0     352.17     251.67    112.351          0    3040.84    1474.42    4515.25    12.3303   -91.6604
      9900  0.0529892    352.223    252.542    109.596          0     3048.3    1486.18    4534.47     11.758    -92.448
      9800  0.0442932    357.513    253.443    106.633          0    3054.56    1496.48    4551.04    10.3004   -94.4408
      9700  0.0404363    361.939      254.4    103.525          0    3067.83    1505.26    4573.09    8.78762   -96.1565
      9600   0.036298    365.978    255.351    100.329  0.0641507    3081.58    1512.54    4594.12    7.28032   -97.7754
      9500  0.0318384    369.604    256.269    97.0675   0.191089    3090.83    1518.35    4609.18    5.80606   -99.3289
      9400          0    372.756    257.137     94.579          0    3098.52    1526.41    4624.93    8.06294   -100.817
      9300          0    372.756    257.914    92.6004          0    3105.47     1532.3    4637.77    5.88614    -101.69
      9200          0    372.756    258.605    90.9085          0     3111.4    1537.39    4648.79    5.09496   -102.695
      9100  0.0205097    372.776    259.249    89.4023   0.517685    3113.54    1540.14    4653.69    2.75148   -103.786
      9000  0.0198324    374.826    259.883    88.0049    1.54102    3117.81    1540.73    4658.54  -0.583145   -105.327
      8900          0     376.79    260.487    86.7238          0    3124.25    1540.89    4665.15   0.162554   -106.783
      8800  0.0136417    376.803    261.059    85.5745    1.65948    3129.35    1541.42    4670.77  -0.533984     -107.8
      8700  0.0168369    378.171    261.606    84.5067    1.80188    3141.97    1542.63     4684.6   -1.20584   -109.123
      8600  0.0182112    379.856    262.114    83.5064    1.86382    3159.81    1544.19    4704.01   -1.56427   -110.464
      8500   0.019352    381.678    262.584    82.5712      1.915    3171.48    1546.08    4717.56   -1.88416   -111.775
      8400  0.0206213    383.615     263.02     82.133    1.81025    3186.65     1547.8    4734.45   -1.71976   -113.042
      8300  0.0388483    385.695    263.429     82.019          2    3190.41    1552.93    4743.33   -5.12866    -114.25
      8200  0.0284083    389.569    263.785    82.1046          2    3198.57    1557.84    4756.41   -4.90952   -115.708
      8100   0.027663    392.409    264.097    82.3906          2    3203.62    1562.48     4766.1   -4.64745   -116.782
      8000  0.0276761    395.176    264.393    82.8458          2    3216.61    1567.15    4783.76    -4.6677   -117.734
      7900  0.0276553    397.943    264.672    83.5155          2    3220.41    1571.82    4792.23   -4.67222   -118.585
      7800   0.029109     400.71    264.938    84.3584          2    3226.48    1577.06    4803.54   -5.23779   -119.334
      7700   0.027925     403.62     265.19    85.3587          2    3234.77    1581.85    4816.62   -4.78976   -120.011
      7600  0.0293241    406.414    265.431    86.5277          2    3240.92    1587.18     4828.1   -5.33136   -120.559
      7500  0.0305561    409.348    265.664    87.8339          2    3241.69    1593.02    4834.71   -5.83874   -121.034
      7400  0.0394236    412.412    265.886    88.2095          2    3244.19    1599.36    4843.55   -6.33559    -121.45
      7300  0.0341754    416.349    266.086    88.0422          2    3248.09    1604.17    4852.26   -4.81125   -122.001
      7200  0.0251352    419.758    266.273    87.5983          2     3255.7    1607.44    4863.14   -3.27296     -122.4
      7100  0.0333631    422.279    266.469    86.9789    1.98276    3264.02    1611.61    4875.63   -4.16853   -122.629
      7000          0    425.582    266.665    86.2128          0     3264.7    1620.67    4885.37   -9.06462   -123.055
      6900          0    425.582    266.897      85.39          0    3265.37    1629.47    4894.84   -8.79727   -122.851
      6800  0.0264865    425.609    267.179     84.509          2    3266.53    1633.75    4900.28   -4.27877   -122.815
      6700  0.0291921     428.26    267.446    83.5403          2    3268.14     1639.1    4907.24   -5.34613   -123.408
      6600          0     431.15    267.677     82.525          0    3269.02    1647.37    4916.39   -8.27737   -124.019
      6500  0.0326954    431.183    267.929    81.5088          2    3272.78     1654.2    4926.98   -6.82932   -124.054
      6400  0.0329055    434.453    268.173    80.7438          2    3277.07    1661.18    4938.25    -6.9726   -124.826
      6300  0.0292045    437.739    268.377    80.1217          2    3280.51     1666.6    4947.12   -5.42678   -125.521
      6200   0.032595    440.663    268.566    79.5984          2     3285.1    1671.37    4956.47   -4.76588   -126.081
      6100          0     443.89    268.745    79.1592          0    3290.59    1675.46    4966.05    -4.0946   -126.661
      6000  0.0260955    443.916    268.958    78.8221          2       3296    1678.92    4974.92   -3.45847    -126.58
      5900  0.0293196    446.529    269.184     78.517          2    3299.47    1684.41    4983.87   -5.48356   -127.106
      5800  0.0306912    449.462    269.382    78.2322    1.98533    3302.27    1688.29    4990.55   -3.88226   -127.647
      5700  0.0242906    452.525    269.564    77.9729          2    3309.19    1691.95    5001.14   -3.66365   -128.162
      5600  0.0240829    454.954    269.743    77.7483          2     3317.8    1695.54    5013.34   -3.59327   -128.507
      5500  0.0270295    457.365    269.927    77.5526          2    3319.16    1699.07    5018.23    -3.5271   -128.839
      5400          0    460.041    270.108    76.6475          0    3319.89    1702.75    5022.64   -3.68262   -129.225
      5300  0.0249338    460.066     270.32    75.3489          2    3326.72    1706.62    5033.34   -3.86994   -129.131
      5200          0    462.534    270.538    73.7942          0    3332.22    1707.36    5039.58  -0.738016   -129.672
      5100  0.0169179    462.551    270.767    72.1043    1.81826    3339.74    1708.93    5048.67   -1.56693    -129.77
      5000  0.0336507     464.26    271.006    70.2645    1.64421    3353.55    1711.34    5064.88   -2.40615   -130.344
      4900  0.0151834    467.607    271.226    68.3022    1.74324    3368.75    1712.56    5081.31   -1.22579   -131.281
      4800  0.0137447    469.123    271.439    66.2675    1.56654    3379.74    1713.25    5092.99   -0.68919   -131.842
      4700 0.00847861    470.493     271.66     64.179    1.44087    3384.79    1713.41    5098.21  -0.160301   -132.456
      4600  0.0188216    471.351    271.891    62.0658    1.91431    3398.69     1715.5    5114.19   -2.09059   -133.052
      4500   0.021908    473.236    272.106    59.8904          2    3414.35    1718.51    5132.86   -3.00605   -133.939
      4400  0.0219782    475.427    272.291     58.031    1.54318    3430.62     1719.7    5150.32   -1.19053   -134.911
      4300  0.0136253    477.616     272.47    56.3472    1.68065    3444.48    1720.67    5165.14  -0.969621   -135.881
      4200  0.0105418    478.976    272.658    54.7682    1.53959    3462.78    1721.13    5183.91  -0.458096   -136.692
      4100  0.0145984    480.034    272.856    53.2756    1.72751     3485.1    1722.28    5207.38   -1.15581   -137.482
      4000   0.148545    481.628    273.053    51.8263    1.09941    3507.83    1722.53    5230.36   0.246917   -138.418
      3900  0.0158295     496.35    273.273    50.1979   0.626563    3533.12    1724.16    5257.28    1.62732   -141.852
      3800 0.00767508    497.924    273.522    48.6709    1.41038     3556.8    1724.23    5281.03 -0.0722707   -142.214
      3700  0.0105584    498.695    273.768    46.6674    1.54629     3584.6    1724.67    5309.27  -0.442881   -142.596
      3600  0.0126412    499.753    273.996    43.1439    1.64629    3609.99    1725.47    5335.45  -0.795627   -143.263
      3500  0.0100204    501.014    274.209    38.9544   0.808905    3634.61    1726.26    5360.86   0.791339   -144.198
      3400  0.0103045    502.017    274.428    34.5229    1.54153    3655.27    1726.69    5381.96   -0.42776   -145.294
      3300 0.00925344    503.046    274.648    29.8474    1.49373    3666.62    1726.98    5393.61  -0.298054   -146.599
      3200  0.0736489    504.036     274.86    25.5075    1.19263    3679.25    1727.14    5406.39   -0.16039   -148.081
      3100  0.0100755    511.337     275.07    22.3924    1.53632    3690.19    1727.56    5417.75  -0.420089   -150.852
      3000  0.0166944    512.351    275.276    19.7905    1.47816    3704.09    1728.24    5432.33  -0.676091   -152.203
      2900  0.0879196    514.092    275.475    17.5529    1.17444     3718.4    1728.27    5446.66  0.0248149   -153.781
      2800 0.00965133    522.806    275.675    15.4517    1.51957    3732.93    1728.64    5461.57  -0.374666   -156.677
      2700  0.0223495    523.783    275.874     13.409   0.396683    3740.39    1731.67    5472.06    3.02577   -157.829
      2600  0.0203989    526.016    276.103    11.0612    1.88145    3742.16    1733.87    5476.03   -2.20269   -159.346
      2500  0.0156035    528.052    276.313     8.6208   0.616622    3752.71    1735.46    5488.16    1.58688   -160.881
      2400  0.0122889    529.609    276.513    6.16537   0.725411    3765.17    1736.54    5501.71    1.08726   -162.381
      2300  0.0605346    530.886    276.728    3.69309    1.13847    3775.59    1736.96    5512.56    0.42195   -163.896
      2200 0.00843016    536.887    276.938      1.291    1.46672    3779.38     1737.2    5516.58  -0.237517   -166.346
      2100 0.00904683    537.731    277.131  -0.663458    1.49798    3790.23    1737.53    5527.76  -0.330757   -167.671
      2000  0.0107486    538.637    277.309   -2.41598    1.48198    3800.91    1737.94    5538.85  -0.408698   -169.088
      1900  0.0600823    539.761    277.476   -4.03229    1.17045    3810.76       1738    5548.76  0.0576672   -170.591
      1800  0.0665739    545.776    277.639   -5.61653    1.17237    3821.51    1738.03    5559.54  0.0278719   -173.001
      1700  0.0105686    552.377      277.8   -7.26412   0.778148    3833.45    1738.85     5572.3   0.826178   -175.305
      1600  0.0192302    553.443    277.968   -9.03735   0.485624    3842.52    1741.17     5583.7    2.31943   -176.425
      1500  0.0488617    555.396    278.159    -10.839    1.13442    3851.13    1741.56    5592.69   0.386359   -177.821
      1400  0.0186322    560.251     278.35   -12.7189    1.66624    3860.16    1742.96    5603.11   -1.40038   -179.788
      1300  0.0128513    562.109    278.509   -14.5967     1.5858    3865.34    1743.73    5609.07  -0.773342   -181.117
      1200          0    563.381    278.645   -16.1743          0    3871.95    1743.86    5615.82  -0.131333   -182.396
      1100          0    563.381    278.781   -16.9699          0    3875.49    1744.29    5619.79   0.429499   -183.474
      1000          0    563.381    278.921   -17.4222          0    3876.91    1745.14    5622.05   0.844268   -184.589
       900          0    563.381    279.061   -17.5154          0    3878.74    1745.73    5624.46   0.589364   -185.701
       800          0    563.381    279.198    -17.341          0    3881.79    1749.85    5631.64     4.1219   -186.778
       700 0.00405758    563.385    279.332   -16.8497          0    3882.62    1754.58     5637.2    4.73455   -187.801
       600          0    563.787     279.47   -15.8962          0    3893.32    1756.29     5649.6    1.70486   -188.814
       500          0    563.787    279.606   -14.6572          0    3904.48    1757.33    5661.81    1.03681   -189.638
       400          0    563.787    279.732   -13.1066          0    3928.04    1760.32    5688.36    2.99512   -190.355
       300  0.0190044    563.806    279.853   -11.3031    1.86576    3940.88    1762.45    5703.32   -2.12654   -190.958
       200          0    565.687    279.947   -9.04548          0    3960.53     1765.1    5725.63   -2.65417   -191.768
       100          0    565.687    280.032   -5.87206          0    3965.32    1766.52    5731.85    1.42358   -191.998
         0  0.0591215    565.747    280.127   -2.19842          0    3973.55    1786.95    5760.51    20.4304   -192.073