     20000          0          0    179.437    429.318          0    3.71223    14.2831    17.9953    14.2831    61.8944
     19900    0.06993    0.06993    179.437    428.357          0     6.5095    29.7361    36.2456     15.453    61.7424
     19800          0      6.993     179.56    427.507          0     8.9822    46.2358     55.218    16.4997    59.9655
     19700  0.0660235    7.05903    179.707    427.092          0    13.3945    60.1283    73.5228    13.8925    60.2005
     19600  0.0596753     13.655    179.895    426.873          0    36.0879    71.6534    107.741     11.525    58.8219
     19500  0.0515936    19.6145    180.175    424.737  0.0631743    46.7447    80.4281    127.173    8.77472    57.8839
     19400   0.040953    24.7632    180.472    421.508          0     47.713    91.4765    139.189    11.0484    57.2282
     19300          0    28.8175    180.747    418.528          0    49.9412    102.279     152.22    10.8027    56.8117
     19200  0.0573221    28.8749    180.928    415.684          0    60.4251    112.931    173.356    10.6517    57.2582
     19100  0.0551874    34.6049     181.11    414.516          0    72.1414    122.911    195.052    9.98003    56.1054
     19000  0.0850494    40.1535    181.356     414.33   0.369376    84.1712    133.455    217.626    10.5437    55.1787
     18900  0.0580213    48.6315    181.633     412.23          0    96.8011    144.531    241.332    11.0767    53.6957
     18800          0    54.3756    181.926    409.118          0    97.6794    152.575    250.255      8.044    53.0267
     18700          0    54.3756     182.12    407.011          0    108.648    161.725    270.374    9.15014    53.6544
     18600          0    54.3756     182.19    405.434          0    133.024    173.435     306.46      11.71      53.97
     18500          0    54.3756    182.197    403.981          0    164.983    179.358    344.341    5.92253    54.0647
     18400          0    54.3756     182.17    402.634          0    166.266    184.858    351.124    5.49997     53.995
     18300   0.044101    54.4197    182.122    399.528    0.27746    180.065    190.755     370.82    5.89759    53.7606
     18200          0    58.7857    182.123    395.224          0     195.14    196.652    391.792    5.89653    52.3029
     18100          0    58.7857     182.13    391.583          0    234.318    202.015    436.333    5.36323    51.9002
     18000          0    58.7857    182.097    388.227          0    268.951    207.972    476.923    5.95681    51.2886
     17900          0    58.7857    182.045    387.292          0    296.199    215.397    511.596    7.42507    50.5511
     17800          0    58.7857    181.985    387.853          0    321.486    223.742    545.228    8.34502    49.8275
     17700          0    58.7857    181.922    385.987          0    346.288    231.541    577.829    7.79838    49.1329
     17600          0    58.7857    181.858    382.796          0    360.173    243.408    603.581    11.8674    48.3514
     17500  0.0671459    58.8528    181.795    382.915          0    362.367    254.998    617.365    11.5903    47.4905
     17400  0.0621186    65.5624    184.498    415.301   0.094601    402.158    262.283    664.441    7.28459    44.2295
     17300   0.058102    71.7702     185.43    425.285          0    442.803    269.576    712.378    7.29286    42.8831
     17200  0.0726936     77.595    186.049    431.414          0    491.287    280.612    771.899    11.0359    42.2606
     17100   0.112493    84.9042    186.714    435.258    0.14023    559.396    292.528    851.923    11.9161    41.6085
     17000  0.0828294    96.1238     187.56    437.448          0    624.103    307.067    931.171    14.5395    40.2672
     16900   0.083644    104.408    188.589    433.651          0    681.224    322.103    1003.33    15.0358     39.862
     16800  0.0841139    112.772    189.763    425.738          0    737.632     337.53    1075.16     15.427    39.1841
     16700  0.0874747    121.187    191.065    416.462          0    795.364    354.356    1149.72    16.8254    38.1166
     16600   0.097063    129.944    192.478    405.942          0    850.277    375.027     1225.3    20.6715    36.5813
     16500   0.101856    139.655        194    406.445          0    909.562    389.381    1298.94    14.3538    34.6365
     16400   0.125055    149.864    195.621    414.317          0    983.189    407.728    1390.92    18.3469    33.0381
     16300  0.0806056    162.325    197.351    418.974          0    1066.46    422.893    1489.36     15.165    31.5376
     16200   0.167668    170.473    199.133    422.058  0.0403316     1154.6    443.205    1597.81    20.3123    31.5193
     16100  0.0991855    187.171    201.015    412.835          0    1238.29    465.928    1704.22    22.7226    29.4457
     16000  0.0937969    197.084     202.97    395.281          0    1310.82    486.661    1797.48    20.7332    28.6881
     15900  0.0888192    206.459    204.918    386.066          0    1377.57    505.596    1883.17    18.9347    27.3147
     15800   0.130993    215.383    206.861    381.928   0.116142    1446.76    521.094    1967.85    15.4986    25.8352
     15700  0.0761211    228.428    208.839    378.994          0    1516.05    535.765    2051.82    14.6709    23.3877
     15600  0.0672778    236.031    210.819     377.19          0    1586.28    547.706    2133.99    11.9407    22.4524
     15500  0.0630656    242.754    212.757    374.687          0    1656.03    558.479    2214.51    10.7734    21.6984
     15400  0.0576086    249.055    214.659    371.831          0    1730.22    567.825    2298.05    9.34582    20.9554
     15300  0.0627954    254.821    216.533    370.692          0    1812.23    578.609    2390.84    10.7837    20.2744
     15200  0.0586405    261.097    218.391     370.74          0    1895.08    588.291    2483.37     9.6819    19.5025
     15100  0.0541199    266.956     220.24    377.386          0    1987.12    596.824    2583.94    8.53373    19.0418
     15000  0.0485531    272.363    222.071    388.692  0.0387883    2093.76    604.056    2697.82    7.23177    19.2193
     14900  0.0358501    277.205    223.877    397.628    0.32133    2211.85    608.826    2820.68    4.76973     20.106
     14800    0.03497     280.79    225.634    405.353   0.594873    2342.14     612.47    2954.61    3.64432    21.6394
     14700  0.0508917    284.302     227.27    396.998          0    2466.14    614.194    3080.33    1.72401    23.1405
     14600   0.071418    289.412    219.561    326.383          0    2547.48    630.473    3177.96    16.2792    22.3683
     14500  0.0768329    296.559    217.296    298.655          0    2611.59    652.525    3264.11    22.0517    16.8349
     14400  0.0775732    304.243    217.631    281.413          0    2667.41    676.248    3343.65    23.7232    10.3285
     14300    0.10911    312.032    218.909    266.384   0.045873     2719.5    696.489    3415.99    20.2406    4.10995
     14200  0.0654496      322.9    220.527    253.365          0    2764.01    714.514    3478.53    18.0253   -2.17569
     14100  0.0614545    329.441     222.18    246.176          0    2807.32    730.667    3537.98    16.1531   -6.61313
     14000  0.0548775    335.579     223.75    242.681          0     2840.9    743.902     3584.8     13.235   -10.1955
     13900  0.0594231    341.072    225.237    237.156          0    2868.74    759.236    3627.97    15.3332   -12.9759
     13800    0.05439    347.009    226.661    230.734          0    2904.77    771.089    3675.86    11.8537   -15.4985
     13700  0.0546888    352.448    228.033     225.98          0    2924.43    784.406    3708.84    13.3169   -17.6505
     13600  0.0511628    357.914    229.357    222.171          0    2950.93    796.254    3747.19     11.848   -19.5831
     13500  0.0341064    363.013    230.637    225.227   0.406423    2976.92    801.447    3778.37    5.19259   -21.1369
     13400  0.0596897    366.449    231.825    232.512   0.508657    3004.34    808.662       3813    7.21517    -21.778
     13300   0.485695    372.844    232.937    229.196    1.19539     3030.8    812.585    3843.38    3.92288   -22.7334
     13200  0.0181284    420.946    236.648    250.366   0.672969    3074.81    815.852    3890.67    3.26705   -32.8384
     13100  0.0699683    422.811    239.015    256.692    1.90243    3124.56    819.001    3943.56   -3.14953   -29.9493
     13000  0.0342072    429.772    240.863    262.467          2    3166.15    821.378    3987.53   -2.37682    -28.306
     12900  0.0495649    433.208    242.265    268.746          2    3222.88    824.935    4047.81   -3.55731   -25.8993
     12800  0.0317762    438.146    243.256    275.197          2    3287.94     827.31    4115.25   -2.37404   -23.9969
     12700  0.0278344     441.32    244.101    277.501          2    3347.71    828.808    4176.52   -1.49863   -21.8764
     12600  0.0174908    444.093    245.044    276.809    1.68308    3388.73    828.914    4217.64   0.105759   -20.1286
     12500          0    445.825    246.052    276.662          0    3432.26    829.849    4262.11   0.935092   -18.6538
     12400  0.0472339    445.872    247.124    276.674    1.62343     3473.7    830.873    4304.57   -1.02421   -17.2393
     12300  0.0282284    450.576    248.226    275.274          2    3526.05    832.313    4358.36   -1.44008   -17.3093
     12200  0.0195241    453.391    249.334    272.836    1.75902    3592.74    832.345    4425.08 -0.0319072   -17.1911
     12100  0.0166506     455.34    250.468    272.002   0.703554    3668.44     834.32    4502.76    1.97448   -17.1711
     12000  0.0293073    457.018    251.656    272.187          2     3753.1    835.878    4588.98   -1.55855   -17.2785
     11900  0.0121794    459.931    252.873    273.388   0.815517     3842.9     837.56    4680.46    1.68146   -17.7661
     11800    373.434    834.572    254.069    275.313          2    3939.11    838.531    4777.64   0.971021   -102.857
     11700          0    37804.6    122.432    196.537          0    3959.89    972.681    4932.57     134.15   -890.913
     11600  0.0169804    37804.6    46.9381    170.963   0.927771    3961.74    1183.11    5144.85    210.426   -858.733
     11500  0.0114824    37806.3    32.3597    169.969   0.961523    3972.28    1416.51    5388.79    233.407   -832.103
     11400   0.110544    37807.5    27.1037    159.856          0    3985.18    1657.36    5642.54    240.848   -807.586
     11300   0.152974    37818.6    24.6713    161.258          0    4004.33    1898.17     5902.5    240.806   -783.841
     11200   0.154455    37833.9    23.5239    169.985          0    4031.67    2139.49    6171.17    241.326    -760.44
     11100   0.106904    37849.3    23.0381    173.651          0    4050.13    2381.36    6431.49    241.862   -737.351
     11000   0.103004      37860    22.8914    171.395          0    4066.93    2623.26    6690.19    241.909   -714.717
     10900   0.141981    37870.4     22.917    170.447          0     4097.5    2867.95    6965.45    244.683   -692.902
     10800   0.164337    37884.6    23.0416    171.209          0    4143.63    3110.46    7254.08    242.508   -672.278
     10700   0.172497      37901    23.2209    170.162          0    4191.13    3353.46    7544.59    243.004   -653.044
     10600   0.155289    37918.3    23.4198    167.199          0    4235.91    3596.94    7832.85     243.48   -635.352
     10500   0.156719    37933.8    23.6112    165.409          0    4281.37    3840.83     8122.2    243.889   -619.243
     10400          0    37949.3    23.7863    164.945          0    4327.42    4083.24    8410.66    242.414   -604.806
     10300   0.169722    37949.5    23.8984    165.798          0    4382.02    4324.24    8706.26    241.002   -591.451
     10200   0.167772    37966.4    24.0113    166.964          0    4438.11    4565.93    9004.04    241.689   -580.373
     10100   0.143182    37983.2    24.1493    166.474          0    4479.77    4805.48    9285.26    239.551   -570.734
     10000   0.152463    37997.5    24.2703    164.834          0     4528.9    5045.21    9574.12     239.73   -562.334
      9900   0.613103    38013.2    24.3774    162.348          0    4589.12    5285.14    9874.25    239.923   -555.234
      9800   0.159902    38074.1    24.6299    158.421          0    4647.17    5524.25    10171.4    239.114   -551.291
      9700   0.166642    38090.1     24.828    153.384          0    4710.29    5762.61    10472.9    238.359   -545.891
      9600   0.164387    38106.7    24.9116    148.222          0    4771.93    6000.33    10772.3     237.72    -541.46
      9500   0.157513    38123.2    24.9817     142.87          0    4826.99    6237.42    11064.4    237.093   -537.822
      9400   0.042347    38138.8     25.048    138.547          0    4863.28    6477.57    11340.9    240.152   -534.839
      9300   0.128201    38143.1    25.0735    135.303          0    4899.02     6716.3    11615.3    238.726   -531.878
      9200     0.1297      38156    25.1045    132.903          0    4935.09     6954.9      11890    238.596    -529.95
      9100   0.143721    38168.9    25.1595    130.985          0    4978.82    7191.74    12170.6    236.841    -528.44
      9000   0.147218    38183.3    25.2241    129.421          0     5024.5    7425.81    12450.3    234.076   -527.342
      8900   0.129446      38198    25.2949    128.139          0    5059.47    7661.17    12720.6    235.355   -526.529
      8800   0.149116      38211    25.3612    127.105          0    5106.09    7896.33    13002.4    235.164   -525.842
      8700   0.160575    38225.9    25.4307     126.26          0    5160.47     8131.3    13291.8    234.969   -525.457
      8600   0.639436    38242.4    25.5094    125.517          0    5220.32    8366.34    13586.7    235.041   -525.303
      8500   0.185977    38305.9     25.763    124.076          0    5273.49    8601.28    13874.8    234.937   -527.723
      8400   0.167281    38324.5    25.9614    122.856          0    5329.38    8836.62      14166    235.339   -527.344
      8300   0.146623    38341.2    26.0367    122.665          0    5373.78    9068.88    14442.7    232.263   -527.026
      8200    0.15504    38355.9    26.0902     123.31          0    5423.15    9301.67    14724.8    232.785   -526.736
      8100   0.666645    38371.9    26.1447    124.627          0    5470.44    9534.97    15005.4    233.305    -526.64
      8000   0.162181    38438.1    26.3929    125.613          0     5526.2     9768.3    15294.5    233.332   -529.265
      7900   0.150722    38454.3    26.5768    126.606          0    5573.09    10001.7    15574.8    233.423    -528.74
      7800   0.156281    38469.3    26.6298    128.475          0    5623.27    10234.8    15858.1     233.07   -528.311
      7700    0.16185      38485    26.6753    130.991          0     5677.2    10468.5    16145.7    233.725    -528.03
      7600   0.161554    38501.2      26.73    134.006          0    5730.82    10701.9    16432.7     233.37   -527.853
      7500   0.154625    38517.3    26.7922    137.389          0    5781.15    10934.9    16716.1    233.033   -527.713
      7400   0.150333    38532.8    26.8568    139.448          0    5829.89    11167.6    16997.5    232.693   -527.559
      7300   0.163485    38547.8    26.9221    140.386          0    5878.33      11402    17280.3    234.353   -527.415
      7200   0.142013    38564.1    26.9946    140.396          0    5923.53      11638    17561.5    236.005   -527.375
      7100   0.139166    38578.3    27.0651    139.673          0     5967.9    11873.2    17841.1    235.235   -527.243
      7000   0.150527    38592.3    27.1317    138.384          0    6019.39    12103.7    18123.1    230.468   -527.143
      6900   0.147975    38607.3    27.2038    136.621          0    6069.95    12334.6    18404.5    230.896   -527.146
      6800   0.148409    38622.1    27.2797    134.454          0    6121.06    12570.2    18691.3     235.62   -527.161
      6700   0.146602      38637    27.3567    131.978          0    6171.11    12804.9      18976    234.743   -527.206
      6600   0.143531    38651.6    27.4342    129.286          0    6218.74    13036.9    19255.6    231.966   -527.265
      6500   0.145065      38666    27.5109    126.419          0    6267.41    13270.5    19537.9    233.589   -527.332
      6400   0.143738    38680.5    27.5883    123.891          0    6314.85    13504.1      19819    233.612   -527.431
      6300   0.140299    38694.8    27.6663    121.644          0    6359.82    13739.4    20099.2    235.284   -527.537
      6200   0.124251    38708.9    27.7433    119.642          0    6395.27    13975.4    20370.7    236.057   -527.634
      6100   0.119969    38721.3     27.814    117.894          0    6428.52    14212.3    20640.8    236.836   -527.653
      6000          0    38733.2    27.8799    116.372          0    6471.47    14449.9    20921.4     237.62   -527.665
      5900   0.134603    38733.3    27.9002    115.235          0    6511.66    14685.7    21197.4      235.8   -527.064
      5800          0    38746.6    27.9451    114.314          0    6544.95    14923.3    21468.2    237.555   -527.319
      5700   0.139103    38746.8    27.9752    113.578          0    6587.48    15161.2    21748.7    237.925   -526.821
      5600   0.140845    38760.7    28.0296    112.942          0    6631.28    15399.3    22030.6     238.12   -527.185
      5500   0.119756    38774.7    28.1209    112.169          0    6664.54    15637.6    22302.1    238.279   -527.487
      5400   0.633058    38787.2    28.2062    110.219          0    6697.38    15875.8    22573.2    238.219   -527.655
      5300          0    38849.9    28.4826    106.473          0    6735.33    16113.8    22849.1    237.967   -530.504
      5200  0.0887711      38850    28.6355    101.812          0    6757.85    16354.9    23112.8    241.165   -529.435
      5100   0.113223    38858.9    28.6554    97.2867          0    6790.56    16595.5      23386    240.545   -529.127
      5000   0.120158    38870.2    28.6993    92.5513          0    6826.65    16835.4      23662    239.901   -529.076
      4900   0.635926    38882.7    28.7586    87.6203          0    6861.17    17076.6    23937.8    241.241   -529.172
      4800  0.0944992    38945.8    29.0258    81.6361          0    6887.52    17318.3    24205.9    241.724   -532.026
      4700   0.064373    38955.2    29.2082     75.187    0.15609    6903.59    17560.6    24464.2    242.292    -531.49
      4600  0.0831711    38961.7    29.2319    69.3046          0    6924.72    17801.2    24725.9    240.568   -531.012
      4500  0.0808021      38970    29.2486    63.7269          0    6944.22    18041.1    24985.3    239.851   -530.832
      4400  0.0751765    38978.1     29.278    58.8935          0    6961.35    18282.9    25244.2    241.822   -530.775
      4300  0.0580733    38985.6    29.3125    54.6323   0.251985    6973.49    18525.1    25498.6    242.188   -530.793
      4200   0.636236    38991.9    29.3413    50.8607          0    6987.89    18767.9    25755.8    242.859   -530.839
      4100   0.631534    39055.6    29.6013    46.5508          0    7003.49      19010    26013.5    242.099   -534.029
      4000  0.0520661    39118.1    30.0101    41.1783    0.33622    7015.57    19253.3    26268.9     243.29   -536.554
      3900  0.0536436    39123.4    30.1684    36.2077   0.313807    7026.87      19498    26524.9    244.732   -535.623
      3800  0.0299148    39128.7     30.156    32.2785   0.668488    7034.16    19741.3    26775.5    243.294   -535.011
      3700  0.0294721    39131.7    30.1298    28.0748   0.675134    7043.36    19984.5    27027.9    243.195   -534.506
      3600          0    39134.6    30.1097    21.8568          0    7047.46    20227.6    27275.1     243.09   -534.216
      3500          0    39134.6    30.0953    14.3028          0     7047.5    20472.5      27520    244.905   -533.969
      3400          0    39134.6    30.0877    6.05527          0     7055.3    20716.4    27771.7    243.912   -533.933
      3300          0    39134.6    30.0895   -2.80898          0     7076.6    20960.7    28037.3     244.26    -534.08
      3200          0    39134.6    30.0991   -11.2643          0    7100.75    21205.3    28306.1    244.601   -534.388
      3100          0    39134.6    30.1149   -17.7004          0     7129.9    21449.8    28579.7    244.535   -534.822
      3000          0    39134.6    30.1353    -22.853          0    7158.64    21694.3    28852.9    244.465   -535.343
      2900          0    39134.6    30.1594   -26.9663          0    7188.86    21939.6    29128.5    245.341   -535.922
      2800          0    39134.6    30.1861   -30.2597          0    7220.03    22184.8    29404.8    245.114   -536.538
      2700          0    39134.6     30.215   -33.1903          0    7259.17    22433.4    29692.6    248.685   -537.179
      2600          0    39134.6    30.2454   -36.3562          0    7308.36    22677.1    29985.5    243.655   -537.839
      2500          0    39134.6    30.2769   -39.6196          0    7346.06    22924.7    30270.8    247.623   -538.518
      2400          0    39134.6    30.3094   -42.8996          0    7382.66      23172    30554.7    247.291   -539.216
      2300          0    39134.6    30.3425   -46.1969          0    7422.13    23418.8    30840.9    246.808   -539.933
      2200          0    39134.6    30.3761   -49.2449          0    7468.88    23665.1      31134    246.324   -540.667
      2100          0    39134.6    30.4101   -51.6132          0    7508.98    23911.5    31420.5     246.39   -541.412
      2000          0    39134.6    30.4444   -53.5262          0     7549.4      24158    31707.4    246.456   -542.159
      1900          0    39134.6    30.4789   -55.0659          0    7590.59      24405    31995.6    247.054   -542.902
      1800          0    39134.6    30.5136   -56.3056          0    7630.53    24652.2    32282.7    247.153   -543.637
      1700          0    39134.6    30.5484   -57.4628          0    7668.79    24900.3    32569.1    248.078    -544.36
      1600          0    39134.6    30.5834   -58.8394          0    7709.51      25150    32859.5    249.704   -545.074
      1500          0    39134.6    30.6185   -60.3361          0    7750.41    25397.9    33148.3    247.927   -545.781
      1400          0    39134.6    30.6537   -61.9403          0     7790.6    25644.2    33434.8    246.296   -546.483
      1300          0    39134.6    30.6889   -63.6283          0    7834.45    25891.2    33725.7    247.047   -547.182
      1200          0    39134.6    30.7243   -64.9101          0    7889.79      26139    34028.8    247.789   -547.877
      1100          0    39134.6    30.7597   -65.0149          0    7941.38    26387.5    34328.9     248.45   -548.561
      1000          0    39134.6    30.7952   -64.3344          0    7989.71    26636.5    34626.2     248.97    -549.22
       900          0    39134.6    30.8308   -62.8534          0    8036.87    26885.3    34922.1    248.819   -549.844
       800          0    39134.6    30.8665   -60.7325          0    8083.32    27137.7      35221    252.454   -550.427
       700          0    39134.6    30.9022   -57.9128          0    8125.21    27390.9    35516.1    253.164   -550.961
       600          0    39134.6    30.9381   -54.2009          0    8174.21    27641.1    35815.3    250.237   -551.441
       500          0    39134.6     30.974   -49.8286          0    8220.55    27890.8    36111.3    249.669   -551.859
       400          0    39134.6      31.01   -44.8041          0    8275.81    28142.5    36418.3    251.718    -552.21
       300          0    39134.6     31.046    -39.252          0    8316.59    28389.2    36705.8    246.681    -552.49
       200          0    39134.6    31.0822   -32.8266          0    8360.02    28635.4    36995.4     246.21   -552.695
       100          0    39134.6    31.1184   -24.9021          0    8383.85    28885.7    37269.6    250.337   -552.816
         0          0    39134.6    31.1547   -15.9165          0    8389.34    29155.1    37544.5    269.403   -552.838