      20000           0           0     179.437     381.414           0      51.616     14.2831      65.899     14.2831     26.6815
      19900           0           0     179.437     380.485           0     96.6906     29.7361     126.427     15.4531      26.553
      19800           0           0     179.437     379.849           0     146.822     46.3592     193.181     16.6231     26.4248
      19700           0           0     179.437     379.593           0     189.909     60.5222     250.432     14.1631     26.3132
      19600           0           0     179.437     379.629           0     214.461     72.5053     286.966     11.9831     26.2337
      19500           0           0     179.437     377.901           0     250.639     82.0183     332.658     9.51306     26.1631
      19400           0           0     179.437     375.129           0      296.05     94.1014     390.151     12.0831     26.0133
      19300           0           0     179.437     372.574           0     339.776     106.214      445.99     12.1131     25.7601
      19200           0           0     179.437     370.023           0     374.952     118.358      493.31     12.1431     25.4219
      19100           0           0     179.437     369.153           0       408.6     130.011      538.61     11.6531     25.0306
      19000   0.0415631   0.0415631     179.437     369.292           0     441.607     142.474     584.081      12.463     24.6588
      18900           0     4.15631      179.51     367.549           0     473.659     155.673     629.332     13.1997     23.3834
      18800           0     4.15631     179.598     364.845           0     517.054     166.046     683.099     10.3723     23.2016
      18700           0     4.15631      179.64     362.992           0     572.042     177.676     749.718     11.6302     22.8878
      18600           0     4.15631     179.661     361.546           0     640.306     191.915      832.22     14.2388     22.5042
      18500           0     4.15631     179.672     360.168           0     716.078     200.363     916.441      8.4482     22.0755
      18400           0     4.15631     179.676     358.857           0     758.571     208.357     966.928     7.99377     21.6118
      18300           0     4.15631     179.677     355.818           0     788.484       216.7     1005.18     8.34303     21.0925
      18200           0     4.15631     179.675      351.71           0     847.074     225.044     1072.12     8.34453       20.44
      18100           0     4.15631     179.673     348.211           0     929.622     232.865     1162.49     7.82072     19.6427
      18000           0     4.15631     179.669     344.942           0     1007.54     241.249     1248.79     8.38435     18.7438
      17900           0     4.15631     179.665     344.009           0     1078.07     251.054     1329.13     9.80505     17.7965
      17800           0     4.15631     179.661     344.516           0     1146.69     261.723     1408.42     10.6692      16.917
      17700           0     4.15631     179.657     342.663           0     1214.82     271.787     1486.61     10.0634     16.1064
      17600           0     4.15631     179.652     339.523           0     1271.98     285.859     1557.84     14.0725     15.2428
      17500           0     4.15631     179.649     339.597           0      1313.1     299.596      1612.7     13.7365     14.3434
      17400   0.0655915     4.22191     182.323     371.051           0     1317.56     309.055     1626.62     9.45905     12.6728
      17300   0.0668251     10.7823     183.213     380.812           0     1321.39     318.565     1639.96      9.5102     10.9463
      17200   0.0795371     17.4775     183.842     386.782           0     1325.24     331.808     1657.05      13.243     9.89879
      17100   0.0816128     25.4333     184.541      390.51           0      1348.6     345.897      1694.5     14.0886     8.97061
      17000   0.0886339     33.6016     185.404     392.676           0     1368.54     362.593     1731.13     16.6958     8.28897
      16900   0.0892705     42.4656     186.441     389.015           0     1381.02     379.776      1760.8     17.1836     7.55606
      16800   0.0895696      51.393     187.637     381.334           0     1393.03     397.329     1790.36     17.5526     6.63778
      16700   0.0925397     60.3529     188.966     372.316           0     1406.61     416.252     1822.87     18.9237     5.40214
      16600    0.101378     69.6157     190.409     362.083           0     1417.67     438.994     1856.66     22.7414     3.76417
      16500    0.084585     79.7367     191.957     362.541           0     1433.05      455.39     1888.44     16.3964     1.78209
      16400   0.0948972     88.2055     193.579     370.174           0     1462.53     475.779     1938.31      20.389    0.646374
      16300   0.0862542     97.6866      195.26     374.743           0     1501.57     493.036     1994.61     17.2564   -0.196117
      16200   0.0989854     106.325     196.992     377.773           0     1545.43     515.488     2060.92      22.453   -0.507684
      16100     0.10393     116.228     198.776     368.951           0     1585.24      540.45     2125.69     24.9615    -1.09223
      16000   0.0989698     126.616      200.62     352.027           0     1614.51     563.534     2178.04     23.0837    -2.33086
      15900   0.0943694     136.509     202.507     343.141           0     1638.34     584.879     2223.22     21.3456    -4.05881
      15800   0.0853836     145.937     204.418     339.145           0     1664.74     602.821     2267.56     17.9417    -5.79598
      15700   0.0829709     154.473     206.337     336.378           0     1691.42     619.994     2311.41     17.1733    -7.27577
      15600    0.075091     162.762     208.254     334.687           0     1719.15       634.5     2353.65      14.506    -8.63577
      15500   0.0713393     170.267     210.164     332.275           0     1746.48     647.866     2394.35     13.3657    -9.74048
      15400   0.0665278     177.396     212.063     329.501           0     1778.34     659.808     2438.15     11.9422    -10.7648
      15300   0.0708728     184.053     213.947     328.379           0     1818.04     673.178     2491.22     13.3693    -11.6802
      15200   0.0671468     191.137     215.825     328.399           0     1858.55     685.426     2543.98     12.2488    -12.6146
      15100    0.063162     197.848     217.697     334.819           0     1908.02     696.503     2604.52     11.0767    -13.2225
      15000   0.0583724     204.159     219.557     345.752           0     1971.72     706.249     2677.97     9.74579    -13.1964
      14900   0.0646165     210.002     221.399     354.379    0.320906     2046.56     713.497     2760.06     7.24776    -12.4804
      14800   0.0429049     216.442     223.211     361.801    0.142985      2133.3     719.564     2852.87     6.06789    -11.5303
      14700   0.0561796     220.746     224.922     353.616           0     2213.91     723.637     2937.55     4.07244    -10.0448
      14600   0.0747698     226.383     217.378     285.096           0     2253.97     742.099     2996.07     18.4619    -10.6975
      14500    0.079716     233.865     215.213     258.135           0     2277.56     766.233     3043.79     24.1341    -15.9529
      14400   0.0803008     241.837     215.607     241.337           0      2293.3      791.98     3085.28      25.747    -22.1721
      14300   0.0129392       249.8     216.919     226.695           0     2305.71     814.211     3119.92     22.2308    -28.1084
      14200           0     251.081     218.389     214.228           0     2311.08     834.374     3145.46      20.163    -32.0455
      14100    0.066359     251.147     219.752     207.505           0     2315.71     852.955     3168.67     18.5813    -35.3577
      14000           0     257.716     221.127     204.238           0     2320.58     868.813     3189.39     15.8582    -39.5152
      13900           0     257.716     222.431     199.039           0     2330.85     886.952      3217.8     18.1385    -41.4551
      13800           0     257.716     223.589     193.036           0     2332.52     901.877     3234.39     14.9257    -43.2098
      13700           0     257.716     224.658     188.667           0     2350.17     918.569     3268.74     16.6918    -44.8457
      13600           0     257.716     225.665      185.22           0     2360.62     934.109     3294.73     15.5399    -46.3404
      13500           0     257.716     226.624      188.45           0     2371.41     943.315     3314.73     9.20587    -47.6032
      13400           0     257.716     227.544      195.75           0     2380.76     954.811     3335.57      11.496    -48.3524
      13300   0.0428244     257.759     228.431     192.747   0.0488159     2390.74      963.24     3353.98       8.429    -48.7345
      13200   0.0456575     262.045     232.049      213.86           0     2398.25     971.106     3369.36     7.86607    -50.1066
      13100   0.0130423     266.578     234.426     220.439     1.54296     2411.74     972.545     3384.29     1.43853    -50.2995
      13000    0.101622      267.97     236.354     226.305     1.12174     2417.17     974.677     3391.85     2.13187    -49.2944
      12900   0.0107757     278.042     237.877     232.488     1.45572     2437.64     975.507     3413.15    0.830847    -49.9862
      12800   0.0174483     279.126     239.015     238.812    0.685467     2466.32     977.374     3443.69      1.8667    -48.2649
      12700   0.0229633     280.876     240.028     241.088     0.54529     2489.68     979.949     3469.63     2.57492    -46.8071
      12600   0.0562593     283.206     241.151     240.411    0.681628      2494.3     983.948     3478.25     3.99934    -45.7876
      12500   0.0353542     288.811     242.347     240.188    0.227676     2501.35     988.589     3489.94     4.64038    -45.8187
      12400   0.0207826     292.332     243.607     240.064    0.595998     2506.19     991.082     3497.27     2.49338    -45.5146
      12300   0.0145024     294.404     244.893     238.616    0.754659     2521.87     992.975     3514.85     1.89297    -45.1224
      12200   0.0255553     295.865      246.18     236.186    0.469684     2551.91     996.097     3548.01      3.1221    -44.9246
      12100    0.036194     298.431     247.486     235.299    0.193716     2590.91     1001.05     3591.97     4.95566    -45.2704
      12000           0     302.015     248.844     235.372           0     2638.76     1002.31     3641.07      1.2538    -45.9456
      11900   0.0324661     302.047     250.222     236.474    0.285224     2691.64     1006.64     3698.28     4.33155    -45.8404
      11800   0.0265002     305.288     251.626     238.295    0.439513     2750.83     1010.05     3760.89     3.41358     -46.517
      11700   0.0616773     307.973      253.07     247.747           0     2822.83     1013.56      3836.4     3.51197    -46.8172
      11600    0.071035      314.15     240.667     222.602           0     2876.32     1030.26     3906.58     16.6966    -47.8234
      11500   0.0841488     321.267     236.458     204.869           0     2921.75     1059.57     3981.32     29.3088    -51.1774
      11400   0.0853018     329.683     235.993     180.885           0     2955.68     1091.53     4047.21     31.9593    -55.8474
      11300   0.0794595     338.207     236.945     169.308           0     2982.89     1120.06     4102.95     28.5324    -60.8586
      11200   0.0758531     346.149     238.366     164.692           0     3004.94     1146.54     4151.48     26.4841    -65.1859
      11100           0     353.659     239.902     156.551           0     3006.29     1171.54     4177.84     24.9982    -68.7661
      11000           0     353.659     241.298     146.896           0        3014     1195.04     4209.04     23.5016     -70.486
      10900           0     353.659     242.505     141.355           0     3015.48     1220.14     4235.62      25.095    -72.3144
      10800    0.086763     353.746      243.61     138.134           0     3028.53     1242.08     4270.61     21.9398    -74.0584
      10700   0.0666788     362.402     244.815     133.856           0     3039.73     1263.49     4303.22     21.4105    -77.4166
      10600   0.0653839     369.068     246.117     129.114           0     3046.43     1284.27      4330.7     20.7829    -79.9351
      10500   0.0640118     375.605     247.415     126.113           0     3052.59     1304.36     4356.94     20.0849    -82.2064
      10400   0.0593504     382.002     248.694     124.136           0     3057.83     1321.86     4379.69     17.5065    -84.2191
      10300   0.0544258     387.932     249.942     122.761           0     3069.39     1336.82     4406.22     14.9582    -85.9352
      10200   0.0534994     393.374     251.152     121.321           0     3079.84     1351.37     4431.21     14.5481     -87.398
      10100           0      398.67     252.328     118.864           0     3085.79     1362.74     4448.53     11.3723    -88.7721
      10000           0      398.67     253.375     116.188           0     3086.27     1373.37     4459.64     10.6255    -89.0902
       9900   0.0438004     398.714     254.277     113.415           0     3097.55     1383.39     4480.94     10.0226    -89.6826
       9800   0.0399146      403.09     255.183     110.457           0     3107.64     1391.95     4499.59     8.56036     -91.349
       9700   0.0357033     407.077     256.124      107.36   0.0845016     3124.74     1399.01     4523.75     7.06325    -92.9095
       9600   0.0311376     410.643     257.043     104.178    0.214122     3142.33      1404.6     4546.94     5.58816    -94.4008
       9500   0.0337074     413.759     257.915     100.933    0.542664     3155.46     1408.76     4564.22     4.16016    -95.8483
       9400           0     417.096     258.733     98.4528           0     3159.27     1415.23      4574.5      6.4671     -97.391
       9300           0     417.096     259.474     96.4784           0     3162.34     1419.56      4581.9     4.32604    -98.2674
       9200           0     417.096     260.146      94.788           0     3164.39     1423.11      4587.5     3.55353    -99.2753
       9100   0.0107709     417.107     260.779     93.2812     0.80806     3170.41     1424.33     4594.74     1.22117    -100.368
       9000   0.0207594     418.194     261.391     91.8992     1.96895     3178.57     1426.42     4604.99    -2.09061    -101.725
       8900           0     420.249     261.956     90.6271           0     3181.12     1427.73     4608.84    -1.30614    -103.248
       8800   0.0200454     420.269     262.496      89.481     1.94013     3190.12      1429.7     4619.81     -1.9709    -104.297
       8700   0.0221191     422.276     263.005     88.4067           2     3206.64      1432.3     4638.94     -2.6053    -105.771
       8600   0.0229906     424.489     263.464     87.3972           2     3228.37     1435.22     4663.59    -2.91389    -107.206
       8500   0.0237365     426.789     263.883     86.4534           2     3243.92      1438.4     4682.32    -3.18279    -108.581
       8400   0.0229655     429.162     264.271     86.0084           2     3262.96     1441.37     4704.33    -2.97062    -109.892
       8300   0.0401319     431.475     264.634     85.8924           2     3270.59     1447.71      4718.3    -6.33418    -111.096
       8200   0.0312751      435.48     264.954     85.9793           2     3282.63     1453.78     4736.42    -6.07873    -112.534
       8100   0.0305406     438.606     265.239     86.2651           2     3291.56     1459.57     4751.13    -5.78903    -113.628
       8000   0.0305007      441.66      265.51     86.7191           2     3308.42     1465.36     4773.78    -5.78511    -114.596
       7900   0.0427983     444.723     265.768     87.3875           2     3316.09     1471.13     4787.22    -5.76807    -115.465
       7800   0.0316334     448.991     265.997     88.2121           2     3326.01     1477.42     4803.44     -6.2967    -116.463
       7700   0.0304825     452.154      266.21     89.2039           2     3338.15     1483.23     4821.38    -5.80982     -117.09
       7600   0.0317233     455.203     266.424     90.3719           2     3348.14     1489.56      4837.7    -6.32414    -117.604
       7500   0.0328259     458.377     266.635     91.6791           2     3352.76     1496.37     4849.13    -6.80973    -118.055
       7400   0.0338642      461.66     266.838     92.0536           2     3354.11     1503.65     4857.76     -7.2879    -118.451
       7300           0     465.013     267.033     91.8943           0     3354.15     1509.41     4863.56    -5.75764    -118.833
       7200   0.0315621     465.044     267.267     91.5018           2     3357.85     1513.68     4871.53    -4.26739    -118.567
       7100   0.0327693     468.202     267.509     90.8956           2     3362.26     1518.89     4881.15    -5.20928    -119.065
       7000    0.073843      471.52      267.72     90.1275           2     3365.49     1529.01      4894.5    -10.1204    -119.575
       6900   0.0386273     478.869     267.858     89.1989           2     3368.63     1538.77      4907.4      -9.758    -120.847
       6800   0.0283015     482.721     267.967     88.2123           2      3373.5     1543.83     4917.33    -5.06744    -121.252
       6700   0.0306906     485.554     268.111      87.205           2     3378.77     1549.85     4928.62    -6.01084    -121.491
       6600   0.0369059     488.629     268.275     86.1812           2      3383.3     1558.72     4942.02    -8.87473    -121.849
       6500   0.0336581     492.316     268.436      85.117           2     3390.67     1566.06     4956.73    -7.33572    -122.372
       6400     0.03376     495.682     268.592     84.3359           2     3398.56     1573.45        4972    -7.39182    -122.836
       6300   0.0346542     499.059     268.747     83.7198           2      3405.6     1579.24     4984.84    -5.79701    -123.307
       6200   0.0328423     502.523     268.899     83.2003           2     3406.59     1584.34     4990.93    -5.09892     -123.79
       6100    0.032743     505.807      269.05     82.7702           2     3408.46     1588.74      4997.2    -4.39971    -124.225
       6000   0.0244158     509.073     269.201     82.3997           2     3417.45     1592.44     5009.89    -3.70089     -124.65
       5900   0.0297332      511.52     269.363     82.0872           2     3424.49     1598.11      5022.6    -5.66312    -124.908
       5800   0.0260946     514.489     269.531     81.8098           2     3425.27     1602.14     5027.41    -4.03087    -125.293
       5700   0.0282023     517.101     269.701     81.5659           2     3435.78     1605.94     5041.72    -3.80057    -125.599
       5600   0.0244856     519.918     269.872      81.348           2     3447.99     1609.66     5057.65    -3.72175     -125.95
       5500   0.0242579     522.366     270.047     81.1576           2     3450.24     1613.31     5063.55    -3.64654    -126.221
       5400   0.0434626     524.811     270.227     80.2589     1.73278     3453.12     1617.11     5070.23      -3.802    -126.512
       5300   0.0271773     529.141     270.403     78.8995           2      3463.5     1621.06     5084.56    -3.95279    -127.217
       5200           0     531.831     270.574     77.3081           0     3465.48     1621.84     5087.32   -0.774377    -127.585
       5100   0.0170155     531.848     270.785     75.6059     1.82109     3476.51     1623.42     5099.93    -1.58451    -127.517
       5000   0.0202567     533.553     271.022     73.7584     1.96893     3493.81     1625.84     5119.65    -2.42165     -127.97
       4900   0.0154097     535.574      271.25     71.8103     1.75183     3512.52     1627.09     5139.61    -1.24996    -128.565
       4800   0.0139748     537.114      271.48     69.7798     1.58874     3527.02     1627.82     5154.84   -0.730333    -129.129
       4700  0.00981994     538.507     271.725     67.6856     1.46097     3535.58     1628.05     5163.63   -0.224858    -129.745
       4600   0.0347921     539.514     271.984     65.5612     1.59295     3552.97     1630.23      5183.2    -2.18354    -130.368
       4500   0.0233586     542.982     272.231     63.3485           2      3572.1     1633.36     5205.46    -3.13071    -131.551
       4400   0.0156561      545.31     272.447     61.4611     1.77094     3591.79     1634.71      5226.5    -1.34732    -132.475
       4300   0.0147564     546.875     272.657     59.7704     1.73092     3609.07     1635.87     5244.94    -1.15699    -133.266
       4200   0.0121276     548.348     272.873     58.1828     1.61126     3630.79     1636.54     5267.33   -0.673177    -134.083
       4100   0.0254036     549.574     273.095     56.6783     1.55025     3656.52     1637.93     5294.45    -1.39476    -134.889
       4000    0.175852     552.264     273.312     55.2029     1.17636     3682.62     1637.95     5320.56  -0.0118527    -136.016
       3900   0.0142957     569.688     273.531     53.5175    0.676516     3711.23     1639.32     5350.55     1.36943      -139.9
       3800  0.00987049     571.113     273.773     51.9623     1.51156      3738.2     1639.64     5377.84   -0.323174    -140.069
       3700   0.0139382     572.104      274.02     49.9425     1.56607     3769.28     1640.33     5409.61   -0.695285    -140.379
       3600   0.0195835     573.504     274.253     46.3975     1.55684     3797.92     1641.39      5439.3    -1.05251    -141.019
       3500    0.195649     575.638     274.471     42.1797     1.15864     3825.76     1641.92     5467.68    0.529212    -142.043
       3400   0.0120166     595.019     274.692     37.4483     1.62311     3849.35     1642.61     5491.96   -0.691884    -146.505
       3300   0.0111512      596.22     274.913     32.5975     1.58445     3863.46     1643.17     5506.63   -0.563183    -146.965
       3200   0.0102147     597.334     275.128     28.1961     1.54121     3878.76      1643.6     5522.36   -0.428064    -147.826
       3100   0.0118697     598.358     275.342     25.1516     1.62191     3892.47     1644.29     5536.76   -0.691555    -148.941
       3000    0.015088     599.548     275.552     22.5954       1.626     3909.18     1645.24     5554.42   -0.951871    -150.252
       2900  0.00878834      601.05     275.755     20.3781     1.47576     3926.31      1645.5      5571.8   -0.255218    -151.717
       2800   0.0115929     601.932      275.96     18.4077     1.61223      3943.8     1646.16     5589.95   -0.659582    -153.107
       2700   0.0211339     603.101     276.164     16.4364    0.438099     3954.28     1648.89     5603.18     2.73556    -154.602
       2600   0.0209233     605.214       276.4     14.1103       1.954     3955.56     1651.39     5606.95     -2.5001    -156.309
       2500   0.0168011     607.302     276.621     11.6749     0.77132     3969.16     1652.67     5621.83     1.27907    -158.014
       2400  0.00955876     608.975     276.834     9.21352    0.816557     3984.67     1653.44      5638.1    0.765724    -159.649
       2300   0.0801646     610.001     277.066     6.73528     1.17205     3998.14     1653.52     5651.66   0.0840278    -161.199
       2200   0.0348243     617.973     277.292     4.29575     1.29908     4004.92     1654.11     5659.04   -0.591819    -164.086
       2100   0.0116061     621.432       277.5     2.27749      1.6236     4018.72     1654.81     5673.53   -0.699696    -165.862
       2000   0.0155234     622.596      277.69    0.486134     1.53693      4032.3      1655.6     5687.91   -0.790418    -167.195
       1900   0.0090324     624.142     277.868    -1.15496     1.49804     4045.02     1655.94     5700.96   -0.335125    -168.668
       1800  0.00930731     625.046     278.042      -2.679     1.51239     4058.72     1656.31     5715.03   -0.374917    -170.046
       1700   0.0967452     626.064     278.213    -4.20908     1.14629     4073.71     1656.73     5730.43    0.414103    -171.484
       1600   0.0171958     635.659     278.387    -6.05259     0.55508     4085.77     1658.63      5744.4     1.90059    -174.508
       1500    0.070731     637.432     278.582     -7.9072     1.18004     4097.31     1658.66     5755.97  -0.0366584    -175.761
       1400   0.0199982     644.454     278.775    -9.83471     1.76168     4109.22     1660.49     5769.71    -1.82532     -178.05
       1300   0.0202156     646.454     278.935    -11.7426     1.55869     4117.26     1661.69     5778.95    -1.19856    -179.264
       1200           0     648.456      279.07    -13.3425           0     4121.04     1662.25     5783.28   -0.556635    -180.568
       1100           0     648.456     279.211    -14.1473           0     4121.75     1662.25        5784 -0.00108051    -181.538
       1000  0.00910016     648.465     279.363    -14.6012    0.993833     4123.15     1662.65      5785.8    0.401681    -182.577
        900  0.00823734     649.374     279.522    -14.7063     1.17893     4124.14     1662.78     5786.92    0.127831    -183.797
        800    0.024422     650.214     279.682    -14.5486    0.303683     4124.41     1666.41     5790.82     3.63774    -184.946
        700   0.0306389     652.662     279.875    -14.1017    0.376568     4126.33      1670.6     5796.93     4.19134    -186.316
        600           0     655.696     280.114    -13.2138           0     4134.34     1671.67     5806.01     1.06136    -187.633
        500           0     655.696     280.335    -12.0078           0     4142.86     1671.97     5814.83    0.307338    -188.224
        400           0     655.696     280.517    -10.4675           0     4163.78     1674.18     5837.96     2.21009     -188.77
        300           0     655.696     280.678    -8.66571           0     4173.98     1677.14     5851.11    -2.95162    -189.242
        200           0     655.696     280.826    -6.37943           0     4190.96     1680.67     5871.63    -3.53323    -189.619
        100   0.0104905     655.706     280.964    -3.18506    0.949403     4193.07     1681.16     5874.23    0.491483    -189.859
          0   0.0576444     656.802     281.098    0.486298           0     4203.98     1700.62      5904.6     19.4596    -190.121