     20000          0          0    179.437    415.631          0     17.399    14.2831    31.6821    14.2831    51.8335
     19900          0          0    179.437     414.68          0    28.2794    29.7361    58.0155    15.4531    51.7019
     19800          0          0    179.437    414.027          0    44.2322    46.3592    90.5914    16.6231    51.5706
     19700          0          0    179.437    413.765          0    53.1473    60.5222     113.67    14.1631    51.4563
     19600  0.0612666  0.0612666    179.437    413.802          0    62.7693    72.5053    135.275     11.983    51.3583
     19500          0    6.12666    179.545    411.867          0    64.9826    81.9102    146.893    9.40497     49.859
     19400          0    6.12666    179.674    408.898          0    76.6249    93.7563    170.381    11.8461    50.0253
     19300          0    6.12666    179.736    406.216          0    86.7093     105.57     192.28    11.8139    49.9996
     19200  0.0454746    6.17213    179.768    403.563          0    88.3465    117.383    205.729    11.8124    49.8143
     19100  0.0228463     10.697    179.863    402.525          0    88.6218    128.609    217.231    11.2267    48.4799
     19000          0    12.9587    180.006    402.498          0    88.8194    140.504    229.323    11.8944    47.9152
     18900          0    12.9587      180.1    400.723          0    89.9425    153.114    243.056      12.61    47.9426
     18800          0    12.9587    180.143    397.988          0    100.194    162.941    263.135    9.82726    47.8129
     18700          0    12.9587    180.159    396.105          0     122.07    174.052    296.121    11.1107    47.5388
     18600          0    12.9587    180.161    394.639          0    157.241    187.791    345.031    13.7389    47.1844
     18500          0    12.9587    180.154    393.242          0    199.939    195.756    395.695    7.96579    46.7766
     18400          0    12.9587    180.142    391.914          0    209.374    203.284    412.659    7.52782    46.3269
     18300          0    12.9587    180.127    388.816          0    212.461    211.177    423.638    7.89282    45.8153
     18200          0    12.9587    180.111    384.623          0    238.137    219.086    457.223    7.90935    45.1634
     18100          0    12.9587    180.094    381.053          0    287.844    226.486     514.33     7.3998    44.3601
     18000          0    12.9587    180.076    377.718          0    332.986    234.463    567.449     7.9769      43.45
     17900          0    12.9587     180.06    376.773          0    370.753    243.873    614.626    9.41025    42.4884
     17800          0    12.9587    180.044    377.302          0    406.592     254.16    660.751    10.2863    41.5946
     17700          0    12.9587    180.028    375.413          0    441.969    263.851     705.82    9.69155      40.77
     17600          0    12.9587    180.014    372.205          0    466.443    277.562    744.005     13.711      39.89
     17500  0.0736233    13.0324        180    372.288          0    474.876    290.947    765.822    13.3845    38.9528
     17400  0.0884345    20.4095    182.752    404.383   0.217859    503.748    299.977    803.725    9.03047    35.5079
     17300  0.0760908    29.2406    183.755    414.227  0.0244963    533.335    308.945     842.28    8.96793    33.5451
     17200  0.0778653    36.8515    184.463    420.225          0     570.63    321.567    892.197    12.6217    32.6228
     17100  0.0799279    44.6401    185.214    423.964          0    627.444    334.983    962.427    13.4162    32.0353
     17000   0.087155    52.6401    186.104     426.13          0    680.834    350.979    1031.81    15.9961    31.6174
     16900  0.0878105    61.3562    187.155    422.353          0    726.657    367.449    1094.11    16.4702    31.0797
     16800  0.0881347    70.1376    188.357    414.473          0      771.8    384.283    1156.08    16.8333    30.3052
     16700  0.0912227    78.9542    189.687    405.236          0    818.306    402.486    1220.79    18.2031    29.1699
     16600   0.159503    88.1447    191.128    394.762          0    862.038    424.508    1286.55    22.0221    27.5773
     16500   0.082556    104.018    192.741    395.133          0    910.011     440.12    1350.13    15.6123    24.2525
     16400  0.0931147    112.284     194.45    402.859          0     972.18    459.638    1431.82    19.5174    23.4423
     16300  0.0840862    121.587     196.18    407.489          0    1043.97    475.973    1519.94    16.3359    22.8455
     16200  0.0972697    130.008     197.94    410.559          0    1120.61    497.478    1618.09    21.5047    22.7417
     16100   0.102384    139.741    199.739    401.518          0    1192.99    521.476    1714.46     23.998    22.3036
     16000  0.0972926    149.974    201.591    384.195          0    1254.42    543.589    1798.01    22.1126    21.1584
     15900  0.0925645    159.698    203.481      375.1          0    1310.21     563.96    1874.17    20.3711    19.4897
     15800  0.0832747    168.946    205.393    371.018          0    1368.49    580.926    1949.41    16.9666    17.7946
     15700  0.0808029    177.271     207.31    368.195          0    1426.98    597.127    2024.11    16.2003    16.3537
     15600  0.0919894    185.362    209.223    366.476          0     1486.5    610.664    2097.16    13.5372     15.018
     15500  0.0685442    194.538    211.149    363.991          0    1545.55    623.045     2168.6    12.3809    13.5023
     15400  0.0634473    201.387     213.07    361.139          0    1609.05     633.98    2243.03    10.9352    12.5959
     15300  0.0680736    207.736    214.963    359.991          0    1680.36    646.334    2326.69    12.3537    11.7766
     15200  0.0641599     214.54    216.842    360.016          0    1752.49    657.565    2410.05    11.2315    10.9073
     15100  0.0599564    220.951    218.711    366.591          0    1833.73    667.627    2501.35    10.0621    10.3603
     15000  0.0622851    226.949    220.565    377.787   0.048628    1929.46    676.365    2605.83    8.73736     10.452
     14900  0.0437497    233.159    222.404    386.616   0.142484    2036.54    682.607    2719.15    6.24262    11.0823
     14800  0.0379273    237.529    224.206    394.239   0.269168    2155.72     687.68     2843.4     5.0725    12.5346
     14700  0.0542556    241.338    225.894    385.903          0    2268.62     690.78     2959.4    3.10016    14.0761
     14600  0.0736676    246.783    218.285    315.803          0    2339.38    708.335    3047.72    17.5551    13.3507
     14500  0.0788176    254.155     216.08    288.241          0    2393.07    731.603    3124.68    23.2676    7.91397
     14400  0.0794668    262.037     216.45    271.082          0    2438.56    756.506    3195.07    24.9036    1.50344
     14300  0.0852856    269.989     217.75    256.125          0     2480.4    777.906    3258.31    21.3996   -4.62462
     14200  0.0677639      278.5    219.346    243.226          0    2514.77    797.113    3311.89    19.2068   -10.2798
     14100  0.0638986    285.273    220.974    236.098          0       2548    814.471    3362.47    17.3589   -14.8002
     14000  0.0575773    291.657    222.544    232.618          0    2571.51    828.912    3400.43    14.4408    -18.442
     13900  0.0618639    297.419    224.038    227.119          0    2589.32    845.444    3434.76    16.5319   -21.2699
     13800  0.0541232    303.597    225.472    220.729          0    2615.35    858.488    3473.83    13.0433   -23.8182
     13700  0.0572774    309.013    226.848    216.002          0    2625.03     872.99    3498.02    14.5021   -25.9304
     13600  0.0655523    314.749    228.176    212.212 0.00671868    2641.57    886.019    3527.59    13.0291    -27.893
     13500  0.0353048    321.274    229.485    215.209    0.22559    2657.54    892.364     3549.9    6.34489   -29.7144
     13400  0.0418423    324.811    230.714    222.409  0.0552613    2674.85    900.689    3575.54    8.32587   -30.2842
     13300  0.0215399    328.975    231.864    219.134   0.587137    2691.25    905.685    3596.94    4.99567   -30.6765
     13200  0.0282554    331.135     235.61    240.686   0.505413    2725.59    909.991    3635.58    4.30545   -30.8916
     13100   0.035312    333.968    238.025    247.375          2    2766.01    912.151    3678.17   -2.16021   -30.2494
     13000  0.0301534    337.494    239.936    253.327          2    2798.47    913.601    3712.07   -1.44996    -29.392
     12900  0.0340582    340.513      241.4    259.703          2    2846.15    916.293    3762.45   -2.69246    -28.217
     12800  0.0407481    343.926    242.447      266.2    1.77867    2902.21    917.858    3820.07   -1.56519   -27.0163
     12700  0.0447019    348.004    243.339    268.526    1.55912    2953.02    918.595    3871.61  -0.736926   -25.9607
     12600          0     352.43    244.318    267.828          0    2985.05    919.427    3904.48    0.83173   -25.2038
     12500  0.0134196    352.443    245.363    267.682   0.787689     3019.6    921.052    3940.65    1.62494   -23.7614
     12400  0.0220247    353.794    246.471    267.669    1.84862    3052.04    921.423    3973.46  -0.370562   -23.0343
     12300  0.0248553    355.999    247.607    266.276     1.9522    3095.39    922.244    4017.63  -0.821042   -22.8047
     12200  0.0143906    358.474    248.746    263.852    1.57903    3153.09      922.8    4075.89   0.556373    -22.923
     12100  0.0217886    359.921    249.904    263.014   0.570851    3219.81    925.338    4145.15    2.53758   -23.0499
     12000  0.0264502    362.104    251.115    263.175          2    3295.46    926.355    4221.81   -1.01774   -23.4944
     11900  0.0181976    364.741    252.349    264.345   0.660216    3376.21     928.56    4304.77    2.20509   -24.0737
     11800   0.512117    367.055    253.614    266.263    1.28014    3463.37    929.987    4393.36    1.42619   -24.5356
     11700  0.0590582    417.813    254.868      275.4          0    3563.02    931.701    4494.72    1.71422   -35.3764
     11600  0.0747317    423.735    242.155    249.044          0    3642.95     946.91    4589.86    15.2088   -33.8734
     11500  0.0921469    431.225    237.791    230.833          0    3714.35    974.886    4689.23    27.9759   -35.5865
     11400   0.109054    440.457    237.256    206.314          0    3773.71    1005.58    4779.29    30.6962   -39.2056
     11300   0.078076    451.331    238.214    194.475          0    3826.08    1032.85    4858.92    27.2636   -43.8135
     11200   0.074374    459.135    239.653    189.795          0    3873.23    1058.04    4931.27    25.1966   -47.3555
     11100   0.071621     466.57    241.186     181.54          0    3899.58    1081.76    4981.33    23.7143   -50.3795
     11000  0.0686867    473.729    242.707     171.59          0    3916.57    1103.85    5020.42    22.0927   -53.1797
     10900  0.0705507      480.6    244.188    165.746          0    3942.44    1127.26     5069.7    23.4122   -55.8012
     10800  0.0723617    487.657    245.637    162.228          0    3979.59    1147.17    5126.76    19.9128   -58.2036
     10700  0.0629393    494.883     247.07     157.77          0     4014.7    1166.33    5181.03    19.1547   -60.3926
     10600  0.0614951    501.176    248.465    152.912          0    4045.19    1184.76    5229.96    18.4347   -62.2613
     10500  0.0600011    507.324    249.811    149.855          0    4075.09    1202.45    5277.54    17.6885   -64.0499
     10400  0.0549471    513.319    251.117    147.855          0    4104.05    1217.54    5321.59    15.0834   -65.7009
     10300  0.0600193    518.819    252.379    146.476          0    4139.33    1230.06    5369.39    12.5211   -67.1397
     10200  0.0484641    524.809    253.614    145.012          0    4173.47    1242.14    5415.61    12.0864   -68.5919
     10100  0.0482823    529.655     254.81    142.518    0.15461    4191.18    1251.03    5442.21    8.89001   -69.7611
     10000  0.0385014    534.474    255.948    139.707  0.0268604    4215.18    1259.08    5474.27    8.05204   -70.9819
      9900  0.0363106    538.322    257.029    136.748  0.0849511    4249.79    1266.36    5516.15    7.27136   -72.0721
      9800  0.0314451    541.948    258.055    133.674   0.220739     4283.1    1272.04    5555.14    5.68878   -73.2286
      9700  0.0260648    545.087    259.015    130.514   0.372911    4323.35    1276.22    5599.57    4.17292   -74.3947
      9600   0.019731    547.687    259.899    127.291   0.554366    4364.06    1278.95    5643.01    2.73196   -75.5692
      9500  0.0109097    549.651    260.714     124.02    0.81025    4400.27    1280.31    5680.58    1.36123   -76.7418
      9400  0.0247594    550.756    261.463    121.555   0.403014    4419.56    1284.05    5703.61    3.73705   -77.8632
      9300  0.0134035    553.221    262.186    119.536   0.734945    4439.54    1285.66    5725.21    1.61365   -79.3555
      9200   0.128024    554.676    262.884    117.777    1.16288    4460.49    1286.48    5746.96   0.816188   -80.6391
      9100  0.0189202    567.369    263.536    116.017    1.86973    4489.24    1288.01    5777.26   -1.53587   -84.2007
      9000  0.0292577    569.271     264.13    114.474          2    4519.98    1292.84    5812.82   -4.83033   -85.0842
      8900  0.0268193    572.195    264.656    113.124          2    4539.93    1296.85    5836.78   -4.00636   -86.2902
      8800  0.0283428    574.878     265.13    111.899          2    4571.35    1301.46    5872.81   -4.60545   -87.4732
      8700  0.0296935    577.714    265.566    110.774          2    4610.24    1306.62    5916.86   -5.16584   -88.7048
      8600  0.0302262    580.684    265.966    109.734          2    4654.31    1312.04    5966.35   -5.41624   -89.9586
      8500  0.0306997    583.707    266.338    108.767          2    4692.18    1317.68    6009.85   -5.63773   -91.2033
      8400  0.0300081    586.776    266.686    108.311          2    4733.52    1323.06    6056.58   -5.38568   -92.4218
      8300  0.0374441    589.784    267.015    108.191          2    4763.45    1331.78    6095.22   -8.71501   -93.5648
      8200  0.0581919     593.55    267.319     108.29          2     4797.8    1340.22    6138.02   -8.44399   -94.7868
      8100  0.0402108    599.351    267.568    108.554          2    4829.01    1348.34    6177.35   -8.11786    -96.296
      8000   0.035919    603.368    267.788    108.994          2    4868.15     1356.4    6224.55   -8.06319   -97.2487
      7900  0.0358224    606.959    268.012    109.665          2     4898.1    1364.41    6262.51   -8.01244   -98.0278
      7800  0.0369179    610.543    268.237    110.517          2    4930.32    1372.95    6303.27     -8.537   -98.7315
      7700  0.0359144    614.233    268.455    111.529          2    4964.79    1381.01    6345.79   -8.05532   -99.3758
      7600  0.0464805    617.835    268.667    112.715          2    4997.12    1389.57    6386.69   -8.56662   -99.9111
      7500  0.0378797    622.475    268.857    114.026          2    5024.09     1398.6    6422.69   -9.03184    -100.56
      7400  0.0526538    626.278    269.035    114.393          2    5047.77    1408.09    6455.86   -9.48468   -100.923
      7300  0.0354756    631.526    269.191    114.201          2    5070.03    1416.01    6486.04   -7.91607   -101.557
      7200  0.0319485     635.07    269.343    113.741          2    5088.57    1422.35    6510.92   -6.34307   -101.796
      7100  0.0403823    638.273    269.512    113.101          2    5106.37    1429.56    6535.93   -7.21225   -102.014
      7000  0.0434314    642.314    269.679    112.308          2    5131.78    1441.64    6573.42   -12.0789   -102.455
      6900  0.0570371    646.671     269.83    111.406          2    5157.13    1453.37     6610.5   -11.7301   -102.968
      6800  0.0665764    652.384     269.95    110.402    1.84174    5184.19    1460.42    6644.61   -7.05046   -103.744
      6700  0.0395575    659.015    270.045    109.319          2    5211.57    1468.37    6679.94   -7.94538   -104.642
      6600  0.0408373    662.972     270.15    108.241          2    5238.16    1479.12    6717.28   -10.7497   -104.938
      6500  0.0700324    667.085    270.269    107.145          2    5267.56    1488.28    6755.84   -9.16949   -105.336
      6400  0.0376516    674.056    270.353    106.299          2    5297.41    1497.44    6794.85   -9.15329   -106.334
      6300  0.0342261    677.818    270.435    105.649          2    5326.38    1504.92     6831.3   -7.48522    -106.59
      6200  0.0326201    681.239    270.553    105.122          2    5347.31    1511.68    6858.99   -6.75266   -106.839
      6100  0.0309651    684.499    270.691    104.692          2    5367.36    1517.72    6885.07   -6.04148   -107.107
      6000  0.0292432    687.594    270.843    104.327          2    5398.27    1523.06    6921.33   -5.34322   -107.383
      5900  0.0338798    690.523    271.004    104.012          2    5427.24    1530.36     6957.6   -7.30422   -107.656
      5800   0.030033    693.907    271.164    103.729          2    5449.93    1536.03    6985.96   -5.66426   -108.044
      5700  0.0294308     696.91    271.324    103.479          2    5482.36    1541.45    7023.82   -5.42406   -108.351
      5600  0.0292086    699.852    271.488    103.258          2    5516.48    1546.79    7063.27   -5.33787   -108.654
      5500  0.0352795    702.779    271.654    103.061          2    5540.63    1552.04    7092.68   -5.25369    -108.96
      5400  0.0292532    706.301    271.811     102.13          2    5565.38    1557.43    7122.81   -5.38635   -109.396
      5300  0.0295581    709.227    271.966    100.762          2    5597.62    1562.95    7160.57    -5.5165   -109.738
      5200   0.019979    712.173    272.125    99.1509    1.93408    5617.48    1565.27    7182.75   -2.32497   -110.153
      5100  0.0227034    714.174    272.299    97.3928          2    5650.29    1568.37    7218.66   -3.09911   -110.453
      5000  0.0250952    716.446    272.485    95.4941          2    5689.33    1572.26    7261.58   -3.88484   -110.919
      4900  0.0211743    718.952    272.667    93.5014    1.99256    5729.73    1574.92    7304.66   -2.66747   -111.516
      4800  0.0190853    721.067    272.851    91.4262     1.9021    5765.88    1577.03     7342.9   -2.10124   -112.104
      4700  0.0339178    722.991    273.045     89.288    1.48064    5796.04    1578.57    7374.61   -1.54498   -112.738
      4600  0.0237147    726.372    273.253    87.0903          2    5834.96    1582.02    7416.98    -3.4534   -113.739
      4500  0.0262744    728.746    273.458    84.8402          2    5875.58    1586.38    7461.96   -4.35832   -114.551
      4400  0.0206171    731.368    273.648    82.9249    1.97837    5916.74    1588.93    7505.67   -2.54787   -115.469
      4300  0.0198553    733.429    273.837    81.2007    1.94584    5955.44    1591.27    7546.71    -2.3368   -116.301
      4200   0.017913    735.413    274.034    79.5781    1.86002    5998.56     1593.1    7591.66   -1.83352   -117.158
      4100  0.0205794    737.207     274.24    78.0371    1.98132    6045.64    1595.64    7641.28   -2.53993   -118.011
      4000  0.0148094    739.259    274.446    76.5402    1.72264    6093.08    1596.79    7689.87   -1.14622   -118.948
      3900    339.864    1080.59    274.569    75.0338          2    6143.21    1597.12    7740.33   0.330709   -189.127
      3800          0    34727.1    106.453   -23.0848          0    6191.29    1764.11     7955.4    166.997   -891.869
      3700          0    34727.1    49.5676   -31.1743          0    6241.34    1987.87    8229.21    223.757   -862.816
      3600          0    34727.1    35.9758    -31.455          0    6290.55     2225.1    8515.64    237.224   -837.261
      3500          0    34727.1    30.5228   -30.3122          0     6335.2    2469.57    8804.77    244.477   -813.205
      3400   0.204811    34727.3    27.8722   -28.4641          0    6377.51     2715.7    9093.21    246.128   -789.732
      3300          0    34747.6    26.5979   -27.3783          0    6423.39    2963.45    9386.84    247.752   -766.894
      3200          0    34747.6    26.0278    -26.876          0    6463.15    3212.12    9675.28    248.672   -744.287
      3100          0    34747.6    25.7956   -25.3285          0    6499.93    3460.98    9960.91    248.854    -722.39
      3000          0    34747.6    25.7576   -23.3974          0    6529.21    3709.82      10239    248.842   -701.461
      2900          0    34747.6    25.8203   -21.2434          0     6553.7     3959.5    10513.2     249.68   -681.747
      2800          0    34747.6    25.9284   -18.9617          0    6573.58    4208.87    10782.5    249.372   -663.452
      2700          0    34747.6    26.0507   -16.8726          0     6596.4    4461.72    11058.1    252.849    -646.72
      2600          0    34747.6    26.1709    -15.502          0    6624.74    4709.45    11334.2    247.729   -631.627
      2500          0    34747.6    26.2808   -14.6666          0    6637.48    4961.07    11598.6    251.619   -618.195
      2400      0.001    34747.6    26.3776   -14.2321          2    6645.42    5212.29    11857.7    251.222   -606.387
      2300          0    34747.7    26.4609   -14.1534          0    6652.84    5462.98    12115.8    250.689   -596.127
      2200          0    34747.7    26.5319   -14.1501          0     6664.5    5713.15    12377.6    250.168   -587.299
      2100          0    34747.7    26.5923   -13.7484          0    6666.73    5963.36    12630.1    250.208   -579.777
      2000  0.0107602    34747.7    26.6441   -13.1293   0.956521    6666.76    6213.61    12880.4    250.256   -573.421
      1900  0.0272147    34748.8    26.6906   -12.3678   0.717022    6668.27    6464.46    13132.7    250.843   -568.142
      1800  0.0491435    34751.6    26.7369   -11.5441   0.395623     6673.1    6715.39    13388.5     250.93   -563.828
      1700  0.0642914    34756.5    26.7898   -10.8903   0.172551     6681.4    6967.22    13648.6    251.837   -560.374
      1600   0.057601    34762.9    26.8522   -10.7423   0.269332    6688.78    7220.66    13909.4    253.435   -557.625
      1500  0.0612391    34768.7    26.9127   -10.9818   0.219491    6697.24    7472.29    14169.5    251.632   -555.371
      1400  0.0675004    34774.8    26.9693   -11.5507   0.121682    6707.43    7722.27    14429.7    249.981   -553.596
      1300  0.0549427    34781.5    27.0278   -12.4157   0.305805     6714.8    7972.98    14687.8    250.708   -552.242
      1200          0      34787    27.0798   -13.0663          0    6718.31    8224.41    14942.7    251.434   -551.145
      1100  0.0245469      34787    27.1088    -12.586   0.753172    6719.15    8476.51    15195.7    252.101   -550.044
      1000  0.0610321    34789.5    27.1311   -11.2991   0.479645    6723.85    8729.15      15453    252.634   -549.353
       900  0.0651895    34795.6    27.1691   -9.27762    0.15379    6730.27    8981.63    15711.9    252.481   -549.047
       800  0.0714648    34802.1    27.2221    -6.7173  0.0305886    6737.84    9237.73    15975.6    256.098   -548.872
       700  0.0915856    34809.3    27.2836   -3.57092          0    6750.29    9494.51    16244.8    256.783   -548.811
       600  0.0689061    34818.4    27.3553   0.354778  0.0969664    6755.84    9748.33    16504.2     253.82     -548.9
       500  0.0814715    34825.3    27.4205    4.88884          0    6764.22    10001.6    16765.8    253.222   -548.872
       400  0.0452909    34833.4    27.4837    10.0502   0.444938    6764.63    10256.8    17021.4    255.244   -548.925
       300   0.102275      34838    27.5309     15.778          0    6778.87      10507    17285.9    250.196   -548.773
       200  0.0987145    34848.2    27.5925    22.3486          0    6790.62    10756.7    17547.3      249.7   -548.938
       100   0.141732    34858.2    27.6699    30.3381          0    6822.03    11010.5    17832.5    253.785   -549.012
         0   0.160215    34872.4    27.7629    39.3161          0    6871.77    11283.3      18155    272.795   -549.233