      20000           0           0     179.437      354.04           0     78.9895     14.2831     93.2726     14.2831      6.5598
      19900   0.0497497   0.0497497     179.437      353.13           0      151.42     29.7361     181.156      15.453     6.42099
      19800           0     4.97497     179.525     352.377           0     229.023     46.2714     275.294     16.5353     5.18597
      19700           0     4.97497     179.629     352.025           0     299.678      60.242      359.92     13.9706     5.32516
      19600           0     4.97497      179.68     352.009           0     351.849     71.9822     423.832     11.7402     5.42883
      19500           0     4.97497     179.705     350.284           0     415.645     81.2268     496.872     9.24458     5.49414
      19400           0     4.97497     179.718     347.548           0     488.637     93.0287     581.665     11.8019     5.44809
      19300           0     4.97497     179.723     345.034           0     559.903     104.855     664.758     11.8267     5.27595
      19200           0     4.97497     179.724      342.53           0     622.573     116.711     739.284     11.8559     5.00221
      19100           0     4.97497     179.722     341.676           0     683.698     128.079     811.777     11.3678      4.6628
      19000           0     4.97497     179.719     341.814           0     744.183     140.261     884.444     12.1815      4.3431
      18900           0     4.97497     179.714     340.216           0     803.568     153.257     956.824     12.9961     4.04421
      18800           0     4.97497     179.709     337.653           0     874.155     163.518     1037.67     10.2611     3.67897
      18700           0     4.97497     179.704     335.883           0     956.252     175.084     1131.34     11.5663     3.23593
      18600           0     4.97497     179.698     334.497           0     1051.56     189.286     1240.85     14.2016     2.76029
      18500           0     4.97497     179.693     333.166           0     1154.34     197.712     1352.05     8.42666     2.26619
      18400           0     4.97497     179.688     331.894           0     1223.79     205.694     1429.49     7.98155     1.75642
      18300           0     4.97497     179.684     328.923           0      1280.6      214.03     1494.63     8.33622     1.20576
      18200           0     4.97497     179.679     324.901           0        1366     222.371     1588.37     8.34064    0.534627
      18100           0     4.97497     179.675     321.473           0     1475.29     230.189     1705.48     7.81815   -0.270965
      18000           0     4.97497     179.671     318.269           0     1579.88     238.571     1818.45     8.38209    -1.17059
      17900           0     4.97497     179.668     317.355           0     1677.06     248.373     1925.44     9.80248    -2.11352
      17800           0     4.97497     179.664     317.851           0     1772.35     259.039     2031.39      10.666    -2.98672
      17700           0     4.97497     179.661     316.033           0     1867.11     269.099     2136.21     10.0593    -3.78998
      17600           0     4.97497     179.658     312.953           0     1950.84     283.166        2234     14.0675    -4.64335
      17500           0     4.97497     179.655     313.024           0     2018.53     296.897     2315.43     13.7304    -5.53049
      17400           0     4.97497     182.331     343.858           0     2050.18     306.348     2356.53     9.45164    -7.15371
      17300           0     4.97497     183.148     353.533           0     2081.29     315.924     2397.21     9.57576    -7.35513
      17200           0     4.97497     183.601     359.596           0     2104.62     329.408     2434.03     13.4836    -7.14919
      17100           0     4.97497     184.051     363.548           0     2108.23     343.987     2452.21     14.5795    -6.76488
      17000           0     4.97497     184.604     366.039           0     2114.93     361.484     2476.41     17.4965    -6.31892
      16900           0     4.97497     185.284      362.87           0     2128.59     379.825     2508.41     18.3412    -5.95138
      16800           0     4.97497     186.086     355.794           0     2142.12     398.929     2541.05     19.1041    -5.92836
      16700           0     4.97497     186.996     347.429           0     2153.42     419.823     2573.25      20.894    -6.35163
      16600           0     4.97497     187.999     337.882           0     2166.57     444.974     2611.54     25.1507    -7.21635
      16500   0.0496833     5.02466     189.082      338.89           0     2174.84     464.245     2639.09      19.271    -8.34385
      16400    0.103732      10.047      190.29     346.876           0     2181.03     487.922     2668.95     23.6777    -10.2641
      16300   0.0962781     20.4128     191.693     351.689           0     2197.02     508.745     2705.76     20.8227    -12.6744
      16200    0.116615      30.061     193.266      354.88           0     2217.98     534.924      2752.9     26.1795    -14.2357
      16100    0.112417     41.7182     194.969     346.289           0     2235.13     563.693     2798.82      28.769    -15.9643
      16000           0     52.8475     196.776     329.668           0     2242.03     590.621     2832.65     26.9277    -17.8654
      15900           0     52.8475     198.524     321.108           0     2243.83      615.95     2859.78     25.3289     -17.717
      15800   0.0970241     52.9445     200.148     317.472           0     2248.56     638.162     2886.72     22.2119    -18.0729
      15700   0.0951416      62.645      201.82     314.946           0     2253.81     659.852     2913.66     21.6901    -20.7883
      15600   0.0884211     72.1525     203.605     313.382           0     2260.23     679.007     2939.24     19.1547    -23.1187
      15500   0.0852073     80.9914     205.449     311.051           0     2266.34     697.087     2963.43     18.0806     -25.012
      15400   0.0810942      89.508     207.322     308.325           0     2277.03      713.77      2990.8     16.6826    -26.6732
      15300   0.0845348     97.6209     209.209     307.201           0     2295.55     731.878     3027.43     18.1081    -28.1136
      15200   0.0920232     106.082     211.105      307.18           0     2314.84     748.846     3063.68     16.9679    -29.4537
      15100    0.077722      115.27     213.022      313.45           0     2342.94     764.597     3107.53     15.7509    -30.6392
      15000    0.130123     123.094     214.943     324.152     0.20249     2385.04     778.956        3164     14.3594     -30.881
      14900   0.0652065     136.042      216.89     332.491           0     2437.99     790.713      3228.7     11.7568     -31.636
      14800   0.0608343     142.558     218.829     339.671           0      2502.6     801.162     3303.76     10.4495    -30.3302
      14700           0     148.581     220.661     331.462           0     2561.06     809.496     3370.55     8.33319    -28.9565
      14600           0     148.581     213.311     264.024           0     2580.05     832.025     3412.07     22.5291    -28.0583
      14500           0     148.581      211.07     237.611           0     2583.11     860.302     3443.41     28.2774    -31.6658
      14400           0     148.581     211.217     221.271           0     2587.43     890.439     3477.87     30.1371    -36.4856
      14300           0     148.581     212.187     207.104           0     2594.61     917.403     3512.02     26.9632    -41.3251
      14200           0     148.581      213.38     194.971           0      2608.5     942.575     3551.07     25.1721    -45.8168
      14100           0     148.581     214.593     188.404           0     2622.97     966.315     3589.28     23.7408    -49.7724
      14000           0     148.581     215.762     185.339           0     2646.73     987.539     3634.27     21.2234    -53.0207
      13900           0     148.581     216.876     180.298           0     2675.75     1011.23     3686.98     23.6944    -55.6395
      13800           0     148.581     217.939     174.398           0     2696.05     1031.81     3727.86     20.5762    -57.8938
      13700           0     148.581     218.965     170.087           0     2732.28     1054.19     3786.48     22.3854    -59.9001
      13600           0     148.581     219.963     166.666           0     2761.29     1075.44     3836.72      21.242    -61.6715
      13500           0     148.581     220.936     169.844           0     2790.68     1090.33     3881.01      14.894    -63.1435
      13400           0     148.581     221.884     177.035           0     2818.74     1107.49     3926.23     17.1565    -64.0568
      13300           0     148.581     222.806     174.032           0     2847.44     1121.54     3968.99     14.0541    -64.5576
      13200           0     148.581     226.346     194.878           0     2858.92     1135.11     3994.03     13.5686    -65.0688
      13100    0.045582     148.626     228.582     201.493           0     2864.37     1142.39     4006.77     7.28348    -64.5305
      13000   0.0267436     153.166     230.437     207.324           0     2877.92     1150.44     4028.37     8.04913    -64.5595
      12900   0.0456953     155.859     231.988     213.527           0     2879.44     1157.16      4036.6      6.7194    -63.8207
      12800   0.0497061     160.432     233.225       219.8           0      2889.1     1164.82     4053.91     7.65652    -63.2984
      12700   0.0511801     165.405     234.397     221.987           0     2893.36     1173.02     4066.38     8.20575    -62.7385
      12600           0     170.471     235.705     221.233           0     2907.92     1182.47     4090.39     9.44531    -62.3303
      12500           0     170.471     237.026     221.018           0     2920.03     1192.43     4112.46     9.96184    -61.0595
      12400           0     170.471     238.312     220.954           0     2934.31     1200.22     4134.53     7.78835    -60.1669
      12300           0     170.471     239.585     219.584           0     2937.65     1207.42     4145.07     7.20061     -59.606
      12200   0.0513471     170.523     240.861     217.237           0     2948.75     1215.86     4164.61     8.44142    -59.4011
      12100   0.0570125     175.663     242.208     216.357           0      2968.8      1226.1      4194.9     10.2341    -60.5799
      12000   0.0424944      181.35     243.662      216.38   0.0287898     2997.66     1232.53     4230.19     6.43566     -61.806
      11900   0.0590595     185.616     245.177      217.37           0     3031.44     1241.91     4273.35      9.3765    -62.6043
      11800   0.0608388     191.524      246.75      219.05   0.0962061     3071.38      1250.2     4321.58      8.2901    -63.6606
      11700   0.0696065     197.616     248.383     228.247           0     3123.88      1258.4     4382.28     8.19907    -64.4363
      11600   0.0776127     204.585     236.395     203.352           0     3158.12     1279.37     4437.48     20.9685    -65.2257
      11500   0.0894325     212.358     232.443     185.726           0     3184.41     1312.69      4497.1     33.3235    -68.3667
      11400   0.0902936     221.302     232.135     161.965           0     3199.42     1348.51     4547.93     35.8174    -72.8233
      11300   0.0846298     230.326     233.193      150.46           0     3207.77     1380.79     4588.56     32.2843    -77.6482
      11200           0     238.704     234.698     145.815           0     3210.95     1410.94     4621.89     30.1523     -81.814
      11100           0     238.704      236.15      137.87           0     3228.27     1439.69     4667.97     28.7503    -83.6579
      11000           0     238.704     237.427     128.409           0     3254.46     1467.07     4721.53     27.3732    -85.5734
      10900           0     238.704     238.602     122.956           0     3271.38     1496.07     4767.44     28.9983    -87.5286
      10800           0     238.704     239.706     119.775           0     3276.69     1521.91      4798.6     25.8444    -89.3359
      10700           0     238.704     240.753     115.716           0     3283.63     1547.38     4831.01     25.4719    -90.9884
      10600           0     238.704     241.752     111.273           0     3294.77     1572.53      4867.3     25.1477    -92.5883
      10500           0     238.704     242.708     108.567           0     3306.16     1597.32     4903.48     24.7915    -94.1505
      10400           0     238.704     243.624     106.881           0     3318.18      1619.9     4938.07     22.5757    -95.6127
      10300    0.111886     238.816     244.502     105.788   0.0709049     3323.58     1640.29     4963.88     20.3977    -96.9883
      10200           0     249.893     245.542     104.408           0     3330.05     1660.45      4990.5     20.1576    -100.433
      10100           0     249.893     246.583     102.084           0     3352.78     1677.57     5030.34     17.1167    -101.129
      10000           0     249.893     247.476     99.5229           0     3368.96     1694.09     5063.05     16.5243    -101.972
       9900           0     249.893     248.295     96.8173           0     3374.28      1710.1     5084.37     16.0048    -102.939
       9800           0     249.893     249.073     93.9931           0     3380.65     1724.77     5105.42     14.6705    -104.015
       9700           0     249.893     249.823     91.0692           0     3381.46     1738.13     5119.59     13.3643    -105.187
       9600   0.0296392     249.922     250.547     88.0636           0     3382.95     1750.22     5133.16     12.0841    -106.451
       9500           0     252.857     251.302     84.9319           0     3385.82     1760.99     5146.81     10.7732    -108.366
       9400           0     252.857     252.043     82.5717           0     3405.52     1774.15     5179.66     13.1566    -109.628
       9300           0     252.857     252.732     80.6723           0      3424.4     1785.21     5209.61     11.0677    -110.936
       9200           0     252.857     253.388     79.0225           0     3442.21     1795.53     5237.74     10.3123    -112.258
       9100           0     252.857     254.015     77.5448           0     3451.93     1803.51     5255.44     7.98507    -113.578
       9000           0     252.857     254.619     76.2042           0     3459.46     1808.19     5267.66      4.6815    -114.885
       8900           0     252.857     255.203     74.9929           0     3477.64     1813.64     5291.28     5.44698    -116.173
       8800           0     252.857     255.772     73.8834           0     3484.24     1818.39     5302.63     4.75306    -117.435
       8700 0.000203446     252.857     256.328     72.8583     1.06436     3485.21     1822.46     5307.67     4.07215    -118.669
       8600   0.0248912     252.902     256.873     71.9073    0.381626     3491.45     1826.14     5317.59     3.67718    -119.882
       8500           0     255.366      257.44     70.9785           0     3491.53      1829.4     5320.93     3.25959    -121.531
       8400   0.0232312     255.389     258.006      70.557    0.428654     3495.12      1832.7     5327.81     3.29436    -122.554
       8300           0     257.689     258.569     70.4332           0     3502.94     1832.97     5335.91   -0.269075    -123.984
       8200           0     257.689     259.114     70.5499           0     3506.33      1833.2     5339.54   -0.239376    -124.811
       8100           0     257.689     259.623     70.8786           0      3512.8     1833.38     5346.17   -0.172585    -125.602
       8000   0.0120836     257.701     260.106     71.3726     1.59582     3514.31     1833.76     5348.07   -0.381299    -126.344
       7900           0     258.898     260.561     72.0612           0     3521.97     1834.32     5356.29   -0.560927     -127.25
       7800           0     258.898     260.994     72.9294           0     3527.33     1835.61     5362.95    -1.29408    -127.795
       7700           0     258.898     261.414     73.9623           0     3530.44     1836.63     5367.06    -1.01381    -128.275
       7600           0     258.898      261.82     75.1629           0     3535.65     1838.35        5374    -1.72019    -128.681
       7500           0     258.898     262.216     76.5005           0     3546.21     1840.74     5386.95    -2.39071    -129.006
       7400           0     258.898     262.602     76.9173           0     3560.01     1843.79      5403.8    -3.05245    -129.266
       7300           0     258.898     262.982     76.8087           0     3575.14      1845.5     5420.63     -1.7069    -129.514
       7200           0     258.898     263.355     76.4231           0     3593.92     1845.85     5439.77   -0.355151    -129.768
       7100           0     258.898     263.723     75.8471           0     3613.37     1847.28     5460.65    -1.42308    -130.038
       7000           0     258.898     264.086     75.1294           0     3625.14     1853.76      5478.9    -6.48639    -130.327
       6900           0     258.898     264.446     74.3128           0     3636.88     1860.11     5496.99    -6.34564    -130.637
       6800           0     258.898     264.801     73.4177           0     3646.81     1862.01     5508.82    -1.90138    -130.969
       6700           0     258.898     265.155      72.469           0     3656.27     1865.06     5521.34    -3.05482    -131.323
       6600           0     258.898     265.506     71.4956           0     3666.43     1871.17      5537.6    -6.10597    -131.698
       6500   0.0340095     258.932     265.852      70.489           2     3673.69     1875.92     5549.61    -4.75211    -132.099
       6400   0.0342468     262.333     266.144     69.7141           2     3680.42     1880.87     5561.29    -4.94442    -133.162
       6300           0     265.723     266.373     69.0792           0     3688.02     1884.29     5572.31    -3.42329    -134.061
       6200           0     265.723     266.616     68.5858           0     3703.63     1887.11     5590.73    -2.81576    -134.188
       6100           0     265.723     266.893     68.2029           0     3720.07     1889.35     5609.42    -2.24331    -134.376
       6000           0     265.723     267.182     67.8852           0      3725.6     1891.03     5616.63    -1.68233    -134.603
       5900   0.0266947      265.75     267.473     67.6171           2     3733.03      1894.8     5627.83    -3.77316    -134.857
       5800           0     268.393     267.723     67.3515           0     3746.71     1897.03     5643.73    -2.22324    -135.623
       5700           0     268.393     267.959     67.1381           0     3750.62     1899.09     5649.71    -2.05933    -135.764
       5600           0     268.393      268.21     66.9678           0     3752.79     1901.15     5653.94    -2.06041    -135.936
       5500           0     268.393     268.464     66.8256           0     3764.88     1903.21     5668.09    -2.06362    -136.128
       5400           0     268.393     268.714     65.9861           0     3776.27      1905.5     5681.77    -2.28923    -136.343
       5300           0     268.393     268.961     64.7225           0     3780.07     1908.01     5688.08    -2.51074    -136.613
       5200           0     268.393     269.203     63.2217           0     3796.14     1908.61     5704.75    0.597166    -136.947
       5100           0     268.393     269.441     61.5658           0     3799.15     1908.85        5708     -0.2406    -137.348
       5000   0.0144056     268.407     269.674     59.7711     1.71065     3802.47     1909.92     5712.39    -1.07427    -137.817
       4900   0.0196334     269.853     269.891     57.8687     1.19114     3807.24     1910.03     5717.27    0.109207    -138.625
       4800           0     271.797       270.1     55.8631           0     3807.82     1910.68      5718.5    0.649967    -139.525
       4700           0     271.797     270.314     53.8138           0     3813.13     1911.87     5724.99     1.18609    -140.044
       4600   0.0123577     271.809     270.529     51.7437     1.62281      3816.7      1912.6      5729.3    -0.72917     -140.66
       4500   0.0167457     273.049     270.734     49.6065     1.82652     3822.08     1914.23     5736.31    -1.63432    -141.593
       4400   0.0295725     274.737     270.918     47.7769     1.16041     3828.09     1914.41     5742.51    0.182472    -142.621
       4300   0.0135189     277.678     271.101     46.0991      0.9905      3831.7     1914.81     5746.51      0.3988    -143.866
       4200     0.01106     279.027     271.301     44.5246    0.778607     3839.76     1915.71     5755.47    0.898902    -144.737
       4100    0.073451     280.196     271.514     43.0374     1.16464     3851.84      1915.9     5767.74    0.186413    -145.595
       4000   0.0156545     287.483     271.726     41.5049    0.630315     3864.25     1917.47     5781.72     1.57401    -147.636
       3900    0.022264     289.055     271.947     40.0371    0.417355     3879.38     1920.43     5799.81       2.953    -148.336
       3800   0.0186758     291.278     272.196     38.6104    0.831662        3893     1921.68     5814.68      1.2538    -149.232
       3700   0.0105598     293.137     272.451     36.6289    0.791658     3910.76     1922.55     5833.31    0.873751    -150.086
       3600   0.0784044     294.261     272.692     33.1397      1.1372     3926.14     1923.06     5849.21    0.507863    -150.909
       3500   0.0182598     302.041     272.918     28.8916    0.539812      3940.7     1925.14     5865.84     2.08186    -153.173
       3400   0.0104208     303.859     273.148     24.4323    0.793175     3951.28     1925.99     5877.27    0.851567    -154.205
       3300           0     304.891     273.378     19.7755           0     3952.56     1926.97     5879.52    0.972231    -155.313
       3200  0.00644315     304.898     273.589     15.4803    0.301755     3955.15     1928.08     5883.23     1.11069     -156.46
       3100           0     305.535     273.795     12.4959           0      3956.2     1928.93     5885.13     0.85456    -157.908
       3000  0.00839727     305.544     273.995     9.99003    0.856507      3960.3     1929.54     5889.84    0.605336    -159.307
       2900   0.0140014     306.389     274.186     7.81165    0.671171     3964.86     1930.85     5895.71     1.31393    -160.925
       2800   0.0111738     307.786     274.382     5.85466    0.763777      3969.8     1931.77     5901.57    0.918311    -162.641
       2700           0     308.893     274.578     3.89469           0     3971.85     1936.09     5907.94      4.3219    -164.267
       2600           0     308.893     274.762     1.62276           0     3983.06     1936.95     5920.02   -0.861776    -165.686
       2500   0.0356771     308.928     274.931   -0.738054    0.683687     3984.25     1939.92     5924.17     2.96918    -167.174
       2400   0.0199936      312.48     275.118    -3.17854    0.466534     3987.36      1942.4     5929.77     2.48196    -169.365
       2300           0      314.46     275.326     -5.6536           0     3988.44     1944.23     5932.67     1.82387    -171.154
       2200           0      314.46     275.514    -7.96016           0     3993.91     1945.41     5939.32     1.18572    -172.571
       2100           0      314.46     275.674    -9.84348           0     3995.58     1946.54     5942.12     1.12633    -174.052
       2000           0      314.46     275.817    -11.5517           0     3997.13     1947.62     5944.75     1.08299    -175.563
       1900           0      314.46      275.95    -13.1273           0     3997.88     1949.21     5947.09     1.58306    -177.084
       1800   0.0158364     314.476     276.076    -14.6012    0.599605     3999.65      1950.8     5950.45     1.59019    -178.607
       1700   0.0197862     316.063     276.212    -16.1131    0.465225     4002.74     1953.21     5955.95     2.41457    -180.406
       1600           0     318.022     276.369     -17.833           0     4003.02     1957.13     5960.15     3.91826      -182.2
       1500           0     318.022     276.518    -19.5842           0     4003.16     1959.16     5962.31     2.02708    -183.573
       1400           0     318.022     276.645    -21.3597           0     4003.54     1959.46        5963    0.305207    -184.982
       1300           0     318.022     276.761     -23.154           0     4006.91     1960.44     5967.35    0.975486    -186.417
       1200           0     318.022      276.87    -24.6786           0     4022.03     1962.08     5984.11      1.6434    -187.868
       1100           0     318.022     276.975    -25.4571           0     4034.06     1964.31     5998.37     2.23464    -189.295
       1000           0     318.022     277.078     -25.909           0     4043.96        1967     6010.97     2.68703    -190.668
        900           0     318.022     277.178    -26.0094           0     4054.28     1969.47     6023.75     2.47156     -191.97
        800           0     318.022     277.277    -25.8459           0     4065.84     1975.52     6041.35     6.04283    -193.188
        700           0     318.022     277.374    -25.3682           0     4075.18     1982.21     6057.39      6.6922    -194.317
        600           0     318.022     277.471    -24.4255           0     4094.41     1985.91     6080.32     3.70447    -195.338
        500           0     318.022     277.566    -23.2008           0     4114.12     1988.99     6103.11     3.07698     -196.24
        400           0     318.022      277.66    -21.6691           0     4146.24     1994.06      6140.3     5.06796    -197.017
        300           0     318.022     277.753    -19.8864           0     4167.66     1994.08     6161.75  -0.0260161    -197.662
        200           0     318.022     277.845    -17.6292           0     4195.89     1994.64     6190.53   -0.552509    -198.172
        100           0     318.022     277.937    -14.4782           0      4209.3     1998.15     6207.45     3.51865    -198.513
          0           0     318.022     278.027     -10.841           0     4209.71     2020.69      6230.4     22.5305    -198.659