      20000           0           0     179.437     401.944           0     31.0858     14.2831     45.3689     14.2831     41.7727
      19900           0           0     179.437     401.002           0     55.6439     29.7361       85.38     15.4531     41.6423
      19800           0           0     179.437     400.356           0     85.2681     46.3592     131.627     16.6231     41.5123
      19700           0           0     179.437     400.096           0     107.852     60.5222     168.374     14.1631     41.3991
      19600   0.0384525   0.0384525     179.437     400.133           0       111.9     72.5053     184.405      11.983     41.3081
      19500           0     3.84525     179.505     398.277           0     127.703     81.9505     209.653     9.44522     40.3489
      19400           0     3.84525     179.586     395.384           0     152.858     93.8848     246.743     11.9343     40.3959
      19300           0     3.84525     179.625     392.751           0     176.407      105.81     282.217     11.9254     40.2844
      19200           0     3.84525     179.644     390.138           0     191.469     117.746     309.215     11.9356      40.049
      19100           0     3.84525     179.654      389.24           0     205.029     129.182     334.211     11.4358     39.7325
      19000           0     3.84525     179.658     389.373           0     217.956     141.423     359.379     12.2417     39.4271
      18900           0     3.84525     179.659     387.711           0     229.845     154.474     384.319      13.051     39.1366
      18800           0     3.84525     179.658     385.054           0     253.031     164.787     417.818     10.3124     38.7726
      18700           0     3.84525     179.655     383.218           0     287.793     176.402     464.195      11.615     38.3245
      18600           0     3.84525     179.652     381.781           0     335.823      190.65     526.473     14.2483     37.8401
      18500           0     3.84525     179.648     380.401           0     391.361     199.122     590.483     8.47204     37.3346
      18400           0     3.84525     179.644     379.084           0     413.627     207.148     620.775      8.0259     36.8114
      18300           0     3.84525      179.64     376.007           0      423.35     215.528     638.877     8.37975     36.2449
      18200   0.0341675     3.87942     179.636     371.844           0     461.806     223.911     685.717     8.38352     35.5438
      18100           0       7.262     179.693     368.207           0      524.36     231.711     756.071      7.8002     33.9285
      18000           0       7.262     179.762     364.821           0     582.398     240.003     822.402     8.29175     33.1751
      17900           0       7.262     179.793      363.84           0     633.099      249.68     882.779      9.6771     32.3292
      17800           0       7.262     179.807     364.332           0     681.907     260.203      942.11     10.5229     31.5218
      17700           0       7.262     179.812     362.438           0      730.26     270.111     1000.37     9.90758     30.7627
      17600           0       7.262     179.813     359.244           0     767.696     284.023     1051.72     13.9125      29.934
      17500   0.0740653     7.33607      179.81     359.314           0     789.102     297.599      1086.7     13.5754     29.0378
      17400   0.0644686      14.733     182.565     391.105           0     804.697     306.816     1111.51     9.21748     25.6437
      17300    0.078996     21.1944     183.564      400.89   0.0405272     820.947     315.975     1136.92     9.15938      24.273
      17200   0.0782991     29.0933     184.266     406.856           0     844.873     328.795     1173.67     12.8195     23.1948
      17100   0.0803343     36.9252     185.015      410.57           0     888.294      342.41      1230.7     13.6148     22.5427
      17000   0.0874781     44.9658     185.906     412.723           0     928.277     358.604     1286.88      16.194      22.076
      16900   0.0881181     53.7143     186.958     408.984           0     960.731      375.27        1336     16.6668     21.5051
      16800   0.0884298     62.5264     188.162     401.178           0     992.579     392.299     1384.88     17.0285     20.7091
      16700   0.0914793     71.3724     189.493     392.026           0     1025.88     410.696     1436.57     18.3969     19.5626
      16600    0.100502     80.5294     190.935     381.648           0     1056.49      432.91      1489.4     22.2147     17.9844
      16500   0.0833865     90.5625     192.482     382.112           0     1091.44     448.782     1540.23     15.8715     16.0367
      16400   0.0939363     98.9117     194.101     389.857           0     1140.61     468.649     1609.26     19.8669     14.9427
      16300   0.0851361     108.297     195.778     394.496           0     1199.41     485.387     1684.79     16.7379     14.1299
      16200    0.126644     116.852     197.506     397.575           0     1263.06     507.325     1770.39     21.9387     13.8448
      16100    0.103011     129.492     199.318     388.591           0     1322.51     531.745     1854.26      24.419     12.6264
      16000   0.0979196     139.788     201.202     371.396           0     1371.15     554.246      1925.4     22.5011     11.5226
      15900   0.0932074     149.576     203.112     362.368           0     1414.21     574.986     1989.19     20.7403      9.8902
      15800   0.0840097     158.887     205.037     358.308           0     1459.78     592.309     2052.09     17.3231     8.22436
      15700   0.0815437     167.286     206.962     355.499           0     1505.58     608.857     2114.43     16.5476     6.80373
      15600   0.0734583     175.432     208.883     353.785           0      1552.4     622.734     2175.13     13.8773      5.4893
      15500    0.069615     182.774     210.793     351.343           0      1598.8     635.471     2234.27     12.7375     4.42548
      15400   0.0646676      189.73     212.688     348.536           0      1649.7     646.788     2296.49      11.317     3.43441
      15300   0.0691995     196.202     214.568     347.407           0     1708.43     659.537     2367.96     12.7486     2.54796
      15200   0.0653787     203.118      216.44     347.436           0     1767.97      671.17     2439.14     11.6331     1.63062
      15100   0.0696703      209.66     218.307     353.954           0     1836.58     681.637     2518.21     10.4667     1.04023
      15000   0.0648117     216.622      220.17     365.034   0.0330511     1919.56     690.769     2610.33     9.13232    0.902124
      14900   0.0454155     223.084     222.027     373.766   0.0992066     2013.79     697.389     2711.18     6.61995     1.50489
      14800   0.0397584      227.62     223.846     381.307    0.222664     2120.03     702.822     2822.86     5.43305     2.94358
      14700   0.0549133     231.611      225.55     373.031           0     2220.06     706.266     2926.33     3.44413     4.46509
      14600    0.124165     237.171      217.97      303.56    0.102639     2278.58     724.136     3002.72     17.8698     3.75795
      14500    0.138497     249.602     215.852     276.128   0.0744012     2320.16     747.631     3067.79     23.4952     -2.7182
      14400   0.0790222     263.392     216.401     258.907           0     2353.47     772.584     3126.06     24.9532    -10.0811
      14300   0.0718439     271.287     217.839     243.963           0     2383.15     793.895     3177.05     21.3109    -15.6339
      14200   0.0672556     278.467     219.471     231.158           0     2405.46     812.977     3218.43     19.0812    -20.5839
      14100   0.0633825     285.189     221.105     224.088           0     2426.67     830.205     3256.87     17.2288    -24.8491
      14000   0.0570457     291.521      222.68     220.637           0     2438.21      844.51     3282.72      14.305    -28.2965
      13900           0     297.168     224.179     215.192           0     2444.08     860.902     3304.98     16.3912    -30.9613
      13800   0.0541572     297.223     225.505     208.999           0     2458.38     873.912     3332.29     13.0103    -32.1028
      13700           0     302.584     226.758     204.412           0     2460.29     888.504     3348.79     14.5916    -34.4167
      13600   0.0546422     302.639      227.93     200.819           0     2465.44     901.779     3367.22     13.2751     -35.325
      13500   0.0369168     308.085     229.077     203.922    0.179649     2470.12     908.532     3378.65     6.75343    -37.2973
      13400    0.043273     311.783     230.223     211.121    0.013019     2476.15     917.349      3393.5     8.81719    -38.2337
      13300   0.0258207     316.093     231.341     207.902    0.476887     2481.31     922.868     3404.18     5.51915    -38.8951
      13200   0.0301203      318.68     235.071     229.255    0.367511     2504.22     927.712     3431.93     4.84395    -39.3475
      13100   0.0327925     321.694     237.482     235.889           2     2533.16      929.33     3462.49    -1.61726    -38.8471
      13000   0.0521698     324.993     239.394     241.793     1.63435     2554.08     930.238     3484.31   -0.908235    -38.0174
      12900    0.031462     330.189     240.861     248.088           2     2590.15     932.391     3522.54    -2.15305      -37.39
      12800   0.0247678     333.329     241.912     254.511     1.95202     2634.52     933.421     3567.94    -1.03017     -36.096
      12700   0.0198635       335.8     242.815     256.827     1.77735     2673.62     933.634     3607.26   -0.212663    -34.6788
      12600    0.178849     337.946     243.812     256.172      1.1524        2694     934.972     3628.97     1.33831    -33.4935
      12500   0.0194851     355.671     244.877     255.834    0.673668      2716.7     937.083     3653.79     2.11054    -36.0791
      12400   0.0186335     357.619     246.007     255.655     1.73651     2737.13     937.176      3674.3    0.093175     -34.816
      12300    0.031754     359.495     247.166     254.199     1.65409      2768.4     937.555     3705.95   -0.379569    -33.9745
      12200    0.432602     363.072     248.327     251.741     1.21407     2813.99     938.531     3752.52     0.97567    -33.9457
      12100   0.0249798     405.924     249.492     250.376    0.485588     2868.07     941.481     3809.55     2.95029    -42.6969
      12000    0.023897     408.421     250.703      250.13     1.93405     2930.67     942.087     3872.76   -0.605261    -41.1044
      11900   0.0308539     410.818     251.945     251.103    0.746391     2998.19     944.696     3942.88     2.60937    -40.0001
      11800   0.0129533     413.885     253.222     252.878    0.792345     3071.96     946.514     4018.47     1.81804    -39.3764
      11700   0.0592245     415.227      254.55     262.442           0     3158.65     948.546      4107.2     2.03225    -38.4239
      11600   0.0793177      421.17     241.986     236.977           0     3226.51     963.924     4190.44     15.3775    -38.6231
      11500    0.082713     429.105       237.7     219.089           0     3286.17      991.99     4278.16     28.0666    -41.6167
      11400   0.0839609     437.377     237.195     194.885           0      3334.1     1022.75     4356.85     30.7574    -45.8341
      11300   0.0780259     445.767     238.116     183.243           0     3375.24     1050.11     4425.35     27.3618    -50.5246
      11200   0.0743722     453.566     239.512     178.645           0     3411.24     1075.45     4486.69     25.3379    -54.6149
      11100   0.0716447     461.001     241.029     170.469           0     3426.52     1099.32     4525.83     23.8713    -58.0353
      11000   0.0745789     468.168     242.545     160.601           0     3432.52     1121.57     4554.09     22.2551     -61.124
      10900    0.070535     475.622     244.035     154.784           0     3447.43     1145.14     4592.57     23.5647    -64.0725
      10800   0.0645248      482.67     245.499     151.273           0     3473.62     1165.19     4638.81     20.0509    -66.5962
      10700   0.0630116     489.121     246.925     146.853           0     3497.82     1184.49     4682.31     19.3001    -68.7174
      10600   0.0615875      495.42     248.307     142.036           0     3517.43     1203.08     4720.52     18.5934    -70.6897
      10500   0.0601091     501.578     249.647     138.999           0     3536.48     1220.94     4757.41     17.8531    -72.5527
      10400   0.0551014     507.583     250.949     137.011           0     3554.59     1236.19     4790.78     15.2508    -74.2573
      10300   0.0497579     513.088      252.21     135.638           0     3579.04     1248.88     4827.91     12.6898    -75.7334
      10200   0.0487801     518.063     253.425     134.203           0     3602.36     1261.15     4863.52     12.2755    -77.0048
      10100   0.0412007     522.933     254.598     131.741           0     3609.29     1270.25     4879.55     9.10201    -78.2428
      10000   0.0390162     527.051     255.724     128.971  0.00493106     3622.56     1278.53     4901.09     8.27611    -79.3657
       9900   0.0368664     530.951     256.799     126.046   0.0622268     3646.47     1286.03      4932.5     7.50078    -80.5293
       9800      0.0321     534.633     257.826     123.001    0.195859      3669.1     1291.95     4961.05     5.91783    -81.7382
       9700   0.0268618     537.837     258.789     119.868    0.344776     3698.71     1296.35     4995.06     4.39872    -82.9428
       9600   0.0207773     540.518     259.678     116.671    0.520019      3728.8      1299.3      5028.1     2.95309    -84.1468
       9500   0.0126809     542.587     260.498     113.426    0.756158     3754.42     1300.88     5055.29     1.57701    -85.3442
       9400   0.0412914     543.884     261.253     110.978    0.677235     3763.13     1304.82     5067.95     3.94701    -86.5004
       9300   0.0147829     547.987     261.983     108.947    0.691588     3772.52     1306.64     5079.16     1.81746     -88.302
       9200   0.0568187     549.507     262.686     107.186     1.12753     3782.87     1307.66     5090.53     1.01369    -89.5061
       9100   0.0180415      555.15     263.346     105.549     1.84029     3801.16        1309     5110.16    -1.34591    -91.5759
       9000   0.0286253     556.965     263.948     104.082           2      3821.5     1313.65     5135.15    -4.64821    -92.7158
       8900   0.0261718     559.825      264.48     102.764           2      3831.1     1317.48     5148.58    -3.83047    -94.1063
       8800   0.0277254     562.444     264.959     101.559           2     3852.18     1321.91     5174.09    -4.43442    -95.4199
       8700   0.0290988     565.217     265.399     100.448           2     3880.74     1326.91     5207.65     -4.9989     -96.744
       8600   0.0296437     568.128     265.803     99.4167           2     3914.49     1332.17     5246.66     -5.2528    -98.0634
       8500   0.0301256     571.093     266.177     98.4569           2     3942.05     1337.64     5279.69    -5.47711    -99.3539
       8400    0.038528     574.114     266.527     98.0035           2     3973.08     1342.87     5315.95    -5.22689    -100.606
       8300   0.0368453     577.965     266.845     97.8699           2     3992.69     1351.42     5344.11    -8.54483    -101.946
       8200   0.0473747      581.66     267.134     97.9608           2     4016.71     1359.67     5376.39    -8.25922    -103.135
       8100   0.0417418     586.392      267.39      98.236           2     4037.61     1367.61     5405.22    -7.93972     -104.42
       8000   0.0353525     590.559     267.619      98.676           2     4066.43     1375.51     5441.94    -7.89447    -105.443
       7900    0.035256     594.095     267.845     99.3422           2     4086.05     1383.35     5469.41    -7.84523    -106.233
       7800   0.0363552     597.621      268.07     100.187           2     4107.95     1391.72     5499.67    -8.36988    -106.943
       7700    0.035345     601.256     268.288     101.192           2     4132.08     1399.61     5531.69     -7.8876     -107.59
       7600   0.0392573     604.794     268.498     102.368           2     4154.06     1408.01     5562.07    -8.39797    -108.125
       7500   0.0373537     608.718     268.696     103.679           2     4170.68     1416.88     5587.56    -8.87137    -108.644
       7400   0.0382479     612.454     268.884     104.048           2     4184.02     1426.22     5610.24    -9.33406    -109.036
       7300   0.0350486     616.276     269.064     103.879           2     4195.96        1434     5629.96    -7.78895    -109.423
       7200   0.0315471     619.777     269.241     103.433           2     4204.19     1440.24     5644.43    -6.24083    -109.743
       7100   0.0335564     622.934     269.422       102.8           2     4211.69     1447.37     5659.05    -7.12196    -110.019
       7000   0.0589728     626.315     269.604     102.024           2     4226.82     1459.37     5686.19    -12.0038     -110.38
       6900   0.0423234     632.196     269.747     101.111           2     4241.87     1471.02     5712.88    -11.6469    -111.253
       6800   0.0330321     636.419     269.868     100.125           2     4258.65     1477.99     5736.63    -6.96793    -111.712
       6700   0.0465137     639.735     270.006     99.1062           2     4275.82     1485.89     5761.72     -7.9065    -112.014
       6600   0.0405981     644.381     270.142      98.052           2     4292.23     1496.63     5788.86     -10.742    -112.633
       6500   0.0375852     648.438      270.27     96.9653           2     4311.44      1505.8     5817.24    -9.16957    -113.123
       6400   0.0420645     652.201     270.403     96.1705           2     4331.16     1515.01     5846.17    -9.20267    -113.573
       6300   0.0342786     656.399     270.534      95.537           2     4350.02     1522.59     5872.61    -7.58427    -114.119
       6200     0.03271     659.826      270.67     95.0105           2     4360.84     1529.46      5890.3    -6.87046    -114.497
       6100   0.0310836     663.095     270.817     94.5793           2     4370.77     1535.63      5906.4    -6.16699    -114.861
       6000   0.0293852     666.202     270.971     94.2112           2     4391.57      1541.1     5932.67    -5.47062    -115.206
       5900   0.0339432     669.145      271.13     93.8934           2     4410.42     1548.53     5958.95    -7.43044    -115.531
       5800   0.0301431     672.535     271.288     93.6078           2        4423     1554.32     5977.31    -5.78761    -115.955
       5700   0.0302644      675.55     271.443     93.3557           2      4445.3     1559.86     6005.16    -5.54338    -116.289
       5600   0.0292998     678.575     271.601     93.1327           2     4469.29     1565.31     6034.61    -5.45126    -116.626
       5500   0.0363621     681.512      271.76     92.9351           2     4483.32     1570.67     6053.99    -5.36034    -116.943
       5400   0.0293021     685.141      271.91     92.0099           2     4497.95     1576.16     6074.11    -5.48505    -117.404
       5300   0.0295837     688.072     272.057     90.6533           2     4520.08     1581.76     6101.85    -5.60701    -117.746
       5200    0.020138     691.021     272.208     89.0571      1.9509     4529.84     1584.17     6114.02     -2.4082    -118.159
       5100   0.0378228     693.052     272.375     87.3157     1.71139     4552.58     1587.35     6139.93    -3.17474    -118.464
       5000      0.0251     696.822      272.55      85.412           2     4581.53      1591.3     6172.83    -3.95003    -119.214
       4900   0.0212077     699.328     272.722     83.4259           2     4611.86     1594.02     6205.88    -2.72234    -119.738
       4800   0.0191282     701.447     272.898     81.3673     1.91357     4637.95     1596.17     6234.11    -2.14841    -120.272
       4700   0.0168637     703.357     273.086     79.2485     1.81365     4658.07     1597.75     6255.83    -1.58639    -120.862
       4600   0.0236753      705.05      273.29     77.0985           2        4687     1601.24     6288.24    -3.49045    -121.502
       4500   0.0262023      707.42     273.492     74.8855           2     4717.66     1605.64      6323.3     -4.3922    -122.363
       4400   0.0205914     710.035     273.679     72.9937     1.98746     4748.89     1608.22      6357.1    -2.57918    -123.312
       4300   0.0198217     712.093     273.865     71.2883     1.95414     4777.69     1610.58     6388.27    -2.36479    -124.166
       4200   0.0178765     714.074     274.057     69.6823      1.8672      4810.9     1612.44     6423.34     -1.8569    -125.036
       4100   0.0204947     715.864     274.257     68.1565     1.98768     4848.11     1614.99      6463.1    -2.55738    -125.898
       4000   0.0147388     717.908     274.457     66.6743     1.72668     4885.68     1616.15     6501.83    -1.15705    -126.837
       3900    0.186774     719.553     274.664     65.2285     1.09038     4926.01     1616.39      6542.4    0.236125    -127.714
       3800   0.0163801     738.061     274.918     63.5366     1.80611     4964.55     1617.86     6582.41    -1.46759    -131.835
       3700   0.0178236       739.7     275.177     61.3777      1.8756     5007.06     1619.71     6626.77    -1.85223    -132.013
       3600   0.0190467     741.484     275.405     57.7552     1.93619     5047.06     1621.91     6668.97    -2.20539    -132.517
       3500   0.0115334     743.381      275.61     53.4751     1.59072      5086.2     1622.52     6708.72   -0.610472    -133.327
       3400   0.0174155      744.54     275.816     48.9683     1.86905     5121.31     1624.34     6745.65    -1.81585    -134.251
       3300   0.0167131     746.281     276.018     44.2164     1.84004     5147.03     1626.01     6773.04    -1.66821    -135.542
       3200   0.0159815     747.951      276.21     39.8055     1.80814     5173.95     1627.52     6801.47    -1.50952    -137.015
       3100   0.0169344      749.55     276.397     36.7389     1.85552     5199.24     1629.26      6828.5    -1.74656     -138.59
       3000   0.0193559     751.246     276.579     34.1518     1.83953      5227.5     1631.24     6858.75    -1.97856    -140.234
       2900   0.0146794     753.177     276.752     31.9016     1.75198     5256.16     1632.49     6888.65    -1.25247    -141.938
       2800   0.0163321     754.647     276.927     29.8964     1.83252     5285.14     1634.12     6919.26     -1.6269    -143.544
       2700   0.0168543     756.281     277.102     27.8901    0.582512     5307.08     1635.92        6943     1.79823    -145.184
       2600   0.0225641     757.972     277.308      25.539           2     5319.78     1639.33     6959.11    -3.40779    -146.842
       2500     56.8088     817.014     277.489     23.0692           2     5344.78     1639.74     6984.51     0.41078    -160.639
       2400           0     6441.09      213.99     -30.196           0     5368.68     1703.35     7072.03     63.6097    -618.349
       2300   0.0352399     6441.12     159.023    -58.6045           0     5420.55     1821.47     7242.02     118.127    -556.845
       2200 0.000461239     6444.61     138.965    -68.7871     0.60277     5486.84     1959.21     7446.05     137.735    -505.032
       2100 0.000332883     6444.66      130.76    -72.8513    0.896877     5548.18     2105.25     7653.43      146.04    -462.055
       2000    0.125604     6444.82     126.841    -73.3023           0     5608.38     2255.31     7863.69     150.059    -426.473
       1900           0     6457.25      124.84    -71.8502           0     5666.35        2408     8074.36     152.693    -398.054
       1800           0     6457.25     123.715    -69.3362           0     5719.32     2561.95     8281.27     153.952    -373.606
       1700           0     6457.25     122.998    -66.4843           0     5766.61     2717.58     8484.19     155.629    -353.558
       1600           0     6457.25     122.581     -63.934           0     5812.42     2875.29     8687.71     157.707     -337.24
       1500           0     6457.25     122.375    -61.7753           0     5854.76     3031.46     8886.21      156.17    -324.072
       1400           0     6457.25      122.32    -60.1073           0     5893.12     3186.09     9079.21      154.63    -313.544
       1300           0     6457.25     122.375     -58.947           0     5932.28     3341.45     9273.73     155.361    -305.215
       1200           0     6457.25     122.515    -57.8835           0      5980.6     3497.45     9478.05     155.999    -298.702
       1100           0     6457.25      122.72    -56.3683           0     6023.54     3653.94     9677.48      156.49    -293.651
       1000           0     6457.25      122.98    -54.8226           0     6062.36     3810.72     9873.09     156.785    -289.763
        900           0     6457.25     123.287    -53.1621           0     6099.83     3967.09     10066.9     156.363    -286.796
        800           0     6457.25     123.633    -51.4655           0     6137.01     4126.77     10263.8     159.687     -284.55
        700           0     6457.25     124.015      -49.61           0      6170.6     4286.83     10457.4     160.052    -282.864
        600           0     6457.25     124.428    -47.4055           0      6212.8     4443.57     10656.4     156.747    -281.596
        500           0     6457.25     124.869    -45.0321           0     6254.34     4599.35     10853.7     155.773    -280.632
        400           0     6457.25     125.336    -42.4314           0     6307.23     4756.74       11064     157.392    -279.885
        300           0     6457.25     125.826     -39.663           0     6348.43     4908.64     11257.1     151.901     -279.28
        200           0     6457.25     126.337    -36.3923           0     6395.42      5059.6       11455     150.956    -278.761
        100           0     6457.25     126.866    -32.1594           0     6426.51     5214.18     11640.7     154.589    -278.255
          0           0     6457.25     127.414    -27.4177           0      6443.5     5387.33     11830.8     173.144    -277.703