      20000           0           0     179.437     388.257           0     44.7726     14.2831     59.0557     14.2831     31.7119
      19900   0.0502069   0.0502069     179.437     387.324           0     83.0084     29.7361     112.744      15.453     31.5695
      19800           0     5.02069     179.526     386.551           0     126.437     46.2706     172.708     16.5345     30.2931
      19700           0     5.02069     179.631     386.189           0     162.929     60.2394     223.168     13.9689     30.4381
      19600           0     5.02069     179.682     386.172           0     180.936     71.9774     252.914      11.738     30.5461
      19500           0     5.02069     179.708     384.404           0     210.612     81.2195     291.832     9.24211     30.6143
      19400           0     5.02069     179.721       381.6           0     249.552     93.0188     342.571     11.7993     30.5681
      19300           0     5.02069     179.726     379.022           0      286.83     104.843     391.673      11.824     30.3924
      19200           0     5.02069     179.727     376.456           0     315.574     116.696      432.27     11.8532     30.1123
      19100           0     5.02069     179.725      375.58           0     342.794     128.061     470.855     11.3653     29.7649
      19000           0     5.02069     179.721     375.722           0     369.372      140.24     509.612     12.1789     29.4375
      18900           0     5.02069     179.716     374.084           0     394.888     153.234     548.122     12.9936     29.1314
      18800           0     5.02069     179.711     371.457           0     431.671     163.493     595.163     10.2587     28.7572
      18700           0     5.02069     179.706     369.643           0     480.008     175.057     655.065      11.564     28.3033
      18600           0     5.02069     179.701     368.222           0     541.596     189.256     730.852     14.1993     27.8159
      18500   0.0391908     5.05988     179.696     366.858           0     610.678      197.68     808.358     8.42447     27.2992
      18400           0     8.93977      179.76     365.453           0     646.575     205.591     852.166     7.91026      25.885
      18300           0     8.93977     179.838     362.328           0     669.977     213.773      883.75     8.18249      25.521
      18200           0     8.93977     179.873     358.167           0      722.11     221.921     944.031      8.1474     24.9798
      18100           0     8.93977     179.888      354.63           0     798.241     229.526     1027.77     7.60532     24.2631
      18000           0     8.93977     179.893     351.332           0     869.768     237.686     1107.45     8.16027     23.4226
      17900           0     8.93977     179.892     350.388           0     933.921     247.264     1181.18     9.57783     22.5178
      17800           0     8.93977     179.888     350.893           0     996.167     257.706     1253.87     10.4423     21.6697
      17700           0     8.93977     179.881     349.031           0     1057.93     267.545     1325.47     9.83883     20.8822
      17600           0     8.93977     179.873     345.877           0     1108.73     281.397     1390.13     13.8516     20.0351
      17500           0     8.93977     179.865     345.953           0      1143.5     294.917     1438.41     13.5199     19.1471
      17400   0.0648568     9.00463     182.535     377.558           0     1145.54     304.164     1449.71     9.24706     17.4781
      17300   0.0661324     15.4916     183.419     387.366           0     1148.27     313.468     1461.74     9.30394     15.7678
      17200     0.15554     22.1942     184.042     393.367     0.34569     1158.71     326.511     1485.22     13.0432     14.7137
      17100   0.0808385     37.6736     184.771     397.001           0     1188.56      340.37     1528.93     13.8588     12.0396
      17000   0.0878734     45.7645     185.677     399.082           0      1214.9     356.793     1571.69      16.423     11.7252
      16900   0.0884858     54.5524     186.737     395.357           0     1233.73      373.68     1607.41     16.8877     11.2724
      16800   0.0887764     63.4013     187.946     387.611           0     1252.01     390.924     1642.93     17.2441     10.5676
      16700   0.0917808     72.2819     189.281     378.536           0     1271.81     409.533     1681.35     18.6087     9.49402
      16600    0.100712     81.4689     190.727     368.248           0     1289.03     431.957     1720.99     22.4234     7.97764
      16500   0.0837448     91.5231     192.276     368.704           0     1310.58     448.034     1758.61     16.0777     6.08513
      16400   0.0941837     99.9081     193.897     376.372           0     1346.26     468.105     1814.36      20.071     5.02513
      16300    0.085458     109.318     195.576     380.965           0     1391.52     485.045     1876.57     16.9401     4.24013
      16200     0.09834     117.876     197.306     384.014           0     1441.62     507.184      1948.8     22.1391     3.97795
      16100     0.14901     127.761     199.087     375.159           0     1487.64     531.835     2019.47     24.6505     3.41669
      16000   0.0980339     142.611     200.981     358.094           0     1522.97     554.558     2077.53     22.7228      1.1702
      15900    0.102123     152.419     202.937     349.108           0     1552.77     575.473     2128.24     20.9157    -0.33148
      15800   0.0840328     162.613     204.899      345.05           0     1585.08     592.935     2178.01     17.4615    -2.09129
      15700   0.0815234     171.014     206.855     342.239           0     1617.62      609.59     2227.21     16.6551    -3.39037
      15600   0.0734472     179.158     208.795     340.522           0     1651.18     623.555     2274.73     13.9653    -4.60891
      15500   0.0695964     186.499     210.718     338.089           0     1684.33     636.368      2320.7     12.8123     -5.5987
      15400   0.0646566     193.453     212.622       335.3           0     1721.99      647.75     2369.74     11.3825    -6.53061
      15300   0.0691428     199.924     214.509     334.174           0     1767.48     660.558     2428.04     12.8077    -7.36998
      15200    0.065335     206.834     216.385     334.197           0     1813.79     672.246     2486.04     11.6879     -8.2471
      15100   0.0612494     213.363     218.255     340.649           0     1869.09     682.764     2551.85     10.5186    -8.80529
      15000   0.0563201     219.483      220.11     351.635           0     1938.67     691.956     2630.63     9.19217     -8.7337
      14900   0.0457384     225.105     221.947     360.306   0.0849642     2019.44     698.656      2718.1     6.70005    -7.96979
      14800   0.0402098     229.673     223.748     367.792    0.206287     2112.17     704.187     2816.36     5.53053    -6.60628
      14700   0.0550155     233.709     225.444     359.605           0     2198.77     707.738     2906.51     3.55063    -5.14884
      14600    0.073984     239.229     217.861     290.815           0     2244.55     725.716     2970.27     17.9789    -5.87255
      14500   0.0817438     246.636     215.673     263.759           0     2273.76     749.391     3023.15     23.6748     -11.208
      14400   0.0796227     254.808     216.058     246.902           0     2295.07     774.688     3069.76     25.2964    -17.5551
      14300     0.13298     262.824     217.368      232.21      0.1727     2312.99      796.47     3109.46     21.7822    -23.5643
      14200   0.0678457     276.056     219.018     219.445           0     2323.59     816.004     3139.59     19.5341     -30.108
      14100   0.0639745     282.837     220.707      212.38           0     2333.09      833.63     3166.72      17.626    -34.2989
      14000           0     289.171     222.304     208.936           0     2333.25     848.311     3181.57      14.681    -37.6816
      13900           0     289.171     223.706     203.647           0     2338.92     865.174      3204.1     16.8635    -39.1072
      13800           0     289.171     224.916     197.585           0     2341.81     878.773     3220.58     13.5986    -40.4817
      13700           0     289.171     226.019     193.184           0     2354.94     894.104     3249.05     15.3314    -41.8342
      13600           0     289.171      227.05     189.719           0      2360.9     908.259     3269.15     14.1547    -43.1162
      13500   0.0406846     289.211      228.03     192.956   0.0798927     2367.18      916.06     3283.24     7.80046    -44.2278
      13400           0     293.239     229.037     200.192           0     2372.08     926.063     3298.15     10.0035     -45.699
      13300   0.0347068     293.274     230.018     197.127    0.251485     2377.69     932.905      3310.6     6.84156    -45.7917
      13200   0.0381832     296.748     233.666     218.321     0.16216     2389.66     939.154     3328.82     6.24942    -46.8149
      13100   0.0253969     300.553     236.041     224.923     1.99441     2407.64      939.33     3346.97   -0.175976    -46.7479
      13000   0.0175462     303.085     237.942     230.801     1.70327     2417.56     939.874     3357.44    0.543948    -45.9297
      12900   0.0238334     304.846      239.42     237.101     1.92748     2442.65     940.586     3383.23   -0.712458    -44.7371
      12800   0.0140386      307.22     240.501     243.516     1.57196     2476.02     940.967     3416.99    0.380867     -43.574
      12700    0.251336     308.861     241.448     245.842      1.1838     2504.14     942.122     3446.26     1.15484    -42.2519
      12600   0.0235253     333.767     242.499     244.925    0.529333     2513.27     944.773     3458.04     2.65133    -46.2302
      12500   0.0479652     336.144     243.622     244.561    0.725869      2524.7     948.139     3472.84     3.36569    -44.6583
      12400   0.0669217     340.959     244.811     244.384     1.16697     2533.85     949.428     3483.28     1.28874    -44.0826
      12300   0.0127214     347.597      246.03     242.846     1.52935     2553.77     950.183     3503.95    0.755595    -44.1995
      12200   0.0168093     348.873     247.252     240.361    0.694396     2587.99     952.234     3540.22      2.0501    -43.3948
      12100   0.0309712     350.568     248.495     239.471    0.328749     2631.16     956.181     3587.34     3.94731     -43.125
      12000   0.0179654     353.652      249.79     239.565     1.72151      2683.2     956.489     3639.69    0.307844    -43.4033
      11900   0.0274086     355.458     251.107     240.674    0.416863     2740.28     959.936     3700.22     3.44716    -43.4818
      11800   0.0254314     358.197     252.452     242.519    0.705881     2803.69     962.524     3766.22     2.58786    -43.8131
      11700   0.0603328     360.775     253.841      252.03           0     2879.98     965.265     3845.24     2.74086    -43.9275
      11600    0.073365     366.822     241.363     226.816           0     2937.68     981.266     3918.94     16.0011    -44.7713
      11500    0.112412     374.197     237.115     209.054           0      2987.3     1009.92     3997.21     28.6519    -48.0906
      11400   0.0843309      385.41     236.681     184.956           0      3025.3     1041.19     4066.48      31.271     -53.271
      11300   0.0783926     393.838     237.677     173.328           0     3056.52     1068.99     4125.51     27.8004    -58.0755
      11200   0.0846727     401.683     239.111      168.71           0     3082.59     1094.73     4177.32     25.7386    -62.2537
      11100           0     410.066     240.668     160.538           0     3087.93     1118.96     4206.89     24.2317    -65.9236
      11000           0     410.066     242.087      150.85           0     3091.68     1141.67     4233.36     22.7135    -67.5359
      10900   0.0872643     410.153     243.304     145.297           0     3097.11     1165.97     4263.08     24.2962    -69.3064
      10800   0.0661024     418.858     244.579     141.901           0     3113.92     1186.94     4300.87     20.9714    -72.7489
      10700   0.0646804     425.467     245.938     137.539           0     3128.81     1207.23     4336.04     20.2866    -75.2456
      10600   0.0633213     431.934     247.285      132.77           0     3139.16     1226.84        4366     19.6148    -77.4969
      10500   0.0618983     438.264     248.605     129.755           0     3148.96     1245.74      4394.7     18.8946    -79.5683
      10400    0.057069     444.449     249.896     127.776           0     3157.84     1262.04     4419.88     16.3045    -81.4302
      10300   0.0519422     450.151     251.149     126.405           0     3173.05     1275.79     4448.84     13.7506    -83.0286
      10200   0.0509942     455.344     252.361      124.97           0     3187.14     1289.13     4476.28     13.3393    -84.3975
      10100           0     460.393     253.534     122.517           0     3189.44      1299.3     4488.73     10.1658    -85.6997
      10000   0.0422001     460.435      254.58      119.84           0     3193.57     1308.72     4502.29     9.41987    -86.0203
       9900   0.0552989     464.668     255.565     116.982    0.286074     3208.42     1317.45     4525.87     8.73471    -87.4452
       9800     0.03596     470.179     256.564     113.944   0.0805262     3221.99     1324.63     4546.62      7.1797    -89.1435
       9700   0.0365051     473.775     257.533     110.817    0.349093     3242.55     1330.29     4572.84     5.65473    -90.4326
       9600   0.0261015     477.415     258.443     107.619     0.36145     3263.59     1334.47     4598.06     4.18804    -91.8147
       9500   0.0249352     480.024      259.29     104.374    0.661719     3280.15     1337.26     4617.41     2.78451    -93.0659
       9400           0     482.493     260.077     101.911           0     3280.51     1342.38     4622.89     5.12339     -94.389
       9300           0     482.493     260.795      99.947           0      3280.9     1345.39     4626.29     3.00518    -95.2692
       9200           0     482.493     261.458     98.2601           0     3282.33     1347.63     4629.95     2.24248    -96.2796
       9100   0.0145264     482.507     262.086     96.7542     1.45695     3291.82     1347.71     4639.53  -0.0855527    -97.3761
       9000   0.0249801     483.971     262.682     95.3673           2     3303.45      1351.1     4654.54    -3.38215    -98.8091
       8900           0     486.444     263.224     94.0867           0     3304.36     1353.67     4658.03    -2.57428    -100.399
       8800   0.0242657     486.468     263.747     92.9368           2     3316.82     1356.89     4673.71    -3.22188     -101.42
       8700   0.0259186     488.896     264.238     91.8555           2     3336.79     1360.73     4697.52    -3.83779    -102.957
       8600   0.0265977     491.489     264.675     90.8374           2     3361.96     1364.86     4726.82    -4.12451    -104.433
       8500    0.027186     494.149     265.073     89.8849           2     3380.95     1369.23     4750.18     -4.3726    -105.838
       8400   0.0264623     496.867     265.441      89.433           2     3403.41     1373.37     4776.78    -4.14096    -107.171
       8300   0.0345518     499.521     265.786     89.3109           2     3414.46     1380.86     4795.32     -7.4864    -108.393
       8200    0.033913     502.976     266.102     89.4048           2     3429.93     1388.08     4818.01    -7.22651    -109.674
       8100   0.0332236     506.366     266.387     89.6925           2     3442.28     1395.02      4837.3    -6.93683    -110.809
       8000   0.0331702     509.689     266.652     90.1442           2     3462.57     1401.95     4864.51    -6.92718    -111.812
       7900   0.0330901     513.006     266.902     90.8097           2     3473.66     1408.85     4882.51    -6.90204    -112.703
       7800   0.0342596     516.316     267.139     91.6486           2     3487.02     1416.29      4903.3     -7.4387    -113.486
       7700   0.0331978     519.741     267.362     92.6457           2      3502.6     1423.25     4925.85    -6.96225    -114.186
       7600   0.0343314     523.062     267.576     93.8124           2     3516.03     1430.72     4946.75    -7.47557    -114.758
       7500   0.0353363     526.496      267.78     95.1175           2     3524.09     1438.68     4962.77    -7.95502    -115.249
       7400   0.0362837      530.03     267.975     95.4868           2     3528.86      1447.1     4975.97    -8.42473    -115.675
       7300   0.0365092     533.659      268.16     95.3206           2     3532.25     1453.99     4986.23    -6.88492    -116.087
       7200    0.017509     537.291     268.337     94.8741           2     3532.58     1459.33      4991.9    -5.33706    -116.487
       7100    0.041269     539.065     268.535     94.2621           2     3533.61     1465.56     4999.17    -6.23459     -116.53
       7000   0.0413394     543.192     268.726     93.4868           2     3540.21     1476.69     5016.89    -11.1259    -117.124
       6900   0.0406682     547.326     268.889     92.5988           2     3546.74     1487.48     5034.22    -10.7892    -117.686
       6800   0.0310258     551.383     269.039     91.6304           2     3555.03     1493.61     5048.64    -6.13908    -118.215
       6700   0.0332188     554.488     269.195     90.6215           2     3563.72     1500.71     5064.43    -7.09519    -118.557
       6600   0.0390352     557.815     269.359     89.5917           2     3571.66     1510.67     5082.33    -9.95938    -118.988
       6500   0.0359561     561.716     269.516     88.5198           2     3582.43     1519.09     5101.52    -8.41608    -119.558
       6400   0.0360349     565.311     269.666     87.7309           2     3593.71     1527.55     5121.27    -8.46635    -120.062
       6300   0.0325871     568.912     269.815     87.1072           2     3604.14     1534.42     5138.56    -6.86462    -120.562
       6200   0.0309682     572.169     269.965     86.5865           2     3606.54     1540.58     5147.12    -6.16487    -120.987
       6100   0.0292774     575.264      270.12      86.158           2     3608.05     1546.05      5154.1    -5.47036    -121.381
       6000   0.0275016      578.19     270.281     85.7921           2     3620.43     1550.83     5171.26    -4.78121    -121.747
       5900   0.0323071     580.945     270.448     85.4763           2     3630.86     1557.58     5188.44    -6.74803    -122.085
       5800   0.0366881      584.18     270.612     85.1923           2     3635.02     1562.69     5197.71     -5.1122    -122.522
       5700   0.0276578      587.84     270.764     84.9303           2      3648.9     1567.56     5216.46    -4.86374    -123.019
       5600   0.0274191     590.605     270.917     84.7047           2     3664.47     1572.32     5236.79    -4.76711    -123.305
       5500   0.0271781     593.347      271.08     84.5086           2     3670.06        1577     5247.07    -4.68021    -123.595
       5400   0.0275366     596.065     271.248     83.6015           2     3676.29     1581.83     5258.11    -4.82302    -123.897
       5300   0.0278843     598.819     271.418     82.2611           2     3690.03     1586.79     5276.82    -4.96761    -124.258
       5200           0     601.579     271.587     80.6786           0     3691.41     1588.58     5279.99    -1.78714    -124.681
       5100   0.0209118       601.6     271.795      78.976     1.99415     3705.81     1591.18     5296.98    -2.59544    -124.641
       5000   0.0338761     603.705     272.021     77.1211     1.82494     3726.47      1594.6     5321.07     -3.4214    -125.191
       4900     0.01943     607.078     272.227     75.1473     1.93177     3748.52     1596.83     5345.34     -2.2269    -126.043
       4800   0.0172705     609.019      272.43     73.0966     1.83609     3766.33     1598.51     5364.84    -1.67993     -126.62
       4700   0.0148641     610.743     272.646     70.9889     1.72879      3778.2     1599.65     5377.85    -1.14593    -127.238
       4600    0.022342     612.237     272.876     68.8508           2     3798.88     1602.73     5401.61    -3.07612    -127.894
       4500   0.0250271     614.474     273.098     66.6505           2      3821.3     1606.73     5428.03    -3.99819    -128.777
       4400   0.0191565     616.971     273.299     64.7694     1.92917     3844.31     1608.92     5453.23    -2.19872    -129.742
       4300    0.018364     618.886     273.495     63.0745     1.89451     3864.89     1610.92     5475.81    -1.99452      -130.6
       4200   0.0241141     620.728     273.694     61.4795     1.59322     3889.91     1612.41     5502.32    -1.49431    -131.472
       4100   0.0191059     623.134     273.899     59.9535     1.93137     3918.91     1614.61     5533.52    -2.19888    -132.477
       4000   0.0127475     625.038     274.099     58.4768     1.64038     3948.28     1615.41      5563.7   -0.798703    -133.377
       3900     81.3457     707.646      274.28     57.0319           2     3980.41     1616.03     5596.44    0.619654    -151.594
       3800   0.0973535     8760.97     192.446    -8.15769           0     4013.56     1697.03      5710.6      81.004    -685.461
       3700 0.000384244     8770.61     130.819    -40.2282    0.996219     4072.66     1839.54      5912.2     142.506    -624.865
       3600   0.0736292     8770.72     110.515    -54.1199           0     4144.54     2002.23     6146.76     162.685    -572.294
       3500   0.0399712     8778.05     102.595    -62.5498           0     4221.42     2174.63     6396.06     172.405    -527.867
       3400 0.000424008        8782     98.8966    -67.2281    0.642477     4302.51     2349.73     6652.24     175.103    -489.643
       3300    0.126761     8782.17     96.8537    -69.6541           0     4390.66     2527.23     6917.89     177.496     -456.67
       3200           0     8794.72     95.7546      -70.32           0     4473.86     2706.18     7180.04     178.945    -429.497
       3100           0     8794.72     95.1339    -68.8053           0     4554.12     2885.69     7439.81     179.516    -405.615
       3000           0     8794.72     94.7336    -66.4469           0     4626.45     3065.56     7692.01     179.866    -385.568
       2900           0     8794.72     94.5118    -63.8006           0      4693.5     3246.55     7940.05     180.988    -368.884
       2800           0     8794.72     94.4147    -61.2041           0     4755.62     3427.43     8183.05     180.885     -355.12
       2700           0     8794.72     94.4031    -59.1007           0     4820.67     3611.93      8432.6     184.497     -343.87
       2600           0     8794.72     94.4517       -57.9           0      4891.4     3791.38     8682.78     179.448    -334.776
       2500           0     8794.72     94.5452    -57.3479           0     4946.83     3974.73     8921.56     183.355    -327.518
       2400           0     8794.72     94.6742    -57.3183           0     4997.85     4157.66     9155.51     182.926    -321.809
       2300           0     8794.72     94.8326    -57.7641           0     5048.88     4339.98     9388.86     182.317    -317.392
       2200           0     8794.72     95.0167    -58.3894           0     5104.78     4521.66     9626.44     181.683    -314.048
       2100           0     8794.72     95.2235    -58.8416           0     5152.11     4703.24     9855.34     181.576    -311.574
       2000           0     8794.72     95.4511    -59.3367           0     5198.34     4884.68       10083     181.449    -309.798
       1900           0     8794.72     95.6974    -59.8838           0     5244.35     5066.52     10310.9     181.836    -308.583
       1800           0     8794.72     95.9609    -60.4887           0     5288.47     5248.23     10536.7     181.706    -307.816
       1700           0     8794.72     96.2401    -61.2898           0     5330.56     5430.61     10761.2     182.387    -307.407
       1600           0     8794.72     96.5335    -62.4559           0      5374.9     5614.37     10989.3     183.754     -307.29
       1500           0     8794.72     96.8401     -63.816           0     5419.27     5796.07     11215.3     181.705    -307.415
       1400           0     8794.72     97.1585    -65.3337           0     5462.86     5975.86     11438.7     179.792    -307.735
       1300           0     8794.72     97.4877    -66.9685           0     5510.05     6156.11     11666.2     180.248    -308.215
       1200           0     8794.72     97.8267    -68.2746           0     5568.76      6336.8     11905.6     180.687    -308.822
       1100           0     8794.72     98.1747      -68.71           0     5624.04     6517.83     12141.9     181.035    -309.504
       1000           0     8794.72     98.5309    -68.7392           0     5676.78     6699.07     12375.8     181.234    -310.213
        900           0     8794.72     98.8946      -68.32           0      5729.4     6879.82     12609.2     180.755    -310.922
        800           0     8794.72     99.2652    -67.5844           0      5782.7     7063.88     12846.6     184.055    -311.607
        700           0     8794.72     99.6421    -66.4457           0     5833.12      7248.3     13081.4     184.425     -312.25
        600           0     8794.72     100.025    -64.7509           0     5892.68     7429.45     13322.1      181.15    -312.831
        500           0     8794.72     100.413    -62.7176           0      5951.9     7609.68     13561.6     180.229    -313.331
        400           0     8794.72     100.807    -60.3155           0     6022.67      7791.6     13814.3      181.92    -313.739
        300           0     8794.72     101.206     -57.634           0     6081.84     7968.12       14050     176.521    -314.047
        200           0     8794.72     101.609    -54.3387           0     6146.78     8143.81     14290.6     175.684    -314.247
        100           0     8794.72     102.017    -49.9799           0     6195.69     8323.24     14518.9     179.439    -314.308
          0           0     8794.72     102.429    -45.0287           0     6230.29     8521.37     14751.7     198.129    -314.206